1,1,919.9367248535156,387.39259643554686,87.12811889648435,145.24387207031253,0.9452564681849652,-1.0,-1.0,-1.0
2,1,919.9367248535156,387.39259643554686,87.12811889648435,145.24387207031253,0.9452564681849652,-1.0,-1.0,-1.0
3,1,919.8914611816406,387.4001495361328,87.19612426757817,145.23955993652345,0.945361774167619,-1.0,-1.0,-1.0
4,1,917.4795776367188,386.47199707031245,85.89946289062505,145.9167297363282,0.933419220116054,-1.0,-1.0,-1.0
5,1,916.3858886718748,385.04047851562495,84.64680175781257,146.47730712890632,0.9334375664565188,-1.0,-1.0,-1.0
6,1,914.89833984375,382.64342651367184,72.9656982421875,147.1627990722656,0.9168077131949276,-1.0,-1.0,-1.0
7,1,912.8104431152344,381.8668579101562,68.9959533691407,146.20819702148435,0.9223174739963368,-1.0,-1.0,-1.0
8,1,904.7517517089844,379.808267211914,49.46303100585942,146.65201721191403,0.8903666400041033,-1.0,-1.0,-1.0
9,1,900.8064514160156,379.4319854736328,47.86935424804688,148.4630035400391,0.9018213007992132,-1.0,-1.0,-1.0
10,1,891.0530639648437,379.6359191894531,56.78009033203125,146.92895507812506,0.9100430190592091,-1.0,-1.0,-1.0
11,1,879.4412841796875,379.2364013671875,68.92866210937495,146.23538818359367,0.9179828506294924,-1.0,-1.0,-1.0
12,1,861.851513671875,380.3642578125,80.00529785156255,144.05734863281248,0.9304910945847952,-1.0,-1.0,-1.0
13,1,859.9467590332031,380.0446105957031,82.4067443847656,144.4810363769531,0.9216105458655122,-1.0,-1.0,-1.0
14,1,856.3421997070312,380.8509246826172,77.83549804687493,143.14419250488282,0.9327740067512876,-1.0,-1.0,-1.0
15,1,854.9640747070312,379.8072235107422,75.71656494140632,144.41629943847653,0.9305862561461709,-1.0,-1.0,-1.0
16,1,854.5343994140625,378.9891540527344,60.22716064453118,144.38743286132814,0.9218995438644128,-1.0,-1.0,-1.0
17,1,854.1719604492187,377.7297912597656,53.19678955078132,145.36840209960934,0.9173727208730896,-1.0,-1.0,-1.0
18,1,847.3582397460937,376.2208190917968,40.1913940429688,147.23684692382818,0.8867976494094876,-1.0,-1.0,-1.0
19,1,844.2056030273437,376.0452026367187,39.95156250000002,147.30606079101562,0.8900434770930019,-1.0,-1.0,-1.0
20,1,824.8255554199218,375.6526336669922,57.93739013671882,147.35909729003902,0.9227559961042752,-1.0,-1.0,-1.0
21,1,817.0953552246093,375.6088806152344,65.40974121093757,147.48068847656253,0.9341520410464526,-1.0,-1.0,-1.0
22,1,815.0546447753906,378.3645538330078,65.75614013671873,143.4866363525391,0.9272603117833924,-1.0,-1.0,-1.0
23,1,813.7581481933594,378.9296081542969,64.8687744140625,141.9600036621094,0.927238313728406,-1.0,-1.0,-1.0
24,1,812.5724487304688,378.54563598632814,56.21748046874996,141.39332885742186,0.9116988154565924,-1.0,-1.0,-1.0
25,1,812.8962158203125,377.9017272949218,47.76262207031243,140.03261718749997,0.8992739419934423,-1.0,-1.0,-1.0
26,1,810.831005859375,377.02098083496094,49.98482666015627,144.15372619628909,0.9036565323214916,-1.0,-1.0,-1.0
27,1,810.6562133789062,378.3207733154297,49.56734619140627,140.4455657958984,0.8903908751769052,-1.0,-1.0,-1.0
28,1,801.176934814453,381.0384887695312,58.5076904296875,141.14393920898442,0.8996237886707448,-1.0,-1.0,-1.0
29,1,799.5211303710937,384.1543487548828,59.694104003906205,139.6852569580078,0.9143463934564692,-1.0,-1.0,-1.0
30,1,800.0575927734375,387.850341796875,59.14742431640627,136.15823364257812,0.9212355802263694,-1.0,-1.0,-1.0
31,1,800.0464965820312,389.6471557617188,60.38052978515623,134.56109619140625,0.9206415047559772,-1.0,-1.0,-1.0
32,1,799.4565307617187,393.0536590576172,61.853137207031295,131.1506378173828,0.9328680589758952,-1.0,-1.0,-1.0
33,1,799.6922973632812,393.8239379882812,68.64895019531252,130.8146484375,0.9324992045309556,-1.0,-1.0,-1.0
34,1,799.3389770507812,394.1261993408203,81.00692138671877,130.4898651123047,0.9406103520481252,-1.0,-1.0,-1.0
35,1,799.5767211914062,393.2897827148437,84.15988769531248,130.9811462402344,0.943018351115782,-1.0,-1.0,-1.0
36,1,799.9452575683594,390.3388275146484,88.36018066406245,133.43908996582036,0.9449222121862136,-1.0,-1.0,-1.0
37,1,799.2371337890625,387.8347412109375,88.6025390625,134.83059082031247,0.9442617234671752,-1.0,-1.0,-1.0
38,1,802.6833251953125,383.801138305664,88.49509277343748,137.09726257324223,0.9175592619315828,-1.0,-1.0,-1.0
39,1,814.9833984375,382.4519897460937,80.49429931640623,136.46178588867184,0.9235230826142526,-1.0,-1.0,-1.0
40,1,834.3705871582031,380.4391845703125,69.2501220703125,136.7711059570313,0.9237613614653456,-1.0,-1.0,-1.0
41,1,844.5687561035156,378.6445678710937,64.06193847656243,138.11748046875005,0.925965729521323,-1.0,-1.0,-1.0
42,1,853.9133422851562,374.6658966064453,63.77508544921875,139.06057434082032,0.9009002438381232,-1.0,-1.0,-1.0
43,1,857.2005615234375,373.4122467041016,65.57453613281245,137.68475646972655,0.8975168371975606,-1.0,-1.0,-1.0
44,1,869.2375671386718,373.2935943603516,61.23993530273435,132.59226379394528,0.8878219747121534,-1.0,-1.0,-1.0
45,1,879.7396728515624,373.9133605957031,60.13850097656257,135.39188232421873,0.8749083998087315,-1.0,-1.0,-1.0
46,1,883.4865600585937,376.4458740234375,77.66696777343748,132.4384826660156,0.9143207840752297,-1.0,-1.0,-1.0
47,1,888.3668518066406,377.5422546386719,85.54751586914062,132.2263916015625,0.9037988516384204,-1.0,-1.0,-1.0
48,1,895.53955078125,376.57435913085936,90.73454589843745,133.66323852539062,0.9220160243407064,-1.0,-1.0,-1.0
49,1,896.2807434082031,376.5593353271484,89.41371459960942,132.96755676269532,0.9223492657092578,-1.0,-1.0,-1.0
50,1,908.4481018066406,376.2308715820312,77.62164916992185,134.31412353515623,0.9068033498610184,-1.0,-1.0,-1.0
51,1,917.667169189453,374.12501220703126,69.2441345214844,137.25401000976558,0.8824787746844436,-1.0,-1.0,-1.0
52,1,930.4739868164062,372.5466339111328,63.724658203125045,131.89040222167966,0.8599461613596873,-1.0,-1.0,-1.0
53,1,934.20966796875,373.0443420410156,62.64602050781252,133.42527465820308,0.8935270123550509,-1.0,-1.0,-1.0
54,1,938.4768676757812,372.7147521972656,74.33041992187498,138.4265258789062,0.9207933028426396,-1.0,-1.0,-1.0
55,1,938.6875854492188,372.4985412597656,80.49704589843759,138.4007629394531,0.916773688197054,-1.0,-1.0,-1.0
56,1,925.0477294921876,363.93780212402345,97.92597656249995,146.91299743652343,0.9161195554166924,-1.0,-1.0,-1.0
57,1,927.64248046875,362.0840240478515,97.13627929687505,149.5368621826172,0.8821618706519772,-1.0,-1.0,-1.0
58,1,933.1156494140624,362.45909729003904,94.97724609375008,149.49819030761716,0.8805947382195001,-1.0,-1.0,-1.0
59,1,939.7604003906248,363.2228942871093,92.22451171875014,148.07070922851562,0.9294143159496108,-1.0,-1.0,-1.0
60,1,948.1088012695312,365.50983581542965,91.87053222656245,148.88674621582032,0.9307931668854152,-1.0,-1.0,-1.0
61,1,951.7972412109376,367.1068359375,88.59968261718745,147.45778198242186,0.9211193961948574,-1.0,-1.0,-1.0
62,1,961.8466552734376,370.6660491943359,80.81696777343757,144.27084045410157,0.9321324013600928,-1.0,-1.0,-1.0
63,1,968.002734375,370.94935913085936,75.73271484374993,143.78005371093747,0.9147536028320928,-1.0,-1.0,-1.0
64,1,975.8139038085938,371.1044586181641,69.6533203125,143.56733093261715,0.9139637680356856,-1.0,-1.0,-1.0
65,1,977.2654174804688,370.3219848632812,68.64719238281248,143.86387939453124,0.9079736352075578,-1.0,-1.0,-1.0
66,1,977.4115356445312,368.8858520507813,69.45556640624989,143.72962646484376,0.919471625350372,-1.0,-1.0,-1.0
67,1,977.3822021484376,368.43870849609374,69.277587890625,143.6302001953125,0.916089997655579,-1.0,-1.0,-1.0
68,1,977.3536376953124,366.5327178955078,70.69899902343741,142.59548034667966,0.9005953423804982,-1.0,-1.0,-1.0
69,1,977.5828125,365.7367309570312,71.76599121093761,142.05503540039064,0.9243805115870032,-1.0,-1.0,-1.0
70,1,977.7599121093748,367.3775390625,74.21110839843755,139.98630981445314,0.9224483378348438,-1.0,-1.0,-1.0
71,1,978.93193359375,370.9531219482422,73.43151855468761,135.17240295410153,0.9189457426575842,-1.0,-1.0,-1.0
72,1,982.2883666992188,375.0420135498047,70.56232910156257,132.49844055175782,0.9189513151653728,-1.0,-1.0,-1.0
73,1,983.7458129882812,375.76263427734375,69.19650878906259,132.05950927734375,0.9135272931512546,-1.0,-1.0,-1.0
74,1,986.5875366210936,373.6423004150391,63.709277343750045,131.57652282714838,0.9091981763843008,-1.0,-1.0,-1.0
75,1,987.6329956054688,367.8218811035157,61.5377197265625,136.84454956054685,0.8944239253073221,-1.0,-1.0,-1.0
76,1,992.9831176757812,353.33893432617185,53.632617187500045,149.44010009765623,0.8006155291164703,-1.0,-1.0,-1.0
77,1,996.5498291015624,348.5305206298828,49.189746093750045,151.0442413330078,0.7509249126146642,-1.0,-1.0,-1.0
78,1,997.5065185546874,341.4225311279297,45.60578613281257,142.18931579589844,0.853149352153963,-1.0,-1.0,-1.0
79,1,982.0564453125,321.4366424560547,60.40964355468748,159.67735290527338,0.8789418889944756,-1.0,-1.0,-1.0
80,1,982.4991943359374,318.7215637207031,60.657714843750114,160.96695556640623,0.903647212744545,-1.0,-1.0,-1.0
81,1,981.6272094726562,318.13673400878906,61.90180664062496,160.45897521972654,0.8973167128078536,-1.0,-1.0,-1.0
82,1,980.7703857421876,317.8774841308594,60.636401367187545,165.35429077148433,0.8985856992997583,-1.0,-1.0,-1.0
83,1,988.9008178710938,337.74359436035155,52.22329101562491,144.37652893066405,0.8601295177838111,-1.0,-1.0,-1.0
84,1,985.8986938476562,346.10292663574216,53.6517333984375,139.7561737060547,0.8172632683680092,-1.0,-1.0,-1.0
85,1,986.0047119140625,352.6436096191406,47.460278320312455,136.36571044921874,0.832235820295594,-1.0,-1.0,-1.0
86,1,972.0259277343748,357.1011199951172,61.84335937499998,134.78941955566404,0.8957542300302919,-1.0,-1.0,-1.0
87,1,978.1309204101562,356.96217041015626,57.9364013671875,132.06489257812495,0.8784073012635787,-1.0,-1.0,-1.0
88,1,980.270947265625,364.1712341308594,47.05905761718759,126.87808227539062,0.8353734887493829,-1.0,-1.0,-1.0
89,1,971.3114868164062,361.4239929199219,60.92709960937509,131.94277954101557,0.8575650723521733,-1.0,-1.0,-1.0
90,1,979.7337158203125,358.5551330566406,46.8402099609375,133.711962890625,0.8654403775484774,-1.0,-1.0,-1.0
91,1,979.947509765625,358.2454833984375,45.53811035156241,133.340625,0.8837419436843206,-1.0,-1.0,-1.0
92,1,981.1117309570312,356.34328308105466,42.00358886718743,138.00594177246091,0.8817548224223692,-1.0,-1.0,-1.0
93,1,981.2085205078124,355.77015380859376,41.656420898437545,139.174365234375,0.8912696959653665,-1.0,-1.0,-1.0
94,1,981.083935546875,356.0711242675781,42.66474609374996,140.26959228515625,0.8894744647860726,-1.0,-1.0,-1.0
95,1,981.2942138671874,356.1358612060547,45.415283203125,141.10403137207027,0.8945704913822183,-1.0,-1.0,-1.0
96,1,981.7378417968748,356.2949981689453,45.06064453124998,142.5000091552734,0.9109628593724288,-1.0,-1.0,-1.0
97,1,981.4452758789062,356.1056488037109,45.662255859375136,142.79784851074214,0.9114640099114696,-1.0,-1.0,-1.0
98,1,980.9811035156248,356.4076354980469,44.04111328125009,142.92553710937494,0.9060217493264916,-1.0,-1.0,-1.0
99,1,977.3490234375,358.0723388671875,46.156420898437545,141.46523437499997,0.9088355422986892,-1.0,-1.0,-1.0
100,1,970.83720703125,358.554116821289,51.35581054687498,140.99092712402347,0.9072644122242224,-1.0,-1.0,-1.0
101,1,968.3423217773436,358.30052490234374,53.89650878906252,142.18692626953123,0.90518875259761,-1.0,-1.0,-1.0
102,1,967.6535888671874,358.0441589355469,55.571044921875,141.5011047363281,0.907886573974512,-1.0,-1.0,-1.0
103,1,968.2342163085935,358.26207275390624,55.768139648437455,141.26742553710938,0.9088127681815052,-1.0,-1.0,-1.0
104,1,972.1543579101562,358.2226867675781,53.81147460937496,141.66375732421875,0.9149690527644516,-1.0,-1.0,-1.0
105,1,975.6139526367188,358.3555938720703,51.6038818359375,142.19173278808591,0.9059043553629492,-1.0,-1.0,-1.0
106,1,981.936474609375,358.9516296386719,47.803271484375045,141.30582275390623,0.9154644445688191,-1.0,-1.0,-1.0
1,2,246.537158203125,370.550830078125,40.18013305664061,115.17495117187497,0.9200892587754552,-1.0,-1.0,-1.0
2,2,246.537158203125,370.550830078125,40.18013305664061,115.17495117187497,0.9200892587754552,-1.0,-1.0,-1.0
3,2,246.5521545410156,370.5627502441406,40.164752197265614,115.16934814453124,0.9202171418095304,-1.0,-1.0,-1.0
4,2,247.3155120849609,370.0611145019531,39.80214843750002,115.58897094726564,0.9200690158894886,-1.0,-1.0,-1.0
5,2,247.8417022705078,369.4450561523437,39.68948364257815,116.29072265625,0.9210567920668709,-1.0,-1.0,-1.0
6,2,247.6254089355469,369.34925537109376,40.33806152343752,116.37004394531247,0.9224760560733714,-1.0,-1.0,-1.0
7,2,247.63378601074217,369.118212890625,40.37321777343752,116.69826049804686,0.9221820922242614,-1.0,-1.0,-1.0
8,2,247.6488098144531,369.1561157226562,40.56932373046874,116.8559143066406,0.922984912504127,-1.0,-1.0,-1.0
9,2,247.3554748535156,369.42396240234376,40.92451171875001,116.39575195312494,0.9207961968510574,-1.0,-1.0,-1.0
10,2,247.6417236328125,369.7032348632813,40.85310058593751,115.97893066406247,0.9225082084286242,-1.0,-1.0,-1.0
11,2,247.6799835205078,369.75904541015626,40.90935058593749,116.02128295898432,0.9202697983842256,-1.0,-1.0,-1.0
12,2,246.82225341796877,370.1689727783203,42.0760437011719,115.71676940917968,0.920432416226177,-1.0,-1.0,-1.0
13,2,246.76454772949216,370.1906707763672,42.708416748046886,115.66518859863277,0.9222808443792728,-1.0,-1.0,-1.0
14,2,246.76443786621093,370.4743103027344,43.39456787109373,115.35562133789062,0.9171064104944264,-1.0,-1.0,-1.0
15,2,246.9770782470703,371.4370422363281,43.47471313476561,114.40799560546871,0.9132390944867268,-1.0,-1.0,-1.0
16,2,242.34266052246093,376.3388946533203,48.68679199218749,110.09418640136715,0.9118698387252095,-1.0,-1.0,-1.0
17,2,238.0159698486328,378.33164978027344,54.38759765625,107.10277404785154,0.9205614915578691,-1.0,-1.0,-1.0
18,2,237.8360137939453,384.6205535888672,58.412384033203125,100.68752746582032,0.9159781667333816,-1.0,-1.0,-1.0
19,2,237.83395385742188,386.61712646484375,62.91710815429684,98.3577941894531,0.9220250329189384,-1.0,-1.0,-1.0
20,2,237.0263214111328,387.7903289794922,72.57161865234372,97.23765563964844,0.9180726454945898,-1.0,-1.0,-1.0
21,2,237.28716430664065,388.3598052978516,76.25549926757813,96.57474060058593,0.9173260603269426,-1.0,-1.0,-1.0
22,2,242.59647216796876,388.8131561279297,78.67776489257812,96.20933532714844,0.8692547755872582,-1.0,-1.0,-1.0
23,2,246.42501525878905,388.5409698486328,74.62869873046876,97.0930755615234,0.8093950601624904,-1.0,-1.0,-1.0
24,2,267.78240966796875,382.6755889892578,84.02052612304686,103.76402893066404,0.8799854301567933,-1.0,-1.0,-1.0
25,2,267.92102966308596,382.71453552246095,93.04439392089844,103.58371582031248,0.8799854301567933,-1.0,-1.0,-1.0
26,2,268.0596496582031,382.7534820556641,102.06826171875002,103.40340270996091,0.9009801978390186,-1.0,-1.0,-1.0
27,2,273.2888671875,381.5586364746094,102.69684448242184,105.7076477050781,0.7098893548544467,-1.0,-1.0,-1.0
28,2,288.2863861083984,380.4272369384765,94.30521240234378,102.64095153808591,0.8593550005077333,-1.0,-1.0,-1.0
29,2,324.79131774902345,381.8497741699219,63.92329101562496,102.69063720703122,0.8628637240168828,-1.0,-1.0,-1.0
30,2,325.56788635253906,377.1690490722656,81.92438964843745,107.0525390625,0.8823807832368686,-1.0,-1.0,-1.0
31,2,327.2513763427734,375.9736541748047,92.43967895507814,108.44118347167966,0.8952868752080221,-1.0,-1.0,-1.0
32,2,338.998974609375,364.5541076660156,87.97560424804686,116.38756713867184,0.8233618719044671,-1.0,-1.0,-1.0
33,2,340.72679443359374,368.61416015625,92.13046874999998,113.61214599609376,0.7306534130032709,-1.0,-1.0,-1.0
34,2,386.78642578125,378.3623016357422,57.69810791015624,102.46006164550778,0.815743014124962,-1.0,-1.0,-1.0
35,2,388.5259735107422,370.6007904052734,69.15426635742188,111.54190979003909,0.8241511238821531,-1.0,-1.0,-1.0
36,2,398.2481323242187,365.4434783935547,89.90930786132816,112.4661895751953,0.8070189960023555,-1.0,-1.0,-1.0
37,2,393.8155059814453,364.4034027099609,110.71667175292964,110.5523712158203,0.8647614953025666,-1.0,-1.0,-1.0
38,2,453.4410552978516,359.8608032226562,45.5566497802734,107.45183715820316,0.7947484536981761,-1.0,-1.0,-1.0
39,2,457.62673645019527,359.2911071777344,47.73891906738282,107.46694335937497,0.7753858686877066,-1.0,-1.0,-1.0
40,2,463.525927734375,358.207470703125,79.05124511718753,105.046435546875,0.8337788498465102,-1.0,-1.0,-1.0
41,2,463.5236206054688,358.3153839111328,80.49100341796873,104.28868103027344,0.8170327559391843,-1.0,-1.0,-1.0
42,2,466.4314819335937,360.96767578125,82.22398681640624,100.52138671875002,0.853019947780524,-1.0,-1.0,-1.0
43,2,503.5674682617187,352.1354095458984,66.96540527343751,106.76244506835934,0.5858570119997708,-1.0,-1.0,-1.0
44,2,527.5435913085937,352.2575775146484,49.80069580078123,98.73715209960938,0.8297803196605003,-1.0,-1.0,-1.0
45,2,534.1708190917968,352.239697265625,50.98963623046882,99.62385864257811,0.8051491876000831,-1.0,-1.0,-1.0
46,2,541.8067565917969,349.71558837890626,67.12910156249995,100.89772338867186,0.8906391395728406,-1.0,-1.0,-1.0
47,2,543.519854736328,348.787271118164,80.74006347656257,102.88531494140624,0.9141337028495612,-1.0,-1.0,-1.0
48,2,554.8245666503906,353.0435119628906,81.20489501953125,96.97412109375,0.8953924958541393,-1.0,-1.0,-1.0
49,2,556.34677734375,352.43239746093747,83.74152832031245,101.420947265625,0.8919800517677956,-1.0,-1.0,-1.0
50,2,584.0494079589844,350.2094787597656,65.82381591796877,104.37692871093748,0.811720392393287,-1.0,-1.0,-1.0
51,2,591.6490356445312,350.55162048339844,62.38454589843752,103.98812255859372,0.8113132816951776,-1.0,-1.0,-1.0
52,2,618.6602966308593,349.7721954345703,48.055957031250045,103.46995239257814,0.8256548971463928,-1.0,-1.0,-1.0
53,2,620.5752136230468,348.6083312988281,45.88538818359382,104.93129882812502,0.8276571634660002,-1.0,-1.0,-1.0
54,2,631.7673156738281,357.75755310058594,39.94013671875007,96.51824340820308,0.6474416474722844,-1.0,-1.0,-1.0
55,2,626.5442504882812,331.90098266601564,49.50450439453118,115.9524536132812,0.8565073899268327,-1.0,-1.0,-1.0
56,2,643.0074279785156,333.59144897460936,45.4141845703125,114.8445373535156,0.8190568199227144,-1.0,-1.0,-1.0
57,2,648.4313781738281,337.8514526367188,45.90494384765623,109.84493408203122,0.7875197984678124,-1.0,-1.0,-1.0
58,2,656.3448852539062,338.6484832763672,50.94777832031252,108.63429565429686,0.8771026874830739,-1.0,-1.0,-1.0
59,2,658.6364135742188,340.8107025146484,58.77685546875,105.0231994628906,0.8328985666516928,-1.0,-1.0,-1.0
60,2,663.7921875,343.5041931152344,65.5499267578125,102.28244018554682,0.839929487929151,-1.0,-1.0,-1.0
61,2,663.2479248046875,344.5662139892578,71.6955688476562,101.41885986328124,0.817392883943711,-1.0,-1.0,-1.0
62,2,675.997119140625,343.2298027038574,63.80340270996092,101.8909698486328,0.817392883943711,-1.0,-1.0,-1.0
63,2,688.7463134765625,341.893391418457,55.911236572265636,102.36307983398436,0.817392883943711,-1.0,-1.0,-1.0
64,2,701.4955078124999,340.55698013305664,48.01907043457035,102.83518981933591,0.817392883943711,-1.0,-1.0,-1.0
65,2,714.2447021484375,339.22056884765624,40.12690429687507,103.30729980468747,0.6561210923777168,-1.0,-1.0,-1.0
66,2,718.2578430175781,335.3695861816406,46.90964355468748,108.547119140625,0.803752533818141,-1.0,-1.0,-1.0
67,2,720.5061950683594,335.19825439453126,53.50924072265616,108.27438354492182,0.791076880906683,-1.0,-1.0,-1.0
68,2,727.4473571777344,341.43964233398435,49.30576171874998,96.10405883789063,0.8289914964426544,-1.0,-1.0,-1.0
69,2,729.9247741699219,341.0504516601562,52.54584960937496,96.48396606445311,0.8483335767114717,-1.0,-1.0,-1.0
70,2,742.6255737304688,333.53099670410154,48.97968749999996,103.21847534179688,0.8404776152334676,-1.0,-1.0,-1.0
71,2,751.9635681152344,335.6645965576172,40.11130371093748,101.02489013671874,0.8079628923259108,-1.0,-1.0,-1.0
72,2,759.6237854003906,333.66832580566404,38.86754150390618,103.8151428222656,0.8285804439620392,-1.0,-1.0,-1.0
73,2,760.5854187011719,333.9450714111328,43.18989257812496,101.88781127929684,0.869167486719931,-1.0,-1.0,-1.0
74,2,768.0149780273437,333.1513366699219,44.36575927734384,101.52053833007812,0.8344512835728182,-1.0,-1.0,-1.0
75,2,770.8308288574218,333.2311798095703,48.22152099609377,104.75332031250002,0.8410027251011343,-1.0,-1.0,-1.0
76,2,775.293310546875,334.0859710693359,51.78603515625002,100.59691772460934,0.8635532661246366,-1.0,-1.0,-1.0
77,2,776.8844055175781,333.97097167968747,50.74595947265618,99.66033325195316,0.8482446327214888,-1.0,-1.0,-1.0
78,2,780.1929382324219,331.59125061035155,47.79459228515623,101.58206176757812,0.8508398217713555,-1.0,-1.0,-1.0
79,2,785.0714721679688,332.02452392578124,41.96601562499996,99.64149169921876,0.8739026954780797,-1.0,-1.0,-1.0
80,2,787.4587463378906,332.3167053222656,40.32784423828127,94.23764648437503,0.8445549694284011,-1.0,-1.0,-1.0
81,2,789.336749267578,332.2724304199219,37.527099609375,93.79533691406247,0.8717290651641818,-1.0,-1.0,-1.0
82,2,790.9065856933594,327.61741333007814,38.72647705078123,96.1115295410156,0.8798447776457969,-1.0,-1.0,-1.0
83,2,791.2329345703124,326.4083679199219,38.843920898437545,97.58358764648432,0.8727812831868782,-1.0,-1.0,-1.0
84,2,794.4734619140625,326.3525024414062,39.38345947265623,95.13297729492189,0.8584939171742576,-1.0,-1.0,-1.0
85,2,799.6989990234374,326.2750762939453,37.70595703125002,93.02338256835937,0.8500984947761481,-1.0,-1.0,-1.0
86,2,804.6196655273437,327.15997009277345,33.48061523437502,92.97762451171872,0.8577655759442493,-1.0,-1.0,-1.0
87,2,805.1014709472656,327.5286163330078,31.577673339843727,92.981689453125,0.8561224845760051,-1.0,-1.0,-1.0
88,2,807.108837890625,325.6798645019531,39.58077392578127,94.22501220703128,0.8377751179534023,-1.0,-1.0,-1.0
89,2,807.1671752929688,326.057080078125,36.5635986328125,93.09968261718744,0.83521686892324,-1.0,-1.0,-1.0
90,2,808.831494140625,325.09772644042965,31.49714355468745,92.49065551757816,0.84184720355249,-1.0,-1.0,-1.0
91,2,808.9333374023437,323.556591796875,29.6927490234375,93.62059936523434,0.8252063805055343,-1.0,-1.0,-1.0
92,2,809.9930786132812,318.8019561767578,32.013500976562455,91.6490478515625,0.7225065386769529,-1.0,-1.0,-1.0
93,2,818.7726928710937,316.6043884277344,38.96048583984373,80.02814941406251,0.4669759163683551,-1.0,-1.0,-1.0
94,2,808.4782287597656,313.7425048828125,44.93408203125,94.56075439453122,0.8516181565572225,-1.0,-1.0,-1.0
95,2,799.9126831054687,312.11073303222656,53.017382812500045,95.19818115234376,0.8115768573565241,-1.0,-1.0,-1.0
96,2,791.8270751953124,310.2145751953125,48.82840576171873,96.37388305664064,0.7621961121346779,-1.0,-1.0,-1.0
97,2,795.8523010253906,310.53350830078125,43.846435546875,96.2445190429687,0.7347989574904474,-1.0,-1.0,-1.0
98,2,802.11181640625,316.1700988769531,34.049267578124955,91.15587158203124,0.7005614521797021,-1.0,-1.0,-1.0
99,2,803.5493774414062,319.1490692138672,31.179968261718727,85.9141845703125,0.6692843615403632,-1.0,-1.0,-1.0
100,2,803.9383483886718,319.33465576171875,31.672045898437545,83.82409057617184,0.7992928880576429,-1.0,-1.0,-1.0
101,2,803.8004150390625,319.7754821777344,31.546911621093727,83.19984741210936,0.7735080144506483,-1.0,-1.0,-1.0
102,2,806.1184753417969,317.775064086914,31.05329589843745,85.61359863281251,0.842250525342024,-1.0,-1.0,-1.0
103,2,806.9221801757812,318.0504638671875,30.12044677734366,85.15464477539064,0.8481569624037704,-1.0,-1.0,-1.0
104,2,807.9045776367187,317.2236053466797,28.288916015624977,85.64589843749997,0.8459936449607923,-1.0,-1.0,-1.0
105,2,807.7241271972656,316.1778991699219,28.597082519531227,86.87032470703122,0.8296170318966638,-1.0,-1.0,-1.0
106,2,808.984698486328,314.69007568359376,25.964758300781227,87.38267211914058,0.8417315778778658,-1.0,-1.0,-1.0
1,3,312.48273010253905,377.40651855468747,51.07675781249998,97.01158447265624,0.9150613988931582,-1.0,-1.0,-1.0
2,3,312.48273010253905,377.40651855468747,51.07675781249998,97.01158447265624,0.9150613988931582,-1.0,-1.0,-1.0
3,3,312.4837188720703,377.4006408691406,51.071978759765614,97.0168029785156,0.915028273151961,-1.0,-1.0,-1.0
4,3,311.9554962158203,375.618081665039,51.515606689453136,99.12884216308596,0.9014146257408484,-1.0,-1.0,-1.0
5,3,311.1812347412109,374.05604553222656,52.30134887695312,100.4118255615234,0.9051026870855594,-1.0,-1.0,-1.0
6,3,310.0125366210937,373.3832977294922,53.5837280273438,100.91763610839844,0.895405016659435,-1.0,-1.0,-1.0
7,3,310.2217987060547,373.2423431396484,53.54912109374999,100.44923400878906,0.8907958598548191,-1.0,-1.0,-1.0
8,3,309.20754089355466,372.4618743896484,56.54915771484377,99.22804870605466,0.899542490951788,-1.0,-1.0,-1.0
9,3,309.29644775390625,372.4001586914063,57.727441406249966,98.32939453125,0.9125600802041413,-1.0,-1.0,-1.0
10,3,309.2140777587891,374.3800048828125,60.14097290039058,95.96140136718748,0.8977778616443857,-1.0,-1.0,-1.0
11,3,311.04014282226564,375.2800598144531,57.76358642578123,95.25075073242186,0.8958041061465423,-1.0,-1.0,-1.0
12,3,286.7527221679687,373.48272399902345,82.45167846679686,97.2677032470703,0.8657167440233771,-1.0,-1.0,-1.0
13,3,286.68125610351564,371.9106353759765,82.6621215820312,98.33348693847654,0.8817555069633336,-1.0,-1.0,-1.0
14,3,302.80352783203125,372.2614837646484,66.86652832031251,98.5009735107422,0.8933679395398215,-1.0,-1.0,-1.0
15,3,283.39365234375,368.8241912841797,85.82173461914061,101.25694885253904,0.8981162340872686,-1.0,-1.0,-1.0
16,3,287.1196655273437,368.0180969238281,74.67083129882815,99.65709228515624,0.9019318429811598,-1.0,-1.0,-1.0
17,3,286.78991088867184,368.95339050292966,75.302490234375,97.08335266113284,0.8905880169391729,-1.0,-1.0,-1.0
18,3,286.01455078125,370.2112701416016,72.75679321289067,96.06673278808591,0.8895593772029287,-1.0,-1.0,-1.0
19,3,284.92857971191404,370.865396118164,71.19299926757816,96.10024108886722,0.9008582561147308,-1.0,-1.0,-1.0
20,3,280.792529296875,375.3904724121094,76.73038330078123,90.70999145507812,0.831992226157027,-1.0,-1.0,-1.0
21,3,285.6093200683593,359.2479309082031,72.93427734375001,106.18890380859376,0.8662378555567152,-1.0,-1.0,-1.0
22,3,281.8009918212891,358.48089294433595,75.01349487304685,104.0242950439453,0.8403497149612633,-1.0,-1.0,-1.0
23,3,290.9987457275391,358.25718383789064,63.908404541015614,105.0605529785156,0.8483669518181003,-1.0,-1.0,-1.0
24,3,298.0664428710937,357.2192779541015,58.937530517578125,101.93499755859376,0.8411520857985444,-1.0,-1.0,-1.0
25,3,269.07311096191404,365.2740692138672,86.27266845703127,122.02462463378907,0.8675575783708354,-1.0,-1.0,-1.0
26,3,274.7093170166015,361.599398803711,79.03646850585939,116.24364624023438,0.8675575783708354,-1.0,-1.0,-1.0
27,3,280.34552307128905,357.9247283935547,71.80026855468752,110.4626678466797,0.8675575783708354,-1.0,-1.0,-1.0
28,3,285.9817291259765,354.25005798339845,64.56406860351564,104.681689453125,0.8827648049198018,-1.0,-1.0,-1.0
29,3,286.87939453125,354.23415527343747,64.21113281250001,104.72222900390624,0.8983461706477414,-1.0,-1.0,-1.0
30,3,292.70497741699216,354.07359008789064,71.13213500976565,109.26254882812498,0.9128918763723276,-1.0,-1.0,-1.0
31,3,292.4092803955078,353.7096954345703,63.586779785156295,109.49773864746096,0.9207626154995516,-1.0,-1.0,-1.0
32,3,292.8438446044922,352.5333618164062,66.20147094726565,110.86375122070314,0.9147336457355876,-1.0,-1.0,-1.0
33,3,292.1268493652344,352.6697296142578,65.32542114257814,110.24552307128909,0.932961907284426,-1.0,-1.0,-1.0
34,3,294.9908477783203,354.19801025390626,64.10879516601562,111.0404113769531,0.9315885129939084,-1.0,-1.0,-1.0
35,3,296.44074096679685,355.87743530273434,63.11173095703128,111.29095458984376,0.9322917826086724,-1.0,-1.0,-1.0
36,3,293.5236236572265,361.8183471679688,65.16705322265625,106.76881713867186,0.9298650365240276,-1.0,-1.0,-1.0
37,3,293.3426788330078,365.2824737548828,64.90557861328125,103.42477111816407,0.9266907837221224,-1.0,-1.0,-1.0
38,3,293.5370544433593,366.9606628417969,64.53413085937501,101.56525268554684,0.9291513586610982,-1.0,-1.0,-1.0
39,3,293.54111938476564,365.4159576416016,64.2930908203125,103.00811462402343,0.9327091954325796,-1.0,-1.0,-1.0
40,3,297.02785034179686,360.5819458007812,60.02435302734375,106.17308349609374,0.9217703127502546,-1.0,-1.0,-1.0
41,3,300.8830902099609,358.80169372558595,56.84084472656252,106.61459655761718,0.9206979274472004,-1.0,-1.0,-1.0
42,3,309.498486328125,354.4477844238281,47.74070434570308,107.37680053710938,0.905804806907014,-1.0,-1.0,-1.0
43,3,315.5138305664062,352.32591247558594,43.41851806640625,99.34035644531248,0.8767619466108378,-1.0,-1.0,-1.0
44,3,326.0742462158203,349.0316619873047,36.3586486816406,101.70247192382811,0.8962092605743521,-1.0,-1.0,-1.0
45,3,327.6902801513672,345.809619140625,36.72284545898435,106.7677734375,0.8900444658146824,-1.0,-1.0,-1.0
46,3,332.7225677490234,343.4380828857422,36.60199584960935,106.8717041015625,0.8921051738500552,-1.0,-1.0,-1.0
47,3,333.9942626953125,342.1419982910156,41.1981262207031,107.9906066894531,0.905017026173386,-1.0,-1.0,-1.0
48,3,336.9693878173828,340.8541809082031,45.33640136718748,109.2761169433594,0.9060030750573134,-1.0,-1.0,-1.0
49,3,337.5696258544922,340.0326232910156,46.18059082031249,108.850341796875,0.9178598948808272,-1.0,-1.0,-1.0
50,3,339.2313903808593,339.66029663085936,45.22401123046876,107.87986450195314,0.912647925871024,-1.0,-1.0,-1.0
51,3,341.30824584960936,339.0128173828125,42.55625610351564,107.62311401367184,0.8879574905912904,-1.0,-1.0,-1.0
52,3,348.9168823242188,338.24176940917965,37.664318847656205,101.51405639648436,0.8740749505529237,-1.0,-1.0,-1.0
53,3,354.234292602539,336.66693420410155,34.227630615234375,103.32762451171874,0.878189643387941,-1.0,-1.0,-1.0
54,3,360.50007019042965,335.05043334960936,32.7673278808594,104.05821533203124,0.8895043307110271,-1.0,-1.0,-1.0
55,3,359.51031188964845,334.43536376953125,36.31102294921874,104.13407592773432,0.8890939772599751,-1.0,-1.0,-1.0
56,3,359.84498291015626,334.3349212646484,48.25766601562498,103.34317016601562,0.8883470973443046,-1.0,-1.0,-1.0
57,3,359.2437286376953,334.3143493652344,55.996105957031205,103.60618286132814,0.9086336121573028,-1.0,-1.0,-1.0
58,3,363.81000366210935,334.209814453125,56.67561035156251,103.22649536132816,0.9135708832925786,-1.0,-1.0,-1.0
59,3,368.37465820312497,333.83246154785155,53.69216308593752,102.17164306640626,0.900043217235158,-1.0,-1.0,-1.0
60,3,377.751626586914,332.3339813232422,46.73512573242186,99.93284912109374,0.8993693577113717,-1.0,-1.0,-1.0
61,3,380.7741577148437,331.2725372314453,42.7922424316406,95.43175048828124,0.8940679540018337,-1.0,-1.0,-1.0
62,3,395.2624328613281,328.9263244628906,29.89692993164067,97.59396972656252,0.8636556419319561,-1.0,-1.0,-1.0
63,3,396.1487274169922,327.2539581298828,30.78303222656245,100.07160644531253,0.8550895965256444,-1.0,-1.0,-1.0
64,3,400.9225616455078,327.6732238769531,33.01166381835935,98.77576904296876,0.8634912337409162,-1.0,-1.0,-1.0
65,3,401.9058929443359,327.6208190917969,40.66929931640624,99.03779296874995,0.8940714798038094,-1.0,-1.0,-1.0
66,3,402.2002716064453,328.26129455566405,54.01060180664058,97.92976684570311,0.911986049562408,-1.0,-1.0,-1.0
67,3,402.2286712646484,328.83107299804686,56.18397216796876,97.62165527343753,0.9085122788333244,-1.0,-1.0,-1.0
68,3,403.7005920410156,327.86858825683595,61.219995117187466,98.99258422851555,0.929359863532703,-1.0,-1.0,-1.0
69,3,407.98847351074215,327.624609375,58.13594055175781,97.9348205566406,0.9322250068085792,-1.0,-1.0,-1.0
70,3,411.8727722167969,324.8457550048828,54.38144531249998,97.283935546875,0.9168287704151012,-1.0,-1.0,-1.0
71,3,417.5464416503906,326.0350799560547,48.972491455078114,95.80204467773432,0.9138266141651455,-1.0,-1.0,-1.0
72,3,429.37099914550777,324.2245880126953,37.18572692871095,95.32386474609376,0.8889339767721083,-1.0,-1.0,-1.0
73,3,435.9059692382812,324.3944091796875,30.389501953125038,95.0713439941406,0.8762314001465654,-1.0,-1.0,-1.0
74,3,442.13502502441406,321.6087982177734,26.951412963867146,96.27231445312498,0.8618823821214221,-1.0,-1.0,-1.0
75,3,442.0384552001953,323.28273010253906,34.9637420654297,94.80975952148437,0.8602098450299174,-1.0,-1.0,-1.0
76,3,443.4578887939453,323.3973175048828,47.80077209472654,95.33765258789066,0.9096709465974406,-1.0,-1.0,-1.0
77,3,445.05738830566406,324.83811950683594,49.30584411621089,93.59214477539058,0.9147551123515923,-1.0,-1.0,-1.0
78,3,449.03204956054685,323.2853118896484,51.19892578125001,95.11721191406248,0.9130726597692912,-1.0,-1.0,-1.0
79,3,450.632373046875,322.2264770507812,52.54255371093751,96.0062255859375,0.9070018369879876,-1.0,-1.0,-1.0
80,3,457.0574249267578,322.5601867675781,47.43498229980469,88.19027709960938,0.8944290179964298,-1.0,-1.0,-1.0
81,3,459.73289794921874,320.4745147705078,44.731164550781216,89.69199829101558,0.8985040801854325,-1.0,-1.0,-1.0
82,3,470.16408691406247,319.3937622070312,35.92452392578127,89.59004516601561,0.8888224173715145,-1.0,-1.0,-1.0
83,3,478.64267578125,317.8758911132812,30.04332275390624,91.20053100585938,0.8640933794947117,-1.0,-1.0,-1.0
84,3,482.3293029785156,318.27183837890624,32.71739501953124,91.60806884765624,0.8377954230184486,-1.0,-1.0,-1.0
85,3,483.8439331054688,318.7125,41.77089843750002,90.70334472656248,0.8854126212440683,-1.0,-1.0,-1.0
86,3,482.7325561523437,318.4371826171875,55.90821533203132,90.72740478515624,0.9147974819322364,-1.0,-1.0,-1.0
87,3,483.1388854980469,318.8211273193359,59.60467529296875,90.2267578125,0.9177225693946696,-1.0,-1.0,-1.0
88,3,483.6607360839844,318.9341217041015,63.68906249999998,90.2713623046875,0.9082085868205638,-1.0,-1.0,-1.0
89,3,489.44921264648434,316.49688720703125,60.48819580078128,91.23030395507811,0.8860398018406173,-1.0,-1.0,-1.0
90,3,494.8197143554687,315.9581726074219,56.53828125000007,91.1233520507812,0.8985106565748708,-1.0,-1.0,-1.0
91,3,498.36994628906245,314.84899291992184,53.446948242187545,92.23269653320312,0.908254690169656,-1.0,-1.0,-1.0
92,3,513.7838745117188,314.8807708740234,38.07608642578123,91.24502563476562,0.8936243536526085,-1.0,-1.0,-1.0
93,3,525.6639404296875,314.77456054687497,25.970471191406205,91.07314453125002,0.838483660401053,-1.0,-1.0,-1.0
94,3,530.1585571289062,314.7931274414062,24.42755126953125,90.70433349609374,0.8258692417534519,-1.0,-1.0,-1.0
95,3,529.6949340820312,313.94432373046874,34.161547851562545,91.53500976562498,0.8806380668741198,-1.0,-1.0,-1.0
96,3,532.4171264648437,314.83144226074216,44.53439941406248,91.4870544433594,0.8910176536274577,-1.0,-1.0,-1.0
97,3,533.4246276855469,315.4522247314453,49.19655761718752,90.74998168945308,0.9052951820716402,-1.0,-1.0,-1.0
98,3,534.3698913574218,315.34096069335936,51.98708496093752,89.49193725585934,0.9148649222140292,-1.0,-1.0,-1.0
99,3,536.5785278320312,314.9334228515625,49.07120361328123,88.63137817382807,0.9045279923495712,-1.0,-1.0,-1.0
100,3,542.2495056152344,313.56073608398435,44.770825195312455,88.2591613769531,0.9028244759671722,-1.0,-1.0,-1.0
101,3,546.2010131835938,312.2981872558594,40.77366943359368,88.74288940429688,0.891210443842283,-1.0,-1.0,-1.0
102,3,555.0816467285156,310.33880310058595,32.70333251953127,90.92131347656247,0.860791291577776,-1.0,-1.0,-1.0
103,3,557.9269958496094,310.27294006347654,30.22119140625,91.00827026367188,0.8548946016712797,-1.0,-1.0,-1.0
104,3,561.1594482421875,309.5338897705078,28.12917480468741,92.7664123535156,0.8495139728942434,-1.0,-1.0,-1.0
105,3,561.7216186523438,308.32734375,28.04172363281248,94.0346740722656,0.8373546693268352,-1.0,-1.0,-1.0
106,3,566.7542907714843,308.8785003662109,28.82537841796875,93.24063720703124,0.8541052530670612,-1.0,-1.0,-1.0
1,4,753.9194091796875,353.7260375976562,55.21091308593748,125.91793212890629,0.914897959492869,-1.0,-1.0,-1.0
2,4,753.9194091796875,353.7260375976562,55.21091308593748,125.91793212890629,0.914897959492869,-1.0,-1.0,-1.0
3,4,753.9132019042969,353.74855957031247,55.197399902343705,125.87887573242188,0.9154714349179542,-1.0,-1.0,-1.0
4,4,753.2570983886718,350.85157470703126,53.42135009765627,127.92562866210932,0.920972258882678,-1.0,-1.0,-1.0
5,4,752.3311706542969,350.73536682128906,52.52431640624991,126.5276458740234,0.9225198410857588,-1.0,-1.0,-1.0
6,4,750.0651306152344,349.57628173828124,52.35699462890625,123.96280517578124,0.92461323782938,-1.0,-1.0,-1.0
7,4,748.0448547363281,350.0912658691406,51.70737304687498,122.61818847656248,0.9274790967445768,-1.0,-1.0,-1.0
8,4,741.8645507812499,350.3872375488281,56.7498779296875,120.62081909179688,0.9312651127867078,-1.0,-1.0,-1.0
9,4,736.3034912109375,349.6720275878906,61.31480712890618,121.0955932617187,0.9355733464819806,-1.0,-1.0,-1.0
10,4,734.2832153320312,350.0291381835937,63.60051269531255,121.32927246093747,0.9290266255788886,-1.0,-1.0,-1.0
11,4,734.0265197753906,348.9738739013672,63.44681396484373,122.35426940917966,0.9292973282764264,-1.0,-1.0,-1.0
12,4,731.1026733398437,348.3315032958984,66.53342285156248,122.92127380371096,0.9239140330216742,-1.0,-1.0,-1.0
13,4,729.163037109375,347.0913940429687,66.9176147460937,124.03976440429688,0.9255813328713458,-1.0,-1.0,-1.0
14,4,726.1409179687499,345.4325408935547,59.58182373046873,125.2316436767578,0.9082444310914112,-1.0,-1.0,-1.0
15,4,724.0386291503906,345.0107482910156,57.404113769531136,124.9644836425781,0.896251245222011,-1.0,-1.0,-1.0
16,4,722.8495239257812,343.83466186523435,53.177014160156205,122.3492431640625,0.9175054782014485,-1.0,-1.0,-1.0
17,4,722.0203857421875,344.31207275390625,51.59707031249991,121.7525756835937,0.9185488940124742,-1.0,-1.0,-1.0
18,4,717.9685729980469,345.3142456054687,51.01973876953127,120.35797119140624,0.9146127876127608,-1.0,-1.0,-1.0
19,4,715.2754943847656,347.6255218505859,51.19277343750002,118.29767761230464,0.9124570692285516,-1.0,-1.0,-1.0
20,4,705.7685302734375,350.0642120361328,59.04964599609377,115.62887878417968,0.9277211718333014,-1.0,-1.0,-1.0
21,4,702.5883178710938,349.45751953125,61.64769287109368,116.5768615722656,0.9283016489068174,-1.0,-1.0,-1.0
22,4,698.1570922851562,348.9822235107422,66.03508300781255,117.84388732910156,0.933270216518622,-1.0,-1.0,-1.0
23,4,698.1835693359375,350.0382293701172,65.64858398437502,116.9416900634766,0.9331086857764248,-1.0,-1.0,-1.0
24,4,698.193017578125,350.4286834716797,63.76739501953125,114.96706237792966,0.932312039710922,-1.0,-1.0,-1.0
25,4,695.0451049804688,349.8001281738281,66.25788574218745,116.00870361328124,0.9318868567885374,-1.0,-1.0,-1.0
26,4,688.9628540039063,347.9890594482422,62.26248779296873,113.89748840332028,0.9083131464830564,-1.0,-1.0,-1.0
27,4,687.7316162109374,348.0658813476562,58.11844482421884,111.87366943359376,0.9072768970718954,-1.0,-1.0,-1.0
28,4,688.917315673828,350.32118225097656,54.156115722656295,110.9788055419922,0.8864602254334102,-1.0,-1.0,-1.0
29,4,688.1913391113281,350.13306884765626,54.107666015625,114.31554565429684,0.8797521717563015,-1.0,-1.0,-1.0
30,4,687.1658752441406,353.49823608398435,52.5092651367188,112.08916625976563,0.8874970117093,-1.0,-1.0,-1.0
31,4,689.2007080078125,354.29161376953124,46.84438476562491,111.67393798828124,0.8722726552897306,-1.0,-1.0,-1.0
32,4,691.0722839355468,355.2020233154297,42.239794921875045,112.85823669433591,0.8982049830215431,-1.0,-1.0,-1.0
33,4,690.3675659179687,354.4211700439453,42.08005371093748,113.96417541503904,0.8896824570785924,-1.0,-1.0,-1.0
34,4,688.23896484375,350.3958068847656,45.33859863281248,116.20870971679688,0.906102229778849,-1.0,-1.0,-1.0
35,4,685.9614990234375,349.3155212402344,44.3178588867188,116.85459594726558,0.8972644345181635,-1.0,-1.0,-1.0
36,4,686.9848754882812,347.4227416992188,42.89930419921882,113.75804443359374,0.8497942434710026,-1.0,-1.0,-1.0
37,4,686.2507690429687,347.9581329345703,41.696301269531205,105.13333740234371,0.8636528263148335,-1.0,-1.0,-1.0
38,4,682.9346557617188,347.7217071533203,43.81182861328125,103.17914428710937,0.8555987728748562,-1.0,-1.0,-1.0
39,4,682.8659362792969,347.4057678222656,41.75870361328123,104.88092651367184,0.8662272655143077,-1.0,-1.0,-1.0
40,4,682.2181274414062,347.78224182128906,40.12646484375,103.3868408203125,0.8524578112279642,-1.0,-1.0,-1.0
41,4,681.4149169921875,349.1322967529297,40.063732910156205,102.4798645019531,0.857951065854536,-1.0,-1.0,-1.0
42,4,677.3746948242188,348.7522247314453,43.6563720703125,102.0382690429687,0.8806936159879513,-1.0,-1.0,-1.0
43,4,676.5474792480469,348.2939849853515,44.22359619140616,102.61521606445314,0.8730006063249789,-1.0,-1.0,-1.0
44,4,675.6557189941406,348.6947387695312,44.79169921875007,102.0488708496094,0.8743013664681172,-1.0,-1.0,-1.0
45,4,674.016064453125,348.5571350097656,46.055346679687545,102.26337890625,0.8614055082072873,-1.0,-1.0,-1.0
46,4,660.0061889648438,348.34913635253906,59.84066162109366,103.07499389648432,0.8681493517962124,-1.0,-1.0,-1.0
47,4,674.7240783691406,348.724072265625,44.19678955078132,102.5780822753906,0.8619266686077154,-1.0,-1.0,-1.0
48,4,676.5597839355469,348.7674133300781,41.36330566406252,103.02659912109374,0.8596904581617402,-1.0,-1.0,-1.0
49,4,679.7488952636719,349.04503784179684,37.69881591796866,102.40647583007814,0.851317071076366,-1.0,-1.0,-1.0
50,4,672.1530578613281,351.843667602539,46.29276123046873,99.28427124023438,0.8771938598074556,-1.0,-1.0,-1.0
51,4,671.6947082519531,347.67312011718747,48.06156005859373,103.74757690429686,0.8822515995984048,-1.0,-1.0,-1.0
52,4,669.0205261230468,337.6263427734375,51.63925781250009,113.15335693359371,0.906662301868721,-1.0,-1.0,-1.0
53,4,670.8187133789062,336.2939483642578,51.00435791015627,114.40854492187498,0.8967699298136864,-1.0,-1.0,-1.0
54,4,675.2883911132812,336.95568237304684,48.26986083984377,115.11046142578124,0.8670475052175846,-1.0,-1.0,-1.0
55,4,669.0088256835937,336.60626220703125,56.19287109375,116.66568603515624,0.8713300882313391,-1.0,-1.0,-1.0
56,4,668.0150573730468,343.9006896972656,67.22149658203125,115.47322998046876,0.8665833985811915,-1.0,-1.0,-1.0
57,4,672.588720703125,348.1460266113281,67.87430419921873,106.6903198242187,0.8654589304858007,-1.0,-1.0,-1.0
58,4,666.5384948730468,353.42786865234376,90.68466796874998,110.31042480468744,0.9368752214427049,-1.0,-1.0,-1.0
59,4,665.2410095214843,356.616128540039,92.28339843750008,108.09538879394536,0.953093076992282,-1.0,-1.0,-1.0
60,4,668.9497192382812,356.0811492919922,90.63654785156255,109.74042663574215,0.9191632344666942,-1.0,-1.0,-1.0
61,4,669.3005676269531,353.3287445068359,87.3346069335937,114.27239685058596,0.9236813558363792,-1.0,-1.0,-1.0
62,4,666.7533325195312,353.04993896484376,91.0789672851563,119.09393920898437,0.9074448855456084,-1.0,-1.0,-1.0
63,4,666.18369140625,350.65961608886715,92.57706298828124,122.21551208496096,0.8796137604762535,-1.0,-1.0,-1.0
64,4,718.7467346191406,348.2479522705078,52.899169921875,124.83717956542966,0.8238741840885666,-1.0,-1.0,-1.0
65,4,716.6673522949219,352.4242126464844,67.9217651367187,121.54482421874997,0.7359459750412256,-1.0,-1.0,-1.0
66,4,732.5447387695312,358.66392517089844,62.74094238281248,115.47391662597651,0.7726335897989642,-1.0,-1.0,-1.0
67,4,731.6343017578125,344.6454528808593,70.8155639648437,129.79819335937498,0.7892353422052167,-1.0,-1.0,-1.0
68,4,734.0402526855469,343.4047119140625,84.18548583984375,134.29127197265626,0.8888331243493717,-1.0,-1.0,-1.0
69,4,744.2177124023438,357.0005401611328,79.46488037109373,120.25868225097656,0.8651692447587536,-1.0,-1.0,-1.0
70,4,763.426593017578,353.366372680664,78.2733032226563,125.5321746826172,0.878179474381362,-1.0,-1.0,-1.0
71,4,794.9496643066406,357.72832946777345,48.43916015625007,121.4183441162109,0.8625038436626653,-1.0,-1.0,-1.0
72,4,799.3174987792968,356.99757385253906,86.04536132812507,123.3367218017578,0.866290247926699,-1.0,-1.0,-1.0
73,4,800.376416015625,355.1393737792969,85.82717285156252,124.4068725585937,0.8926438996090482,-1.0,-1.0,-1.0
74,4,807.9317138671875,354.2161102294922,101.27120361328129,128.36148376464843,0.8333181526942433,-1.0,-1.0,-1.0
75,4,816.0547302246093,352.24208679199216,86.20367431640625,127.77212219238282,0.8432209075935617,-1.0,-1.0,-1.0
76,4,839.6241943359374,342.51926879882814,118.23673095703124,136.4116333007812,0.9169083591319662,-1.0,-1.0,-1.0
77,4,855.1207397460937,341.065283203125,107.8935424804688,138.10111083984373,0.9009166801565804,-1.0,-1.0,-1.0
78,4,876.7479858398438,344.45363159179686,94.60371093749995,134.01974487304688,0.8901282857877391,-1.0,-1.0,-1.0
79,4,875.5490478515625,344.027197265625,101.1719970703125,125.43936767578124,0.8521046940513557,-1.0,-1.0,-1.0
80,4,874.3674682617187,345.7309295654297,106.1070556640625,122.27742004394533,0.867086685680043,-1.0,-1.0,-1.0
81,4,876.297930908203,347.4686645507812,125.16652221679692,123.20529785156248,0.8576569262856566,-1.0,-1.0,-1.0
82,4,886.2391845703124,349.0978271484375,132.85173339843757,133.39374389648435,0.8776004615190409,-1.0,-1.0,-1.0
83,4,913.2669799804688,354.2700531005859,108.18215332031252,129.0830108642578,0.8311671393421065,-1.0,-1.0,-1.0
84,4,928.043701171875,357.1649230957031,92.64946289062492,124.65230712890629,0.761184533724613,-1.0,-1.0,-1.0
85,4,958.469677734375,360.1209320068359,61.18088378906248,126.6253692626953,0.8195100036630087,-1.0,-1.0,-1.0
86,4,967.6951171874999,356.93195800781245,59.797924804687455,128.15341186523438,0.8195100036630087,-1.0,-1.0,-1.0
87,4,976.920556640625,353.74298400878905,58.41496582031243,129.68145446777345,0.8195100036630087,-1.0,-1.0,-1.0
88,4,986.14599609375,350.5540100097656,57.03200683593741,131.20949707031252,0.8411844313740318,-1.0,-1.0,-1.0
89,4,989.7959838867188,347.9970794677734,57.1915283203125,133.61739807128907,0.8385309107520342,-1.0,-1.0,-1.0
90,4,995.7055297851562,347.45152587890624,53.45529785156259,134.34296264648435,0.8701027157572945,-1.0,-1.0,-1.0
91,4,996.1957397460938,347.2179840087891,55.260571289062455,135.16696472167968,0.8799151100631235,-1.0,-1.0,-1.0
92,4,1008.819140625,346.9906768798828,47.25615234374993,134.66137390136714,0.8825330743921427,-1.0,-1.0,-1.0
93,4,1009.310009765625,347.02940368652344,47.97971191406259,136.35233459472653,0.888428101155359,-1.0,-1.0,-1.0
94,4,1013.811767578125,347.46149597167965,48.25019531249996,134.85874328613284,0.8874062030157006,-1.0,-1.0,-1.0
95,4,1015.6164916992188,346.99062194824216,48.74172363281252,138.73131408691404,0.900807047268799,-1.0,-1.0,-1.0
96,4,1018.3994384765624,347.0485473632812,54.70356445312496,139.02830200195314,0.8897953828525509,-1.0,-1.0,-1.0
97,4,1017.2393920898436,348.1418243408203,56.90478515625,136.34689636230468,0.8951081221395896,-1.0,-1.0,-1.0
98,4,1018.3339599609376,349.3389495849609,59.77265625000007,138.95115051269534,0.8999146313350721,-1.0,-1.0,-1.0
99,4,1020.61318359375,349.5226135253906,57.833569335937455,138.98408203124995,0.9023365647145845,-1.0,-1.0,-1.0
100,4,1027.9250244140624,349.11757507324216,52.65878906250009,140.1925506591797,0.9017097372450422,-1.0,-1.0,-1.0
101,4,1026.5019653320312,349.077392578125,55.29880371093759,140.4130187988281,0.9081273290225907,-1.0,-1.0,-1.0
102,4,1035.1500732421875,348.6648010253906,47.92302246093732,141.3903076171875,0.911539869736366,-1.0,-1.0,-1.0
103,4,1036.2248657226562,348.7074829101562,47.33393554687496,141.00655517578127,0.912861979849481,-1.0,-1.0,-1.0
104,4,1037.6970336914062,348.6775726318359,46.65146484375009,140.9267120361328,0.905773038697948,-1.0,-1.0,-1.0
105,4,1038.3889526367186,348.2165588378906,45.359033203125136,141.3133483886719,0.9058678178678256,-1.0,-1.0,-1.0
106,4,1039.88583984375,347.8535705566406,42.9554443359375,141.92666015625002,0.9033756498256515,-1.0,-1.0,-1.0
1,5,355.8662841796875,337.11957092285155,43.12150268554683,79.3679260253906,0.9106418903351176,-1.0,-1.0,-1.0
2,5,355.8662841796875,337.11957092285155,43.12150268554683,79.3679260253906,0.9106418903351176,-1.0,-1.0,-1.0
3,5,355.864663696289,337.1044372558593,43.13644409179688,79.36858520507815,0.910783072163369,-1.0,-1.0,-1.0
4,5,352.39073181152344,339.6144012451172,45.46038208007809,79.9821716308594,0.8987194957047464,-1.0,-1.0,-1.0
5,5,350.7837890625,340.7941131591797,46.163287353515614,80.42882080078124,0.9017111359169476,-1.0,-1.0,-1.0
6,5,348.81622009277345,341.12254943847654,45.860119628906205,84.33786621093748,0.8754008890141733,-1.0,-1.0,-1.0
7,5,347.82978515625,341.2637237548828,45.80145263671869,85.62013549804686,0.881510660858126,-1.0,-1.0,-1.0
8,5,345.6240600585937,341.67560119628905,45.356231689453125,85.69110717773435,0.9093091285785349,-1.0,-1.0,-1.0
9,5,343.9237335205078,342.4822174072265,46.05913696289059,84.57500610351565,0.8964727477955137,-1.0,-1.0,-1.0
10,5,342.24859313964845,342.7231750488281,46.30429687499998,84.47288818359374,0.888230252617987,-1.0,-1.0,-1.0
11,5,341.38377685546874,343.0093139648437,46.854766845703125,84.23305664062502,0.8752473126507638,-1.0,-1.0,-1.0
12,5,322.05932006835934,345.4620391845703,63.58848266601564,86.00180053710938,0.84604204217041,-1.0,-1.0,-1.0
13,5,333.65025329589844,346.0957855224609,51.3692687988281,87.88359374999999,0.8159615089014522,-1.0,-1.0,-1.0
14,5,334.4308868408203,349.5054473876953,49.08636474609375,87.5472473144531,0.8167800602251418,-1.0,-1.0,-1.0
15,5,337.94555053710934,350.13304138183594,45.48801269531253,88.34523925781247,0.8723938719174384,-1.0,-1.0,-1.0
16,5,337.0117950439453,351.64239807128905,46.47057495117184,88.08832397460935,0.8836179830229263,-1.0,-1.0,-1.0
17,5,335.31520385742186,351.85621948242186,48.0546936035156,87.39168090820311,0.8800332100429173,-1.0,-1.0,-1.0
18,5,337.0887817382812,351.1585876464844,46.44338378906252,88.14561767578124,0.8777079091407529,-1.0,-1.0,-1.0
19,5,337.7296691894531,351.2161010742187,46.247113037109386,88.55518798828126,0.8815900439163649,-1.0,-1.0,-1.0
20,5,336.8212097167969,351.76025390625,46.91359863281247,88.38973388671872,0.8746411525652498,-1.0,-1.0,-1.0
21,5,332.1190612792969,352.7774230957031,52.32474975585933,89.38723754882812,0.8442850958302728,-1.0,-1.0,-1.0
22,5,334.32506103515624,355.35162963867185,53.75747680664063,87.41233520507814,0.8752571013812513,-1.0,-1.0,-1.0
23,5,332.5696655273437,356.6981689453125,55.99500732421876,88.18401489257809,0.8601015345621299,-1.0,-1.0,-1.0
24,5,333.85072631835936,357.6228881835937,56.50894775390623,86.41290893554691,0.8748474260596311,-1.0,-1.0,-1.0
25,5,333.5223724365234,357.8587921142578,57.82736206054688,86.94277954101557,0.8534727722246629,-1.0,-1.0,-1.0
26,5,336.86139221191405,355.40183715820314,63.19610595703125,88.45900268554686,0.8330771324983566,-1.0,-1.0,-1.0
27,5,343.4107818603516,353.9701538085937,57.1283020019531,90.07498168945312,0.8519290676230824,-1.0,-1.0,-1.0
28,5,357.2048309326172,351.3736999511719,50.57111206054685,92.37365112304684,0.8652083708193388,-1.0,-1.0,-1.0
29,5,360.00343322753906,351.80406188964844,49.466381835937455,91.16158447265622,0.8523088980583822,-1.0,-1.0,-1.0
30,5,368.50396728515625,351.12282714843747,46.7967590332031,82.99923706054688,0.7854657150511635,-1.0,-1.0,-1.0
31,5,373.1596160888672,351.4156127929687,46.03914184570312,78.96648559570315,0.7781959304011075,-1.0,-1.0,-1.0
32,5,380.5316345214844,351.77980957031247,55.15230102539061,72.06915893554691,0.7561035863406467,-1.0,-1.0,-1.0
33,5,382.9398376464844,351.1757263183593,64.92524414062501,88.01312255859375,0.6663396036207061,-1.0,-1.0,-1.0
34,5,385.3768798828125,348.0033142089844,62.458209228515614,99.15633544921872,0.8038230383619975,-1.0,-1.0,-1.0
35,5,384.4819885253906,346.2416015625,69.97868041992189,98.72006835937503,0.8535012279964782,-1.0,-1.0,-1.0
36,5,395.7989501953125,342.5464874267578,61.09672851562499,95.83731079101562,0.8542216938165055,-1.0,-1.0,-1.0
37,5,405.1533966064453,341.22911682128904,55.35834960937496,90.4846618652344,0.8627142698046555,-1.0,-1.0,-1.0
38,5,419.5912719726562,339.92064514160154,46.89091186523439,95.47575073242189,0.840580274564104,-1.0,-1.0,-1.0
39,5,423.7796722412109,340.0288879394531,47.06122741699221,88.39039306640626,0.8628513866868843,-1.0,-1.0,-1.0
40,5,430.5771881103515,338.39483642578125,44.145730590820335,93.5332580566406,0.8910799326695837,-1.0,-1.0,-1.0
41,5,434.7989593505859,337.5089538574219,46.24615173339845,93.8286254882812,0.8784348054279789,-1.0,-1.0,-1.0
42,5,442.6042510986328,339.2563842773437,55.43747863769528,92.471923828125,0.9157520354114794,-1.0,-1.0,-1.0
43,5,443.1154174804688,338.1816741943359,60.375805664062455,93.8354919433594,0.9103486803299888,-1.0,-1.0,-1.0
44,5,446.2786010742187,335.01104736328125,58.74554443359375,95.58731689453124,0.9227172976793128,-1.0,-1.0,-1.0
45,5,450.63715209960935,334.17169189453125,55.18861083984376,94.57712402343748,0.9209658220378856,-1.0,-1.0,-1.0
46,5,470.0898742675781,331.7750518798828,42.440075683593705,93.96430664062495,0.8756687642140157,-1.0,-1.0,-1.0
47,5,474.27879638671874,333.70081787109376,39.690527343750034,92.73208007812497,0.8773701647629295,-1.0,-1.0,-1.0
48,5,483.54389648437495,333.39748535156247,40.28521728515625,88.45026855468751,0.8452843417288705,-1.0,-1.0,-1.0
49,5,486.7218566894531,332.0062866210937,43.97442626953131,92.31190795898436,0.8879384894993336,-1.0,-1.0,-1.0
50,5,489.1695556640625,333.3608184814453,56.72186279296875,89.89271850585936,0.9134034491162026,-1.0,-1.0,-1.0
51,5,489.3358337402344,331.3579833984375,57.59406738281251,93.53084106445311,0.9115225552035612,-1.0,-1.0,-1.0
52,5,500.3787963867187,327.12621459960934,47.51169433593748,90.63945922851563,0.9011957162048247,-1.0,-1.0,-1.0
53,5,508.2064453125,327.8377990722656,40.512963867187466,88.67296142578124,0.8700467697259668,-1.0,-1.0,-1.0
54,5,518.8059997558594,326.4388549804688,34.59462890625002,86.95162353515622,0.8678176191046241,-1.0,-1.0,-1.0
55,5,521.1380126953125,323.7794494628906,35.26875000000007,89.84333496093745,0.8721893660021927,-1.0,-1.0,-1.0
56,5,527.0955688476562,325.1850952148437,39.3717041015625,89.58317871093749,0.8741979346397848,-1.0,-1.0,-1.0
57,5,529.479931640625,324.6288024902344,43.44521484375002,89.51759033203126,0.8871048351331581,-1.0,-1.0,-1.0
58,5,534.6361999511719,328.7210998535156,56.22099609374993,87.04209594726558,0.9069292350079364,-1.0,-1.0,-1.0
59,5,537.2701171875,327.1720275878906,57.12198486328123,88.1185363769531,0.9214954407915066,-1.0,-1.0,-1.0
60,5,538.0862915039062,323.6141876220703,58.63150634765634,91.20767211914062,0.9078356778379087,-1.0,-1.0,-1.0
61,5,538.4947631835937,320.69981689453124,59.0043823242188,93.78187866210936,0.9048793278725356,-1.0,-1.0,-1.0
62,5,549.2219787597656,317.4115539550781,50.24542236328125,95.117431640625,0.9002518859434439,-1.0,-1.0,-1.0
63,5,560.4071044921875,315.8919799804688,39.189221191406205,94.59635009765624,0.8740275510942297,-1.0,-1.0,-1.0
64,5,567.3059143066406,313.46776428222654,37.45656738281252,95.58259277343753,0.8877621866583638,-1.0,-1.0,-1.0
65,5,570.2578857421875,312.9322082519531,34.87489013671882,96.54202880859371,0.8890343318347789,-1.0,-1.0,-1.0
66,5,575.1989868164062,313.6381896972656,35.008593750000045,95.5562805175781,0.8810287727263812,-1.0,-1.0,-1.0
67,5,576.9201599121094,313.91114501953126,38.65166015624993,95.7034973144531,0.8765697331012774,-1.0,-1.0,-1.0
68,5,580.2809875488281,317.44248046875,50.19027099609377,92.80925903320316,0.905911630955316,-1.0,-1.0,-1.0
69,5,580.8451354980468,316.24005432128905,56.887316894531295,94.2921936035156,0.90988752534588,-1.0,-1.0,-1.0
70,5,582.1088928222656,316.7431732177734,60.4193115234375,93.5639099121094,0.917389535206592,-1.0,-1.0,-1.0
71,5,582.8854614257813,319.3462738037109,60.066540527343705,91.02969360351562,0.9198380645416931,-1.0,-1.0,-1.0
72,5,587.0735595703125,317.4807678222656,57.618896484375,92.61606445312503,0.9250245976758648,-1.0,-1.0,-1.0
73,5,591.1205383300781,318.33819580078125,53.65986328124996,91.65514526367184,0.917682890389912,-1.0,-1.0,-1.0
74,5,604.372412109375,319.2440185546875,40.18403320312496,88.07041625976558,0.8902362685137071,-1.0,-1.0,-1.0
75,5,615.8702087402344,316.59617614746094,28.241455078125,89.83894042968745,0.8751467128899577,-1.0,-1.0,-1.0
76,5,619.9508056640625,315.3971832275391,29.420178222656205,92.22626953124995,0.8841625527127057,-1.0,-1.0,-1.0
77,5,621.2264282226562,314.8978271484375,30.98441162109384,93.61175537109376,0.877767682571104,-1.0,-1.0,-1.0
78,5,621.0091186523438,316.1780090332031,39.50650634765623,91.23870849609376,0.8766474570575618,-1.0,-1.0,-1.0
79,5,626.2849731445312,317.9710327148437,43.19582519531252,90.99014282226562,0.9071270086491126,-1.0,-1.0,-1.0
80,5,627.9564880371094,317.69615478515624,42.076428222656205,90.7998596191406,0.8928486629650578,-1.0,-1.0,-1.0
81,5,630.3491455078125,317.5814575195312,39.75490722656241,91.21387939453126,0.8924782370724742,-1.0,-1.0,-1.0
82,5,636.0861511230469,313.180581665039,34.32052001953127,95.49387817382814,0.8848000514701226,-1.0,-1.0,-1.0
83,5,638.1248840332031,312.70844421386715,32.2294921875,96.1782165527344,0.8622713240983195,-1.0,-1.0,-1.0
84,5,639.5375610351563,311.3332855224609,31.26610107421868,97.52332763671876,0.8550538151643146,-1.0,-1.0,-1.0
85,5,640.078857421875,311.4673187255859,29.935327148437523,97.26514892578126,0.8540067448414845,-1.0,-1.0,-1.0
86,5,640.6328430175781,311.5071166992187,30.16801757812493,97.22658691406252,0.8672464017348602,-1.0,-1.0,-1.0
87,5,641.1951232910156,311.2215270996094,29.80052490234368,97.38583374023438,0.865424407725591,-1.0,-1.0,-1.0
88,5,643.5633911132812,312.42650756835934,28.836804199218705,95.88153076171876,0.8538425199500921,-1.0,-1.0,-1.0
89,5,644.44130859375,313.4206878662109,30.424328613281205,94.99575805664062,0.8556621062837877,-1.0,-1.0,-1.0
90,5,645.4282104492187,312.6977600097656,31.207324218750045,95.01712646484371,0.8629407883805129,-1.0,-1.0,-1.0
91,5,645.5114318847656,312.6743591308594,33.558947753906295,94.84716796874994,0.861297869166961,-1.0,-1.0,-1.0
92,5,646.9793151855469,311.4942626953125,35.02880859375,96.47226562499998,0.8748283182621748,-1.0,-1.0,-1.0
93,5,647.3263732910156,311.4882202148437,34.25811767578125,96.68210449218748,0.8684548314574627,-1.0,-1.0,-1.0
94,5,647.8749206542968,311.980517578125,34.64802246093757,95.94547119140624,0.8837219863499186,-1.0,-1.0,-1.0
95,5,648.0371337890625,311.57652282714844,34.20109863281243,95.82846679687498,0.8906518246150874,-1.0,-1.0,-1.0
96,5,648.3394775390625,310.7349426269531,33.62860107421875,92.45934448242184,0.8688901902620216,-1.0,-1.0,-1.0
97,5,648.6829650878906,310.2789001464844,34.736682128906295,92.23720092773436,0.8693265393799798,-1.0,-1.0,-1.0
98,5,649.426025390625,311.3887664794922,35.15031738281243,91.111376953125,0.8865298146767557,-1.0,-1.0,-1.0
99,5,647.8957397460937,312.6080017089844,39.20745849609375,90.32266845703124,0.8959372149865352,-1.0,-1.0,-1.0
100,5,644.3018920898437,315.3151153564453,43.222521972656295,87.3424072265625,0.8936555382931992,-1.0,-1.0,-1.0
101,5,642.1822998046874,315.0826171875,45.2889404296875,87.20156250000002,0.8942058211552393,-1.0,-1.0,-1.0
102,5,640.6060913085937,316.64391174316404,47.42380371093748,84.94584960937499,0.905411056137332,-1.0,-1.0,-1.0
103,5,640.7864868164062,316.6175720214844,46.680908203125,84.87531738281251,0.8948100832252948,-1.0,-1.0,-1.0
104,5,640.4498657226562,315.32912292480466,47.11398925781248,85.76669311523438,0.8829525199389145,-1.0,-1.0,-1.0
105,5,640.0280456542969,315.608642578125,44.80059814453125,84.78737182617186,0.8621680233953768,-1.0,-1.0,-1.0
106,5,639.284326171875,314.3855895996094,42.06181640624993,85.58245239257809,0.843800282735355,-1.0,-1.0,-1.0
1,6,310.2832946777344,335.0457366943359,37.15307006835934,86.0185546875,0.884475055924483,-1.0,-1.0,-1.0
2,6,310.2832946777344,335.0457366943359,37.15307006835934,86.0185546875,0.884475055924483,-1.0,-1.0,-1.0
3,6,310.2841461181641,335.041259765625,37.154498291015614,85.97416992187499,0.8843693476726315,-1.0,-1.0,-1.0
4,6,308.5422637939453,336.71788330078124,37.70859374999998,88.83391113281249,0.8816040587603169,-1.0,-1.0,-1.0
5,6,308.2793334960937,336.9591156005859,36.79151000976566,85.18776855468752,0.8956035239621798,-1.0,-1.0,-1.0
6,6,306.5837036132812,336.24486694335934,37.87772827148439,91.1937194824219,0.906289217045284,-1.0,-1.0,-1.0
7,6,305.5704345703125,336.0813079833984,38.91829833984372,90.90549316406252,0.8942017300026315,-1.0,-1.0,-1.0
8,6,304.5802917480469,336.9504913330078,40.029565429687466,93.2701354980469,0.8799811774141197,-1.0,-1.0,-1.0
9,6,303.7867767333984,338.32798461914064,42.5022033691406,96.47155151367184,0.8852764445401817,-1.0,-1.0,-1.0
10,6,302.32814941406247,341.7417388916015,46.09187622070317,101.76767578125003,0.8770422148678421,-1.0,-1.0,-1.0
11,6,302.1066101074219,343.100747680664,44.3193420410156,99.84407958984376,0.8679675082489062,-1.0,-1.0,-1.0
12,6,300.77940673828124,345.3612396240234,46.05875244140623,101.22994995117188,0.8340453363399654,-1.0,-1.0,-1.0
13,6,300.8761962890625,345.1691436767578,45.51042480468749,101.45445556640624,0.8532767718953949,-1.0,-1.0,-1.0
14,6,303.1011474609375,345.17164306640626,43.14177246093749,97.96766967773436,0.8297454864614053,-1.0,-1.0,-1.0
15,6,302.3795654296875,345.43394165039064,43.22993774414061,95.29101562499994,0.8544237873454392,-1.0,-1.0,-1.0
16,6,301.4836029052734,349.06019897460936,45.2252197265625,90.9416931152344,0.7675863700083454,-1.0,-1.0,-1.0
17,6,299.281640625,351.6280883789062,48.792645263671886,88.86225585937501,0.73073762875336,-1.0,-1.0,-1.0
18,6,296.51805725097654,354.76732177734374,63.65083007812501,89.83690795898434,0.6451498141495904,-1.0,-1.0,-1.0
19,6,297.8977478027344,357.15907287597656,65.41627807617186,93.17422485351562,0.7963459385325855,-1.0,-1.0,-1.0
20,6,295.45482788085934,359.44777221679686,67.87710571289062,90.55079956054686,0.7649194631868212,-1.0,-1.0,-1.0
21,6,733.3055969238281,316.10206604003906,35.65645751953116,46.52083740234372,0.4986271238953321,-1.0,-1.0,-1.0
22,6,624.2680618286133,326.350545501709,41.4991378784179,60.637211608886695,0.4986271238953321,-1.0,-1.0,-1.0
23,6,515.2305267333984,336.5990249633789,47.341818237304636,74.75358581542966,0.4986271238953321,-1.0,-1.0,-1.0
24,6,406.19299163818357,346.8475044250488,53.184498596191375,88.86996002197263,0.4986271238953321,-1.0,-1.0,-1.0
25,6,297.15545654296875,357.0959838867187,59.027178955078114,102.9863342285156,0.7784529365834203,-1.0,-1.0,-1.0
26,6,298.74696350097656,355.25445556640625,43.254107666015614,102.04030151367186,0.7862260374664416,-1.0,-1.0,-1.0
27,6,300.3714294433594,354.71046752929686,41.44669189453123,99.71026611328124,0.7838464147598145,-1.0,-1.0,-1.0
28,6,313.64696411132815,354.5903155517578,43.11525146484373,99.45290405273435,0.7838464147598145,-1.0,-1.0,-1.0
29,6,326.92249877929686,354.47016357421876,44.783811035156226,99.19554199218749,0.7838464147598145,-1.0,-1.0,-1.0
30,6,340.19803344726563,354.3500115966797,46.45237060546873,98.9381799316406,0.7838464147598145,-1.0,-1.0,-1.0
31,6,353.47356811523434,354.2298596191406,48.12093017578123,98.68081787109372,0.7838464147598145,-1.0,-1.0,-1.0
32,6,366.7491027832031,354.1097076416016,49.78948974609373,98.42345581054686,0.7838464147598145,-1.0,-1.0,-1.0
33,6,380.0246374511719,353.9895556640625,51.45804931640623,98.16609374999997,0.7838464147598145,-1.0,-1.0,-1.0
34,6,393.3001721191406,353.8694036865234,53.12660888671873,97.90873168945309,0.7838464147598145,-1.0,-1.0,-1.0
35,6,406.57570678710937,353.7492517089844,54.79516845703123,97.65136962890622,0.7838464147598145,-1.0,-1.0,-1.0
36,6,419.8512414550781,353.6290997314453,56.463728027343734,97.39400756835934,0.7838464147598145,-1.0,-1.0,-1.0
37,6,433.12677612304685,353.5089477539062,58.13228759765623,97.13664550781246,0.7838464147598145,-1.0,-1.0,-1.0
38,6,446.40231079101557,353.3887957763672,59.80084716796873,96.87928344726559,0.7838464147598145,-1.0,-1.0,-1.0
39,6,459.67784545898434,353.2686437988281,61.469406738281236,96.62192138671871,0.7838464147598145,-1.0,-1.0,-1.0
40,6,472.9533801269531,353.14849182128904,63.13796630859373,96.36455932617183,0.7838464147598145,-1.0,-1.0,-1.0
41,6,486.2289147949218,353.02833984375,64.80652587890623,96.10719726562496,0.7838464147598145,-1.0,-1.0,-1.0
42,6,499.5044494628906,352.90818786621094,66.47508544921874,95.84983520507808,0.5974829321866224,-1.0,-1.0,-1.0
43,6,504.96624755859375,366.3662750244141,55.31802978515623,96.03360900878904,0.5147556740892334,-1.0,-1.0,-1.0
44,6,516.1689376831055,363.8107074737549,53.86945495605467,94.29302787780759,0.5147556740892334,-1.0,-1.0,-1.0
45,6,527.3716278076172,361.2551399230957,52.42088012695311,92.55244674682615,0.5147556740892334,-1.0,-1.0,-1.0
46,6,538.5743179321289,358.69957237243653,50.97230529785155,90.8118656158447,0.5147556740892334,-1.0,-1.0,-1.0
47,6,549.7770080566406,356.14400482177734,49.52373046874999,89.07128448486324,0.5147556740892334,-1.0,-1.0,-1.0
48,6,560.9796981811523,353.5884372711182,48.07515563964843,87.3307033538818,0.5147556740892334,-1.0,-1.0,-1.0
49,6,572.1823883056641,351.032869720459,46.62658081054687,85.59012222290035,0.5147556740892334,-1.0,-1.0,-1.0
50,6,583.3850784301758,348.4773021697998,45.17800598144531,83.84954109191891,0.5147556740892334,-1.0,-1.0,-1.0
51,6,594.5877685546875,345.92173461914064,43.72943115234375,82.10895996093745,0.4581166391808366,-1.0,-1.0,-1.0
52,6,605.6422119140625,334.9632568359375,42.02138671875002,100.8817932128906,0.7971259184967252,-1.0,-1.0,-1.0
53,6,612.1547973632812,333.79340515136715,41.47580566406248,91.862841796875,0.7336374620685895,-1.0,-1.0,-1.0
54,6,620.9130981445312,331.17731323242185,43.5114624023438,93.5385314941406,0.6884422263061758,-1.0,-1.0,-1.0
55,6,630.0547778320312,332.4299633789062,43.34417358398442,93.62683410644529,0.6884422263061758,-1.0,-1.0,-1.0
56,6,639.1964575195312,333.6826135253906,43.17688476562503,93.71513671874997,0.6884422263061758,-1.0,-1.0,-1.0
57,6,648.3381372070312,334.93526367187496,43.00959594726565,93.80343933105466,0.6884422263061758,-1.0,-1.0,-1.0
58,6,657.4798168945313,336.18791381835933,42.84230712890626,93.89174194335935,0.6884422263061758,-1.0,-1.0,-1.0
59,6,666.6214965820312,337.4405639648437,42.67501831054688,93.98004455566404,0.6884422263061758,-1.0,-1.0,-1.0
60,6,675.7631762695312,338.69321411132813,42.5077294921875,94.06834716796872,0.6884422263061758,-1.0,-1.0,-1.0
61,6,684.9048559570313,339.9458642578125,42.34044067382811,94.15664978027341,0.6884422263061758,-1.0,-1.0,-1.0
62,6,694.0465356445312,341.1985144042969,42.17315185546873,94.2449523925781,0.6884422263061758,-1.0,-1.0,-1.0
63,6,703.1882153320313,342.45116455078124,42.00586303710934,94.33325500488279,0.6884422263061758,-1.0,-1.0,-1.0
64,6,712.3298950195312,343.7038146972656,41.83857421874996,94.42155761718747,0.4416721197872775,-1.0,-1.0,-1.0
65,6,723.8412048339844,338.6945571899414,53.38482055664059,107.97703857421874,0.4416721197872775,-1.0,-1.0,-1.0
66,6,735.3525146484375,333.6852996826172,64.93106689453123,121.53251953125,0.4858155137350763,-1.0,-1.0,-1.0
67,6,744.3611389160155,335.9307403564453,62.34452819824219,115.50951232910157,0.4858155137350763,-1.0,-1.0,-1.0
68,6,753.3697631835937,338.1761810302734,59.75798950195315,109.48650512695312,0.4858155137350763,-1.0,-1.0,-1.0
69,6,762.3783874511719,340.42162170410154,57.17145080566411,103.46349792480467,0.4858155137350763,-1.0,-1.0,-1.0
70,6,771.3870117187499,342.66706237792965,54.58491210937507,97.44049072265624,0.6840632202109909,-1.0,-1.0,-1.0
71,6,787.2745605468749,341.09752807617184,39.37060546875,96.81437988281247,0.6405106153702178,-1.0,-1.0,-1.0
72,6,796.3815673828125,340.3487548828125,35.492871093749955,93.42734985351558,0.7748855360474849,-1.0,-1.0,-1.0
73,6,799.8001831054687,338.6326629638672,35.31313476562502,95.2963439941406,0.7727478706035171,-1.0,-1.0,-1.0
74,6,803.9781738281249,337.3422637939453,45.69686279296877,94.7091796875,0.7816875727549935,-1.0,-1.0,-1.0
75,6,808.1506164550781,337.8334350585937,54.62424316406248,96.1451477050781,0.7570718653596735,-1.0,-1.0,-1.0
76,6,798.4054138183593,338.7891082763672,74.5731079101563,97.68949584960932,0.8934606606233686,-1.0,-1.0,-1.0
77,6,796.818603515625,339.03489990234374,76.82431640624998,97.29964599609372,0.8933229387457189,-1.0,-1.0,-1.0
78,6,801.17578125,336.8855072021484,73.1239013671875,98.73462524414066,0.8916339203492996,-1.0,-1.0,-1.0
79,6,818.90771484375,335.16746520996094,55.02645263671866,100.71232910156247,0.817753759075206,-1.0,-1.0,-1.0
80,6,817.6846618652344,331.51393432617186,69.07851562499991,90.8823669433594,0.8072820742844478,-1.0,-1.0,-1.0
81,6,829.970782470703,332.4561767578125,60.15113525390632,102.48294067382812,0.8500374499793963,-1.0,-1.0,-1.0
82,6,827.0765441894531,331.93943481445314,65.89566650390623,92.18781738281244,0.8837829842308942,-1.0,-1.0,-1.0
83,6,825.7798278808593,331.50201416015625,66.85532226562498,93.70876464843748,0.8633341934373107,-1.0,-1.0,-1.0
84,6,829.6652526855469,331.5602142333984,62.39113769531241,92.11146240234376,0.8896672331067279,-1.0,-1.0,-1.0
85,6,833.7982543945312,329.790234375,57.23118896484368,93.06057128906248,0.8722617498241405,-1.0,-1.0,-1.0
86,6,835.1800048828125,324.318521118164,55.09808349609375,96.81344604492188,0.8779820596819476,-1.0,-1.0,-1.0
87,6,833.2734375,323.3789428710937,55.67893066406248,96.3264221191406,0.8800923284163673,-1.0,-1.0,-1.0
88,6,829.3934509277343,323.1542724609375,55.51523437499998,88.1416076660156,0.8540703537458292,-1.0,-1.0,-1.0
89,6,827.7233642578125,322.7730743408203,55.08984375,84.48134765624997,0.8864368824003357,-1.0,-1.0,-1.0
90,6,823.707861328125,323.4481567382812,55.629162597656205,81.68889770507815,0.8496900793072655,-1.0,-1.0,-1.0
91,6,823.2834594726562,322.64744567871094,53.155810546875045,80.50275878906245,0.8226327393460053,-1.0,-1.0,-1.0
92,6,818.2399108886718,317.3996337890625,39.143847656250045,88.35358886718751,0.7753505289247435,-1.0,-1.0,-1.0
93,6,813.8782836914062,316.4326171875,38.64858398437502,90.7985961914062,0.7751551560601477,-1.0,-1.0,-1.0
94,6,808.6253173828125,315.96136779785155,40.48751220703127,90.53678283691401,0.7751551560601477,-1.0,-1.0,-1.0
95,6,803.3723510742187,315.4901184082031,42.32644042968752,90.27496948242184,0.7751551560601477,-1.0,-1.0,-1.0
96,6,798.119384765625,315.0188690185547,44.16536865234377,90.01315612792965,0.7751551560601477,-1.0,-1.0,-1.0
97,6,792.8664184570312,314.54761962890626,46.00429687500002,89.75134277343746,0.7751551560601477,-1.0,-1.0,-1.0
98,6,787.6134521484374,314.0763702392578,47.84322509765627,89.48952941894528,0.7751551560601477,-1.0,-1.0,-1.0
99,6,782.3604858398437,313.60512084960936,49.68215332031252,89.22771606445309,0.608034544147813,-1.0,-1.0,-1.0
100,6,790.1123291015624,311.9986999511719,29.986193847656292,61.30596313476559,0.5998116764714716,-1.0,-1.0,-1.0
101,6,793.4386596679688,309.3293792724609,29.10146484374991,79.2371887207031,0.6087309344054574,-1.0,-1.0,-1.0
102,6,791.6080078125,305.12323608398435,27.007031249999955,63.25213623046875,0.4812091635408251,-1.0,-1.0,-1.0
103,6,790.1043090820312,305.60699157714845,33.88348388671875,91.45755615234371,0.7234148268269784,-1.0,-1.0,-1.0
104,6,779.049755859375,305.17511901855465,39.33533935546871,92.92098999023438,0.4313888280197275,-1.0,-1.0,-1.0
105,6,776.5911254882812,306.18627319335934,43.81534423828123,93.37922973632811,0.8100598126580927,-1.0,-1.0,-1.0
106,6,776.8635864257812,306.6410247802734,38.41929931640618,91.58834838867188,0.7958869958570318,-1.0,-1.0,-1.0
