1,1,372.59813232421874,329.5228637695312,46.76297607421873,84.36379394531252,0.9255985925013164,-1.0,-1.0,-1.0
2,1,372.6132247924804,329.52708435058594,46.76297607421873,84.36379394531252,0.9255985925013164,-1.0,-1.0,-1.0
3,1,372.6229614257812,329.53014404296874,46.78214721679683,84.36038818359373,0.925482361904244,-1.0,-1.0,-1.0
4,1,372.6346673583984,329.5353295898438,46.49875488281253,84.35500488281247,0.9243060186111158,-1.0,-1.0,-1.0
5,1,372.6501086425782,329.60010498046876,46.25408935546869,84.41147460937503,0.9248778983908216,-1.0,-1.0,-1.0
6,1,372.6757342529297,329.7068096923828,46.15301513671875,84.44421386718744,0.924333407409936,-1.0,-1.0,-1.0
7,1,372.6803594970703,329.8723736572266,46.01304931640624,84.11275634765622,0.9234685869451482,-1.0,-1.0,-1.0
8,1,372.69320800781253,330.06297546386725,45.878247070312455,83.80805053710935,0.9241221670652636,-1.0,-1.0,-1.0
9,1,372.65678283691403,330.452314453125,45.809417724609375,83.54575195312498,0.9238450992482328,-1.0,-1.0,-1.0
10,1,372.6509106445313,330.7106140136719,45.65407104492186,83.28383789062497,0.9219941565945078,-1.0,-1.0,-1.0
11,1,372.5048309326172,330.9101202392578,45.60523681640626,82.1419738769531,0.9195605706651762,-1.0,-1.0,-1.0
12,1,372.1993176269531,331.3133184814453,45.24169921875,82.41080932617183,0.917251690970616,-1.0,-1.0,-1.0
13,1,371.32515197753906,331.82835205078123,45.98003540039065,82.86970825195311,0.9195901667789456,-1.0,-1.0,-1.0
14,1,370.0438934326172,332.2313800048828,47.03142700195315,82.09725952148432,0.9141457704135618,-1.0,-1.0,-1.0
15,1,368.3773333740234,333.02876220703126,49.70489501953125,81.84803466796876,0.9038567153962268,-1.0,-1.0,-1.0
16,1,366.5046533203125,333.99658081054685,52.291900634765625,82.24628906250001,0.9035744101030332,-1.0,-1.0,-1.0
17,1,363.0115667724609,334.52296874999996,53.78752441406249,81.23878784179686,0.8948259514535728,-1.0,-1.0,-1.0
18,1,359.2041448974609,334.94396484375,55.28682861328127,81.64357910156247,0.8992704497475152,-1.0,-1.0,-1.0
19,1,354.37649414062497,335.2904296875,63.207366943359375,82.95913696289062,0.8831866429487008,-1.0,-1.0,-1.0
20,1,350.4927612304688,335.2471655273437,66.42350463867189,84.111328125,0.8569199646168073,-1.0,-1.0,-1.0
21,1,346.25769104003905,334.9200805664062,66.2832092285156,81.68988647460935,0.77762325578081,-1.0,-1.0,-1.0
22,1,343.22735412597655,334.9348352050781,59.80133056640625,82.79780273437501,0.8514048231473197,-1.0,-1.0,-1.0
23,1,340.3338793945312,335.0651770019531,53.288964843749966,83.58881835937495,0.8547204129264543,-1.0,-1.0,-1.0
24,1,338.6154473876953,335.4539337158203,56.5339416503906,83.92961425781249,0.8488452429272364,-1.0,-1.0,-1.0
25,1,334.87305358886715,336.4037567138672,59.160003662109375,82.37037963867186,0.8289075780117017,-1.0,-1.0,-1.0
26,1,331.44975769042964,337.9601678466796,60.15970458984373,83.13590698242183,0.8206765003210315,-1.0,-1.0,-1.0
27,1,328.2548236083984,339.30425720214845,63.77113037109376,82.78621215820311,0.7668159531626628,-1.0,-1.0,-1.0
28,1,325.6987609863281,340.7521069335938,55.24041137695315,84.36373901367188,0.7392099735698139,-1.0,-1.0,-1.0
29,1,321.7265002441406,341.9518359375,46.32231445312499,87.25209960937502,0.7845994403401697,-1.0,-1.0,-1.0
30,1,319.41482849121087,342.62757202148435,45.80903320312501,83.82002563476561,0.7862621357837014,-1.0,-1.0,-1.0
31,1,317.8133843994141,342.8415252685546,51.56444091796874,82.19042358398434,0.8260324003648734,-1.0,-1.0,-1.0
32,1,316.8511097717285,342.88114608764647,51.31422729492186,82.25540771484373,0.8086526751424579,-1.0,-1.0,-1.0
33,1,316.2712760925293,342.44992446899414,44.51423950195312,80.28330688476558,0.5740618440321477,-1.0,-1.0,-1.0
34,1,317.6940371704101,341.77502471923833,44.7366714477539,80.20395812988276,0.5740618440321477,-1.0,-1.0,-1.0
35,1,319.1713577270508,340.91038970947267,44.95910339355467,80.12460937499995,0.5740618440321477,-1.0,-1.0,-1.0
36,1,320.4990939331054,340.4700796508789,45.18153533935545,80.04526062011713,0.5740618440321477,-1.0,-1.0,-1.0
37,1,321.30963638305667,340.32399032592775,45.40396728515623,79.96591186523432,0.4865921883478812,-1.0,-1.0,-1.0
38,1,322.02925735473633,340.4281159973144,41.63384399414065,77.19032592773436,0.6352478595016997,-1.0,-1.0,-1.0
39,1,322.6579568481445,340.7824566650391,33.868927001953125,75.53792724609372,0.5069810132734247,-1.0,-1.0,-1.0
40,1,323.23240447998046,341.6291784667969,32.4951141357422,75.25719909667967,0.5069810132734247,-1.0,-1.0,-1.0
41,1,323.5315592651367,341.956658203125,31.12130126953128,74.97647094726562,0.5588919415710869,-1.0,-1.0,-1.0
42,1,323.97989447021484,342.12779626464845,30.800665283203102,74.59678344726564,0.440577854269037,-1.0,-1.0,-1.0
43,1,324.1511378173828,342.1865983886719,32.104504394531226,73.77999755859376,0.440577854269037,-1.0,-1.0,-1.0
44,1,324.04528930664065,342.1330645751953,33.40834350585935,72.96321166992188,0.440577854269037,-1.0,-1.0,-1.0
45,1,323.62567932128906,341.7250286865234,34.71218261718748,72.14642578125,0.440577854269037,-1.0,-1.0,-1.0
46,1,323.2060693359375,341.3169927978515,36.016021728515604,71.32963989257813,0.440577854269037,-1.0,-1.0,-1.0
47,1,322.7864593505859,340.90895690917966,37.31986083984373,70.51285400390624,0.440577854269037,-1.0,-1.0,-1.0
48,1,322.3668493652344,340.5009210205078,38.62369995117185,69.69606811523437,0.440577854269037,-1.0,-1.0,-1.0
49,1,321.9472393798828,340.09288513183594,39.92753906249997,68.8792822265625,0.440577854269037,-1.0,-1.0,-1.0
50,1,321.5276293945313,339.684849243164,41.231378173828105,68.06249633789061,0.440577854269037,-1.0,-1.0,-1.0
51,1,321.1080194091797,339.27681335449216,42.53521728515623,67.24571044921873,0.440577854269037,-1.0,-1.0,-1.0
52,1,320.68840942382815,338.8687774658203,43.83905639648435,66.42892456054686,0.440577854269037,-1.0,-1.0,-1.0
53,1,320.26879943847655,338.46074157714844,45.14289550781248,65.61213867187497,0.440577854269037,-1.0,-1.0,-1.0
54,1,319.849189453125,338.0527056884766,46.4467346191406,64.7953527832031,0.440577854269037,-1.0,-1.0,-1.0
55,1,319.4295794677734,337.6446697998047,47.75057373046873,63.97856689453122,0.440577854269037,-1.0,-1.0,-1.0
56,1,325.51549365234376,337.8947156982422,49.05441284179685,63.16178100585934,0.440577854269037,-1.0,-1.0,-1.0
57,1,333.2210712890625,337.92806634521486,50.35825195312498,62.344995117187466,0.4441935668359349,-1.0,-1.0,-1.0
58,1,342.54631237792967,337.74472174072264,34.43741455078123,77.03399047851559,0.5220385824143818,-1.0,-1.0,-1.0
59,1,353.49121691894527,337.34468188476563,35.623998413085914,76.45020996093747,0.5220385824143818,-1.0,-1.0,-1.0
60,1,366.05578491210935,336.72794677734373,36.81058227539061,75.86642944335935,0.5220385824143818,-1.0,-1.0,-1.0
61,1,373.7344921875,335.23643463134766,37.997166137695295,75.28264892578122,0.5220385824143818,-1.0,-1.0,-1.0
62,1,381.4131994628906,333.7449224853516,39.18374999999999,74.6988684082031,0.5220385824143818,-1.0,-1.0,-1.0
63,1,389.09190673828124,332.25341033935547,40.37033386230468,74.11508789062498,0.5220385824143818,-1.0,-1.0,-1.0
64,1,396.7706140136719,330.76189819335934,41.55691772460936,73.53130737304686,0.5220385824143818,-1.0,-1.0,-1.0
65,1,404.4493212890625,329.2703860473633,42.74350158691406,72.94752685546874,0.5220385824143818,-1.0,-1.0,-1.0
66,1,412.12802856445313,327.7788739013672,43.93008544921874,72.3637463378906,0.5220385824143818,-1.0,-1.0,-1.0
67,1,419.919971609933,326.308846383231,45.11666931152344,71.77996582031248,0.5220385824143818,-1.0,-1.0,-1.0
68,1,427.8251504255022,324.8603034929548,46.303253173828125,71.19618530273436,0.6573672180269661,-1.0,-1.0,-1.0
69,1,435.8435650111607,323.43324523053855,45.61644287109375,71.70945870535714,0.6573672180269661,-1.0,-1.0,-1.0
70,1,443.97521536690846,322.02767159598216,44.92963256835937,72.2227321079799,0.6573672180269661,-1.0,-1.0,-1.0
71,1,452.22010149274547,320.6435825892857,44.24282226562499,72.73600551060267,0.6573672180269661,-1.0,-1.0,-1.0
72,1,460.46498761858254,319.2594935825893,43.556011962890615,73.24927891322542,0.6573672180269661,-1.0,-1.0,-1.0
73,1,468.70987374441967,317.87540457589284,42.86920166015624,73.7625523158482,0.6573672180269661,-1.0,-1.0,-1.0
74,1,476.73653215680804,316.95691693987163,42.18239135742186,74.27582571847095,0.6573672180269661,-1.0,-1.0,-1.0
75,1,486.2968976702009,316.5622746930804,41.49558105468748,74.78909912109373,0.7212660171425078,-1.0,-1.0,-1.0
76,1,494.9373716517857,316.4466639927456,36.6998291015625,74.34316406249997,0.7975816146082408,-1.0,-1.0,-1.0
77,1,502.8385913085937,317.3118640136719,30.04156494140625,71.97561035156247,0.7356432843714842,-1.0,-1.0,-1.0
78,1,509.69020385742186,319.08719421386724,29.232202148437523,74.063232421875,0.7887662188454101,-1.0,-1.0,-1.0
79,1,515.3208728027344,318.10223693847655,37.28847656250002,68.27519531249999,0.5389159267791968,-1.0,-1.0,-1.0
80,1,518.9957666015624,316.7662060546875,39.833789062500045,64.09879760742189,0.4911873663837554,-1.0,-1.0,-1.0
81,1,526.9592724609374,315.4602667236328,58.06999511718743,76.28730468749995,0.7984364157332351,-1.0,-1.0,-1.0
82,1,535.2065661621093,313.34542053222657,59.39461669921877,76.99751586914061,0.8023680156091473,-1.0,-1.0,-1.0
83,1,545.4705541992187,310.08009155273436,45.5328369140625,82.08237304687498,0.6523457523041287,-1.0,-1.0,-1.0
84,1,556.4220007324218,309.2139514160157,38.379638671875,82.61861572265622,0.5946763801293145,-1.0,-1.0,-1.0
85,1,567.6835913085937,308.17281005859377,30.06320800781248,84.9276123046875,0.7353536725129501,-1.0,-1.0,-1.0
86,1,574.8201782226563,307.16328186035156,29.57354736328125,85.75850830078122,0.7378129542019991,-1.0,-1.0,-1.0
87,1,582.6942114257812,306.5905261230469,30.497607421875045,84.3968627929687,0.7964631683204146,-1.0,-1.0,-1.0
88,1,588.5219421386719,306.07255371093754,30.701733398437568,81.48751831054682,0.7977325811458691,-1.0,-1.0,-1.0
89,1,594.0532067871093,307.0538360595703,32.28244628906259,86.89097900390624,0.8141641559251269,-1.0,-1.0,-1.0
90,1,599.1578283691406,308.8290783691406,34.29151611328132,90.58485717773436,0.7694744240277451,-1.0,-1.0,-1.0
91,1,605.6002880859374,311.2093048095703,42.34295654296875,84.27030029296873,0.7820722206690931,-1.0,-1.0,-1.0
92,1,610.2507568359375,312.8756781005859,41.69948730468741,81.14804077148438,0.722217964691616,-1.0,-1.0,-1.0
93,1,615.474228515625,314.2903546142578,33.46029052734377,75.23849487304688,0.825833614106827,-1.0,-1.0,-1.0
94,1,620.4230419921876,314.658369140625,34.09958496093748,76.91434936523439,0.8392348242530581,-1.0,-1.0,-1.0
95,1,624.9866528320313,314.46459228515624,30.35917968749993,77.80078125,0.8016584811707617,-1.0,-1.0,-1.0
96,1,627.717919921875,313.61236083984375,30.30908203125,77.01487426757808,0.8190653042765348,-1.0,-1.0,-1.0
97,1,630.6246166992187,314.18489135742186,29.19484863281241,80.06802978515628,0.8150966396918022,-1.0,-1.0,-1.0
98,1,632.6076599121094,315.07942565917966,30.60274658203128,84.70134887695309,0.8004878541132001,-1.0,-1.0,-1.0
99,1,634.9472424316407,316.3073455810547,37.22003173828125,85.09938354492186,0.8300405326520135,-1.0,-1.0,-1.0
100,1,636.5375024414063,317.48622802734377,39.75117187499996,88.77875976562501,0.8690199295497401,-1.0,-1.0,-1.0
101,1,640.5767248535155,319.5563653564453,42.18266601562493,85.58492431640627,0.8361634071324957,-1.0,-1.0,-1.0
102,1,645.0199145507813,320.6689178466797,46.43525390624996,88.58232421874999,0.8407153919986285,-1.0,-1.0,-1.0
103,1,651.1920666503905,323.49167907714843,38.362060546875,87.7219299316406,0.8345491906442035,-1.0,-1.0,-1.0
104,1,657.0897253417968,325.9707330322266,37.72628173828116,88.02630615234375,0.844692487818488,-1.0,-1.0,-1.0
105,1,663.7221606445312,328.56092468261716,37.5281982421875,81.49213256835935,0.8315684665479139,-1.0,-1.0,-1.0
106,1,667.7478918457031,329.0154016113281,39.61922607421877,79.91109008789061,0.846118487908015,-1.0,-1.0,-1.0
107,1,672.3346289062499,327.4735089111328,47.75559082031248,82.35972290039058,0.7813280474899464,-1.0,-1.0,-1.0
108,1,675.1766052246094,322.5320123291016,54.6712646484375,87.91545410156249,0.7652168220414488,-1.0,-1.0,-1.0
109,1,683.308212890625,317.5456311035156,63.859130859375,96.62733764648436,0.5502315602149821,-1.0,-1.0,-1.0
110,1,692.1908349609374,313.8470123291016,69.21782226562505,112.05576782226564,0.7047885908348732,-1.0,-1.0,-1.0
111,1,703.0960070800782,316.4748596191406,50.97722167968743,115.3796813964844,0.6218945359393047,-1.0,-1.0,-1.0
112,1,713.3701354980469,318.8183367919922,44.16185302734368,108.01955566406252,0.5968436064231355,-1.0,-1.0,-1.0
113,1,725.3151086425781,323.84529052734376,37.35098876953123,83.00747680664057,0.748625397672523,-1.0,-1.0,-1.0
114,1,732.1314111328126,328.5243841552734,41.4085693359375,94.08576049804692,0.7405420474904361,-1.0,-1.0,-1.0
115,1,739.0480078124999,332.3056640625,38.07993164062498,94.46671142578124,0.8115975013539014,-1.0,-1.0,-1.0
116,1,744.4716613769531,331.0995520019531,36.97239990234368,93.3407775878906,0.8175532234078844,-1.0,-1.0,-1.0
117,1,751.5593371582031,331.9677960205078,39.28238525390623,95.06217041015624,0.7972057204222693,-1.0,-1.0,-1.0
118,1,757.3019897460938,332.04752380371093,39.21152343749998,93.95875854492186,0.8531926206494234,-1.0,-1.0,-1.0
119,1,763.8100708007812,331.71511047363276,36.43374023437491,99.58688964843748,0.8185463353168281,-1.0,-1.0,-1.0
120,1,769.5570080566406,330.94354064941405,35.99527587890623,101.15123291015624,0.8135017961555135,-1.0,-1.0,-1.0
121,1,775.2684265136719,329.9275250244141,40.83310546874998,106.58259887695311,0.8322906069700622,-1.0,-1.0,-1.0
122,1,779.220439453125,329.24198913574213,42.070385742187455,106.01438598632814,0.8136814964657901,-1.0,-1.0,-1.0
123,1,783.7902905273437,329.66224914550776,51.47940673828123,114.12059326171874,0.8709652170757494,-1.0,-1.0,-1.0
124,1,788.0036242675781,330.89471740722655,52.37841796875,114.32581787109376,0.8683890674325383,-1.0,-1.0,-1.0
125,1,795.139013671875,332.3101409912109,51.556201171875045,112.50335083007816,0.8691743056646253,-1.0,-1.0,-1.0
126,1,802.2738537597655,333.76304443359373,49.41452636718748,111.8435119628906,0.8557055583021409,-1.0,-1.0,-1.0
127,1,809.5356738281249,334.7519677734375,37.522814941406295,110.20891113281247,0.8209566843369416,-1.0,-1.0,-1.0
128,1,815.8016052246093,335.0795526123047,39.40400390625007,114.42035522460937,0.8215660330908925,-1.0,-1.0,-1.0
129,1,821.7563049316407,335.78252380371094,47.272961425781205,117.97201538085932,0.8620644446730097,-1.0,-1.0,-1.0
130,1,824.5684643554687,336.5224749755859,52.29250488281252,115.13836669921876,0.8675391422822827,-1.0,-1.0,-1.0
131,1,828.7157592773435,337.814208984375,54.37562255859382,116.09351806640626,0.8784570149122004,-1.0,-1.0,-1.0
132,1,833.1155639648438,339.61870788574214,53.63514404296882,115.14561767578124,0.8905943540943149,-1.0,-1.0,-1.0
133,1,838.2133410644531,341.23027038574213,48.74732666015632,116.05687866210934,0.8952231280610903,-1.0,-1.0,-1.0
134,1,842.9634118652344,342.42396240234376,49.38563232421871,115.50108032226558,0.8917674121775079,-1.0,-1.0,-1.0
135,1,848.0145849609374,343.22002075195314,46.470080566406295,109.69606933593748,0.8865008912379011,-1.0,-1.0,-1.0
136,1,851.0683227539063,344.37743041992184,47.04356689453118,115.31195068359376,0.8985444202575152,-1.0,-1.0,-1.0
137,1,852.7553942871094,345.3947534179688,46.35406494140625,118.72699584960937,0.885585019614556,-1.0,-1.0,-1.0
138,1,853.1275231933594,346.4557745361328,47.90050048828118,115.9842590332031,0.8932853597081305,-1.0,-1.0,-1.0
139,1,854.0417395019531,347.8069116210937,55.56862792968741,119.0941864013672,0.8807816197451892,-1.0,-1.0,-1.0
140,1,853.6329711914062,349.0701965332031,60.71495361328118,120.1910339355469,0.8865438096261471,-1.0,-1.0,-1.0
141,1,853.1695404052734,349.45727233886714,58.90814208984375,115.9665985107422,0.8847716104446874,-1.0,-1.0,-1.0
142,1,853.1208801269531,349.90577087402335,62.802905273437545,117.9809692382812,0.893377077139764,-1.0,-1.0,-1.0
1,2,249.7314239501953,370.47413635253906,45.45076904296877,115.42030334472656,0.9099205348112348,-1.0,-1.0,-1.0
2,2,249.71163711547848,370.4906661987305,45.45076904296877,115.42030334472656,0.9099205348112348,-1.0,-1.0,-1.0
3,2,249.61972412109372,370.5358996582031,45.40671386718748,115.41145935058591,0.9099858926102868,-1.0,-1.0,-1.0
4,2,249.6037170410156,370.54774291992186,44.04347534179689,115.34674987792964,0.908005157452216,-1.0,-1.0,-1.0
5,2,249.45670349121096,370.5808831787109,42.48506469726564,115.18956298828124,0.9103034881336534,-1.0,-1.0,-1.0
6,2,249.37700317382814,370.63923706054686,41.5705627441406,115.1313079833984,0.907297364238662,-1.0,-1.0,-1.0
7,2,249.43245666503907,370.66781249999997,42.82218017578123,115.25833740234371,0.9097528630923932,-1.0,-1.0,-1.0
8,2,249.72043029785155,370.6793481445312,42.35152587890624,114.96912231445316,0.9096337511919614,-1.0,-1.0,-1.0
9,2,249.9254132080078,370.6899005126953,41.63593139648438,115.34493713378902,0.9087086581113368,-1.0,-1.0,-1.0
10,2,250.26914794921873,370.6752392578125,40.44254150390623,115.19110107421876,0.9096840770769888,-1.0,-1.0,-1.0
11,2,250.54728881835936,370.5223645019531,40.58294677734375,115.3426574707031,0.911569320065496,-1.0,-1.0,-1.0
12,2,250.6723077392578,370.2945245361328,40.549218749999966,115.33290710449222,0.9130754530375284,-1.0,-1.0,-1.0
13,2,250.59633728027342,369.7876373291016,41.025970458984375,115.89526977539066,0.9160444869801694,-1.0,-1.0,-1.0
14,2,250.61885925292967,369.2072021484375,41.08002319335938,115.94547729492189,0.915045337718034,-1.0,-1.0,-1.0
15,2,250.77340942382813,368.50086364746096,41.95338134765626,116.9419372558594,0.9123703538173658,-1.0,-1.0,-1.0
16,2,250.94677368164062,367.9001861572266,41.82028198242188,117.21772155761715,0.9128409600766751,-1.0,-1.0,-1.0
17,2,250.95180541992187,367.5028930664063,41.92937622070309,117.32200927734374,0.90952563345693,-1.0,-1.0,-1.0
18,2,250.7369952392578,367.36643188476563,44.3687805175781,117.40676879882812,0.9098847149481912,-1.0,-1.0,-1.0
19,2,250.19666564941403,367.3616802978516,47.2206115722656,116.77546691894533,0.9125533675905296,-1.0,-1.0,-1.0
20,2,249.5913793945312,367.41419494628906,49.2945556640625,116.76621093749998,0.9056091795124566,-1.0,-1.0,-1.0
21,2,250.73425415039065,367.1772967529297,47.66813964843752,117.16633300781244,0.8764151575648604,-1.0,-1.0,-1.0
22,2,252.3927996826172,366.76686401367186,46.96776123046877,117.75388183593752,0.8988103044526881,-1.0,-1.0,-1.0
23,2,254.39794189453127,366.6979742431641,38.49016113281249,117.62962646484374,0.8917884127885358,-1.0,-1.0,-1.0
24,2,256.7260766601563,366.8824896240234,36.98063964843749,116.8424011230469,0.8989611375715469,-1.0,-1.0,-1.0
25,2,257.88332702636717,367.1404046630859,37.138458251953125,115.18162536621094,0.9010407413445805,-1.0,-1.0,-1.0
26,2,255.00955078125003,365.8793664550781,37.47606811523434,113.20768432617184,0.8995503573528651,-1.0,-1.0,-1.0
27,2,256.13555603027345,366.08748046874996,50.44773559570311,111.58494873046874,0.8230552331045118,-1.0,-1.0,-1.0
28,2,257.63011962890624,365.8631671142578,64.90585327148438,119.91003112792964,0.8229187377752822,-1.0,-1.0,-1.0
29,2,259.3913598632812,364.7868859863281,43.34298706054688,111.08660888671876,0.8845139956581534,-1.0,-1.0,-1.0
30,2,262.32442382812496,363.7054522705078,41.86653442382817,105.55142211914062,0.8805425683099735,-1.0,-1.0,-1.0
31,2,267.7799981689453,364.28411315917964,41.8634033203125,110.27749328613282,0.9115626753399652,-1.0,-1.0,-1.0
32,2,269.2196136474609,363.12925231933593,42.208154296874966,107.7574493408203,0.8989802739706398,-1.0,-1.0,-1.0
33,2,271.3102349853515,361.1516638183594,45.20709228515625,103.6066497802734,0.8954354643144313,-1.0,-1.0,-1.0
34,2,274.1036737060547,359.45521545410156,48.88438110351564,105.20974731445312,0.876271975299769,-1.0,-1.0,-1.0
35,2,277.8382727050781,357.2112524414062,40.28972167968749,107.79145202636715,0.8564517168152292,-1.0,-1.0,-1.0
36,2,281.9515155029297,355.19135009765625,40.40436401367185,105.69364013671871,0.8562113516311456,-1.0,-1.0,-1.0
37,2,286.2620672607421,353.3095843505859,38.132720947265625,101.35404052734371,0.873398063668219,-1.0,-1.0,-1.0
38,2,289.70800048828124,352.18100830078123,36.12216796874998,96.06027832031248,0.8935178018053058,-1.0,-1.0,-1.0
39,2,293.2499542236328,350.8662854003906,37.63701782226559,95.61961669921874,0.8678396260694754,-1.0,-1.0,-1.0
40,2,295.8969012451172,349.77635925292964,37.31028442382808,95.65510253906253,0.8749736012737372,-1.0,-1.0,-1.0
41,2,298.6127490234375,348.0123559570312,35.355212402343795,95.99974365234374,0.8914172203998305,-1.0,-1.0,-1.0
42,2,301.19117980957026,346.4318023681641,37.179217529296864,96.93869018554688,0.8889448132403146,-1.0,-1.0,-1.0
43,2,304.31313171386716,344.9690716552734,36.771405029296886,98.07731323242189,0.8767559968440111,-1.0,-1.0,-1.0
44,2,306.5981066894531,343.97065612792966,36.227142333984375,94.56657714843747,0.8783849356703044,-1.0,-1.0,-1.0
45,2,309.01986145019526,343.3182165527344,36.416711425781216,91.143017578125,0.8647338067340193,-1.0,-1.0,-1.0
46,2,310.8833953857421,343.2732989501953,34.907794189453114,90.46406249999995,0.8642315404707546,-1.0,-1.0,-1.0
47,2,313.2678076171875,343.5399481201172,36.17885742187502,87.25457153320309,0.8812384906377098,-1.0,-1.0,-1.0
48,2,314.9448596191406,343.9866632080078,37.03743896484372,86.8145690917969,0.8844954842138009,-1.0,-1.0,-1.0
49,2,316.43458374023436,344.4566693115234,37.37724609374999,78.18557739257812,0.823667744163501,-1.0,-1.0,-1.0
50,2,317.6949243164062,344.8242498779297,40.434796142578136,77.66971435546873,0.7775860888901391,-1.0,-1.0,-1.0
51,2,319.2447161865234,344.82748535156253,48.11781005859376,79.20390014648439,0.7882981896249532,-1.0,-1.0,-1.0
52,2,320.0717999267578,344.57911193847656,59.84972534179684,80.85684814453128,0.7686836358436153,-1.0,-1.0,-1.0
53,2,321.236630859375,343.38927612304684,60.180084228515625,81.54843749999998,0.870139687967054,-1.0,-1.0,-1.0
54,2,322.6612390136719,341.90412780761716,56.07509765625002,79.93883056640624,0.8489979113033534,-1.0,-1.0,-1.0
55,2,325.6840393066406,340.49828979492185,54.629241943359375,81.65363159179685,0.8580391037671866,-1.0,-1.0,-1.0
56,2,329.3734405517578,339.3448571777343,54.31162719726564,82.43074951171872,0.853352924166284,-1.0,-1.0,-1.0
57,2,333.6025616455078,337.7754766845703,44.09439697265623,78.99246826171878,0.8059159064992585,-1.0,-1.0,-1.0
58,2,337.56428649902347,336.9050958251953,38.394799804687466,79.23592529296872,0.8242321739060365,-1.0,-1.0,-1.0
59,2,341.2893493652344,336.1055877685547,36.861602783203125,80.69677734374994,0.8454189789158519,-1.0,-1.0,-1.0
60,2,343.4037451171875,335.22594543457035,36.45466918945312,81.34486083984376,0.8610905856182285,-1.0,-1.0,-1.0
61,2,344.5874835205078,334.4853240966797,37.16059570312501,82.1243957519531,0.8682054070468901,-1.0,-1.0,-1.0
62,2,345.13811279296874,334.04449218749994,37.69293823242191,82.23629150390627,0.8687914933070715,-1.0,-1.0,-1.0
63,2,345.53738891601563,333.4067742919922,36.59287719726564,80.75137939453123,0.8697821795560543,-1.0,-1.0,-1.0
64,2,345.8215502929687,333.03002014160154,36.72938232421871,80.0089233398437,0.8797186245783273,-1.0,-1.0,-1.0
65,2,346.2214691162109,332.50751037597655,39.224377441406205,80.97593994140624,0.8881886611907532,-1.0,-1.0,-1.0
66,2,346.64053710937503,331.97830444335943,40.36349487304688,81.45615234374998,0.8873920071273211,-1.0,-1.0,-1.0
67,2,347.2358203125,331.4379583740234,46.12384643554685,82.35340576171876,0.8881401652685952,-1.0,-1.0,-1.0
68,2,348.29762695312496,331.2216540527344,45.54536132812501,81.27526245117184,0.8785948996450799,-1.0,-1.0,-1.0
69,2,350.5776141357422,330.75687744140623,45.096514892578114,81.52640991210939,0.8879746632920593,-1.0,-1.0,-1.0
70,2,352.70355651855465,330.4973858642578,43.034381103515614,80.9006286621094,0.8857606253481833,-1.0,-1.0,-1.0
71,2,355.04779724121096,329.8642218017578,36.73992919921875,80.3820739746094,0.8815471116664213,-1.0,-1.0,-1.0
72,2,357.9439031982422,329.1766864013672,38.17727050781252,81.02664184570312,0.8719802302228175,-1.0,-1.0,-1.0
73,2,361.37114868164065,328.28220703125,39.81236572265624,82.7275451660156,0.8684129818465003,-1.0,-1.0,-1.0
74,2,363.7922442626953,327.48111145019527,36.32783203125001,83.66451416015622,0.8647780579191924,-1.0,-1.0,-1.0
75,2,366.5049005126953,326.545142211914,33.145751953125,84.53562011718748,0.8683666379273305,-1.0,-1.0,-1.0
76,2,368.99775878906246,325.6984753417969,32.922619628906205,85.36168212890624,0.871323744742071,-1.0,-1.0,-1.0
77,2,370.9389056396484,324.8272375488281,31.927917480468693,85.03159790039058,0.8743412668083295,-1.0,-1.0,-1.0
78,2,371.9600958251953,324.1969848632813,31.65435791015625,86.89987792968748,0.8747803032783921,-1.0,-1.0,-1.0
79,2,372.9997924804687,323.57865783691403,29.738726806640614,88.30530395507816,0.8647637551886476,-1.0,-1.0,-1.0
80,2,373.8218664550781,323.12513671874996,29.38897705078125,87.50676269531249,0.8711832103551878,-1.0,-1.0,-1.0
81,2,374.61617248535157,322.76337890624995,28.906677246093693,87.79790039062499,0.8591490325229856,-1.0,-1.0,-1.0
82,2,375.1567657470703,322.44886230468745,28.82219238281249,87.55828857421875,0.8614918263846718,-1.0,-1.0,-1.0
83,2,375.7992626953125,322.1028753662109,28.20871582031248,88.30931396484374,0.8667810038876667,-1.0,-1.0,-1.0
84,2,376.20060974121094,321.86182983398436,28.71914062499997,89.05429687499998,0.8702897165046188,-1.0,-1.0,-1.0
85,2,376.6253961181641,321.70735107421876,28.024255371093773,88.7348693847656,0.869454366692235,-1.0,-1.0,-1.0
86,2,376.8772247314453,321.6791326904297,28.168615722656227,88.55112304687498,0.8721979821752512,-1.0,-1.0,-1.0
87,2,377.15537658691403,321.76440856933596,27.940155029296875,88.15187988281252,0.8647834994675101,-1.0,-1.0,-1.0
88,2,377.4605712890625,321.73492126464845,28.381750488281227,87.92424316406249,0.8676819701299081,-1.0,-1.0,-1.0
89,2,377.6013665771485,321.74543518066406,29.309600830078125,87.49846801757809,0.8713393732607244,-1.0,-1.0,-1.0
90,2,377.5774383544922,321.7028302001953,28.12785644531249,88.03097534179682,0.8680244387883818,-1.0,-1.0,-1.0
91,2,377.3963287353516,321.32901489257813,28.965344238281205,87.25649414062502,0.8680332627050902,-1.0,-1.0,-1.0
92,2,377.5968182373047,321.36065002441404,29.925933837890625,86.58797607421877,0.8713644498989197,-1.0,-1.0,-1.0
93,2,377.66204956054685,322.0398028564453,31.44891357421875,89.96660156249999,0.850707313617967,-1.0,-1.0,-1.0
94,2,378.12890808105465,322.9828253173828,30.03013916015624,87.46561889648439,0.8477896675846424,-1.0,-1.0,-1.0
95,2,378.9814141845703,324.315615234375,31.770153808593705,83.48823852539061,0.8581624139709518,-1.0,-1.0,-1.0
96,2,380.1877789306641,326.3523486328125,31.30894775390624,82.06001586914061,0.8611411653798839,-1.0,-1.0,-1.0
97,2,381.07975891113284,327.7420257568359,31.38497314453128,82.78335571289062,0.8500408132672845,-1.0,-1.0,-1.0
98,2,382.1365832519531,328.55451416015626,31.561303710937462,81.56041259765624,0.8345255571255166,-1.0,-1.0,-1.0
99,2,381.60965148925777,328.5602105712891,38.47692260742184,82.1260986328125,0.8560189766873165,-1.0,-1.0,-1.0
100,2,381.2337268066406,328.1255529785156,35.94940795898435,82.54204101562499,0.8616444581682714,-1.0,-1.0,-1.0
101,2,382.17599121093747,327.9221301269531,43.052453613281216,91.50122680664066,0.8798229047404647,-1.0,-1.0,-1.0
102,2,383.4294543457031,328.5337884521484,42.15102539062502,91.53473510742192,0.8720688678473465,-1.0,-1.0,-1.0
103,2,385.0428845214843,329.6573547363281,39.38812866210935,87.95440063476559,0.8884975092494116,-1.0,-1.0,-1.0
104,2,387.8968579101562,331.33330810546875,36.79205932617191,85.08537597656249,0.8738753988066392,-1.0,-1.0,-1.0
105,2,390.78966796875,332.81982971191405,38.38101196289063,83.37557373046872,0.8539712646028335,-1.0,-1.0,-1.0
106,2,392.8466711425781,333.4418975830078,41.028826904296864,83.44132690429683,0.8510043190674459,-1.0,-1.0,-1.0
107,2,395.6472180175781,333.8157568359375,43.90257568359374,85.53136596679684,0.8534381215017106,-1.0,-1.0,-1.0
108,2,398.33723693847656,333.84804565429687,45.448077392578114,87.11119995117184,0.8780834000216693,-1.0,-1.0,-1.0
109,2,404.63775329589845,333.8820098876953,47.128326416015625,86.25454101562497,0.8847939465903742,-1.0,-1.0,-1.0
110,2,411.448705444336,334.2650207519531,48.42784423828124,87.2254577636719,0.8855942959963947,-1.0,-1.0,-1.0
111,2,418.70971252441404,334.4780676269531,39.41477050781248,85.92368774414064,0.7525441648265598,-1.0,-1.0,-1.0
112,2,425.03176757812497,333.9485375976562,38.55143737792969,84.66234741210934,0.8166469524593118,-1.0,-1.0,-1.0
113,2,432.6509674072266,333.06340209960933,42.102520751953136,87.50308227539062,0.8357096621844349,-1.0,-1.0,-1.0
114,2,437.26258300781245,332.1543438720703,51.22131042480464,92.79569091796878,0.857362586650023,-1.0,-1.0,-1.0
115,2,446.6379364013672,331.59553527832026,51.7645294189453,93.5586364746094,0.8693776491033134,-1.0,-1.0,-1.0
116,2,456.03543273925777,332.0755059814453,52.78131408691405,93.92728271484371,0.8658968889072689,-1.0,-1.0,-1.0
117,2,466.10027709960934,332.68635131835936,31.50472412109372,87.22606201171874,0.8402056873097372,-1.0,-1.0,-1.0
118,2,474.9739617919922,333.5458557128906,29.02027587890626,86.27799682617189,0.7598196816847711,-1.0,-1.0,-1.0
119,2,485.3258459472657,332.6825280761719,39.48596191406244,87.14481811523439,0.7775719459228263,-1.0,-1.0,-1.0
120,2,490.7171887207031,333.0557940673828,44.62646484375006,87.96445312500003,0.810745893864528,-1.0,-1.0,-1.0
121,2,497.32832153320317,331.69524169921874,49.483410644531205,90.6183654785156,0.8331299484216359,-1.0,-1.0,-1.0
122,2,505.98231811523436,330.82117492675786,50.80803222656249,83.11613159179689,0.8044389056604331,-1.0,-1.0,-1.0
123,2,516.7838671874999,330.7340423583984,45.74091796874996,89.79158935546877,0.8506089141199737,-1.0,-1.0,-1.0
124,2,526.3045751953125,333.3056341552734,33.6456298828125,88.34468994140622,0.7856006094916772,-1.0,-1.0,-1.0
125,2,535.8725903320312,332.55548767089846,34.25745849609382,84.8505981445312,0.7521493505575236,-1.0,-1.0,-1.0
126,2,543.9629443359374,332.0257159423828,33.64024658203118,77.53189086914062,0.795032911750404,-1.0,-1.0,-1.0
127,2,551.3342211914062,331.7412469482422,50.87735595703123,87.40365600585938,0.8306660608238516,-1.0,-1.0,-1.0
128,2,556.643056640625,330.5120581054687,53.08395996093748,90.28981933593748,0.85811454432773,-1.0,-1.0,-1.0
129,2,564.7383435058593,328.02313842773435,49.34641113281248,86.25377197265624,0.579793709034309,-1.0,-1.0,-1.0
130,2,573.2841357421875,327.13210327148437,48.57308349609377,86.93382568359374,0.6863466814106935,-1.0,-1.0,-1.0
131,2,581.8342016601562,326.4009136962891,33.71044921875,88.82199096679688,0.820726504373777,-1.0,-1.0,-1.0
132,2,588.6529541015625,325.219921875,30.0047607421875,88.10771484374999,0.8159918856941246,-1.0,-1.0,-1.0
133,2,596.0451818847657,323.5307080078125,33.58267822265634,90.94246215820311,0.8246067437899249,-1.0,-1.0,-1.0
134,2,600.8900646972655,322.71235839843746,41.41977539062498,89.68265991210933,0.847198341442212,-1.0,-1.0,-1.0
135,2,606.5310607910156,321.8719812011719,46.24661865234373,88.97678833007808,0.8728672850168877,-1.0,-1.0,-1.0
136,2,612.02689453125,321.55303710937494,44.61635742187502,84.99803466796874,0.8736505220775399,-1.0,-1.0,-1.0
137,2,618.3864953613281,320.94238952636715,36.501086425781295,83.26054687499999,0.8052252695824222,-1.0,-1.0,-1.0
138,2,623.7994702148437,320.75477050781245,34.62407226562493,84.500244140625,0.7263838348747562,-1.0,-1.0,-1.0
139,2,630.0538989257814,319.510717163086,34.91685791015618,86.1530822753906,0.8265090379538336,-1.0,-1.0,-1.0
140,2,634.4631188964843,318.2269097900391,35.18778076171884,86.46113891601561,0.8099463470430308,-1.0,-1.0,-1.0
141,2,636.9640686035156,317.53668136596684,37.64113769531241,86.34177246093748,0.8476542696746954,-1.0,-1.0,-1.0
142,2,638.9376892089844,316.86612854003914,39.78643798828125,88.07398681640626,0.8510883916320999,-1.0,-1.0,-1.0
1,3,777.481036376953,356.1415100097656,51.335705566406205,130.91616210937502,0.9013343148423444,-1.0,-1.0,-1.0
2,3,777.4341064453124,356.1217575073242,51.335705566406205,130.91616210937502,0.9013343148423444,-1.0,-1.0,-1.0
3,3,777.4026965332031,355.99689514160156,51.449084472656295,131.01388549804682,0.9026691289715424,-1.0,-1.0,-1.0
4,3,777.3475781249999,355.86152709960936,51.6884765625,131.17620849609375,0.9044885886409092,-1.0,-1.0,-1.0
5,3,777.3073461914062,355.7470111083984,51.70462646484373,131.33004455566407,0.9072706853576094,-1.0,-1.0,-1.0
6,3,777.2761010742187,355.6796319580078,51.52719726562498,131.1890899658203,0.9073088044650924,-1.0,-1.0,-1.0
7,3,777.2485034179688,355.5809637451172,51.28604736328123,131.06988830566405,0.9100121512539516,-1.0,-1.0,-1.0
8,3,777.2087768554686,355.58989013671874,51.36405029296873,131.0184448242187,0.9112106821326798,-1.0,-1.0,-1.0
9,3,777.1603930664062,355.8477447509766,51.38602294921884,131.26272583007812,0.9104430134377886,-1.0,-1.0,-1.0
10,3,777.1191174316406,356.1091259765625,51.32658691406255,131.4463623046875,0.9059882822411396,-1.0,-1.0,-1.0
11,3,777.0838293457031,356.5790441894531,50.51524658203118,130.3693176269531,0.9053195478744164,-1.0,-1.0,-1.0
12,3,777.0710852050781,357.1164788818359,50.33968505859377,130.5454833984375,0.9002221670249639,-1.0,-1.0,-1.0
13,3,777.134102783203,357.657984008789,50.430981445312455,128.95669555664057,0.9031267612149244,-1.0,-1.0,-1.0
14,3,777.2724975585936,357.9944348144531,49.97307128906255,128.54649353027344,0.9047318357387546,-1.0,-1.0,-1.0
15,3,777.4185937499999,358.3396032714844,49.39255371093748,128.69423217773436,0.9061769818524824,-1.0,-1.0,-1.0
16,3,777.5821801757812,358.45856323242185,48.79226074218752,128.55149230957028,0.9038517512618895,-1.0,-1.0,-1.0
17,3,777.7594665527342,358.5628839111328,48.83565673828127,128.32778320312497,0.9018793658729224,-1.0,-1.0,-1.0
18,3,777.9039916992188,358.69397827148435,48.62471923828116,128.6893981933594,0.9010550639629856,-1.0,-1.0,-1.0
19,3,778.1953271484374,358.8021002197266,48.983203125000045,128.30839233398433,0.9024091942290228,-1.0,-1.0,-1.0
20,3,778.4290612792968,358.89478088378905,48.91212158203132,128.34066467285152,0.898971853502033,-1.0,-1.0,-1.0
21,3,778.5526904296873,359.1146942138672,46.474255371093705,128.3582702636719,0.8964969326841299,-1.0,-1.0,-1.0
22,3,778.6141479492187,359.4858673095703,47.28120117187496,128.26840209960932,0.8961868307787384,-1.0,-1.0,-1.0
23,3,778.5888684082031,359.8552166748047,49.17557373046873,127.40295410156244,0.9116998209766648,-1.0,-1.0,-1.0
24,3,778.2350537109374,360.15004577636716,50.56490478515627,126.32557983398436,0.9154750994532144,-1.0,-1.0,-1.0
25,3,777.7387353515625,359.84772399902346,50.64136962890632,126.43052673339844,0.9187922510430582,-1.0,-1.0,-1.0
26,3,777.3064672851563,359.2048260498047,50.83428955078125,126.21077270507811,0.9183653414657228,-1.0,-1.0,-1.0
27,3,776.6497705078125,357.6378570556641,50.497119140625045,127.97726440429688,0.9193143125522028,-1.0,-1.0,-1.0
28,3,775.9188281249999,355.7588488769531,50.00361328125007,126.84083862304686,0.9173783963037748,-1.0,-1.0,-1.0
29,3,774.9351782226562,353.50279541015624,49.823986816406205,125.35515747070316,0.9208727982502296,-1.0,-1.0,-1.0
30,3,773.7891064453124,351.79268554687496,49.95175781249998,124.11798706054684,0.921340548389864,-1.0,-1.0,-1.0
31,3,771.4978308105468,351.0829742431641,50.38055419921875,123.10153198242188,0.9150926264249932,-1.0,-1.0,-1.0
32,3,768.6844189453125,351.2808489990234,51.13718261718748,123.34202270507814,0.9140058771669716,-1.0,-1.0,-1.0
33,3,765.1508972167969,351.3292877197265,55.70419921874998,118.30179748535151,0.9016090707504958,-1.0,-1.0,-1.0
34,3,761.9007678222657,351.64317810058594,59.38846435546873,117.5557983398437,0.8850728819163578,-1.0,-1.0,-1.0
35,3,756.9189294433594,351.28610046386723,60.83151855468748,118.4946350097656,0.8900186829218661,-1.0,-1.0,-1.0
36,3,752.9647192382813,349.9227795410156,59.87570800781248,118.46299438476564,0.8743233946481688,-1.0,-1.0,-1.0
37,3,749.4279345703123,347.65440490722654,66.17867431640627,122.1888427734375,0.8943971442297283,-1.0,-1.0,-1.0
38,3,746.3065100097656,345.5162127685547,61.32700195312498,119.71664428710932,0.8904805932024829,-1.0,-1.0,-1.0
39,3,743.3236560058593,343.9008489990234,54.52580566406243,118.35727844238278,0.864268790203397,-1.0,-1.0,-1.0
40,3,742.1284094238281,343.25294677734377,50.58182373046873,120.81077270507814,0.8672241779790113,-1.0,-1.0,-1.0
41,3,739.9863940429688,342.69673095703126,46.47996826171868,115.45279541015624,0.8825175825215013,-1.0,-1.0,-1.0
42,3,737.6538317871093,343.3059118652344,43.9794799804688,113.19515991210938,0.8734669153529815,-1.0,-1.0,-1.0
43,3,734.1873156738282,344.2256048583984,44.54055175781252,111.37791137695308,0.8897551655766236,-1.0,-1.0,-1.0
44,3,730.1133435058593,344.6474304199219,46.13291015624998,109.32736816406248,0.8811091059906744,-1.0,-1.0,-1.0
45,3,725.54255859375,344.942056274414,49.051098632812455,107.72276000976564,0.8758998013452768,-1.0,-1.0,-1.0
46,3,721.3867272949218,345.02917785644524,52.49410400390627,109.76149291992186,0.8679984026407794,-1.0,-1.0,-1.0
47,3,716.7709423828124,343.9873333740235,56.83359374999998,110.17424926757816,0.8857825337727121,-1.0,-1.0,-1.0
48,3,713.5418847656249,342.84884765625003,58.826733398437455,112.42633666992184,0.8885352777224576,-1.0,-1.0,-1.0
49,3,710.5286315917969,341.29710021972653,55.72188720703127,115.31980590820308,0.8828276119652401,-1.0,-1.0,-1.0
50,3,707.9338696289062,339.5921209716797,52.680981445312455,113.52859497070312,0.8612557337555131,-1.0,-1.0,-1.0
51,3,705.0308752441406,338.0864117431641,44.40849609374993,109.6396545410156,0.8909609859274497,-1.0,-1.0,-1.0
52,3,702.6747912597656,337.88118164062496,43.72097167968752,112.07763061523434,0.8962842722294297,-1.0,-1.0,-1.0
53,3,699.569208984375,338.1548895263671,45.5373413085938,115.782275390625,0.8945628155664735,-1.0,-1.0,-1.0
54,3,696.5624597167969,339.3114752197265,45.49042968749996,111.05277099609371,0.8927987610646149,-1.0,-1.0,-1.0
55,3,693.4432104492187,340.4668524169922,46.75209960937502,108.6516540527344,0.8997589901304792,-1.0,-1.0,-1.0
56,3,690.813555908203,341.73193908691405,46.50930175781252,106.99431152343747,0.8924718427860583,-1.0,-1.0,-1.0
57,3,688.3512780761719,342.4126739501953,45.52833251953132,106.41242065429684,0.8866826585830552,-1.0,-1.0,-1.0
58,3,687.5057702636718,342.84098144531254,46.76583251953116,105.9025451660156,0.8802461109053183,-1.0,-1.0,-1.0
59,3,686.4277917480468,342.84241516113286,47.32998046875002,105.50830078125,0.8549845067866819,-1.0,-1.0,-1.0
60,3,686.36408203125,343.138892211914,43.92355957031248,103.7965209960937,0.8292021910039615,-1.0,-1.0,-1.0
61,3,686.4376904296876,344.1582366943359,46.3854858398438,109.82982788085934,0.8448299289577967,-1.0,-1.0,-1.0
62,3,686.8963586425781,345.1931323242187,43.38907470703123,108.29338989257816,0.8427454008925253,-1.0,-1.0,-1.0
63,3,686.91919921875,346.04358947753906,43.667248535156205,105.29604492187502,0.8438568575886478,-1.0,-1.0,-1.0
64,3,687.7161584472656,346.508525390625,43.175061035156205,105.28807983398434,0.8267307242706607,-1.0,-1.0,-1.0
65,3,688.3541674804686,345.43522705078124,43.29624023437509,105.43419799804684,0.8259803851680161,-1.0,-1.0,-1.0
66,3,689.4900329589843,343.6700866699219,42.37668457031248,107.69672241210937,0.8586186636017423,-1.0,-1.0,-1.0
67,3,690.8329138183593,341.8799359130859,40.81794433593757,113.136767578125,0.859589089559897,-1.0,-1.0,-1.0
68,3,692.0007165527344,340.1530334472656,40.65831298828118,112.68479003906248,0.857612307777778,-1.0,-1.0,-1.0
69,3,693.2269116210938,338.65447631835934,40.53724365234382,105.76680908203122,0.8664163982701822,-1.0,-1.0,-1.0
70,3,694.2061450195312,337.9515600585937,39.63262939453125,105.64661865234376,0.8678412510721145,-1.0,-1.0,-1.0
71,3,695.0057299804687,336.3534283447265,38.80382080078118,98.66892700195308,0.8710351188278125,-1.0,-1.0,-1.0
72,3,695.5479602050781,334.278017578125,38.07674560546877,101.39743652343748,0.8586570046283271,-1.0,-1.0,-1.0
73,3,695.8439868164063,331.5342315673828,38.15804443359377,104.73184204101562,0.8506110353305196,-1.0,-1.0,-1.0
74,3,695.6863330078124,328.9260772705078,39.11879882812502,106.40225830078128,0.8509003541586395,-1.0,-1.0,-1.0
75,3,695.2939123535156,326.75018554687495,40.8218994140625,104.97233276367189,0.8535131516860446,-1.0,-1.0,-1.0
76,3,694.7954516601561,325.4392803955078,40.758068847656205,103.15316162109372,0.8494582575224499,-1.0,-1.0,-1.0
77,3,693.8551208496094,324.53594604492184,39.12583007812498,96.75719604492184,0.8731831237946253,-1.0,-1.0,-1.0
78,3,692.8101452636718,323.86890563964846,39.80159912109377,95.42872924804686,0.8850940551762925,-1.0,-1.0,-1.0
79,3,690.0672656249999,322.31195617675775,41.68520507812502,93.73463745117186,0.8827856529185212,-1.0,-1.0,-1.0
80,3,685.4095129394531,321.00383056640624,41.86669921875,96.48973388671874,0.8761723510796955,-1.0,-1.0,-1.0
81,3,679.9302685546875,318.8146179199219,51.94094238281252,100.60609130859376,0.6901203353515193,-1.0,-1.0,-1.0
82,3,673.2517895507812,315.60085327148437,61.58803710937491,97.6815856933594,0.7402554626587232,-1.0,-1.0,-1.0
83,3,667.5001391601562,314.10143920898435,66.5440795898437,96.27434692382808,0.8097527012407681,-1.0,-1.0,-1.0
84,3,664.8227160644532,313.40594970703125,69.34372558593759,98.45562744140624,0.7861263011348001,-1.0,-1.0,-1.0
85,3,666.3745239257812,312.42188232421876,59.72354736328123,84.87954711914057,0.8507842455141983,-1.0,-1.0,-1.0
86,3,669.0834008789062,312.37311401367185,53.34016113281257,87.96571655273436,0.7930041667100909,-1.0,-1.0,-1.0
87,3,672.8019433593751,313.1631848144531,37.07742919921873,84.9325012207031,0.7937018974289991,-1.0,-1.0,-1.0
88,3,676.0479748535156,312.6699426269531,34.84720458984373,84.36967163085939,0.8391878803965227,-1.0,-1.0,-1.0
89,3,677.7413415527343,312.11724243164065,35.1617431640625,87.81459960937497,0.860860030825652,-1.0,-1.0,-1.0
90,3,676.9758361816406,311.2720532226562,33.99895019531243,88.12869873046873,0.8215949578107313,-1.0,-1.0,-1.0
91,3,675.9360626220703,310.0792318725586,36.061083984375045,88.83209838867185,0.852194614070541,-1.0,-1.0,-1.0
92,3,675.4152447509766,308.8299490356445,39.550891113281295,93.13621215820308,0.8552331367899697,-1.0,-1.0,-1.0
93,3,674.9412725830077,307.87389678955077,35.89870605468752,88.13471374511715,0.8552331367899697,-1.0,-1.0,-1.0
94,3,674.5938848876953,307.3312985229492,32.24652099609375,83.13321533203123,0.81185134993326,-1.0,-1.0,-1.0
95,3,674.4585333251953,307.33345184326174,34.754809570312545,79.80029296875,0.8469184404196319,-1.0,-1.0,-1.0
96,3,674.4206140136719,307.83587036132815,35.98824462890627,79.76222534179686,0.8490776093167298,-1.0,-1.0,-1.0
97,3,674.4479479980469,308.5756896972656,44.7099609375,79.76821289062502,0.7969417187939385,-1.0,-1.0,-1.0
98,3,674.5355639648437,308.7922796630859,41.054699707031205,78.58262329101564,0.7868985809040865,-1.0,-1.0,-1.0
99,3,675.2176611328125,308.8379937744141,51.521484375,80.82526245117185,0.8650429888082449,-1.0,-1.0,-1.0
100,3,675.8323461914063,308.3144567871094,49.13371582031255,80.51594238281251,0.8653834319299314,-1.0,-1.0,-1.0
101,3,679.3235375976562,307.15150451660156,45.91329345703127,76.86254882812494,0.8684609268442713,-1.0,-1.0,-1.0
102,3,682.096376953125,305.9135321044922,48.788195800781295,79.62412719726558,0.8548902622218293,-1.0,-1.0,-1.0
103,3,687.6751245117188,304.78551086425784,35.40201416015623,79.7194885253906,0.7346582006287967,-1.0,-1.0,-1.0
104,3,692.8171215820312,303.55852478027344,41.143798828125,80.36696777343752,0.7997326433835532,-1.0,-1.0,-1.0
105,3,699.3752673339843,302.4885552978516,31.071313476562523,81.0202697753906,0.770150980498336,-1.0,-1.0,-1.0
106,3,703.6095080566406,301.7198529052734,32.14621582031248,82.31962280273433,0.8034864675247775,-1.0,-1.0,-1.0
107,3,709.4838757324218,301.04829162597656,28.732763671874977,82.43997802734373,0.7169572272480984,-1.0,-1.0,-1.0
108,3,712.5181018066405,300.341343383789,27.92526855468748,72.21384887695308,0.7064530805119773,-1.0,-1.0,-1.0
109,3,715.8349951171874,300.1587231445312,27.430993652343773,69.21644897460936,0.6893593830655043,-1.0,-1.0,-1.0
110,3,718.2917907714843,300.2364514160156,28.350439453124977,72.81298828125,0.5546032185775296,-1.0,-1.0,-1.0
111,3,721.4612695312501,300.31582214355467,36.98613281249993,92.51872558593747,0.6089426414565651,-1.0,-1.0,-1.0
112,3,724.1525463867188,300.3093017578125,35.5177001953125,91.02123413085934,0.6693148317645559,-1.0,-1.0,-1.0
113,3,727.0927954101562,300.07283203124996,29.51422119140625,85.96532592773434,0.746367949865899,-1.0,-1.0,-1.0
114,3,729.8447717285155,299.4672546386719,29.190454101562523,82.34615478515627,0.7451002576902823,-1.0,-1.0,-1.0
115,3,731.9852709960937,298.8211981201172,29.13343505859381,86.09221801757809,0.6911975324935327,-1.0,-1.0,-1.0
116,3,732.8287353515624,298.7680407714844,29.859631347656205,88.58864135742186,0.7541253233895162,-1.0,-1.0,-1.0
117,3,733.5068774414062,298.94539306640627,34.73349609374998,89.41766967773435,0.8119810745323548,-1.0,-1.0,-1.0
118,3,733.6592797851563,299.7051580810547,36.25510253906248,87.41228027343749,0.75298663861156,-1.0,-1.0,-1.0
119,3,734.7255578613281,300.065712890625,39.78105468749993,86.94931640624998,0.8293103457629165,-1.0,-1.0,-1.0
120,3,737.6437243652343,300.8498126220703,41.828137207031205,86.6980590820312,0.8111011227285587,-1.0,-1.0,-1.0
121,3,741.9356103515626,300.59065612792966,45.75333251953123,88.62978515624997,0.8588540325083542,-1.0,-1.0,-1.0
122,3,745.4383264160157,300.37038024902347,38.61529541015625,86.73695068359376,0.7855851496209247,-1.0,-1.0,-1.0
123,3,750.6517565917968,299.9459729003906,34.00576171874991,90.3294799804687,0.8321738883104857,-1.0,-1.0,-1.0
124,3,755.2363952636719,299.8072760009765,37.08511962890623,88.56287841796876,0.8747442830477183,-1.0,-1.0,-1.0
125,3,758.4789770507812,299.36167602539064,32.53403320312498,89.30791625976559,0.8650708692836915,-1.0,-1.0,-1.0
126,3,760.5539428710938,299.7382543945313,34.2103271484375,90.06877441406249,0.8614890469768213,-1.0,-1.0,-1.0
127,3,763.8642443847657,299.97263671875,39.72348632812498,91.35428466796871,0.83742791185702,-1.0,-1.0,-1.0
128,3,765.6634863281249,300.2330731201172,37.943920898437455,89.92243652343751,0.8285307570695508,-1.0,-1.0,-1.0
129,3,767.6380041503905,300.5454473876953,45.63314208984366,93.09320068359376,0.8531246483852328,-1.0,-1.0,-1.0
130,3,769.3455432128906,300.6489770507812,47.0181884765625,93.89382934570308,0.870590629622285,-1.0,-1.0,-1.0
131,3,771.0312414550782,300.55083068847654,48.708984375,95.2246032714844,0.8741432122476951,-1.0,-1.0,-1.0
132,3,772.0954980468749,300.41756103515627,48.62493896484375,95.52727661132816,0.8768086077869519,-1.0,-1.0,-1.0
133,3,773.3009289550781,300.2706134033203,47.92950439453125,96.9586853027344,0.8760077855121224,-1.0,-1.0,-1.0
134,3,774.0602270507812,300.11449768066404,47.46456298828127,96.99235839843747,0.8661344958535722,-1.0,-1.0,-1.0
135,3,775.1423034667969,300.32559448242193,42.9422607421875,96.16909790039062,0.851635826119697,-1.0,-1.0,-1.0
136,3,776.3561608886719,300.5256005859375,42.84360351562498,96.36256713867186,0.865624170340034,-1.0,-1.0,-1.0
137,3,777.9180981445312,300.98510925292965,39.42696533203127,94.78262329101555,0.8734738153394659,-1.0,-1.0,-1.0
138,3,779.4348376464843,301.4914141845703,37.763964843750045,95.48915405273436,0.859343405996551,-1.0,-1.0,-1.0
139,3,781.3088854980468,302.4769152832031,40.06406249999998,97.31574096679692,0.8557663911136117,-1.0,-1.0,-1.0
140,3,782.8836547851562,303.35103149414056,39.645263671875,97.903125,0.8456261392691999,-1.0,-1.0,-1.0
141,3,783.7756759643554,303.8674713134765,37.215197753906295,94.91110839843752,0.8705346803850489,-1.0,-1.0,-1.0
142,3,784.5520202636718,304.37893066406247,36.71707763671884,94.66616821289062,0.8497240170768237,-1.0,-1.0,-1.0
1,4,315.4297668457031,368.54501953125003,53.18146362304685,102.98471374511718,0.9011281824824876,-1.0,-1.0,-1.0
2,4,315.5880981445313,368.5175491333008,53.18146362304685,102.98471374511718,0.9011281824824876,-1.0,-1.0,-1.0
3,4,315.91121154785156,368.45690185546874,53.18234252929688,102.95364990234371,0.9010043596858176,-1.0,-1.0,-1.0
4,4,316.3529608154297,368.37780029296874,53.86673583984373,102.60159301757812,0.8949840682250709,-1.0,-1.0,-1.0
5,4,316.8478839111328,368.3943402099609,52.64307861328126,102.81961669921871,0.9003267725875119,-1.0,-1.0,-1.0
6,4,317.3961016845703,368.50415954589846,52.405609130859375,102.9983367919922,0.9042738177375824,-1.0,-1.0,-1.0
7,4,317.9373266601562,368.65906127929685,52.256744384765625,102.49063110351562,0.9042811642620237,-1.0,-1.0,-1.0
8,4,318.26784484863276,368.87807373046877,52.09222412109375,102.15115356445312,0.8999546809955277,-1.0,-1.0,-1.0
9,4,318.64185241699215,369.0053778076172,52.082006835937534,102.02928771972654,0.905538572909606,-1.0,-1.0,-1.0
10,4,318.97489746093754,369.0787390136719,51.960003662109386,101.81436767578124,0.9045839160644782,-1.0,-1.0,-1.0
11,4,319.32542724609374,369.04560424804686,51.1951904296875,102.3759338378906,0.9014167327460568,-1.0,-1.0,-1.0
12,4,319.59842102050777,368.86821350097654,50.994140625,102.12008972167968,0.9012359248237763,-1.0,-1.0,-1.0
13,4,319.3892962646484,369.2880340576172,52.850939941406295,102.22833251953124,0.8915186043332319,-1.0,-1.0,-1.0
14,4,318.69366943359375,369.9266748046875,55.67497558593749,102.7242553710937,0.8752785699495007,-1.0,-1.0,-1.0
15,4,319.55285522460935,370.19842163085934,55.00838012695317,100.33791503906248,0.8841282027134625,-1.0,-1.0,-1.0
16,4,321.1039434814453,370.2141925048828,56.72373046874998,100.00401306152344,0.8922525486475053,-1.0,-1.0,-1.0
17,4,321.59801513671874,369.6825476074219,49.77625122070316,101.24447937011718,0.8299585159677214,-1.0,-1.0,-1.0
18,4,322.79459106445313,368.7356524658203,46.2519470214844,102.52065124511716,0.8203224543773757,-1.0,-1.0,-1.0
19,4,324.20321411132807,367.8411071777344,54.34326782226566,105.35007019042968,0.83325011946458,-1.0,-1.0,-1.0
20,4,323.77150085449216,367.27367431640624,52.367541503906295,104.49928894042966,0.8259112369216837,-1.0,-1.0,-1.0
21,4,323.17253173828124,367.3567034912109,56.980261230468784,101.85452270507812,0.8766490389840129,-1.0,-1.0,-1.0
22,4,323.9199700927734,368.40166259765624,57.38120727539064,100.84715881347654,0.8854763871478504,-1.0,-1.0,-1.0
23,4,324.8099230957031,369.68649719238283,57.48453369140623,97.72294921875,0.9046467908728671,-1.0,-1.0,-1.0
24,4,326.01142639160156,370.804652709961,57.564129638671886,96.32356567382811,0.8999607178414948,-1.0,-1.0,-1.0
25,4,326.8934143066406,371.43530090332035,56.32174072265627,94.89973754882811,0.8662694893041589,-1.0,-1.0,-1.0
26,4,327.3071429443359,371.04298461914067,55.7325439453125,94.58426513671871,0.868756191546872,-1.0,-1.0,-1.0
27,4,327.2782269287109,369.2441436767578,58.92528076171874,96.36737365722657,0.8750597140955918,-1.0,-1.0,-1.0
28,4,326.7853033447266,366.3936639404297,57.66608276367191,100.7475677490234,0.8803051416848682,-1.0,-1.0,-1.0
29,4,327.1938684082031,363.62514221191407,56.0511474609375,102.8905059814453,0.868372116162444,-1.0,-1.0,-1.0
30,4,327.8259228515625,360.31780700683595,54.85264892578124,104.24558715820308,0.8756966462631546,-1.0,-1.0,-1.0
31,4,327.9643670654297,356.56099914550776,46.23381958007809,98.85091552734376,0.870747107183039,-1.0,-1.0,-1.0
32,4,327.8430780029297,353.79847045898435,47.85770874023439,102.6145568847656,0.8677139845171133,-1.0,-1.0,-1.0
33,4,327.8058288574219,351.60689025878906,50.83165283203124,102.43081054687497,0.8484973992984877,-1.0,-1.0,-1.0
34,4,326.8840539550781,349.36603637695305,55.23332519531249,101.77816772460938,0.8450970534658779,-1.0,-1.0,-1.0
35,4,326.8548742675781,348.7578167724609,53.027325439453136,96.94918212890622,0.8289730698820996,-1.0,-1.0,-1.0
36,4,327.5775,349.2929553222656,52.80018310546876,98.0397399902344,0.8331584174069597,-1.0,-1.0,-1.0
37,4,328.79085205078127,349.72070251464845,51.59119262695316,93.15362548828124,0.8497504369485007,-1.0,-1.0,-1.0
38,4,329.97801818847654,350.13349182128906,49.14959106445309,92.21978759765624,0.8512246803371681,-1.0,-1.0,-1.0
39,4,331.5359234619141,350.12118164062497,48.143572998046864,93.20053710937498,0.848978312287727,-1.0,-1.0,-1.0
40,4,332.9122961425781,349.2458898925781,47.494171142578125,93.72694702148436,0.8637763631080553,-1.0,-1.0,-1.0
41,4,333.34163085937496,347.49112609863283,46.09868774414059,92.19144287109371,0.8495120693549651,-1.0,-1.0,-1.0
42,4,333.3840380859375,345.56410217285156,45.908184814453136,93.11632690429684,0.8455580000620166,-1.0,-1.0,-1.0
43,4,333.93585937499995,343.4111993408203,50.265362548828136,92.33349609375,0.8483570313771231,-1.0,-1.0,-1.0
44,4,334.19189575195315,341.62682189941404,52.25438232421874,90.7431701660156,0.8534324064837229,-1.0,-1.0,-1.0
45,4,335.135126953125,340.57161804199217,50.606213378906205,89.12625732421873,0.8571057709319199,-1.0,-1.0,-1.0
46,4,336.8864630126953,340.53670898437497,50.24196166992186,88.30101928710934,0.8562957802070343,-1.0,-1.0,-1.0
47,4,338.9625109863281,341.0785656738281,48.175872802734375,85.7042358398437,0.8623259227505571,-1.0,-1.0,-1.0
48,4,340.6673089599609,342.03847412109377,48.25914916992184,84.02107543945311,0.8484812768866874,-1.0,-1.0,-1.0
49,4,343.48532958984373,343.0749792480469,52.82742919921873,82.82043457031244,0.7610979126742592,-1.0,-1.0,-1.0
50,4,346.3127874755859,343.68156188964844,54.12277221679688,81.94614257812498,0.7435351076857799,-1.0,-1.0,-1.0
51,4,348.42688110351565,343.6165118408203,50.63834838867183,82.23552246093749,0.8032808978862249,-1.0,-1.0,-1.0
52,4,350.81403991699216,343.2475415039063,46.63690795898441,82.27413940429682,0.8055626845068886,-1.0,-1.0,-1.0
53,4,353.8297375488281,342.37088195800777,51.09598388671873,83.72263183593748,0.8514072648188815,-1.0,-1.0,-1.0
54,4,355.97608703613275,341.45036499023433,50.51348876953125,83.05718994140625,0.845511206209089,-1.0,-1.0,-1.0
55,4,358.207998046875,340.75943481445313,51.61008911132808,83.27889404296877,0.8475485196763266,-1.0,-1.0,-1.0
56,4,361.51434448242185,340.7320129394531,53.18442993164058,83.50394897460933,0.869885693202054,-1.0,-1.0,-1.0
57,4,365.13277954101557,340.21372192382813,57.929589843749966,82.13565673828123,0.869305792999846,-1.0,-1.0,-1.0
58,4,367.9546124267578,339.4050567626953,57.890588378906216,80.303466796875,0.844693708535349,-1.0,-1.0,-1.0
59,4,372.255908203125,336.1269561767578,55.55994873046876,83.29070434570309,0.8451522182395941,-1.0,-1.0,-1.0
60,4,375.58524353027343,332.32823547363284,55.048095703125,86.17719726562495,0.8299628181754883,-1.0,-1.0,-1.0
61,4,380.19718872070314,329.12197448730467,46.72908325195312,98.06923828124997,0.8547131530422192,-1.0,-1.0,-1.0
62,4,382.452890625,327.76596496582033,48.07287597656244,99.04971313476562,0.8343198478949887,-1.0,-1.0,-1.0
63,4,386.5220452880859,327.24474060058594,42.7357177734375,93.20218505859378,0.8054346074455765,-1.0,-1.0,-1.0
64,4,389.0230444335937,329.22743225097656,37.837792968749966,88.34452514648433,0.8015082879022941,-1.0,-1.0,-1.0
65,4,391.7728839111328,331.5462121582031,56.17364501953125,87.58657836914062,0.837475510023804,-1.0,-1.0,-1.0
66,4,392.88854553222654,332.7449633789062,52.55562744140627,87.5792175292969,0.7612189530071944,-1.0,-1.0,-1.0
67,4,396.3192297363281,332.3717083740234,56.813323974609375,87.78960571289059,0.8765841818799274,-1.0,-1.0,-1.0
68,4,398.2479071044921,331.59333251953126,54.98761596679685,88.3641357421875,0.8505164150432449,-1.0,-1.0,-1.0
69,4,402.8137921142578,330.29754455566405,54.86896362304685,88.3570495605469,0.8639132758726156,-1.0,-1.0,-1.0
70,4,407.17908874511716,328.78178283691403,55.20151977539064,90.08464965820308,0.8352967459849658,-1.0,-1.0,-1.0
71,4,412.1816967773437,326.4867443847656,43.03558959960935,89.5424743652344,0.8679070281564805,-1.0,-1.0,-1.0
72,4,416.968511352539,324.1405975341797,45.52055969238285,90.27592163085932,0.8866087498709554,-1.0,-1.0,-1.0
73,4,423.026548461914,322.0892138671875,42.87925415039064,96.42172851562498,0.8576628198463077,-1.0,-1.0,-1.0
74,4,426.7227941894531,320.46089721679687,44.76412353515627,98.50253906249998,0.860022210677645,-1.0,-1.0,-1.0
75,4,431.50440673828115,320.0637579345703,41.04409790039063,96.12482299804692,0.8466728699194235,-1.0,-1.0,-1.0
76,4,436.03015869140626,321.0041711425781,41.10048522949222,96.75466918945308,0.8797493300697283,-1.0,-1.0,-1.0
77,4,441.25670654296874,322.4475604248047,47.14439392089844,92.5742614746094,0.8963818872445337,-1.0,-1.0,-1.0
78,4,445.1437133789062,323.56256835937495,47.72307128906249,91.53737182617186,0.89007884714702,-1.0,-1.0,-1.0
79,4,449.05157775878905,324.8267541503906,56.40007324218749,90.69884033203124,0.883523895145153,-1.0,-1.0,-1.0
80,4,452.294296875,324.9993823242188,57.77589111328126,91.78302612304684,0.8828866247510803,-1.0,-1.0,-1.0
81,4,456.34092407226564,324.8765881347656,57.07606201171882,90.69131469726562,0.8613617397636872,-1.0,-1.0,-1.0
82,4,460.51725585937504,324.3380767822265,53.1683349609375,89.76961669921872,0.8589685651021206,-1.0,-1.0,-1.0
83,4,466.32144287109367,323.3650946044921,47.68780517578125,89.41657104492191,0.8526547033627523,-1.0,-1.0,-1.0
84,4,472.8558032226562,322.10049133300777,43.91718749999996,90.19890747070316,0.8574042070318626,-1.0,-1.0,-1.0
85,4,480.2611047363281,320.6331353759765,39.361596679687466,94.84013671875,0.8753467328418729,-1.0,-1.0,-1.0
86,4,486.6712756347656,319.37183898925775,35.006176757812455,95.79765014648432,0.8762795424290033,-1.0,-1.0,-1.0
87,4,493.62336914062496,318.9614501953125,35.418933105468795,93.07369995117188,0.8641804206929535,-1.0,-1.0,-1.0
88,4,499.48880493164063,319.67063415527343,36.33859863281248,89.9774230957031,0.8591243966913531,-1.0,-1.0,-1.0
89,4,504.82958862304685,322.2652313232422,36.740368652343705,88.44636840820311,0.8603372626343031,-1.0,-1.0,-1.0
90,4,508.43423583984367,327.37341796875,39.36291503906256,86.21559448242186,0.8431036095809219,-1.0,-1.0,-1.0
91,4,511.8930944824218,330.3528881835938,43.68801269531252,77.11759643554689,0.7625202609459052,-1.0,-1.0,-1.0
92,4,514.2941345214844,332.7402282714844,53.96286621093748,67.75065307617189,0.8199219003041662,-1.0,-1.0,-1.0
93,4,518.7486071777344,334.538179321289,54.330578613281205,75.87504272460933,0.7493377552886322,-1.0,-1.0,-1.0
94,4,522.6265063476562,335.1321221923828,56.016650390625045,77.92794799804688,0.7659391186626401,-1.0,-1.0,-1.0
95,4,531.1012719726561,333.3976776123047,46.85163574218757,79.97107543945316,0.7001182460031927,-1.0,-1.0,-1.0
96,4,540.0991955566406,333.79992553710935,47.31668701171873,79.06975708007809,0.7535063683969163,-1.0,-1.0,-1.0
97,4,549.4489343261719,333.6063684082031,33.002490234375045,79.04690551757807,0.8295253856907081,-1.0,-1.0,-1.0
98,4,556.4566186523436,333.2542895507812,32.91811523437502,79.74733886718752,0.8266869757429873,-1.0,-1.0,-1.0
99,4,564.3832543945311,332.35935974121094,35.51055908203125,82.11439819335936,0.80898867936682,-1.0,-1.0,-1.0
100,4,567.6191235351563,331.36799743652347,38.79975585937507,83.09366455078123,0.7022028468504686,-1.0,-1.0,-1.0
101,4,570.8550256347655,331.1161853027344,50.87966308593752,83.24055175781251,0.8374668446434086,-1.0,-1.0,-1.0
102,4,574.7541284179687,331.5928546142578,60.9049072265625,86.87889404296874,0.8354178409981614,-1.0,-1.0,-1.0
103,4,582.8174780273437,332.2835870361328,65.37282714843741,91.07913208007812,0.8438534611957067,-1.0,-1.0,-1.0
104,4,591.2729626464844,333.0456811523437,59.75288085937496,91.64091796875,0.853167583460845,-1.0,-1.0,-1.0
105,4,601.3214099121094,333.01246948242186,40.3450927734375,91.60675048828124,0.7909089712077488,-1.0,-1.0,-1.0
106,4,611.0552307128906,331.54634399414056,33.88007812500007,91.5199035644531,0.8396815001624667,-1.0,-1.0,-1.0
107,4,619.6588330078125,330.1666094970703,34.321728515624955,98.11049194335936,0.8697577255240674,-1.0,-1.0,-1.0
108,4,623.8583789062501,329.07953979492186,35.19371337890618,106.97722778320316,0.8527324155119373,-1.0,-1.0,-1.0
109,4,626.8235009765624,328.98110229492187,43.08958740234368,107.15635986328124,0.8698957958085174,-1.0,-1.0,-1.0
110,4,628.4641662597656,329.9256958007812,47.873583984375045,107.7198486328125,0.8747370985159044,-1.0,-1.0,-1.0
111,4,632.6813671875,331.89049072265624,56.357556152343705,106.47685546875,0.866229548240554,-1.0,-1.0,-1.0
112,4,637.945850830078,333.5818249511718,58.05054931640632,105.80026245117182,0.8624918744096348,-1.0,-1.0,-1.0
113,4,643.8466076660155,334.94481628417964,45.175122070312455,104.07431030273438,0.8709144048653208,-1.0,-1.0,-1.0
114,4,649.6337438964844,335.23029052734375,38.32108154296873,104.7075622558594,0.8697385382675975,-1.0,-1.0,-1.0
115,4,656.6323535156249,335.4264184570312,40.73137207031255,105.18804931640624,0.8670682317196707,-1.0,-1.0,-1.0
116,4,660.9794567871094,335.3313317871094,43.16572265625007,105.3227966308594,0.8751913316033608,-1.0,-1.0,-1.0
117,4,664.417803955078,335.52830017089843,45.9350463867188,105.03934936523432,0.8708818863522616,-1.0,-1.0,-1.0
118,4,667.0316162109375,335.9793273925781,47.98223876953125,104.9149841308594,0.8850823189015955,-1.0,-1.0,-1.0
119,4,670.8154064941407,336.44214843749995,46.28023681640616,104.19136962890622,0.878955271801118,-1.0,-1.0,-1.0
120,4,673.9142321777342,336.84413269042966,48.72535400390632,104.5513916015625,0.8828750677709607,-1.0,-1.0,-1.0
121,4,678.0178564453124,336.98980041503904,50.54348144531241,106.12188720703124,0.8664235355963363,-1.0,-1.0,-1.0
122,4,682.3882177734374,336.6440002441406,50.16774902343752,106.66131591796876,0.8766458433285287,-1.0,-1.0,-1.0
123,4,687.7567639160155,336.20830444335934,46.46832275390625,107.45348510742184,0.8562930776583997,-1.0,-1.0,-1.0
124,4,692.2168286132812,335.5815728759766,39.3211669921875,108.38133544921874,0.8341719834541834,-1.0,-1.0,-1.0
125,4,696.4111560058594,335.0350579833984,37.43250732421871,111.82763671875,0.8245150497860898,-1.0,-1.0,-1.0
126,4,699.5987512207032,335.04161682128904,35.88870849609373,113.60670776367186,0.853372840975382,-1.0,-1.0,-1.0
127,4,701.8436315917969,335.70762451171873,48.28842773437498,112.036376953125,0.8565039202061939,-1.0,-1.0,-1.0
128,4,703.0324511718751,336.4444281005859,51.15728759765625,112.3342712402344,0.8734598393938064,-1.0,-1.0,-1.0
129,4,704.5247680664063,338.5000799560547,57.12352294921868,113.08260498046876,0.8849264863856376,-1.0,-1.0,-1.0
130,4,705.8606286621093,340.40259338378905,58.68808593749998,113.06321411132814,0.8828914197528093,-1.0,-1.0,-1.0
131,4,707.4589526367188,341.8612756347656,54.05438232421875,108.33782958984376,0.8784996345471008,-1.0,-1.0,-1.0
132,4,709.6181396484375,342.77510192871097,54.90834960937502,108.92631225585932,0.8866453640879257,-1.0,-1.0,-1.0
133,4,713.4937316894532,343.4897735595703,53.75379638671882,108.88406982421871,0.8693594283242909,-1.0,-1.0,-1.0
134,4,717.0905346679688,343.0391198730469,52.05618896484373,109.8138427734375,0.8741093515564486,-1.0,-1.0,-1.0
135,4,721.6537719726563,342.73957763671876,44.77576904296871,109.6677795410156,0.8847140180553126,-1.0,-1.0,-1.0
136,4,725.3761267089843,342.2358984375,43.39874267578125,110.90159912109374,0.8897803838938572,-1.0,-1.0,-1.0
137,4,728.4400708007813,342.08228759765626,40.78641357421873,109.99242553710934,0.8915008901266575,-1.0,-1.0,-1.0
138,4,729.8608996582032,342.1227062988281,43.05047607421875,112.57745361328124,0.8901398663723548,-1.0,-1.0,-1.0
139,4,731.0284167480469,342.2167437744141,46.01206054687498,110.83315429687497,0.8839919110070866,-1.0,-1.0,-1.0
140,4,731.3444274902344,342.2689453125,46.792309570312455,111.1409912109375,0.8842963855940056,-1.0,-1.0,-1.0
141,4,731.5192337036133,342.48190841674807,46.61004638671875,116.31945190429684,0.880855476793343,-1.0,-1.0,-1.0
142,4,731.8949707031251,342.55867309570317,45.82221679687496,118.017333984375,0.8711035376501677,-1.0,-1.0,-1.0
1,6,981.8980224609373,377.9161010742187,49.66083984375007,152.65585327148432,0.8589147162875648,-1.0,-1.0,-1.0
2,6,981.8417449951171,378.0202217102051,49.66083984375007,152.65585327148432,0.8589147162875648,-1.0,-1.0,-1.0
3,6,981.73775390625,378.14070190429686,49.8856201171875,152.5554931640625,0.8593932914691038,-1.0,-1.0,-1.0
4,6,981.6074121093749,378.27751464843755,50.32968749999986,152.16325378417963,0.8583274335230442,-1.0,-1.0,-1.0
5,6,981.4890454101562,378.4271264648438,50.86098632812491,151.78741149902345,0.8605523524530234,-1.0,-1.0,-1.0
6,6,981.3644384765624,378.6196563720703,50.793750000000045,151.815234375,0.8610895115683981,-1.0,-1.0,-1.0
7,6,981.3870483398438,378.7936138916016,50.5052490234375,151.778759765625,0.8602187028915793,-1.0,-1.0,-1.0
8,6,981.4477807617186,378.8883654785156,50.49052734374993,151.58877868652348,0.8596776674569675,-1.0,-1.0,-1.0
9,6,981.6937207031249,379.03345092773435,49.14667968749996,151.39410095214845,0.8622570792252162,-1.0,-1.0,-1.0
10,6,981.854208984375,379.1546630859375,49.138989257812455,151.5328308105469,0.8631176770096829,-1.0,-1.0,-1.0
11,6,981.81720703125,379.2509747314453,47.19309082031259,151.76195068359374,0.8635589087900826,-1.0,-1.0,-1.0
12,6,981.612509765625,379.36586425781246,47.493896484375,151.80435791015623,0.8637791765300165,-1.0,-1.0,-1.0
13,6,981.0786181640624,379.6000048828125,48.51760253906264,151.6664245605469,0.8633633340172508,-1.0,-1.0,-1.0
14,6,980.4475854492188,379.7417834472656,47.888964843750045,151.00015869140628,0.8670350376000684,-1.0,-1.0,-1.0
15,6,979.429306640625,379.95156738281247,49.47890624999991,150.3578430175781,0.865903561433953,-1.0,-1.0,-1.0
16,6,978.5579370117186,380.1012121582031,48.67141113281241,150.53494262695307,0.8741642823253777,-1.0,-1.0,-1.0
17,6,977.3596362304688,380.1866198730469,50.49338378906248,149.5932495117188,0.873658296542061,-1.0,-1.0,-1.0
18,6,976.3422583007812,380.1981005859375,50.62104492187507,149.64016113281252,0.8725874241475822,-1.0,-1.0,-1.0
19,6,974.8488427734374,379.96617919921874,52.89499511718748,149.3364440917968,0.8704310861735287,-1.0,-1.0,-1.0
20,6,973.7581201171876,379.65560668945307,53.50473632812509,149.4492736816406,0.8758040603848372,-1.0,-1.0,-1.0
21,6,972.3975732421875,379.1800305175781,54.48691406249998,150.26940307617184,0.8773328724402987,-1.0,-1.0,-1.0
22,6,971.1550854492186,378.4248413085937,54.37639160156243,149.34100341796875,0.881758570457194,-1.0,-1.0,-1.0
23,6,969.8368359374999,377.56678710937496,55.36032714843748,148.91440429687503,0.8837624977470284,-1.0,-1.0,-1.0
24,6,968.5845043945312,376.9671423339844,56.392163085937455,149.7799621582031,0.8843187566451292,-1.0,-1.0,-1.0
25,6,966.1608764648438,376.3099731445312,55.35834960937507,149.19197387695317,0.894519756472171,-1.0,-1.0,-1.0
26,6,963.4666333007812,375.79483520507813,55.8720703125,149.37659912109376,0.8996321753046388,-1.0,-1.0,-1.0
27,6,959.9831982421874,375.7058184814453,59.51975097656248,148.8572204589844,0.908691699462448,-1.0,-1.0,-1.0
28,6,956.7300585937498,375.7581958007812,61.44697265625007,148.96812744140624,0.9103564614372316,-1.0,-1.0,-1.0
29,6,952.5627465820311,375.9355206298828,63.79079589843741,148.40702819824224,0.9072225613095596,-1.0,-1.0,-1.0
30,6,949.4422558593749,376.22417541503904,62.91782226562498,147.4229278564453,0.9003644494751484,-1.0,-1.0,-1.0
31,6,946.6842041015625,376.63164733886714,66.39851074218757,146.9006927490234,0.9092278041499036,-1.0,-1.0,-1.0
32,6,944.3930712890626,376.78196228027343,66.73073730468752,146.47911987304684,0.9042619554056088,-1.0,-1.0,-1.0
33,6,941.3297973632813,376.7643347167969,66.01860351562505,144.88648681640626,0.8850912125899697,-1.0,-1.0,-1.0
34,6,939.1295434570313,376.4956036376953,68.63334960937505,145.1026702880859,0.8906016717582368,-1.0,-1.0,-1.0
35,6,936.3882348632812,375.6975128173828,70.0059814453125,143.16284179687494,0.8849664384191129,-1.0,-1.0,-1.0
36,6,933.5053125000001,374.7631585693359,67.20468749999998,143.52648925781256,0.8772028725961398,-1.0,-1.0,-1.0
37,6,929.2397607421875,373.9444738769531,63.2230224609375,143.06923828124997,0.8769063098132399,-1.0,-1.0,-1.0
38,6,924.9589379882813,372.8977679443359,58.106250000000045,140.46954345703125,0.8881588817359898,-1.0,-1.0,-1.0
39,6,919.6307885742187,372.67924438476564,51.963134765625,139.42007446289057,0.8765621167325719,-1.0,-1.0,-1.0
40,6,914.0338696289061,372.85480041503905,53.07187499999998,142.19321594238278,0.8697353343847283,-1.0,-1.0,-1.0
41,6,907.8405578613281,373.6644598388672,55.9742431640625,137.6171905517578,0.8940104346768507,-1.0,-1.0,-1.0
42,6,903.478095703125,374.1661120605469,59.556225585937455,138.5879425048828,0.8893365140278853,-1.0,-1.0,-1.0
43,6,899.083553466797,375.0644421386719,60.46847534179688,134.83229370117186,0.8720558720314919,-1.0,-1.0,-1.0
44,6,895.8662841796875,375.1726025390625,55.527154541015534,133.46814880371096,0.8807711608744171,-1.0,-1.0,-1.0
45,6,892.8501525878906,374.9550018310547,52.84099731445315,131.99801330566407,0.8895487854707724,-1.0,-1.0,-1.0
46,6,890.7091918945313,373.98195373535157,52.438787841796966,132.57067565917964,0.8756874298630812,-1.0,-1.0,-1.0
47,6,888.3563049316406,373.11164978027347,49.88578491210933,134.99566040039065,0.8640540886179373,-1.0,-1.0,-1.0
48,6,885.9407080078124,372.1997735595703,48.928051757812455,138.67943115234374,0.8657768588078625,-1.0,-1.0,-1.0
49,6,883.0619714355469,371.5877746582031,46.79857177734368,140.21551208496095,0.8690639485190843,-1.0,-1.0,-1.0
50,6,880.7415930175781,371.4855084228516,50.53656005859375,139.80857849121088,0.8882870152027067,-1.0,-1.0,-1.0
51,6,878.4552172851561,371.6710729980469,52.2411987304688,138.1634582519531,0.8941508904136768,-1.0,-1.0,-1.0
52,6,876.5426293945311,372.08381835937496,52.82781372070315,138.23533630371094,0.8912505015257608,-1.0,-1.0,-1.0
53,6,875.2418591308593,372.51811340332034,51.87925415039069,138.54657897949215,0.8894611540012285,-1.0,-1.0,-1.0
54,6,874.5136303710937,372.7274578857422,51.62728271484377,138.87424621582028,0.8871848954172741,-1.0,-1.0,-1.0
55,6,873.8478918457031,372.7939910888672,52.60226440429688,138.20416259765625,0.8922960163939919,-1.0,-1.0,-1.0
56,6,873.1668273925782,372.7580987548828,53.73847045898435,138.7198059082031,0.8945993575372384,-1.0,-1.0,-1.0
57,6,872.5214794921874,372.71010498046877,54.39056396484375,138.9669158935547,0.8935173340364599,-1.0,-1.0,-1.0
58,6,872.2432727050782,372.61546875,54.59199829101556,138.91176452636716,0.8957668870031767,-1.0,-1.0,-1.0
59,6,872.3621557617187,372.55339599609374,55.01475219726569,138.61032714843748,0.8956900510172403,-1.0,-1.0,-1.0
60,6,872.7822290039061,372.55403320312496,55.83988037109384,138.65663452148436,0.8953163356976859,-1.0,-1.0,-1.0
61,6,873.8220300292967,372.6116674804688,58.609973144531295,138.93211669921874,0.9062538263360552,-1.0,-1.0,-1.0
62,6,874.8634350585937,372.77087585449215,61.07563476562496,139.23569641113284,0.9076830775270645,-1.0,-1.0,-1.0
63,6,876.0411804199218,373.25171447753905,63.83441162109375,138.87523498535154,0.9034796674840208,-1.0,-1.0,-1.0
64,6,876.9170544433593,373.93315795898434,66.02102050781252,137.3446746826172,0.9040488489147124,-1.0,-1.0,-1.0
65,6,877.8134729003905,375.01183959960935,73.4431091308594,136.48018798828127,0.9126351611052996,-1.0,-1.0,-1.0
66,6,878.1038745117187,376.1547802734375,77.9810668945313,135.03375549316405,0.9043417955102128,-1.0,-1.0,-1.0
67,6,878.3982971191406,377.2994512939453,79.80457763671882,133.16904602050778,0.9045680587896996,-1.0,-1.0,-1.0
68,6,878.549952392578,377.973901977539,81.87478637695312,133.29302673339845,0.8984487388314051,-1.0,-1.0,-1.0
69,6,881.7978845214842,378.3186364746094,83.74202270507817,131.77919311523436,0.900815877633665,-1.0,-1.0,-1.0
70,6,884.8783300781249,378.14451965332034,85.67122192382817,132.9955993652344,0.9131377727129576,-1.0,-1.0,-1.0
71,6,889.0934436035155,377.55797607421874,70.50146484375,132.42991333007808,0.8863222528614827,-1.0,-1.0,-1.0
72,6,893.891612548828,376.99675048828124,72.64462280273438,134.31286010742184,0.8917595917350489,-1.0,-1.0,-1.0
73,6,900.3162414550779,376.6271813964844,71.92573242187507,134.88651123046878,0.8839937828837492,-1.0,-1.0,-1.0
74,6,904.2637060546874,376.4715325927735,71.39657592773438,134.95649414062495,0.8888949682653262,-1.0,-1.0,-1.0
75,6,909.5473608398437,376.65439453125,68.51837768554685,134.92529296875,0.8962365829563552,-1.0,-1.0,-1.0
76,6,914.2887963867186,377.08843688964845,68.65922241210933,134.52816467285152,0.9005634966564635,-1.0,-1.0,-1.0
77,6,918.8289514160155,377.4238000488282,67.71000366210944,133.98489074707032,0.8883244788512386,-1.0,-1.0,-1.0
78,6,922.0075488281249,377.64881103515626,65.51894531250002,134.30497741699224,0.8836827361462554,-1.0,-1.0,-1.0
79,6,923.9492614746093,377.4485577392578,64.22102050781257,133.84267272949216,0.8811374003878427,-1.0,-1.0,-1.0
80,6,924.5993774414062,377.0226452636719,62.992749023437455,134.37410888671872,0.8820976684339072,-1.0,-1.0,-1.0
81,6,924.9524780273435,376.62775817871096,67.68940429687507,136.1875122070312,0.8956808205550715,-1.0,-1.0,-1.0
82,6,924.8444384765623,376.28040893554686,68.37187500000005,136.07924194335936,0.8948677257650672,-1.0,-1.0,-1.0
83,6,924.209033203125,375.79426940917966,68.41164550781252,136.98704223632808,0.8944780095282034,-1.0,-1.0,-1.0
84,6,924.2308740234375,375.74454528808593,68.78342285156248,136.25397949218743,0.8897352256899183,-1.0,-1.0,-1.0
85,6,924.9353393554686,375.4890307617187,71.97978515625005,137.83092956542964,0.8937584158884206,-1.0,-1.0,-1.0
86,6,925.7384838867187,375.238306274414,74.32866210937493,137.76690673828125,0.899642702319781,-1.0,-1.0,-1.0
87,6,927.4696655273438,374.4062017822265,73.50117187499995,137.47250061035152,0.8661268784687053,-1.0,-1.0,-1.0
88,6,929.7241479492186,373.0604699707031,72.46955566406257,137.9923187255859,0.8453478918816586,-1.0,-1.0,-1.0
89,6,929.4849755859374,371.5726080322266,69.16970214843752,139.45034179687502,0.8828303942585762,-1.0,-1.0,-1.0
90,6,928.4688061523436,370.1431494140625,67.84738769531248,142.4900390625,0.8723881855676865,-1.0,-1.0,-1.0
91,6,926.8170556640623,368.1201873779297,81.42033691406243,143.49690856933591,0.8762625125597339,-1.0,-1.0,-1.0
92,6,924.86935546875,366.4212286376953,81.97250976562498,144.75640869140625,0.8852670200448358,-1.0,-1.0,-1.0
93,6,925.2498559570311,366.23591674804686,84.4453125,148.2276489257813,0.8743814873340128,-1.0,-1.0,-1.0
94,6,929.0595849609374,366.0673480224609,81.52558593749995,148.34119262695316,0.85674992747904,-1.0,-1.0,-1.0
95,6,932.2029272460937,366.15752380371094,68.10227050781248,144.8488311767578,0.8430382012545081,-1.0,-1.0,-1.0
96,6,936.4036596679687,366.8157641601562,63.30322265625,144.77695312500003,0.8713583102387581,-1.0,-1.0,-1.0
97,6,939.8538720703125,367.5403894042969,66.4661865234375,143.8341064453125,0.8844374994911952,-1.0,-1.0,-1.0
98,6,940.801025390625,367.4654241943359,63.05976562500007,143.93251647949222,0.8818220095192864,-1.0,-1.0,-1.0
99,6,941.5046337890624,367.43804626464845,63.48977050781241,144.68961181640623,0.9158725328031352,-1.0,-1.0,-1.0
100,6,943.2172045898436,367.3288586425781,63.44626464843759,144.84682617187502,0.9175814709326602,-1.0,-1.0,-1.0
101,6,944.5075927734375,367.25404724121097,61.21560058593752,144.7108154296875,0.9110002499112966,-1.0,-1.0,-1.0
102,6,946.1389746093749,367.2301190185547,60.34614257812496,144.61064758300785,0.9077956779562584,-1.0,-1.0,-1.0
103,6,947.4444140624998,367.1549340820312,59.690258789062455,144.17852783203125,0.911585636988093,-1.0,-1.0,-1.0
104,6,947.8500512695313,367.0315301513672,59.17653808593752,143.5423645019531,0.9039220736958348,-1.0,-1.0,-1.0
105,6,947.7577661132813,366.96733154296874,60.82932128906248,143.69098205566405,0.905044927242642,-1.0,-1.0,-1.0
106,6,947.554189453125,367.67256042480466,62.03518066406252,143.58243713378903,0.9087530070667073,-1.0,-1.0,-1.0
107,6,946.7434423828124,369.48249755859376,63.32343749999996,142.99771728515623,0.9001909329924089,-1.0,-1.0,-1.0
108,6,946.0771435546874,372.50257873535156,61.7728271484375,139.6022552490234,0.8918542868968338,-1.0,-1.0,-1.0
109,6,945.6519946289061,375.74520996093753,64.30979003906259,133.98879089355466,0.8928251531635425,-1.0,-1.0,-1.0
110,6,945.3994409179686,378.31389587402344,63.66291503906257,128.29476928710938,0.8849432485357625,-1.0,-1.0,-1.0
111,6,945.0211157226562,377.396548461914,60.444140625000045,126.88555297851563,0.866466885998193,-1.0,-1.0,-1.0
112,6,943.7110180664062,372.4491851806641,60.1072998046875,129.6126068115234,0.8865905748826783,-1.0,-1.0,-1.0
113,6,939.7672778320314,360.07012573242184,58.9921875,143.25169372558594,0.8952158312008045,-1.0,-1.0,-1.0
114,6,935.6157202148437,349.5367364501953,64.47590332031245,157.34089050292965,0.8563092380186248,-1.0,-1.0,-1.0
115,6,932.8205786132812,337.2532470703125,75.74479980468743,186.430435180664,0.7896323962727934,-1.0,-1.0,-1.0
116,6,930.2142041015625,327.5406188964844,73.48996582031248,165.1418426513672,0.8580903119215577,-1.0,-1.0,-1.0
117,6,928.7578124999998,320.3869757080078,66.57692871093752,172.12423095703122,0.8487288175681194,-1.0,-1.0,-1.0
118,6,929.7802221679688,319.55525024414067,65.30778808593755,168.7574981689453,0.8486595664917758,-1.0,-1.0,-1.0
119,6,930.5377954101561,317.1806323242187,62.382568359375,169.73629760742188,0.8641691358844206,-1.0,-1.0,-1.0
120,6,929.837548828125,318.1435675048828,61.94575195312507,169.98024902343747,0.8597516885135938,-1.0,-1.0,-1.0
121,6,927.9790356445312,320.85615234375,59.45405273437496,168.7045440673828,0.8493837673704547,-1.0,-1.0,-1.0
122,6,925.7008557128905,325.108564453125,59.10402832031252,164.418228149414,0.846710095488735,-1.0,-1.0,-1.0
123,6,922.7872595214843,331.1744348144531,66.51694335937498,167.94481201171874,0.8479405702709819,-1.0,-1.0,-1.0
124,6,921.1671716308592,337.84688232421877,71.3697692871093,162.4448364257812,0.8495107824914001,-1.0,-1.0,-1.0
125,6,921.1513293457032,345.64402770996094,67.73642578124998,152.54110107421877,0.8218841442499283,-1.0,-1.0,-1.0
126,6,922.1586218261718,351.63518005371094,62.833666992187545,147.34750671386718,0.8389943731012792,-1.0,-1.0,-1.0
127,6,924.3188305664062,356.15930053710935,56.53762207031252,135.50548095703124,0.8633845602425971,-1.0,-1.0,-1.0
128,6,927.5599511718749,359.03984985351565,56.68044433593752,135.84666137695308,0.8892559541230618,-1.0,-1.0,-1.0
129,6,930.0404443359373,361.2822528076172,53.59921875000009,137.3396759033203,0.9100156704401314,-1.0,-1.0,-1.0
130,6,931.1649169921875,361.5169372558594,51.817675781250045,137.4937866210937,0.9078571186294936,-1.0,-1.0,-1.0
131,6,931.7563549804687,361.5563232421875,52.35468750000007,135.59886474609374,0.902542513267104,-1.0,-1.0,-1.0
132,6,932.1540380859375,362.26439758300785,52.44455566406248,135.79906311035154,0.8910641817403722,-1.0,-1.0,-1.0
133,6,932.1696606445312,362.47131408691405,55.3941650390625,137.8856689453125,0.8844071490445131,-1.0,-1.0,-1.0
134,6,932.1526318359374,362.4645574951172,53.39157714843748,136.05584106445315,0.8857536787594711,-1.0,-1.0,-1.0
135,6,932.0149511718749,362.15446289062504,54.71542968749998,137.087841796875,0.8811915636495158,-1.0,-1.0,-1.0
136,6,932.3042211914062,362.6576806640625,55.48798828125007,136.03447265625,0.8756743155689719,-1.0,-1.0,-1.0
137,6,932.4433300781251,362.9354315185547,56.02170410156248,137.02516479492186,0.8689740749088983,-1.0,-1.0,-1.0
138,6,932.7290185546875,363.56160827636717,54.058666992187455,134.99884643554685,0.8744092305901532,-1.0,-1.0,-1.0
139,6,932.2462573242186,364.1315954589844,56.44687500000009,134.20824279785154,0.8882456420209621,-1.0,-1.0,-1.0
140,6,931.2718579101562,364.7795031738281,58.65424804687496,134.36455078125,0.8985576579370154,-1.0,-1.0,-1.0
141,6,931.0152832031249,364.9939315795898,60.00358886718743,134.14292907714844,0.8985324032707211,-1.0,-1.0,-1.0
142,6,930.2352539062499,365.16543273925777,63.88813476562496,134.94704589843752,0.8977096484585978,-1.0,-1.0,-1.0
1,7,323.60850219726564,317.5960968017578,30.56017456054684,85.6015686035156,0.8581067838953516,-1.0,-1.0,-1.0
2,7,323.62551040649413,317.59740142822267,30.56017456054684,85.6015686035156,0.8581067838953516,-1.0,-1.0,-1.0
3,7,323.7006994628906,317.6156689453125,30.57121582031249,85.58876953125002,0.858583173183078,-1.0,-1.0,-1.0
4,7,323.7685180664063,317.6316265869141,30.49909057617191,84.11973266601558,0.8606120562505097,-1.0,-1.0,-1.0
5,7,323.85332702636714,317.68018615722656,30.422021484375023,82.24046630859374,0.858780131090846,-1.0,-1.0,-1.0
6,7,324.0200335693359,317.76841735839844,30.574127197265625,82.12005615234375,0.8596496506204829,-1.0,-1.0,-1.0
7,7,324.28594665527345,317.91459594726564,31.97296142578125,81.84770507812499,0.8581323778116001,-1.0,-1.0,-1.0
8,7,324.68131713867183,318.0882348632812,32.669934082031205,81.65824584960933,0.8577118455912114,-1.0,-1.0,-1.0
9,7,325.25455078125,318.41024414062497,34.26366577148434,82.88311157226565,0.8635081184502553,-1.0,-1.0,-1.0
10,7,325.89028015136716,318.64608215332026,33.979284667968784,82.97418823242185,0.8644212574287167,-1.0,-1.0,-1.0
11,7,326.56088012695307,319.4771044921875,36.5816711425781,78.53884277343747,0.8756549686941639,-1.0,-1.0,-1.0
12,7,327.0173291015625,320.9585119628906,38.66665649414063,80.29632568359375,0.8716146308817798,-1.0,-1.0,-1.0
13,7,326.7183416748047,323.46845947265626,50.69113769531248,82.47634277343752,0.8938661821340972,-1.0,-1.0,-1.0
14,7,326.37081665039057,326.2341851806641,54.11887207031248,81.61473999023434,0.8747318328660114,-1.0,-1.0,-1.0
15,7,323.79852722167965,329.36351989746095,58.13723144531252,78.41222534179684,0.850996001940274,-1.0,-1.0,-1.0
16,7,320.51960815429686,331.76154418945316,59.43279418945309,77.4481201171875,0.8535290592043943,-1.0,-1.0,-1.0
17,7,314.83550170898434,332.8859948730469,46.712493896484375,76.02363281249995,0.8348682053711443,-1.0,-1.0,-1.0
18,7,308.94714294433595,332.86914733886715,51.75823974609375,76.08087158203125,0.7576619320254778,-1.0,-1.0,-1.0
19,7,297.87671997070316,331.9300140380859,52.71075439453125,80.51022949218748,0.8669710048714663,-1.0,-1.0,-1.0
20,7,289.2514306640625,330.3720922851562,56.362335205078125,80.98137817382809,0.8558796413466219,-1.0,-1.0,-1.0
21,7,282.3641784667969,328.54941650390623,75.53023681640622,83.17902832031245,0.8066085735012507,-1.0,-1.0,-1.0
22,7,277.7567266845703,327.1173870849609,75.39246826171876,84.93453369140622,0.8003543141847729,-1.0,-1.0,-1.0
23,7,272.3743927001953,326.13637390136716,56.67725830078126,86.79204711914065,0.8656039668369111,-1.0,-1.0,-1.0
24,7,271.29642517089843,325.9220965576171,47.9328552246094,87.45891723632809,0.8223415169620552,-1.0,-1.0,-1.0
25,7,266.70965515136714,326.5259985351562,42.13240356445317,88.35424804687494,0.8521863835960488,-1.0,-1.0,-1.0
26,7,259.09126281738276,327.80748229980463,42.46627807617188,87.69287109375,0.8530206085183032,-1.0,-1.0,-1.0
27,7,250.73156799316402,330.30413635253905,55.94919433593751,87.29901123046875,0.8114503888711155,-1.0,-1.0,-1.0
28,7,243.69836791992185,332.6515795898437,60.28011474609377,87.28214721679689,0.8069568084678735,-1.0,-1.0,-1.0
29,7,238.07729553222651,334.96142761230465,55.74045410156253,82.24848632812501,0.8343334398026485,-1.0,-1.0,-1.0
30,7,235.9374005126953,336.8533996582031,55.06907958984377,80.39476318359374,0.8383158725267563,-1.0,-1.0,-1.0
31,7,234.3583850097656,338.16869934082035,48.24244995117186,80.83427124023439,0.8413339768060553,-1.0,-1.0,-1.0
32,7,233.86918029785156,338.4429016113281,46.26606445312498,80.4814453125,0.8630246767196859,-1.0,-1.0,-1.0
33,7,234.42569274902343,338.283286743164,54.27718505859377,80.52127075195312,0.854613731442285,-1.0,-1.0,-1.0
34,7,234.33411621093745,337.69536987304684,56.21687622070314,79.98167724609374,0.8725716850370588,-1.0,-1.0,-1.0
35,7,233.83421081542969,336.26384033203124,52.40357666015623,80.90925292968751,0.8613191082721983,-1.0,-1.0,-1.0
36,7,235.34780822753905,334.79472656249993,55.51754150390624,82.05056762695307,0.8777714566719368,-1.0,-1.0,-1.0
37,7,238.21508056640624,332.77896606445313,62.54577026367187,86.10518188476561,0.8956604731212678,-1.0,-1.0,-1.0
38,7,241.17379211425782,330.7365032958984,58.285491943359375,85.47736816406251,0.8998208623513619,-1.0,-1.0,-1.0
39,7,246.70125549316407,328.28800231933593,52.77551879882813,86.86774291992191,0.892944518397087,-1.0,-1.0,-1.0
40,7,252.96414916992188,326.1689428710937,48.88894042968752,87.62601928710939,0.8928163241745324,-1.0,-1.0,-1.0
41,7,259.52990844726565,323.87160827636717,37.79478149414058,87.11087036132812,0.8908963160873888,-1.0,-1.0,-1.0
42,7,264.8340856933594,321.85968200683595,36.79315795898435,87.10197143554683,0.8952969517551423,-1.0,-1.0,-1.0
43,7,269.91821228027345,319.9297796630859,35.143341064453125,88.64604492187499,0.8905675002232201,-1.0,-1.0,-1.0
44,7,272.99754821777344,318.7761163330078,36.1917663574219,89.00485839843753,0.8704534737644813,-1.0,-1.0,-1.0
45,7,276.2901947021484,318.7973364257813,37.77434692382809,90.27949218749995,0.8912394887802861,-1.0,-1.0,-1.0
46,7,279.10040405273435,319.65366027832033,36.123211669921886,88.32985839843752,0.8829438267979697,-1.0,-1.0,-1.0
47,7,281.4814489746094,321.7473028564453,37.565826416015625,86.15994873046873,0.8566241497902993,-1.0,-1.0,-1.0
48,7,283.16503234863285,324.37934143066406,38.91225585937502,84.45102539062498,0.8474214611646573,-1.0,-1.0,-1.0
49,7,284.0741015625,326.8451293945312,47.26186523437502,81.72202148437498,0.8262207325454014,-1.0,-1.0,-1.0
50,7,284.03566589355466,328.4288031005859,50.73090820312501,80.52945556640623,0.8186356548002145,-1.0,-1.0,-1.0
51,7,286.7609234619141,329.50159606933596,54.761737060546864,81.35343017578123,0.8544132345833511,-1.0,-1.0,-1.0
52,7,292.07933349609374,329.63325622558597,58.83107299804692,81.96591796875003,0.8390806671349367,-1.0,-1.0,-1.0
53,7,298.09765502929685,329.48139770507817,49.04428710937498,73.50468749999999,0.7333642620630343,-1.0,-1.0,-1.0
54,7,304.4160955810547,329.32384826660154,41.213452148437455,69.63436889648432,0.7723836776438873,-1.0,-1.0,-1.0
55,7,311.34725463867187,328.912992553711,50.45092163085934,69.29670410156251,0.8089896597185344,-1.0,-1.0,-1.0
56,7,317.1456628417969,328.80295806884766,54.310638427734375,69.51088256835936,0.7295858568348912,-1.0,-1.0,-1.0
57,7,322.70963928222653,328.80554351806643,62.182397460937466,72.65236816406252,0.536107515958534,-1.0,-1.0,-1.0
58,7,329.7106768798828,328.8461627197265,57.97314147949216,75.07761840820315,0.536107515958534,-1.0,-1.0,-1.0
59,7,338.7604614257813,329.056640625,53.76388549804686,77.50286865234376,0.536107515958534,-1.0,-1.0,-1.0
60,7,349.4753723144532,329.7986801147461,49.55462951660155,79.92811889648439,0.536107515958534,-1.0,-1.0,-1.0
61,7,360.19028320312503,330.5407196044922,45.345373535156256,82.35336914062502,0.536107515958534,-1.0,-1.0,-1.0
62,7,371.5847204589844,330.14783935546876,41.13611755371095,84.77861938476563,0.536107515958534,-1.0,-1.0,-1.0
63,7,382.6766337890625,329.3738102416993,36.92686157226564,87.20386962890626,0.6680333241560419,-1.0,-1.0,-1.0
64,7,393.4660231933594,328.2186322631836,44.222332763671886,92.16864624023437,0.8151647396738326,-1.0,-1.0,-1.0
65,7,403.952888671875,326.6823054199219,47.11989990234376,87.92033203125,0.8151647396738326,-1.0,-1.0,-1.0
66,7,414.13723022460937,324.7648297119141,50.01746704101564,83.67201782226563,0.8151647396738326,-1.0,-1.0,-1.0
67,7,423.3395214843749,323.6011248779297,52.91503417968752,79.42370361328125,0.8151647396738326,-1.0,-1.0,-1.0
68,7,434.01694042968745,322.3258348388672,55.8126013183594,75.17538940429688,0.8151647396738326,-1.0,-1.0,-1.0
69,7,446.1694870605468,320.93895959472655,58.71016845703127,70.92707519531251,0.514584418134163,-1.0,-1.0,-1.0
70,7,459.7971613769531,319.44049914550783,48.10469970703125,70.04564208984374,0.514584418134163,-1.0,-1.0,-1.0
71,7,473.32828125,317.5834240722656,37.49923095703123,69.16420898437497,0.514584418134163,-1.0,-1.0,-1.0
72,7,485.12542236328125,315.9043670654297,26.893762207031216,68.2827758789062,0.4946966963239845,-1.0,-1.0,-1.0
73,7,496.96304809570313,314.3227844238281,32.94250488281256,70.15786743164062,0.6021854587138762,-1.0,-1.0,-1.0
74,7,508.46497009277334,313.43932342529297,51.04281005859377,75.11643676757808,0.628967088792205,-1.0,-1.0,-1.0
75,7,519.6311883544922,313.25398406982424,47.225830078125,77.09749145507811,0.6392799394518427,-1.0,-1.0,-1.0
76,7,530.5252752685548,313.5930880737305,37.70694580078123,73.43363342285153,0.6392799394518427,-1.0,-1.0,-1.0
77,7,542.9956915283203,313.31900665283206,28.18806152343745,69.76977539062494,0.4145068549377697,-1.0,-1.0,-1.0
78,7,552.4944378662109,313.1134634399414,30.891467285156185,81.23142700195308,0.7735458733341716,-1.0,-1.0,-1.0
79,7,560.8509082031248,312.65800048828123,41.31057128906252,70.52371215820312,0.4850245122840135,-1.0,-1.0,-1.0
80,7,568.8920434570311,311.9592041015625,42.61311035156257,69.56713256835934,0.4277597842885932,-1.0,-1.0,-1.0
81,7,579.0361376953124,311.09184448242183,56.64396972656243,83.37678222656245,0.725113029949469,-1.0,-1.0,-1.0
82,7,588.6046032714844,310.3899719238281,43.95465087890625,82.50930175781247,0.5817215195985881,-1.0,-1.0,-1.0
83,7,599.7229541015624,312.02410034179684,32.694873046875045,84.09204711914066,0.6198285928957681,-1.0,-1.0,-1.0
84,7,610.5976721191406,313.65778381347656,31.81596679687493,86.61857299804689,0.5757113636996252,-1.0,-1.0,-1.0
85,7,620.6475036621093,314.07665405273434,30.957055664062523,75.55094604492189,0.7028046971246411,-1.0,-1.0,-1.0
86,7,629.0216015624999,314.7263800048828,28.845703125,75.6199951171875,0.4749541302497242,-1.0,-1.0,-1.0
87,7,637.5101989746094,315.5022290039062,33.66408691406241,81.36458129882811,0.6928375118572454,-1.0,-1.0,-1.0
88,7,644.9340454101563,314.2993029785156,30.27084960937509,79.55277099609373,0.7756793585126331,-1.0,-1.0,-1.0
89,7,658.4663342285155,313.3359118652344,32.58468017578127,83.7059326171875,0.7640814397130669,-1.0,-1.0,-1.0
90,7,677.861378173828,313.8198376464844,35.5089111328125,85.43644409179689,0.622670741339828,-1.0,-1.0,-1.0
91,7,683.2426684570312,311.7133959960937,34.617700195312466,66.32976379394532,0.622670741339828,-1.0,-1.0,-1.0
92,7,690.2184265136718,311.30560546875,33.72648925781243,47.22308349609375,0.4702130938939852,-1.0,-1.0,-1.0
93,7,697.618212890625,310.6281500244141,41.6481811523438,91.6676147460937,0.699331413301806,-1.0,-1.0,-1.0
94,7,698.0719262695313,310.0264178466797,32.981396484374955,88.79507446289062,0.8022326714462729,-1.0,-1.0,-1.0
95,7,692.152393798828,309.40222412109375,35.519238281249955,92.3559631347656,0.8640829561771923,-1.0,-1.0,-1.0
96,7,698.762373046875,311.7318145751953,35.24897460937507,90.21159667968747,0.769244749259073,-1.0,-1.0,-1.0
97,7,703.5354272460938,312.8319470214844,44.33499755859384,92.65215454101563,0.8161637848583183,-1.0,-1.0,-1.0
98,7,707.6461376953125,314.0439532470703,57.16219482421877,91.97792358398436,0.8129152723640409,-1.0,-1.0,-1.0
99,7,716.5779455566405,315.12907287597653,58.36289062499998,92.68016967773434,0.9001489468772732,-1.0,-1.0,-1.0
100,7,724.5715979003905,315.7372155761719,55.392407226562455,92.02835083007812,0.8819085680908287,-1.0,-1.0,-1.0
101,7,733.7590576171875,315.4114709472656,34.336560058593705,90.43698120117182,0.8164072115904162,-1.0,-1.0,-1.0
102,7,742.8796545410156,315.0156774902344,36.38968505859373,91.21915283203124,0.8644234950050738,-1.0,-1.0,-1.0
103,7,753.0867333984374,314.43544555664056,39.003771972656295,93.8792724609375,0.8587380303921108,-1.0,-1.0,-1.0
104,7,757.8083605957031,313.74710266113277,41.20894775390627,94.244677734375,0.868023456455802,-1.0,-1.0,-1.0
105,7,764.0530883789063,313.85373046875,49.109436035156136,97.60116577148438,0.8363031976616426,-1.0,-1.0,-1.0
106,7,769.8301611328125,314.8614184570312,53.65206298828127,96.95500488281247,0.8196153474168071,-1.0,-1.0,-1.0
107,7,777.8584753417969,315.87904357910156,47.65572509765627,95.42290649414063,0.8100665315569984,-1.0,-1.0,-1.0
108,7,784.8265319824219,316.8860174560547,46.46260986328127,93.7344177246094,0.8395115315939705,-1.0,-1.0,-1.0
109,7,792.8196459960936,317.38475830078124,38.909838867187545,93.83131713867186,0.8631672236861121,-1.0,-1.0,-1.0
110,7,799.385020751953,317.19567810058595,41.319580078125,94.54877929687495,0.8776850669031688,-1.0,-1.0,-1.0
111,7,805.3516955566406,316.79262268066407,45.99558105468748,98.136474609375,0.8865692167940296,-1.0,-1.0,-1.0
112,7,810.7360620117187,316.8627209472656,47.91983642578134,101.18594970703124,0.8875447215826568,-1.0,-1.0,-1.0
113,7,817.0995959472655,317.3380444335938,52.22658691406252,103.69841308593747,0.8595374544122691,-1.0,-1.0,-1.0
114,7,823.4277209472655,318.1560205078125,41.87933349609375,100.38559570312503,0.8786810037409012,-1.0,-1.0,-1.0
115,7,830.9675280761719,318.6807495117188,40.7297241210938,99.68236083984374,0.7874932104308634,-1.0,-1.0,-1.0
116,7,838.7175366210937,319.2823278808593,38.12783203124991,99.53058471679684,0.7812554350760941,-1.0,-1.0,-1.0
117,7,844.5557592773437,319.5289929199219,41.10062255859384,102.00910034179684,0.832531547497446,-1.0,-1.0,-1.0
118,7,848.8857458496093,319.60457885742187,42.65936279296875,100.69595947265624,0.8165537587425078,-1.0,-1.0,-1.0
119,7,853.8299340820311,320.291630859375,44.93605957031252,102.83318481445308,0.8429364152857488,-1.0,-1.0,-1.0
120,7,857.7179956054686,321.5159197998047,47.30119628906255,104.53842773437498,0.8438516791626967,-1.0,-1.0,-1.0
121,7,863.491014404297,322.4906982421875,47.22440185546884,103.93170776367192,0.8617945841898234,-1.0,-1.0,-1.0
122,7,869.7652734374999,323.3750701904297,44.68930664062509,104.22020874023434,0.8735639006704545,-1.0,-1.0,-1.0
123,7,876.7709692382812,324.2466650390625,35.83114013671866,103.68347167968744,0.8256933170540037,-1.0,-1.0,-1.0
124,7,882.4945605468749,324.47986633300786,34.58507080078118,102.58566284179682,0.8419790426009044,-1.0,-1.0,-1.0
125,7,887.7825988769531,325.45225524902344,43.42587890625009,102.12319335937497,0.879715585117431,-1.0,-1.0,-1.0
126,7,890.8301733398437,326.33947814941405,49.24077758789053,102.90981445312497,0.8783811754714392,-1.0,-1.0,-1.0
127,7,894.2427575683593,327.64217651367187,52.379406738281205,100.33786010742188,0.8636935716990592,-1.0,-1.0,-1.0
128,7,896.5830102539061,328.9999932861328,52.834075927734375,101.26598510742184,0.8674691192154462,-1.0,-1.0,-1.0
129,7,900.3078369140625,329.9890869140625,45.15562133789058,98.74149169921871,0.858386464931769,-1.0,-1.0,-1.0
130,7,904.6572692871093,330.04994567871097,49.90523071289067,98.9241943359375,0.8531629527320916,-1.0,-1.0,-1.0
131,7,910.2265795898436,329.97881469726565,45.980255126953125,100.01832275390626,0.8677054718514299,-1.0,-1.0,-1.0
132,7,914.9162585449218,329.49966796875003,45.78986206054685,102.31545410156252,0.8648938980840271,-1.0,-1.0,-1.0
133,7,920.987841796875,329.25600769042967,44.10834960937496,107.1150512695312,0.8665097735942027,-1.0,-1.0,-1.0
134,7,925.6542517089844,329.5494195556641,43.70603027343748,106.11793212890626,0.8792255845481236,-1.0,-1.0,-1.0
135,7,930.4726025390624,330.1023229980469,42.17893066406248,98.5450561523437,0.8672756227497302,-1.0,-1.0,-1.0
136,7,934.1708642578124,330.92553955078125,42.43117675781252,99.03982543945312,0.8660779673012442,-1.0,-1.0,-1.0
137,7,937.9264306640623,331.7167803955078,42.43820800781248,97.5101440429687,0.8647861807643409,-1.0,-1.0,-1.0
138,7,941.0105346679687,332.25815917968754,43.28898925781255,102.27535400390629,0.8638818627397384,-1.0,-1.0,-1.0
139,7,944.8342163085938,332.88239135742185,50.337158203125,107.96599731445308,0.8797599850386852,-1.0,-1.0,-1.0
140,7,948.4460595703124,333.22044067382814,47.13134765625,107.04396972656248,0.8632119944598529,-1.0,-1.0,-1.0
141,7,950.2920593261717,333.43857421875003,44.26918945312502,107.33499755859371,0.861792392046894,-1.0,-1.0,-1.0
142,7,952.1796752929686,333.7419616699219,42.16245117187498,108.28795166015624,0.828926792216933,-1.0,-1.0,-1.0
