1,1,534.5625183105468,407.2817504882812,96.81657714843756,118.2052001953125,0.9468604642804016,-1.0,-1.0,-1.0
2,1,536.2151550292969,406.6556259155273,96.81657714843756,118.2052001953125,0.9468604642804016,-1.0,-1.0,-1.0
3,1,537.2555603027344,406.2097100830078,94.96175537109376,118.05040283203124,0.9435195967296012,-1.0,-1.0,-1.0
4,1,538.11404296875,405.3165216064453,92.05916748046876,116.11724853515624,0.9417163617928388,-1.0,-1.0,-1.0
5,1,538.7383300781249,404.45851135253906,91.724853515625,116.29750671386716,0.939951157358088,-1.0,-1.0,-1.0
6,1,538.8081262207031,403.99705810546874,96.16354980468748,116.37081298828129,0.9407655789069124,-1.0,-1.0,-1.0
7,1,538.0009826660156,403.8097412109375,96.65397949218745,116.292919921875,0.9429733029038728,-1.0,-1.0,-1.0
8,1,537.0325378417969,403.7924102783203,94.47308349609376,116.09744567871093,0.9391375244300484,-1.0,-1.0,-1.0
9,1,536.5368896484375,404.003150024414,92.39018554687505,116.46134033203124,0.9373703622987506,-1.0,-1.0,-1.0
10,1,537.1788098144532,404.29695190429686,89.81389160156255,115.79732666015629,0.9433629604475904,-1.0,-1.0,-1.0
11,1,538.3403063964844,404.7075823974609,90.76717529296876,115.46960449218756,0.9429566958609747,-1.0,-1.0,-1.0
12,1,539.1253674316406,404.959751586914,86.46306152343743,115.65738830566404,0.936682777790736,-1.0,-1.0,-1.0
13,1,540.6355920410157,405.14422302246095,85.27302246093757,114.07005615234368,0.9379942894164373,-1.0,-1.0,-1.0
14,1,542.1623950195312,404.9652227783203,93.03079833984371,114.82822265624998,0.9186041911448228,-1.0,-1.0,-1.0
15,1,543.7012939453125,404.4263598632812,92.89511718749998,115.26119384765629,0.9025495704920524,-1.0,-1.0,-1.0
16,1,546.24462890625,403.2561840820312,99.00263671874995,117.0099975585938,0.921457270664348,-1.0,-1.0,-1.0
17,1,550.5719567871093,402.0090216064453,95.72014160156256,117.63566894531245,0.9155774695231856,-1.0,-1.0,-1.0
18,1,555.4629052734375,400.62772705078123,90.84133300781252,120.28079223632812,0.9070456757023172,-1.0,-1.0,-1.0
19,1,561.0779516601563,399.6900329589844,84.86466064453123,121.93294372558596,0.8998001704256069,-1.0,-1.0,-1.0
20,1,566.2166088867187,399.610283203125,79.79644775390625,122.24501037597656,0.91398516403504,-1.0,-1.0,-1.0
21,1,569.6204150390624,400.6102972412109,76.25390625,121.7284606933594,0.9124597553280864,-1.0,-1.0,-1.0
22,1,571.08076171875,402.84593811035154,70.49893798828123,122.33594970703126,0.8867242931845709,-1.0,-1.0,-1.0
23,1,572.3178662109374,405.47245056152343,76.78597412109377,123.22268371582028,0.8879411545907416,-1.0,-1.0,-1.0
24,1,573.4734741210938,407.79556457519527,85.07658691406255,124.6686492919922,0.9061789215719144,-1.0,-1.0,-1.0
25,1,573.5780200195312,409.2551092529296,80.94583740234384,126.4919952392578,0.905484513702703,-1.0,-1.0,-1.0
26,1,573.2057922363281,409.6804504394531,79.79436035156243,128.52147216796874,0.897202365957753,-1.0,-1.0,-1.0
27,1,573.5044885253906,409.0986309814453,86.18323974609382,132.48489990234378,0.8831194041605244,-1.0,-1.0,-1.0
28,1,579.4932019042969,408.7788134765625,102.849609375,134.50539550781247,0.9169399163284632,-1.0,-1.0,-1.0
29,1,586.6038830566406,408.9841589355468,104.73563232421871,135.41901855468757,0.906614072353264,-1.0,-1.0,-1.0
30,1,593.6966015625,409.9102734375,79.53035888671877,133.53541259765626,0.8413116109841852,-1.0,-1.0,-1.0
31,1,601.8190576171876,411.53624999999994,61.0048828125,127.80318603515629,0.836949660720677,-1.0,-1.0,-1.0
32,1,609.6356323242187,414.09832763671875,75.58198242187507,122.97381591796876,0.8655121395869543,-1.0,-1.0,-1.0
33,1,610.7901196289062,416.2279669189453,72.81936035156252,129.23854980468747,0.8853136284032175,-1.0,-1.0,-1.0
34,1,610.3144445800781,417.56446472167966,79.80007324218752,129.93464355468743,0.8908019253993444,-1.0,-1.0,-1.0
35,1,610.6183154296875,418.0884191894531,79.64604492187505,129.41661071777344,0.8784287513847318,-1.0,-1.0,-1.0
36,1,611.6709045410155,417.9196746826172,82.4492065429688,131.54172363281248,0.8607355226441626,-1.0,-1.0,-1.0
37,1,613.3820471191406,416.7840948486328,80.39729003906245,126.16268005371091,0.8382170402626272,-1.0,-1.0,-1.0
38,1,617.2832373046874,415.54750671386716,72.8480346679687,131.7575225830078,0.8639340189777052,-1.0,-1.0,-1.0
39,1,621.5974365234375,414.56737243652344,69.55026855468748,133.8348999023438,0.8931455715600976,-1.0,-1.0,-1.0
40,1,626.9502612304688,412.9546234130859,76.45572509765634,133.7670867919922,0.8506462507884294,-1.0,-1.0,-1.0
41,1,631.980966796875,411.0133282470703,70.91597900390627,134.89409179687493,0.8342527509769653,-1.0,-1.0,-1.0
42,1,637.1248754882812,407.8897448730469,54.05855712890627,140.18063049316407,0.865884132705439,-1.0,-1.0,-1.0
43,1,640.1935656738281,404.40687561035156,52.853137207031295,143.7199310302734,0.8691719835709222,-1.0,-1.0,-1.0
44,1,643.3889282226562,399.47526672363284,41.871203613281295,146.19833679199223,0.8810331508111666,-1.0,-1.0,-1.0
45,1,644.2510913085937,395.1561895751953,42.70363769531241,145.24925537109374,0.8690583460627721,-1.0,-1.0,-1.0
46,1,643.8809729003906,391.28655761718744,47.79360351562491,143.89788208007815,0.8400478259087052,-1.0,-1.0,-1.0
47,1,642.9161645507812,388.73525207519526,72.0989868164063,141.24685363769527,0.7847901281450191,-1.0,-1.0,-1.0
48,1,642.6914282226562,386.69133911132815,64.70859374999998,134.54329833984377,0.874708601477117,-1.0,-1.0,-1.0
49,1,643.17076171875,386.6034924316406,64.12027587890623,132.16360473632812,0.8989905005881731,-1.0,-1.0,-1.0
50,1,645.2182177734375,387.47759216308594,83.49609375,129.1230560302734,0.7774547326459569,-1.0,-1.0,-1.0
51,1,647.7145092773437,387.95854064941403,93.35775146484366,128.88912963867188,0.8053206199889082,-1.0,-1.0,-1.0
52,1,650.2818823242187,387.65284057617185,89.13735351562502,124.07783203124995,0.8986107540349195,-1.0,-1.0,-1.0
53,1,653.189754638672,386.82669067382807,86.45295410156245,127.71243896484378,0.9121793749791712,-1.0,-1.0,-1.0
54,1,657.2820410156249,385.04900939941405,85.50802001953127,128.10709533691403,0.8978314220591059,-1.0,-1.0,-1.0
55,1,662.8698522949219,382.3580511474609,95.29552001953118,118.13189392089843,0.9210813359440664,-1.0,-1.0,-1.0
56,1,670.8790612792968,379.19658142089844,84.04628906250002,113.61761169433596,0.9197095199935176,-1.0,-1.0,-1.0
57,1,678.9694372558594,375.9344219970703,74.65682373046877,114.67886352539055,0.9089159389374116,-1.0,-1.0,-1.0
58,1,687.5890026855468,372.0618182373047,70.69207763671875,120.21998291015626,0.9039384948308822,-1.0,-1.0,-1.0
59,1,694.98509765625,368.61170471191406,72.38111572265632,123.79194030761715,0.893131155447719,-1.0,-1.0,-1.0
60,1,703.4139184570312,364.74537414550775,71.86849365234377,128.09402160644532,0.8926343718343617,-1.0,-1.0,-1.0
61,1,711.3023217773436,362.06374328613276,69.66331787109368,121.63719177246094,0.8422062094513052,-1.0,-1.0,-1.0
62,1,721.9454040527343,360.0281524658203,58.75949707031248,108.69450073242189,0.8363534413986642,-1.0,-1.0,-1.0
63,1,731.5594299316406,358.5139398193359,53.01254882812498,105.43743896484376,0.8821123535156659,-1.0,-1.0,-1.0
64,1,741.2844506835937,355.7719995117187,41.90668945312496,105.8248992919922,0.8785467460590368,-1.0,-1.0,-1.0
65,1,747.9556237792968,352.9485241699218,43.77908935546873,107.34848327636718,0.8971904207641046,-1.0,-1.0,-1.0
66,1,753.416630859375,349.8726544189453,41.49261474609375,113.1535217285156,0.8719568461700078,-1.0,-1.0,-1.0
67,1,756.0617871093749,346.7990753173828,47.48587646484373,115.56221923828122,0.8985131983910684,-1.0,-1.0,-1.0
68,1,760.3554418945312,343.1820245361328,53.988354492187455,106.45394897460938,0.9008449260800084,-1.0,-1.0,-1.0
69,1,764.2122473144531,340.69490112304686,55.67145996093757,107.17503662109374,0.9068176755431558,-1.0,-1.0,-1.0
70,1,769.9853979492187,338.5882452392578,46.733203125000045,110.8289794921875,0.9001636925203371,-1.0,-1.0,-1.0
71,1,775.3698083496093,336.4815948486328,45.05635986328127,110.01022338867188,0.8975958571500513,-1.0,-1.0,-1.0
72,1,781.4737463378906,334.5599377441406,41.40604248046873,110.77586059570314,0.8499495736922569,-1.0,-1.0,-1.0
73,1,785.6905297851562,333.7139630126953,48.5717651367188,111.46915283203124,0.8832862217366184,-1.0,-1.0,-1.0
74,1,789.867081298828,333.7470812988281,49.16250000000002,108.9652038574219,0.890373795493808,-1.0,-1.0,-1.0
75,1,792.8056713867187,334.37733947753907,48.73996582031248,107.76604614257808,0.8882746325684181,-1.0,-1.0,-1.0
76,1,795.8381835937499,335.09886657714844,50.0921630859375,103.93445434570316,0.890643556956352,-1.0,-1.0,-1.0
77,1,797.739345703125,335.85497314453124,48.74436035156248,102.82258300781253,0.9090688716170234,-1.0,-1.0,-1.0
78,1,798.5250549316406,335.0847985839843,46.53687744140632,102.7538635253906,0.9052723630295318,-1.0,-1.0,-1.0
79,1,798.7791796875,333.4045880126953,49.71335449218748,101.73109130859376,0.9019425264623068,-1.0,-1.0,-1.0
80,1,796.870557861328,330.29268859863276,47.77349853515625,98.56779785156247,0.7788365750890591,-1.0,-1.0,-1.0
81,1,794.3117761230468,326.88182373046874,46.3370361328125,99.53948364257808,0.7706155842213391,-1.0,-1.0,-1.0
82,1,791.7420629882812,322.9559088134765,56.97454833984375,104.77606201171876,0.7994117348591736,-1.0,-1.0,-1.0
83,1,789.4492492675781,320.3894311523437,52.21955566406257,103.22402343749997,0.8833840297787958,-1.0,-1.0,-1.0
84,1,785.9094323730468,318.42828918457036,47.13936767578127,102.9945739746094,0.8759099616016783,-1.0,-1.0,-1.0
85,1,784.2434106445312,317.9536083984375,49.82838134765632,103.14206542968748,0.8664109776112738,-1.0,-1.0,-1.0
86,1,781.2202368164062,318.1911932373047,53.70062255859375,96.02237548828124,0.8633402831927768,-1.0,-1.0,-1.0
87,1,777.3358337402343,319.10614013671875,53.876513671875045,95.52897949218747,0.9000331917184745,-1.0,-1.0,-1.0
88,1,773.8164184570312,319.864575805664,60.76175537109373,93.03684082031248,0.8842616870981601,-1.0,-1.0,-1.0
89,1,772.3003463745117,320.3540840148926,65.27790527343745,90.25784912109371,0.8615222442266841,-1.0,-1.0,-1.0
90,1,769.2952514648438,320.7962768554687,61.61824951171877,89.70161132812501,0.8840800998505074,-1.0,-1.0,-1.0
1,2,852.313311767578,391.23731689453126,73.89849243164065,109.23546752929684,0.9315130586686564,-1.0,-1.0,-1.0
2,2,850.0018249511718,391.91903228759764,73.89849243164065,109.23546752929684,0.9315130586686564,-1.0,-1.0,-1.0
3,2,848.104013671875,392.372841796875,78.71281127929683,107.30302734375,0.9195198611386955,-1.0,-1.0,-1.0
4,2,844.3972155761718,393.1451751708984,86.0596984863281,106.7466247558594,0.9122329688545036,-1.0,-1.0,-1.0
5,2,840.3091149902344,393.68414794921875,84.18537597656245,106.38693237304688,0.9052811078232564,-1.0,-1.0,-1.0
6,2,836.9804003906249,393.90259460449215,97.19044189453132,106.69452209472657,0.9285464256454076,-1.0,-1.0,-1.0
7,2,834.9573779296874,393.83004089355467,98.91557006835932,108.3267059326172,0.9120346419629968,-1.0,-1.0,-1.0
8,2,832.3361059570312,393.89421203613284,77.6710327148437,109.38880920410156,0.8472665486704152,-1.0,-1.0,-1.0
9,2,829.6630554199219,394.0659558105468,75.74392089843752,110.55910034179686,0.7050794533522264,-1.0,-1.0,-1.0
10,2,823.6387573242188,393.992138671875,67.33597412109373,109.05243530273437,0.7050794533522264,-1.0,-1.0,-1.0
11,2,814.5227416992187,393.70694458007813,58.92802734374993,107.54577026367184,0.5175995145806453,-1.0,-1.0,-1.0
12,2,801.0506909179687,393.73647033691407,68.45405273437495,110.77940368652344,0.708449351416867,-1.0,-1.0,-1.0
13,2,787.5678076171874,393.79156127929684,80.2508422851563,116.17369079589844,0.8018824760162211,-1.0,-1.0,-1.0
14,2,772.3778796386719,393.697880859375,107.49265136718748,113.63573913574214,0.8525274658215487,-1.0,-1.0,-1.0
15,2,765.0133044433594,393.8288763427734,101.49323730468755,111.3439910888672,0.8642191371525598,-1.0,-1.0,-1.0
16,2,758.7422863769532,393.6426086425781,79.84654541015618,111.10929565429684,0.791813000809217,-1.0,-1.0,-1.0
17,2,755.7511706542969,392.9815118408203,95.2160888671874,115.13770751953126,0.7399725842963889,-1.0,-1.0,-1.0
18,2,751.0273901367187,392.07834777832034,77.91888427734364,109.79148559570314,0.8237711627822577,-1.0,-1.0,-1.0
19,2,748.7618334960937,391.06370544433594,67.40408935546873,105.52005615234378,0.7713504950918875,-1.0,-1.0,-1.0
20,2,738.6536755371093,390.6045977783203,59.97359619140627,107.04377746582033,0.7767278088503815,-1.0,-1.0,-1.0
21,2,727.7590722656249,390.9714532470703,53.11219482421871,106.094970703125,0.8370079983570236,-1.0,-1.0,-1.0
22,2,714.7159606933594,392.320546875,60.39876708984377,111.24118652343748,0.858106577207959,-1.0,-1.0,-1.0
23,2,703.6866870117187,393.854501953125,70.83599853515625,117.47768554687502,0.8611099921226106,-1.0,-1.0,-1.0
24,2,690.8705419921874,395.9447717285156,80.3780639648437,114.5515594482422,0.853256082923636,-1.0,-1.0,-1.0
25,2,681.5942358398437,397.9464916992187,84.0860595703125,114.30689392089846,0.8546308876292912,-1.0,-1.0,-1.0
26,2,675.6604321289062,399.7550225830078,94.59953613281256,111.17548828125,0.8881177906766737,-1.0,-1.0,-1.0
27,2,672.839208984375,400.77975585937503,93.79544677734371,109.65091552734371,0.8738614823168369,-1.0,-1.0,-1.0
28,2,670.9531201171874,401.6798382568359,87.32581787109382,104.9619232177734,0.8857497694711007,-1.0,-1.0,-1.0
29,2,670.9689184570312,402.12214233398436,87.42788085937502,104.44899902343752,0.8928564162283692,-1.0,-1.0,-1.0
30,2,671.3163061523436,402.53506347656247,82.61971435546877,98.837841796875,0.926258408283509,-1.0,-1.0,-1.0
31,2,671.4680383300781,402.75866271972654,84.02607421875007,98.4642242431641,0.9283339369589534,-1.0,-1.0,-1.0
32,2,671.5244421386718,402.66514709472654,83.56025390625007,98.009033203125,0.9212303624097622,-1.0,-1.0,-1.0
33,2,672.0292419433592,402.5981304931641,81.35299072265627,97.45834350585938,0.9136249751511372,-1.0,-1.0,-1.0
34,2,673.2511083984375,402.4454205322266,80.22711181640625,98.068798828125,0.8966783197390527,-1.0,-1.0,-1.0
35,2,674.39091796875,402.13924804687497,75.21822509765616,97.91240844726563,0.9038903914525208,-1.0,-1.0,-1.0
36,2,676.7020898437501,401.9426477050781,72.79793701171877,97.75697937011722,0.8900486541656782,-1.0,-1.0,-1.0
37,2,679.667607421875,401.8511535644531,75.38609619140618,96.18307800292968,0.8609336873239215,-1.0,-1.0,-1.0
38,2,680.5729907226563,400.65086975097654,68.72354736328123,94.82332763671872,0.8718686129362538,-1.0,-1.0,-1.0
39,2,681.591983642578,398.7681372070312,66.2487670898438,95.4311462402344,0.8852708228744604,-1.0,-1.0,-1.0
40,2,677.7284326171875,394.35462158203126,74.56245117187495,101.06150207519534,0.8272401302351184,-1.0,-1.0,-1.0
41,2,671.940010986328,389.49049072265626,71.43925781249993,104.08458251953124,0.8581439108457616,-1.0,-1.0,-1.0
42,2,665.6242895507812,384.7758508300781,95.84890136718752,118.21736755371096,0.8629240450417797,-1.0,-1.0,-1.0
43,2,659.9864465332031,380.5052728271485,95.6950927734374,117.645556640625,0.6771846320640229,-1.0,-1.0,-1.0
44,2,652.7686486816407,376.7002459716797,63.02603759765623,89.20744628906249,0.7468851361584754,-1.0,-1.0,-1.0
45,2,647.4005749511718,375.1158142089844,63.330249023437545,93.5722595214844,0.7942480578450883,-1.0,-1.0,-1.0
46,2,640.9765063476563,373.7559979248047,74.75734863281252,107.6269592285156,0.7233735503898622,-1.0,-1.0,-1.0
47,2,635.9713549804687,372.49064208984373,88.33721923828125,109.36516113281247,0.7492269614068334,-1.0,-1.0,-1.0
48,2,631.6973107910155,371.4090875244141,62.3408203125,96.04849548339844,0.7285256297519567,-1.0,-1.0,-1.0
49,2,627.9341748046875,370.2363354492187,54.92636718749998,96.7880401611328,0.7519888046986587,-1.0,-1.0,-1.0
50,2,625.6521057128906,368.2443548583984,61.54617919921873,103.9517852783203,0.8420931001065313,-1.0,-1.0,-1.0
51,2,624.2510961914062,365.72276733398434,61.71734619140625,106.02149963378906,0.8049848163407027,-1.0,-1.0,-1.0
52,2,622.2760620117188,362.84977661132814,48.792590332031295,109.50075988769528,0.8566131341928731,-1.0,-1.0,-1.0
53,2,620.0778515625,360.06908752441404,49.623046875,112.78795166015624,0.8883375616232527,-1.0,-1.0,-1.0
54,2,617.4604467773437,357.22175537109376,44.31961669921873,104.96466979980464,0.8847958316577866,-1.0,-1.0,-1.0
55,2,615.7765173339843,355.425386352539,44.15756835937498,102.73853759765626,0.8808041769898409,-1.0,-1.0,-1.0
56,2,614.9867541503907,353.80198059082034,47.62177734374996,100.8649841308594,0.9016593594998312,-1.0,-1.0,-1.0
57,2,611.5397277832031,352.24083984374994,49.35915527343752,97.81468505859374,0.8772237622744754,-1.0,-1.0,-1.0
58,2,609.783046875,350.55914611816405,46.34714355468748,101.16331787109374,0.8664913861136725,-1.0,-1.0,-1.0
59,2,608.1558837890625,349.2340356445312,53.81455078124998,102.07902832031247,0.8759095504559582,-1.0,-1.0,-1.0
60,2,607.6958203125,346.991665649414,44.37388916015618,100.57846069335938,0.8826235209665363,-1.0,-1.0,-1.0
61,2,605.5882690429687,345.45366760253904,46.78549804687498,93.13835449218747,0.8172286603457479,-1.0,-1.0,-1.0
62,2,605.9299108886719,344.2309552001953,41.47932128906257,92.0900939941406,0.8529914045688116,-1.0,-1.0,-1.0
63,2,604.6631213378906,343.87058715820314,47.64374999999996,89.99675903320315,0.8526130706525166,-1.0,-1.0,-1.0
64,2,604.1164416503907,342.3692834472656,44.1179077148438,83.6669311523437,0.8941448981106888,-1.0,-1.0,-1.0
65,2,599.9063928222656,336.90943542480466,45.28850097656243,81.00362548828127,0.8804177511245435,-1.0,-1.0,-1.0
66,2,596.6110876464843,330.47498474121096,39.72052001953125,87.54318237304688,0.8767357472311126,-1.0,-1.0,-1.0
67,2,592.8257373046876,323.8104748535156,54.45670166015623,111.99814453124998,0.8799646381526713,-1.0,-1.0,-1.0
68,2,589.1787048339844,316.64096191406253,53.71424560546871,114.57240600585936,0.850103322338061,-1.0,-1.0,-1.0
69,2,585.904493408203,310.7775036621094,51.99367675781241,114.57965698242184,0.8683960922614844,-1.0,-1.0,-1.0
70,2,589.1027783203124,313.37635803222656,53.75379638671871,107.08406982421876,0.8309792967185885,-1.0,-1.0,-1.0
71,2,591.2692492675782,316.20249206542974,51.04116210937502,100.1964111328125,0.7525826251225496,-1.0,-1.0,-1.0
72,2,591.9555212402344,314.80928283691406,34.059704589843705,81.30975952148435,0.8386415752846332,-1.0,-1.0,-1.0
73,2,593.0888488769531,312.15857849121096,42.366467285156205,83.60952758789062,0.8221007144036143,-1.0,-1.0,-1.0
74,2,594.7390942382813,312.0160144042969,47.918627929687545,104.49283447265624,0.893376331771627,-1.0,-1.0,-1.0
75,2,592.5266564941406,307.9217834472656,45.28751220703134,109.5473693847656,0.8673359839093919,-1.0,-1.0,-1.0
76,2,592.2971630859374,303.7803717041015,39.47003173828125,92.1231079101562,0.8536837360295522,-1.0,-1.0,-1.0
77,2,593.7094006347655,303.4537866210938,41.305187988281205,91.71320800781244,0.8492666246839349,-1.0,-1.0,-1.0
78,2,596.3258276367187,304.6395520019531,39.48409423828127,91.18284301757814,0.8438322085160017,-1.0,-1.0,-1.0
79,2,598.089385986328,303.39933837890624,40.01044921875007,92.61221923828124,0.8148569240577217,-1.0,-1.0,-1.0
80,2,600.8013610839843,302.8867218017578,34.00125732421873,87.82816772460939,0.8203972397149428,-1.0,-1.0,-1.0
81,2,603.3154504394531,303.0386242675781,32.56182861328125,87.47072753906252,0.8437150583231734,-1.0,-1.0,-1.0
82,2,605.7514599609374,303.90316589355473,31.986364746093727,83.57025146484375,0.8441382764169383,-1.0,-1.0,-1.0
83,2,606.6771130371093,304.531435546875,30.520129394531185,83.5175170898437,0.8473781333891566,-1.0,-1.0,-1.0
84,2,607.7957739257812,304.3133074951172,30.889489746093773,83.36041259765625,0.8173988590675947,-1.0,-1.0,-1.0
85,2,608.9142260742187,303.94333740234373,31.17216796874993,83.57744750976559,0.8288406952095428,-1.0,-1.0,-1.0
86,2,611.9785986328125,303.4485461425781,33.86107177734368,85.60458984374998,0.8321733994196592,-1.0,-1.0,-1.0
87,2,615.0593298339843,302.7732275390625,30.757983398437545,82.96298217773432,0.7968559959935781,-1.0,-1.0,-1.0
88,2,617.6167602539061,302.2102331542969,26.16152343749991,71.42437133789065,0.7376184847228586,-1.0,-1.0,-1.0
89,2,619.7169342041016,302.31752700805663,26.97802734375,71.8199340820313,0.7332936703525874,-1.0,-1.0,-1.0
90,2,622.4121459960937,302.2262878417969,29.358325195312545,72.52932128906247,0.7265592506792835,-1.0,-1.0,-1.0
1,3,918.616845703125,399.97961425781244,79.59287109374998,126.84221191406247,0.9275711717779132,-1.0,-1.0,-1.0
2,3,912.3486190795898,400.96732406616206,79.59287109374998,126.84221191406247,0.9275711717779132,-1.0,-1.0,-1.0
3,3,907.9206701660156,401.2821990966796,91.72573242187502,125.0091430664063,0.9348077145306952,-1.0,-1.0,-1.0
4,3,899.9047265624998,401.655064086914,108.71240844726572,122.07576599121096,0.9387548561539204,-1.0,-1.0,-1.0
5,3,891.3210314941405,401.7587969970703,110.392822265625,123.49654541015629,0.9387004629205896,-1.0,-1.0,-1.0
6,3,881.7594104003905,401.20825012207035,106.05986938476563,125.02496337890624,0.9376838921197646,-1.0,-1.0,-1.0
7,3,871.2078002929687,399.89708679199214,101.38200073242184,124.1522094726563,0.9218606728239288,-1.0,-1.0,-1.0
8,3,858.5937377929688,398.2220233154297,58.035937500000045,126.41462402343753,0.775766883168103,-1.0,-1.0,-1.0
9,3,846.662255859375,397.0324951171875,82.53215332031243,126.629653930664,0.7281409906969216,-1.0,-1.0,-1.0
10,3,834.3695983886719,395.9695129394531,85.38530273437505,130.4379821777344,0.90442683039349,-1.0,-1.0,-1.0
11,3,823.4864868164062,395.00823669433595,87.91182861328127,129.46923522949214,0.9103821234795292,-1.0,-1.0,-1.0
12,3,813.9707336425781,394.35492370605465,89.37465820312502,129.34083251953132,0.8933869292553283,-1.0,-1.0,-1.0
13,3,806.2768103027344,394.4663031005859,92.1169555664062,132.1948333740234,0.8747860328998236,-1.0,-1.0,-1.0
14,3,796.5029553222656,396.09867919921874,92.15057373046876,135.41042175292972,0.8164150874265701,-1.0,-1.0,-1.0
15,3,782.2559948730468,396.0054986572265,75.82060546874993,136.83339843750002,0.8291064006996862,-1.0,-1.0,-1.0
16,3,769.6055017089843,396.2611889648437,87.83052978515627,129.9332153320313,0.7258768304806829,-1.0,-1.0,-1.0
17,3,756.1870092773437,396.03038818359374,76.1768920898437,135.2034393310547,0.7884969232357442,-1.0,-1.0,-1.0
18,3,737.0516271972656,395.8494158935547,73.30319824218748,136.02216796875,0.910499448501433,-1.0,-1.0,-1.0
19,3,719.4381042480469,394.5984246826171,88.921142578125,139.3450103759766,0.9209731726986092,-1.0,-1.0,-1.0
20,3,706.420030517578,395.33062499999994,107.58218994140624,130.92333068847654,0.8658967940459483,-1.0,-1.0,-1.0
21,3,693.70541015625,395.7769830322265,93.36972656249998,120.08908081054692,0.885340102894375,-1.0,-1.0,-1.0
22,3,684.0633911132812,396.2281750488281,81.04086914062498,117.32931518554688,0.9127401581325784,-1.0,-1.0,-1.0
23,3,680.2217358398436,396.28675964355466,65.97641601562498,116.52799987792967,0.88562736401461,-1.0,-1.0,-1.0
24,3,675.8425634765624,395.9133618164062,66.4134521484375,128.78020019531257,0.8608392969550636,-1.0,-1.0,-1.0
25,3,670.7532897949219,395.64631713867186,58.576245117187455,124.10941772460944,0.8124056793269219,-1.0,-1.0,-1.0
26,3,665.5414086914063,396.022587890625,53.98516845703125,137.21465148925785,0.8318468230460248,-1.0,-1.0,-1.0
27,3,660.4314697265625,397.27312866210934,56.43446044921882,129.94442138671872,0.8249935846978396,-1.0,-1.0,-1.0
28,3,655.223466796875,399.06216430664057,49.75620117187509,145.27350769042965,0.8137690039144232,-1.0,-1.0,-1.0
29,3,652.0611840820312,400.7329815673828,52.70767822265623,144.28311767578128,0.8251186620398272,-1.0,-1.0,-1.0
30,3,650.1974194335937,401.58544372558595,52.68339843749993,142.26119384765627,0.805295097186324,-1.0,-1.0,-1.0
31,3,648.4059997558593,401.77894042968745,49.7274169921875,142.48773193359375,0.8502883413202866,-1.0,-1.0,-1.0
32,3,647.3429296874999,401.56592651367185,50.78529052734382,147.6903076171875,0.8477049710669959,-1.0,-1.0,-1.0
33,3,647.3882373046874,401.29826110839844,51.33845214843757,146.6998901367187,0.8445990918062307,-1.0,-1.0,-1.0
34,3,647.4075183105468,401.38037292480465,52.528820800781205,141.55751953124997,0.7838630054400717,-1.0,-1.0,-1.0
35,3,648.1652453613281,402.13991271972657,51.73956298828125,143.84934997558594,0.8154524701745913,-1.0,-1.0,-1.0
36,3,650.580732421875,402.3054931640625,55.00766601562498,140.1986206054687,0.7729845853584862,-1.0,-1.0,-1.0
37,3,653.3114611816407,402.4343408203125,56.26680908203127,140.16621093749995,0.7905670009407224,-1.0,-1.0,-1.0
38,3,657.5202795410156,401.6678686523437,55.971936035156205,140.59657287597662,0.7888038101015127,-1.0,-1.0,-1.0
39,3,661.51828125,399.42567993164056,59.18104248046882,139.89946289062493,0.8255727471117495,-1.0,-1.0,-1.0
40,3,665.796357421875,399.8349755859375,60.11268310546871,146.67953796386723,0.8289854311294107,-1.0,-1.0,-1.0
41,3,668.1543530273436,401.0569024658203,62.11527099609373,153.0734985351562,0.8664222506210422,-1.0,-1.0,-1.0
42,3,669.6260375976562,402.66443298339846,66.95485839843752,139.61239013671877,0.8693347470472901,-1.0,-1.0,-1.0
43,3,670.6285070800781,405.3681353759765,71.22612304687493,137.51685791015626,0.8676684154072944,-1.0,-1.0,-1.0
44,3,673.1362133789062,409.35453552246094,83.76163330078123,133.56760253906253,0.9081728330375682,-1.0,-1.0,-1.0
45,3,675.8264135742187,410.6535809326171,81.92109375000007,125.1520477294922,0.9047022010139898,-1.0,-1.0,-1.0
46,3,683.6795947265624,411.5093170166016,87.44875488281241,119.86292724609376,0.9410221580488808,-1.0,-1.0,-1.0
47,3,693.7217358398437,411.80571166992183,85.84420166015616,117.49680175781252,0.9301948641853032,-1.0,-1.0,-1.0
48,3,703.0719250488281,410.7356323242187,75.16801757812493,117.4465942382812,0.8987016710897855,-1.0,-1.0,-1.0
49,3,710.9437170410156,409.0189251708984,69.44381103515616,118.49795837402344,0.917259532746698,-1.0,-1.0,-1.0
50,3,727.7561608886718,406.5473803710937,80.55131835937505,120.7439483642578,0.9290905275731234,-1.0,-1.0,-1.0
51,3,736.1075500488281,404.3746142578125,89.8616821289063,123.21603698730462,0.9169764897579178,-1.0,-1.0,-1.0
52,3,748.2234265136718,401.76110412597654,53.422229003906295,113.3659149169922,0.8635003580672596,-1.0,-1.0,-1.0
53,3,760.5395288085937,399.88675415039063,79.17374267578123,112.51796264648436,0.9087515501135036,-1.0,-1.0,-1.0
54,3,773.5848266601563,398.018853149414,71.12625732421873,115.30859985351566,0.902295550536344,-1.0,-1.0,-1.0
55,3,776.9406225585938,396.4257092285156,71.38190917968757,115.47504272460937,0.9145417541717292,-1.0,-1.0,-1.0
56,3,786.5445849609375,394.34431640624996,89.64030761718743,117.33074340820308,0.9198721619310888,-1.0,-1.0,-1.0
57,3,792.2806347656249,392.6115856933594,98.16767578124995,119.26164550781247,0.9327149520149014,-1.0,-1.0,-1.0
58,3,802.0990832519531,390.4512121582031,110.82974853515634,123.20430908203129,0.9351469656531536,-1.0,-1.0,-1.0
59,3,814.2216613769531,387.9257354736328,109.039306640625,125.58762817382808,0.927296093618736,-1.0,-1.0,-1.0
60,3,834.0936437988281,384.6678332519531,97.1987365722656,128.45247802734372,0.926903429065664,-1.0,-1.0,-1.0
61,3,852.8293652343749,381.7060290527344,87.4203002929687,132.38879699707024,0.9271693214773647,-1.0,-1.0,-1.0
62,3,872.5354431152343,377.8446862792968,61.20576782226567,137.6149383544922,0.9111289654570244,-1.0,-1.0,-1.0
63,3,888.4010083007812,374.4574310302734,62.57395019531248,138.83164672851558,0.9100930340490124,-1.0,-1.0,-1.0
64,3,903.7090722656251,371.78949462890625,66.09391479492183,143.85580444335932,0.902687338607656,-1.0,-1.0,-1.0
65,3,914.8162609863281,370.84903747558593,72.12897949218757,141.74684143066406,0.8943705789154421,-1.0,-1.0,-1.0
66,3,928.8698620605468,370.167017211914,81.97800292968748,135.90928344726564,0.9309387032836368,-1.0,-1.0,-1.0
67,3,942.1160229492186,370.7365045166016,65.13134765625,133.99502563476562,0.9053843135355776,-1.0,-1.0,-1.0
68,3,957.1307299804687,370.6989697265625,50.38527832031252,132.75823974609375,0.8916816658494326,-1.0,-1.0,-1.0
69,3,970.2159301757813,370.3311419677735,48.9539794921875,133.92037353515622,0.8901164863344135,-1.0,-1.0,-1.0
70,3,980.2811425781249,369.0938122558594,55.01667480468757,136.20426635742183,0.9053962516013812,-1.0,-1.0,-1.0
71,3,986.3453979492188,367.64781372070314,61.57001953125007,137.6084014892578,0.8854004240602187,-1.0,-1.0,-1.0
72,3,991.3989111328125,366.80035583496095,83.408203125,137.8875091552734,0.920837370026252,-1.0,-1.0,-1.0
73,3,994.2665625,367.0590563964844,90.08657226562492,138.78231811523438,0.9373107873769158,-1.0,-1.0,-1.0
74,3,999.9534814453125,368.67923767089843,101.1983642578125,134.58578796386718,0.934445935753466,-1.0,-1.0,-1.0
75,3,1007.343896484375,370.64109375,105.1754150390624,132.66482849121093,0.926826424154509,-1.0,-1.0,-1.0
76,3,1019.1219213867189,372.31376220703123,93.5694580078125,127.124560546875,0.9202345036975572,-1.0,-1.0,-1.0
77,3,1031.0027783203125,373.09211608886716,81.955810546875,125.07171020507808,0.9051994717796994,-1.0,-1.0,-1.0
78,3,1043.1727075195313,372.88156860351563,57.95815429687491,123.09180908203126,0.8821251913367192,-1.0,-1.0,-1.0
79,3,1052.1041748046875,371.3256188964844,53.62075195312491,127.46925659179686,0.8916215606920908,-1.0,-1.0,-1.0
80,3,1058.8270385742187,369.68628295898435,50.05458984374991,130.44204711914057,0.8922464313211087,-1.0,-1.0,-1.0
81,3,1060.6887377929686,368.25676391601564,49.59645996093741,132.14108276367188,0.8768034545159509,-1.0,-1.0,-1.0
82,3,1062.1914038085938,367.0426208496093,49.42880859374986,132.83591308593748,0.8732887547375867,-1.0,-1.0,-1.0
83,3,1063.371467285156,366.4170208740234,51.35009765625,133.3675964355469,0.8666662127585738,-1.0,-1.0,-1.0
84,3,1064.7315966796875,365.8871997070312,49.809375000000045,134.18140869140626,0.8729586847267612,-1.0,-1.0,-1.0
85,3,1066.3809521484375,365.3415856933594,48.79885253906241,134.64610290527344,0.8628415333748549,-1.0,-1.0,-1.0
86,3,1068.6926733398436,365.3741162109375,47.291088867187455,135.91958312988282,0.8573802114753803,-1.0,-1.0,-1.0
87,3,1070.2296166992187,365.3327911376953,45.40034179687496,136.26776733398435,0.8558327393608778,-1.0,-1.0,-1.0
88,3,1071.5635327148436,365.7254260253906,44.42695312499996,134.36471557617188,0.8680145304844373,-1.0,-1.0,-1.0
89,3,1072.4739807128904,366.00065689086915,46.65761718749991,134.90856628417964,0.8595268705763637,-1.0,-1.0,-1.0
90,3,1073.0802978515624,366.5717559814453,44.955395507812455,132.79905395507808,0.8691304908914397,-1.0,-1.0,-1.0
1,4,488.7790100097656,416.61661376953117,51.478967285156216,147.68044738769532,0.9198040291536068,-1.0,-1.0,-1.0
2,4,489.37983398437495,416.55357971191404,51.478967285156216,147.68044738769532,0.9198040291536068,-1.0,-1.0,-1.0
3,4,489.83242675781247,416.52959106445303,51.36514892578128,147.8563110351563,0.9181716080004776,-1.0,-1.0,-1.0
4,4,490.5898461914062,416.6266278076171,52.11903076171876,146.15299072265623,0.9203152177168938,-1.0,-1.0,-1.0
5,4,491.46829101562497,416.89443054199216,52.4794921875,145.21058349609382,0.916618100440438,-1.0,-1.0,-1.0
6,4,492.56547363281254,417.7139831542968,55.60971679687498,149.21433105468753,0.9103822415646796,-1.0,-1.0,-1.0
7,4,493.4260656738282,418.6072814941405,57.68690185546871,152.16627502441406,0.9151553505528796,-1.0,-1.0,-1.0
8,4,494.87073486328126,420.3984594726562,60.08455810546877,151.96506042480473,0.8930796093723252,-1.0,-1.0,-1.0
9,4,496.45887451171876,422.17783813476564,61.908947753906205,151.97629394531248,0.903779294864048,-1.0,-1.0,-1.0
10,4,498.5808178710937,424.8702026367188,64.70463867187499,150.58267822265623,0.8819325684058583,-1.0,-1.0,-1.0
11,4,499.99008911132813,427.1791278076172,61.751953125,153.9458129882812,0.8741502557019274,-1.0,-1.0,-1.0
12,4,499.69011840820315,429.9285662841797,60.13729248046877,148.6788848876953,0.8898817235776448,-1.0,-1.0,-1.0
13,4,498.46172607421875,431.7961157226562,81.04075927734368,147.38236083984373,0.8654655603014305,-1.0,-1.0,-1.0
14,4,497.134423828125,433.56517272949213,84.5473754882812,146.04631347656257,0.8376338936277428,-1.0,-1.0,-1.0
15,4,495.496142578125,433.7813232421875,98.17745361328129,146.16988220214847,0.8946611787398595,-1.0,-1.0,-1.0
16,4,495.3283374023437,433.10452148437497,101.81832275390622,145.36128845214847,0.9302310666817846,-1.0,-1.0,-1.0
17,4,496.7950122070312,431.5500549316406,103.65842285156248,148.33992919921877,0.9330770800003414,-1.0,-1.0,-1.0
18,4,501.503818359375,429.09779663085936,102.09177246093752,152.28017578125002,0.9056214820165458,-1.0,-1.0,-1.0
19,4,506.9691101074219,426.51332336425776,105.20980224609376,154.38251953125007,0.9116315698153628,-1.0,-1.0,-1.0
20,4,513.5991284179688,424.6886260986328,79.85489501953123,157.5679779052735,0.9210320672651768,-1.0,-1.0,-1.0
21,4,518.9508544921875,423.8232055664063,77.80594482421873,157.87595214843748,0.9045722467779528,-1.0,-1.0,-1.0
22,4,524.6849597167968,424.46704284667965,81.158203125,156.19075927734372,0.8585292465636876,-1.0,-1.0,-1.0
23,4,527.5704968261718,426.6833752441406,90.7021362304688,158.21243591308587,0.888079891043354,-1.0,-1.0,-1.0
24,4,531.0919885253907,430.62803283691403,102.64240722656244,149.9868621826172,0.916871105409669,-1.0,-1.0,-1.0
25,4,533.6528686523437,435.4338043212891,105.25605468749995,145.39680175781243,0.9225650717002764,-1.0,-1.0,-1.0
26,4,537.2434094238281,440.97751098632807,106.41840820312508,144.09593811035154,0.938207062313289,-1.0,-1.0,-1.0
27,4,539.7623986816407,445.0078070068359,103.29257812499998,139.44748535156248,0.9417790521468064,-1.0,-1.0,-1.0
28,4,542.7186987304688,446.8143768310547,100.97215576171868,134.50209960937502,0.948319706289908,-1.0,-1.0,-1.0
29,4,543.816309814453,446.65850830078125,105.35811767578129,136.15444335937502,0.9392806666073524,-1.0,-1.0,-1.0
30,4,543.3342407226562,445.1686633300781,107.81685791015629,141.7868041992187,0.9381568698351757,-1.0,-1.0,-1.0
31,4,540.9660498046875,442.75818603515626,104.6810302734375,141.84689941406248,0.9435934381356148,-1.0,-1.0,-1.0
32,4,536.8640515136718,440.0118896484375,88.27239990234375,140.59160156249993,0.9198988395278604,-1.0,-1.0,-1.0
33,4,531.1250793457032,438.04131591796875,76.60426025390632,135.34804687499997,0.9358748111349372,-1.0,-1.0,-1.0
34,4,524.2169311523437,434.8087921142578,70.37973632812509,138.5497924804688,0.9098420238553792,-1.0,-1.0,-1.0
35,4,518.1454907226562,431.15064147949215,68.9468994140625,142.39830322265624,0.8855852316315804,-1.0,-1.0,-1.0
36,4,512.4114074707031,426.4101342773438,70.92850341796873,149.16761169433596,0.8913393100009444,-1.0,-1.0,-1.0
37,4,512.0472216796875,422.26098815917965,73.6357543945312,145.81933593749994,0.8941163029682002,-1.0,-1.0,-1.0
38,4,512.2051171875,417.81483215332025,68.89471435546875,140.64897766113285,0.8802675280758336,-1.0,-1.0,-1.0
39,4,513.8518469238281,414.35337524414064,50.99326171874998,139.78517761230472,0.888034383245369,-1.0,-1.0,-1.0
40,4,515.3106225585938,410.6356457519531,48.85268554687491,134.68480224609374,0.9002929773524215,-1.0,-1.0,-1.0
41,4,517.8186254882812,407.3873565673828,46.45096435546873,136.47875976562494,0.9065810881867122,-1.0,-1.0,-1.0
42,4,517.4047375488282,403.7777380371093,48.63043212890625,121.0863647460938,0.8935746587207305,-1.0,-1.0,-1.0
43,4,517.4054626464844,400.91180053710934,46.4601928710938,129.287109375,0.916173872609864,-1.0,-1.0,-1.0
44,4,517.3398522949219,397.898091430664,44.30950927734375,117.32151489257808,0.9178462807743202,-1.0,-1.0,-1.0
45,4,517.8015417480468,395.1197479248047,42.9576416015625,117.9548217773438,0.9163290867629356,-1.0,-1.0,-1.0
46,4,518.1274401855469,391.8865374755859,46.36538085937502,118.40852966308591,0.9096289432769852,-1.0,-1.0,-1.0
47,4,518.3097583007813,388.75177001953125,52.02158203124998,120.68453979492188,0.912952245437424,-1.0,-1.0,-1.0
48,4,518.5639599609375,385.59599121093754,61.01839599609377,124.96354980468747,0.9012625080461518,-1.0,-1.0,-1.0
49,4,519.2838281249999,383.0915533447266,66.30260009765618,121.38467102050777,0.9014662727202136,-1.0,-1.0,-1.0
50,4,520.5216357421875,379.9030847167969,65.4377563476562,113.67086791992188,0.9129017101703738,-1.0,-1.0,-1.0
51,4,521.1930651855469,376.84192016601565,51.23265380859368,113.10507202148432,0.8632116888570138,-1.0,-1.0,-1.0
52,4,523.1916760253905,374.08349487304685,44.07912597656252,118.09410095214844,0.8444795691253226,-1.0,-1.0,-1.0
53,4,525.5672937011718,371.6836193847656,46.73177490234377,122.20257568359376,0.8841695643351883,-1.0,-1.0,-1.0
54,4,528.0994116210937,369.11045654296873,42.99301757812498,106.15317077636718,0.8777773712141155,-1.0,-1.0,-1.0
55,4,529.8773510742187,367.40181335449216,42.427111816406295,103.13426513671874,0.8762483633975116,-1.0,-1.0,-1.0
56,4,531.7202307128906,365.41014587402344,40.36464843750002,101.47675781249995,0.8709894103038707,-1.0,-1.0,-1.0
57,4,532.7031335449219,363.2974694824219,56.062573242187455,101.40084228515629,0.8046931162280835,-1.0,-1.0,-1.0
58,4,535.4648876953125,360.24841186523435,59.89987792968748,105.81053466796874,0.8961512581312654,-1.0,-1.0,-1.0
59,4,538.3584887695313,356.98724121093744,57.614611816406295,99.90411987304684,0.9001894211275214,-1.0,-1.0,-1.0
60,4,542.3035473632812,353.076328125,45.26663818359373,91.45349121093744,0.9125099773944428,-1.0,-1.0,-1.0
61,4,546.8497338867187,349.6759936523437,46.71749267578127,93.38966674804686,0.9085345444876792,-1.0,-1.0,-1.0
62,4,551.3367480468748,345.8193859863281,37.579943847656295,97.28514404296874,0.8964859398103187,-1.0,-1.0,-1.0
63,4,553.7740319824218,342.8377459716797,38.60200195312496,100.62333984375,0.912426201717814,-1.0,-1.0,-1.0
64,4,556.7217626953125,340.2264166259765,37.575549316406295,98.03507080078124,0.908325582488402,-1.0,-1.0,-1.0
65,4,559.2485961914061,338.8230120849609,39.71612548828125,93.42586669921872,0.8980467268857524,-1.0,-1.0,-1.0
66,4,561.5576257324219,338.10920837402347,36.30124511718748,88.03515014648434,0.8711801961909345,-1.0,-1.0,-1.0
67,4,563.6124755859375,337.43363708496094,35.71929931640625,83.37788085937495,0.8876303960428622,-1.0,-1.0,-1.0
68,4,566.9654150390625,335.5446368408203,38.137939453125,84.56791992187499,0.8865991531185387,-1.0,-1.0,-1.0
69,4,569.8409545898437,333.67444519042965,39.79742431640625,87.0671997070312,0.881382501411835,-1.0,-1.0,-1.0
70,4,572.2881262207031,331.00276245117186,36.34321289062496,90.00730590820314,0.8280842094480434,-1.0,-1.0,-1.0
71,4,574.7995458984375,327.0639331054687,34.92169189453125,83.95515747070311,0.7928265580361824,-1.0,-1.0,-1.0
72,4,577.5150007324219,323.5118291015625,36.248291015625,78.89287719726559,0.840065879910938,-1.0,-1.0,-1.0
73,4,579.1699863281249,320.962107788086,36.33486328125002,85.75812377929685,0.7823868854074298,-1.0,-1.0,-1.0
74,4,580.3729255371093,318.27201525878905,36.56363525390627,85.65535034179685,0.7823868854074298,-1.0,-1.0,-1.0
75,4,581.7595532226562,316.04178955078123,36.79240722656253,85.55257690429686,0.7823868854074298,-1.0,-1.0,-1.0
76,4,583.2294543457031,314.8831494140625,37.02117919921877,85.44980346679685,0.7823868854074298,-1.0,-1.0,-1.0
77,4,584.6993554687499,313.7245092773437,37.24995117187503,85.34703002929686,0.7823868854074298,-1.0,-1.0,-1.0
78,4,586.1692565917969,312.565869140625,37.47872314453127,85.24425659179686,0.7823868854074298,-1.0,-1.0,-1.0
79,4,587.6391577148437,311.40722900390625,37.70749511718752,85.14148315429686,0.7823868854074298,-1.0,-1.0,-1.0
80,4,589.1090588378905,310.2485888671875,37.936267089843774,85.03870971679686,0.7823868854074298,-1.0,-1.0,-1.0
81,4,590.5789599609374,309.0899487304688,38.16503906250002,84.93593627929687,0.7823868854074298,-1.0,-1.0,-1.0
82,4,592.0488610839843,307.93130859375003,38.39381103515628,84.83316284179686,0.7823868854074298,-1.0,-1.0,-1.0
83,4,593.5187622070312,306.7726684570312,38.62258300781252,84.73038940429687,0.7823868854074298,-1.0,-1.0,-1.0
84,4,594.988663330078,305.61402832031246,38.85135498046877,84.62761596679687,0.7823868854074298,-1.0,-1.0,-1.0
85,4,596.458564453125,304.45538818359375,39.080126953125024,84.52484252929688,0.7823868854074298,-1.0,-1.0,-1.0
86,4,597.9284655761719,303.296748046875,39.30889892578127,84.42206909179687,0.7823868854074298,-1.0,-1.0,-1.0
87,4,598.8101506347655,302.3371680908203,39.537670898437526,84.31929565429688,0.7823868854074298,-1.0,-1.0,-1.0
88,4,600.301810546875,301.65809545898435,39.76644287109377,84.21652221679688,0.8260083754432586,-1.0,-1.0,-1.0
89,4,600.8951467895508,301.2484323120117,40.82047119140623,84.1645568847656,0.8276252216974171,-1.0,-1.0,-1.0
90,4,601.3940734863281,300.9518737792969,41.3250732421875,82.32577514648438,0.7786964477995824,-1.0,-1.0,-1.0
1,5,401.34947204589844,318.4122528076172,51.80817260742191,98.42882080078124,0.9183948766110284,-1.0,-1.0,-1.0
2,5,402.85352554321287,318.46886444091797,51.80817260742191,98.42882080078124,0.9183948766110284,-1.0,-1.0,-1.0
3,5,403.91882995605465,318.59841796874997,48.12209472656252,98.27572631835938,0.9287171388156672,-1.0,-1.0,-1.0
4,5,405.6190960693359,318.7110498046875,44.285888671875,97.54694824218744,0.92132099476828,-1.0,-1.0,-1.0
5,5,407.48668945312494,318.81276672363276,43.46477050781249,97.4091796875,0.9172758623567104,-1.0,-1.0,-1.0
6,5,408.7260681152344,318.8981469726562,43.14649658203126,97.48157958984376,0.9088286257391508,-1.0,-1.0,-1.0
7,5,409.2758074951172,318.95509460449216,42.33394775390627,97.34661254882816,0.9092430548458736,-1.0,-1.0,-1.0
8,5,409.8897015380859,318.99165710449216,41.43581542968752,97.41318969726564,0.9132676355758632,-1.0,-1.0,-1.0
9,5,410.4186712646484,319.0135638427734,41.35627441406251,97.2746520996094,0.9137210474014844,-1.0,-1.0,-1.0
10,5,410.90215209960934,319.03699768066406,40.15936889648435,97.07151489257814,0.9106603140627384,-1.0,-1.0,-1.0
11,5,411.2982147216797,319.05439453124995,40.120697021484375,97.33419799804688,0.910088178328099,-1.0,-1.0,-1.0
12,5,411.76133239746093,319.0525708007812,39.35357666015625,97.41917724609374,0.9122254826347138,-1.0,-1.0,-1.0
13,5,412.10868713378903,319.01477783203126,39.64779052734372,97.35595092773434,0.9139140842465956,-1.0,-1.0,-1.0
14,5,412.53012817382813,318.9861804199219,39.911407470703125,97.57677612304684,0.9124060173139732,-1.0,-1.0,-1.0
15,5,412.9955364990234,319.18351684570314,39.74644775390624,97.3174987792969,0.9140672565563364,-1.0,-1.0,-1.0
16,5,413.63666564941406,319.4448870849609,39.416033935546864,97.98189697265622,0.908639148884081,-1.0,-1.0,-1.0
17,5,414.37544677734377,319.84867309570313,38.54641113281252,97.11661376953128,0.9054486658270556,-1.0,-1.0,-1.0
18,5,415.0258978271484,319.9391290283203,38.43989868164061,96.91600341796874,0.8984999844803454,-1.0,-1.0,-1.0
19,5,415.73242858886715,320.07010253906253,37.84334106445312,96.23551025390624,0.9063291556090292,-1.0,-1.0,-1.0
20,5,416.96356750488286,319.99168762207034,41.24179687499998,96.89963378906248,0.9133890930703998,-1.0,-1.0,-1.0
21,5,418.31249084472654,320.03712158203126,41.63263549804685,96.96450805664062,0.9127551878557404,-1.0,-1.0,-1.0
22,5,420.2723089599609,319.5630505371094,38.59749755859372,96.32076416015629,0.9026390651713464,-1.0,-1.0,-1.0
23,5,422.8345458984375,319.4195855712891,40.44056396484376,94.47984008789058,0.9006184193037114,-1.0,-1.0,-1.0
24,5,425.5415826416015,319.3850994873047,43.48520507812504,96.90089721679686,0.8879071222629022,-1.0,-1.0,-1.0
25,5,428.3911505126953,319.7753283691406,42.35800781249998,97.04718017578124,0.8862872509601978,-1.0,-1.0,-1.0
26,5,431.5776141357422,320.0616870117188,43.919659423828136,94.31070556640624,0.8910843770274255,-1.0,-1.0,-1.0
27,5,434.11786193847655,320.9126550292969,49.16368103027344,91.0677612304687,0.9104567400985673,-1.0,-1.0,-1.0
28,5,436.3580841064453,322.0308709716797,52.28635253906248,90.24675292968747,0.91703411781765,-1.0,-1.0,-1.0
29,5,438.4118682861328,322.8228369140625,54.26817626953124,89.0440795898437,0.9148596559068524,-1.0,-1.0,-1.0
30,5,439.7823852539062,323.00233154296876,63.910546874999966,87.60272827148435,0.9308378983684662,-1.0,-1.0,-1.0
31,5,440.4423229980469,322.84394714355466,64.90975341796872,89.32478027343751,0.926134726739452,-1.0,-1.0,-1.0
32,5,444.5875634765624,322.1514184570312,65.38315429687503,90.4055603027344,0.9257097140389304,-1.0,-1.0,-1.0
33,5,449.7230017089843,320.94112060546877,65.66319580078124,90.75327758789064,0.9255124564590992,-1.0,-1.0,-1.0
34,5,455.7918493652343,319.70215393066405,47.69011230468749,92.61881103515624,0.9082079291456466,-1.0,-1.0,-1.0
35,5,461.9858312988281,318.4561340332031,41.59467773437501,93.34138183593744,0.8913081504722342,-1.0,-1.0,-1.0
36,5,469.3258190917968,317.3559851074218,40.96241455078126,94.58091430664064,0.8925343891051511,-1.0,-1.0,-1.0
37,5,474.0187280273437,316.83967163085936,43.159570312499966,95.26448364257811,0.905403091265697,-1.0,-1.0,-1.0
38,5,477.73463378906246,317.27229125976567,42.10861816406253,95.9844177246094,0.8766402825973003,-1.0,-1.0,-1.0
39,5,480.51729492187496,318.2300628662109,40.57767333984373,93.67091674804686,0.8750465530930285,-1.0,-1.0,-1.0
40,5,484.7539855957031,320.0501788330078,55.60839843750006,89.61657714843744,0.9235096443569226,-1.0,-1.0,-1.0
41,5,488.9978393554687,322.2355133056641,61.16627197265626,89.0556701660156,0.9200843492156708,-1.0,-1.0,-1.0
42,5,493.0133422851562,324.3113854980469,58.62161865234373,83.44962158203123,0.8928095494908774,-1.0,-1.0,-1.0
43,5,496.66515380859374,325.4161706542969,62.05726318359376,84.67877197265625,0.904672196475076,-1.0,-1.0,-1.0
44,5,501.36739013671877,325.2508703613281,57.66207275390627,82.25150756835939,0.9203679719061596,-1.0,-1.0,-1.0
45,5,505.4317492675781,324.4096472167968,59.83264160156244,83.56212158203124,0.9176116233383312,-1.0,-1.0,-1.0
46,5,509.75410034179686,323.1556018066406,56.743176269531205,90.1679260253906,0.901643099212368,-1.0,-1.0,-1.0
47,5,514.7784777832031,321.8903009033203,53.22568359374998,87.91688232421876,0.8740779263578276,-1.0,-1.0,-1.0
48,5,520.2238732910157,321.92785766601554,54.58732910156243,97.28574829101564,0.8642957940814,-1.0,-1.0,-1.0
49,5,525.1177880859375,322.5732165527344,50.567980957031295,96.48001098632812,0.8774304236432044,-1.0,-1.0,-1.0
50,5,529.5240417480469,323.65424926757817,59.51777343749996,88.81276245117186,0.907920687972588,-1.0,-1.0,-1.0
51,5,533.3104577636719,325.08570190429685,60.096203613281205,93.48859863281244,0.8893251593154616,-1.0,-1.0,-1.0
52,5,535.0803332519531,326.08380432128905,56.99904785156252,89.0068359375,0.9088532187161924,-1.0,-1.0,-1.0
53,5,536.4882202148436,325.8302508544922,53.5090209960938,88.28624267578124,0.9166512101740096,-1.0,-1.0,-1.0
54,5,536.7769189453126,325.60175170898435,56.335034179687455,89.56065673828124,0.9078013279853928,-1.0,-1.0,-1.0
55,5,535.5574584960938,324.91534790039066,55.62542724609375,90.14403076171874,0.9002755820942276,-1.0,-1.0,-1.0
56,5,531.5447460937501,323.491470336914,58.33586425781255,94.09751586914064,0.8694070967500451,-1.0,-1.0,-1.0
57,5,528.1245043945312,322.2564202880859,60.21617431640618,91.56170654296876,0.809254546604123,-1.0,-1.0,-1.0
58,5,525.7129724121094,321.3190338134765,49.38958740234375,89.41717529296875,0.8208486077105661,-1.0,-1.0,-1.0
59,5,523.8110083007813,320.7590661621093,47.95334472656248,92.62875366210938,0.8299245895472929,-1.0,-1.0,-1.0
60,5,520.9687133789062,320.3826635742187,37.483154296875,85.67446289062497,0.8772376046510431,-1.0,-1.0,-1.0
61,5,519.15744140625,320.62665893554686,37.79549560546866,84.98485107421874,0.8587240210108291,-1.0,-1.0,-1.0
62,5,517.0200732421876,321.0262481689453,49.58393554687507,87.48176879882811,0.9065014386360596,-1.0,-1.0,-1.0
63,5,513.7942565917969,321.2267761230469,54.47208251953128,86.76699829101562,0.92415017719728,-1.0,-1.0,-1.0
64,5,510.5661328124999,321.16894409179685,55.13807373046871,85.14635009765624,0.924647577206514,-1.0,-1.0,-1.0
65,5,508.85693481445315,320.95449645996086,56.15474853515627,85.82277832031247,0.922171042189678,-1.0,-1.0,-1.0
66,5,506.94328125000004,320.4550964355468,51.588391113281205,88.47603149414061,0.9287184759467096,-1.0,-1.0,-1.0
67,5,505.3089001464844,319.8551385498047,54.30322265625,87.37289428710938,0.9254929780689594,-1.0,-1.0,-1.0
68,5,503.7156958007812,319.29319885253904,59.46899414062494,84.68355102539061,0.92194735175827,-1.0,-1.0,-1.0
69,5,502.161240234375,318.7735675048828,59.51249999999993,85.01253662109372,0.9197142159344516,-1.0,-1.0,-1.0
70,5,501.8747827148438,317.9654241943359,60.69287109374994,85.10603027343745,0.9239184080598336,-1.0,-1.0,-1.0
71,5,502.9944104003906,317.46451904296873,60.386242675781205,86.03547363281245,0.9249953113022684,-1.0,-1.0,-1.0
72,5,504.2832934570312,317.10526062011724,55.65267333984377,87.42788085937497,0.9311048571840956,-1.0,-1.0,-1.0
73,5,505.4814624023437,316.1283563232422,52.28162841796882,86.6964111328125,0.9336004566578991,-1.0,-1.0,-1.0
74,5,506.5564965820312,314.954126586914,50.09501953124999,86.15802612304685,0.9214658270121276,-1.0,-1.0,-1.0
75,5,506.65181396484377,313.6333172607422,50.58094482421876,89.56554565429684,0.910568316649318,-1.0,-1.0,-1.0
76,5,507.3589599609375,311.99094360351563,51.553015136718784,91.49952392578126,0.9234183947101648,-1.0,-1.0,-1.0
77,5,508.68908569335935,309.91601623535155,52.71416015624993,94.12393798828124,0.9221488789684004,-1.0,-1.0,-1.0
78,5,512.2188500976562,307.62841003417964,47.45819091796875,93.52122802734374,0.9211136560052856,-1.0,-1.0,-1.0
79,5,517.3294042968749,305.71550354003904,43.82303466796873,94.74823608398437,0.914874226758478,-1.0,-1.0,-1.0
80,5,523.66078125,304.23047607421876,35.00222167968752,97.18813476562497,0.8802628415848623,-1.0,-1.0,-1.0
81,5,529.34818359375,303.2778845214844,29.21539306640625,96.91116943359371,0.8643277586690132,-1.0,-1.0,-1.0
82,5,534.1693579101562,303.6480303955078,27.704992675781227,99.13145141601564,0.798354871255043,-1.0,-1.0,-1.0
83,5,536.9585339355469,304.8688201904297,29.832604980468773,95.64279785156248,0.8484832001110796,-1.0,-1.0,-1.0
84,5,538.2303881835938,306.7340679931641,40.386401367187545,92.12761230468747,0.881515187736376,-1.0,-1.0,-1.0
85,5,538.3447009277344,308.52935485839845,42.83195800781243,90.78425903320311,0.8708242759962985,-1.0,-1.0,-1.0
86,5,539.0967041015624,309.9180651855469,55.48974609375,89.45359497070314,0.90849531958807,-1.0,-1.0,-1.0
87,5,540.3256127929687,310.3278936767578,57.97342529296873,87.708251953125,0.93074610687745,-1.0,-1.0,-1.0
88,5,543.211962890625,310.9112292480469,55.38405761718752,87.57806396484375,0.9322573880379004,-1.0,-1.0,-1.0
89,5,544.4492843627929,310.7884872436523,53.8758544921875,87.8960083007812,0.9197656616833604,-1.0,-1.0,-1.0
90,5,546.469317626953,310.70672607421875,47.99750976562507,87.6609008789062,0.8519448087623971,-1.0,-1.0,-1.0
1,6,306.8783752441406,311.37135314941406,33.08208618164059,87.85255737304686,0.9030542230509652,-1.0,-1.0,-1.0
2,6,307.07350158691406,311.7481498718262,33.08208618164059,87.85255737304686,0.9030542230509652,-1.0,-1.0,-1.0
3,6,307.2821484375,311.8312188720703,33.65090332031252,87.21287841796874,0.9009078701849303,-1.0,-1.0,-1.0
4,6,307.62898132324216,312.08208618164065,33.03753662109375,86.0443176269531,0.8994995484875261,-1.0,-1.0,-1.0
5,6,308.070263671875,312.3876434326172,32.647247314453125,86.7468383789062,0.9004162618056455,-1.0,-1.0,-1.0
6,6,308.8561486816406,312.57391662597655,33.24418945312499,86.59105224609374,0.9013265658845172,-1.0,-1.0,-1.0
7,6,309.5872943115234,312.56384765625,34.62593994140627,85.91874389648433,0.903538120374474,-1.0,-1.0,-1.0
8,6,310.7055047607422,312.5459893798828,35.33757934570315,85.5493286132812,0.8978751714518829,-1.0,-1.0,-1.0
9,6,311.71773010253906,312.35739257812503,36.228680419921886,85.27818603515624,0.8928797912042334,-1.0,-1.0,-1.0
10,6,312.90730224609376,312.42775451660157,39.3118835449219,86.47360839843748,0.9147995211218714,-1.0,-1.0,-1.0
11,6,313.9723059082031,312.53345947265626,40.35091552734377,87.02352905273432,0.9181835565187236,-1.0,-1.0,-1.0
12,6,315.45410339355465,312.69282714843746,40.18716430664063,85.54520874023439,0.9169127511218846,-1.0,-1.0,-1.0
13,6,316.63112365722657,313.0144464111328,42.94248046874998,85.23890991210936,0.9179024766363676,-1.0,-1.0,-1.0
14,6,318.1682647705078,313.23623840332027,42.115814208984375,84.75078735351559,0.9153685769918772,-1.0,-1.0,-1.0
15,6,319.5838311767578,313.31758666992187,40.97466430664065,84.68294677734372,0.911452695181115,-1.0,-1.0,-1.0
16,6,321.270902709961,312.69515624999997,39.655371093750034,86.12330932617186,0.9161270552952488,-1.0,-1.0,-1.0
17,6,322.53094116210934,311.7687066650391,39.57533569335936,85.2489074707031,0.9129941754035756,-1.0,-1.0,-1.0
18,6,324.0211047363281,310.9223034667969,36.842816162109386,88.0823913574219,0.907861590407304,-1.0,-1.0,-1.0
19,6,325.34607788085935,310.40277648925786,36.64588623046876,89.27226562499999,0.9071406770255592,-1.0,-1.0,-1.0
20,6,327.278589477539,309.7788354492187,34.41038818359374,88.78233032226558,0.9044054386753864,-1.0,-1.0,-1.0
21,6,328.92311645507806,309.90733703613284,33.079119873046864,88.44856567382811,0.8907219454588216,-1.0,-1.0,-1.0
22,6,330.69554626464844,310.2373333740235,29.19935302734376,86.04014282226564,0.8771282857765357,-1.0,-1.0,-1.0
23,6,332.0990936279297,310.4464251708984,31.4631408691406,85.50252685546872,0.8916018551294584,-1.0,-1.0,-1.0
24,6,333.51680236816406,310.6359832763672,32.813195800781216,88.23856201171873,0.8955727217837861,-1.0,-1.0,-1.0
25,6,334.46644409179686,310.84291076660156,33.96807861328125,89.01985473632811,0.8971415089864934,-1.0,-1.0,-1.0
26,6,335.558935546875,311.01571472167973,35.883654785156295,89.23090209960935,0.8983116863202127,-1.0,-1.0,-1.0
27,6,336.4375396728516,311.2473779296875,35.093243408203136,88.57452392578125,0.9015343079627912,-1.0,-1.0,-1.0
28,6,337.35902893066407,311.52905639648435,34.342327880859386,88.33694458007812,0.9061100559957892,-1.0,-1.0,-1.0
29,6,338.1825860595703,311.7210479736328,34.03916015624998,88.79084472656245,0.9066441674982536,-1.0,-1.0,-1.0
30,6,338.82119934082027,311.81193786621094,33.593060302734386,88.56315307617189,0.9108654304436712,-1.0,-1.0,-1.0
31,6,339.29850036621093,311.70846313476557,32.79803466796875,88.25921630859375,0.9111177098803864,-1.0,-1.0,-1.0
32,6,339.8067443847656,311.494224243164,32.13555908203125,88.14034423828122,0.909070128743565,-1.0,-1.0,-1.0
33,6,340.3184985351562,311.24393371582033,31.879138183593795,89.02271118164066,0.9070068206132476,-1.0,-1.0,-1.0
34,6,340.8271765136718,311.17215454101563,32.584735107421864,88.93800659179686,0.9025886205219252,-1.0,-1.0,-1.0
35,6,341.2620263671875,311.1934130859375,33.3072509765625,88.88609619140624,0.8961106796496985,-1.0,-1.0,-1.0
36,6,341.5969830322266,311.6769653320313,37.22426147460936,89.09274902343753,0.9089373764020684,-1.0,-1.0,-1.0
37,6,341.91929443359373,312.27213317871093,36.710430908203136,88.51256103515624,0.9124421337024272,-1.0,-1.0,-1.0
38,6,342.2787396240234,312.9698803710937,36.59771118164065,87.83333129882811,0.9101534874504223,-1.0,-1.0,-1.0
39,6,342.48487060546876,313.51357177734377,36.23851318359374,88.64857177734376,0.907788651972666,-1.0,-1.0,-1.0
40,6,342.64067321777344,313.9067999267578,35.114666748046886,89.44810180664058,0.9069306922934252,-1.0,-1.0,-1.0
41,6,342.7210546875,313.95618347167965,35.35114746093751,89.42228393554689,0.9052986013961616,-1.0,-1.0,-1.0
42,6,342.56280212402345,313.9819903564453,35.65667724609375,89.90584716796872,0.9068668637621684,-1.0,-1.0,-1.0
43,6,342.26022766113283,313.90612976074215,36.72405395507815,89.68403320312495,0.9004642602942496,-1.0,-1.0,-1.0
44,6,341.874849243164,313.91189758300777,36.87555541992185,89.5127014160156,0.8968016943135595,-1.0,-1.0,-1.0
45,6,341.44481689453124,314.0110382080078,36.53470458984378,89.44530029296874,0.8942548757753102,-1.0,-1.0,-1.0
46,6,341.0426513671875,314.1047076416015,36.76442871093752,87.958740234375,0.8985276770943074,-1.0,-1.0,-1.0
47,6,340.8103454589844,314.19971740722656,36.97311401367188,88.69026489257811,0.8915000598418885,-1.0,-1.0,-1.0
48,6,340.60756530761716,314.2341705322266,36.78546752929685,88.54326782226565,0.8909754378968664,-1.0,-1.0,-1.0
49,6,340.4432318115234,314.18467712402344,36.5833740234375,89.01513061523434,0.8923152582937988,-1.0,-1.0,-1.0
50,6,340.2697796630859,314.1758441162109,35.606414794921875,89.52220458984374,0.8902247732397512,-1.0,-1.0,-1.0
51,6,340.1180145263671,314.151416015625,35.744952392578114,89.14394531250002,0.8902590144087164,-1.0,-1.0,-1.0
52,6,339.97402221679687,314.26747558593746,35.55296630859374,88.35161132812499,0.8873597887331925,-1.0,-1.0,-1.0
53,6,339.76720458984374,314.5358935546875,35.020678710937545,88.82188110351558,0.8862078437478189,-1.0,-1.0,-1.0
54,6,339.51930358886716,314.79756042480466,34.81726684570316,87.0897216796875,0.8912390536772286,-1.0,-1.0,-1.0
55,6,339.29662170410154,315.02112670898435,35.071270751953136,86.85521850585934,0.8930072057520633,-1.0,-1.0,-1.0
56,6,338.94684448242185,315.14674987792966,35.73072509765626,86.8793884277344,0.8890079778387623,-1.0,-1.0,-1.0
57,6,338.5311987304687,315.15259460449215,36.058502197265625,87.03973388671875,0.8916095332107261,-1.0,-1.0,-1.0
58,6,338.0016302490234,315.16274597167967,36.687908935546886,87.65952758789064,0.8891324901779285,-1.0,-1.0,-1.0
59,6,337.4010406494141,315.1274194335937,36.5877685546875,87.66936035156249,0.885586667488635,-1.0,-1.0,-1.0
60,6,336.7120660400391,315.1375103759766,37.47612304687499,87.00188598632809,0.8962813939956078,-1.0,-1.0,-1.0
61,6,336.31994201660154,315.6703088378906,37.549237060546886,87.32664184570314,0.8952895993973229,-1.0,-1.0,-1.0
62,6,335.98466674804683,316.7300994873047,37.995227050781295,86.07293701171875,0.9029630251370548,-1.0,-1.0,-1.0
63,6,335.94519287109375,318.08310974121093,36.71444091796877,82.99945678710941,0.8939758184445594,-1.0,-1.0,-1.0
64,6,336.23408386230466,319.66264709472654,35.57933349609374,83.15919799804686,0.8616452567133699,-1.0,-1.0,-1.0
65,6,336.7262933349609,321.0742584228515,34.96437377929692,81.31931762695314,0.8556199343032524,-1.0,-1.0,-1.0
66,6,337.16755920410156,321.5364038085937,38.09663085937501,80.76066284179689,0.8636597856879789,-1.0,-1.0,-1.0
67,6,337.7074768066406,321.26180053710937,35.086376953124955,81.53234252929684,0.8562254205037192,-1.0,-1.0,-1.0
68,6,338.846401977539,320.5132360839844,36.63654785156251,84.36972656249998,0.8694134556275124,-1.0,-1.0,-1.0
69,6,340.20355957031245,319.68419677734374,36.93356323242188,84.56407470703124,0.8823932210171144,-1.0,-1.0,-1.0
70,6,342.5527221679687,318.94837646484376,34.496630859375045,84.26865234374998,0.8784860708046267,-1.0,-1.0,-1.0
71,6,345.07282104492185,317.5060748291015,33.84481201171877,79.48981933593745,0.8280138864563469,-1.0,-1.0,-1.0
72,6,347.9986779785156,315.82543029785154,33.095379638671886,75.64037475585934,0.8394422184139216,-1.0,-1.0,-1.0
73,6,350.5023907470703,314.18939575195316,38.968505859375,82.29699096679684,0.840946818067696,-1.0,-1.0,-1.0
74,6,353.0127667236328,312.12614685058594,41.550128173828114,81.12271728515623,0.8564788184803334,-1.0,-1.0,-1.0
75,6,355.56047973632815,310.0331744384765,44.651568603515614,80.91535034179685,0.8743387902900963,-1.0,-1.0,-1.0
76,6,359.771577758789,310.28091613769527,44.14899902343751,79.85813598632814,0.889767867131539,-1.0,-1.0,-1.0
77,6,364.7079766845703,310.7758996582031,40.13909912109375,75.84944458007811,0.8830173333213196,-1.0,-1.0,-1.0
78,6,369.9602874755859,311.08731262207027,32.40258178710934,70.53228149414059,0.7974823206829953,-1.0,-1.0,-1.0
79,6,375.0559387207031,311.7830712890625,29.78184814453124,71.67667236328123,0.8132180742911892,-1.0,-1.0,-1.0
80,6,379.957066040039,311.5333520507812,38.93911743164063,73.01557617187495,0.8375314425609339,-1.0,-1.0,-1.0
81,6,384.29718749999995,309.85101013183595,42.19227905273437,72.50734863281252,0.8592690107134544,-1.0,-1.0,-1.0
82,6,390.3315051269531,308.336044921875,47.791241455078136,77.0080627441406,0.8711507570642709,-1.0,-1.0,-1.0
83,6,396.95036132812504,306.92280761718746,47.640344238281216,70.85566406250001,0.8429399532259261,-1.0,-1.0,-1.0
84,6,406.1770477294922,305.2363073730469,38.770916748046886,73.28529052734376,0.854548787612277,-1.0,-1.0,-1.0
85,6,415.2191473388672,304.691748046875,34.182696533203114,72.65934448242189,0.8267580970961639,-1.0,-1.0,-1.0
86,6,423.30477722167973,304.4069659423828,26.86492309570309,73.18663330078124,0.7549147433609562,-1.0,-1.0,-1.0
87,6,429.1029766845703,303.8568090820312,27.930157470703136,71.59317626953123,0.789015683637146,-1.0,-1.0,-1.0
88,6,435.77169433593747,303.4157849121094,40.6059631347656,71.16459960937499,0.8211429083085058,-1.0,-1.0,-1.0
89,6,437.64654006958006,303.3594635009766,43.89249572753903,72.94229736328123,0.8835758596644254,-1.0,-1.0,-1.0
90,6,439.575942993164,302.9972351074219,43.128698730468784,73.42849731445312,0.863344373584745,-1.0,-1.0,-1.0
