1,1,1028.1696899414062,366.9755218505859,54.829248046875136,147.66948852539065,0.9185875510718944,-1.0,-1.0,-1.0
2,1,1028.2540100097656,366.96876525878906,54.829248046875136,147.66948852539065,0.9185875510718944,-1.0,-1.0,-1.0
3,1,1028.496730957031,366.82315246582027,55.72243652343741,146.2904022216797,0.9254276655951728,-1.0,-1.0,-1.0
4,1,1028.92201171875,366.3758441162109,56.21022949218741,145.75465393066412,0.927726703968652,-1.0,-1.0,-1.0
5,1,1029.5418164062498,365.5096655273437,57.18208007812496,145.0421905517578,0.9255609759872244,-1.0,-1.0,-1.0
6,1,1030.3506518554689,364.40425964355467,57.66547851562496,145.24464111328126,0.926225991778967,-1.0,-1.0,-1.0
7,1,1031.911259765625,363.12170471191405,59.22048339843741,145.9316986083984,0.926219908324498,-1.0,-1.0,-1.0
8,1,1033.53416015625,361.7113018798828,58.55427246093768,145.3144592285156,0.9249595334070762,-1.0,-1.0,-1.0
9,1,1035.838981933594,360.50346496582034,56.691650390625,139.7253021240234,0.9175779134451963,-1.0,-1.0,-1.0
10,1,1038.305390625,359.77929565429685,58.3154296875,140.3455902099609,0.9244749508598532,-1.0,-1.0,-1.0
11,1,1041.2623828125002,359.1403472900391,57.60615234374996,140.06700439453124,0.9257103598866934,-1.0,-1.0,-1.0
12,1,1043.6333642578124,358.69703796386716,58.073071289062455,140.43663940429684,0.910740520037038,-1.0,-1.0,-1.0
13,1,1045.9666406249999,358.1518304443359,57.86037597656264,140.3513580322266,0.9273796248183714,-1.0,-1.0,-1.0
14,1,1047.524523925781,357.4607464599609,58.5076904296875,139.8798797607422,0.9238988368203636,-1.0,-1.0,-1.0
15,1,1049.914665527344,356.286187133789,61.3531494140625,142.47715759277344,0.9168480907409488,-1.0,-1.0,-1.0
16,1,1052.2356372070312,355.0602172851562,63.848803710937545,144.09376831054686,0.8997260020830957,-1.0,-1.0,-1.0
17,1,1055.3183349609376,353.68291625976565,61.12485351562509,139.50318603515626,0.9015355474787086,-1.0,-1.0,-1.0
18,1,1058.3502099609373,352.4548370361328,59.37692871093759,139.83156738281247,0.9203360602149786,-1.0,-1.0,-1.0
19,1,1061.8745361328124,351.57712829589843,56.825244140625045,134.58238220214844,0.9203969956049568,-1.0,-1.0,-1.0
20,1,1064.488293457031,351.0320745849609,57.36467285156255,135.63489990234376,0.9235059549703236,-1.0,-1.0,-1.0
21,1,1067.252783203125,350.4753753662109,56.91005859374991,134.69370117187498,0.922689250739662,-1.0,-1.0,-1.0
22,1,1069.2257739257814,349.95676574707034,56.52883300781264,134.8295471191406,0.9160371153513084,-1.0,-1.0,-1.0
23,1,1071.2019726562498,349.3928704833984,55.455468750000136,135.29701538085936,0.917467623676096,-1.0,-1.0,-1.0
24,1,1072.8468896484374,348.84941528320314,54.863525390625,135.51918640136716,0.9222277563951272,-1.0,-1.0,-1.0
25,1,1074.4575952148439,347.9865655517578,55.70529785156237,136.0215637207031,0.92410223716265,-1.0,-1.0,-1.0
26,1,1075.4719409179686,347.28742858886716,55.35395507812518,132.71921081542968,0.9169760215655174,-1.0,-1.0,-1.0
27,1,1076.8529003906249,346.36903198242186,54.965478515625136,133.51456604003903,0.920740941657165,-1.0,-1.0,-1.0
28,1,1078.4414355468748,345.49148803710943,54.52119140625018,131.6608154296875,0.9217618386782293,-1.0,-1.0,-1.0
29,1,1080.26736328125,344.46058044433596,53.4287109375,128.85787353515622,0.9219557292284364,-1.0,-1.0,-1.0
30,1,1082.0880834960938,343.94866699218744,53.075830078125136,129.64498901367188,0.9270763998729592,-1.0,-1.0,-1.0
31,1,1084.3043994140626,343.3155029296875,52.9420166015625,129.6490539550781,0.9304207852572688,-1.0,-1.0,-1.0
32,1,1086.125185546875,343.07612182617186,53.18173828124986,128.32432250976558,0.9291109579884989,-1.0,-1.0,-1.0
33,1,1088.3058837890626,342.75538146972656,53.37795410156241,129.05771484374998,0.9259415014124172,-1.0,-1.0,-1.0
34,1,1090.5652001953126,342.2797503662109,53.9901123046875,128.52169189453122,0.9218727408731836,-1.0,-1.0,-1.0
35,1,1093.307080078125,341.38550720214846,51.7137451171875,127.9772918701172,0.9102623277363904,-1.0,-1.0,-1.0
36,1,1095.6717993164064,340.47785522460936,49.44374999999991,126.30476074218753,0.9120072825839572,-1.0,-1.0,-1.0
37,1,1098.4375634765624,339.5036920166016,47.083886718750136,125.72237548828129,0.9067250699289708,-1.0,-1.0,-1.0
38,1,1100.5934326171875,338.89147888183595,45.9503173828125,125.7804107666015,0.9004176767008865,-1.0,-1.0,-1.0
39,1,1102.3350512695313,338.733984375,44.127246093750045,125.17616271972656,0.9118593964012014,-1.0,-1.0,-1.0
40,1,1103.4165454101562,338.8666772460937,43.51992187499991,125.57156066894532,0.9145405510384172,-1.0,-1.0,-1.0
41,1,1104.2732373046874,338.6787451171875,42.85898437500009,123.3678680419922,0.9096541743176942,-1.0,-1.0,-1.0
42,1,1104.5854907226562,338.3186791992187,42.56982421875,122.13176879882808,0.906006758686047,-1.0,-1.0,-1.0
43,1,1104.8894384765622,337.75242736816404,41.8238525390625,120.02634887695314,0.8989131446280183,-1.0,-1.0,-1.0
44,1,1105.1792578125,337.1682073974609,41.27321777343741,119.29548339843753,0.8949719447555537,-1.0,-1.0,-1.0
45,1,1105.544729003906,336.11342651367187,41.13325195312518,118.98885498046872,0.9025077048960384,-1.0,-1.0,-1.0
46,1,1106.0127026367186,335.6796588134765,40.408374023437545,118.39910888671876,0.9019900035279882,-1.0,-1.0,-1.0
47,1,1106.3393701171874,335.1442565917969,40.10910644531237,119.85413818359376,0.8914559384808598,-1.0,-1.0,-1.0
48,1,1106.4384228515623,334.75326416015616,39.389941406250045,118.88756103515624,0.8904854054293025,-1.0,-1.0,-1.0
49,1,1106.5723022460938,334.1137774658203,39.78852539062496,119.94038085937495,0.8875976311847076,-1.0,-1.0,-1.0
50,1,1106.6271459960938,333.86225097656245,41.31979980468736,120.56934814453126,0.8937805606295122,-1.0,-1.0,-1.0
51,1,1106.9483862304685,333.56506530761715,43.02509765625018,120.3806579589844,0.9060925585997204,-1.0,-1.0,-1.0
52,1,1107.5972607421875,333.53693481445305,43.21450195312491,120.65306396484374,0.9100884295039258,-1.0,-1.0,-1.0
53,1,1108.6735913085936,333.4977136230469,42.955224609375136,119.68280639648437,0.91255717954931,-1.0,-1.0,-1.0
54,1,1109.502092285156,333.4601458740234,42.77329101562509,119.97570190429684,0.9105553516532544,-1.0,-1.0,-1.0
55,1,1110.2399780273438,333.5828796386719,42.13564453124991,119.51839599609376,0.8997030108449451,-1.0,-1.0,-1.0
56,1,1110.6360791015625,333.59507446289064,43.68449707031255,119.8661682128906,0.9023785986938933,-1.0,-1.0,-1.0
57,1,1110.9123193359376,333.64763305664064,45.281909179687545,119.7669067382812,0.8978270470894394,-1.0,-1.0,-1.0
58,1,1110.8699780273437,333.7325134277344,45.2548828125,119.70428466796876,0.8989743168780819,-1.0,-1.0,-1.0
59,1,1110.8920166015625,333.7856378173828,43.841601562500045,119.47280273437502,0.896154004386851,-1.0,-1.0,-1.0
60,1,1110.9218334960938,333.77997436523435,43.10793457031264,119.38518676757808,0.8951501658055534,-1.0,-1.0,-1.0
61,1,1110.9204272460938,333.6774554443359,43.29536132812496,119.59420166015622,0.8970603299525948,-1.0,-1.0,-1.0
62,1,1110.8026977539062,333.61176269531245,43.69943847656237,119.51663818359371,0.8945028329996987,-1.0,-1.0,-1.0
63,1,1110.4696362304687,333.4110479736328,43.30634765624996,120.16669921874995,0.897475778049639,-1.0,-1.0,-1.0
64,1,1109.9355029296873,333.16086730957034,42.954345703125,119.94862060546876,0.8954201304293719,-1.0,-1.0,-1.0
65,1,1108.844208984375,334.2233605957031,46.139501953124864,121.32729492187497,0.8972216136830866,-1.0,-1.0,-1.0
66,1,1107.6200244140623,335.9086853027344,49.66545410156255,122.98216552734374,0.910551271853972,-1.0,-1.0,-1.0
67,1,1106.0069018554689,338.3934576416016,52.29689941406241,118.7007385253906,0.8979256467350467,-1.0,-1.0,-1.0
68,1,1104.5190893554686,341.4437731933594,53.3551025390625,116.59114379882811,0.8913164753425917,-1.0,-1.0,-1.0
69,1,1102.4802905273439,344.7339807128906,54.82902832031232,114.2982971191406,0.898700398006337,-1.0,-1.0,-1.0
70,1,1100.797998046875,346.37867248535156,54.616772460937455,112.3378967285156,0.8952476039445543,-1.0,-1.0,-1.0
71,1,1098.1367797851562,347.52624389648435,51.879199218750045,110.89780883789058,0.8666370621770021,-1.0,-1.0,-1.0
72,1,1095.5574096679688,347.8590087890625,54.23291015625,113.66246337890624,0.8727953309607415,-1.0,-1.0,-1.0
73,1,1092.3326147460937,347.74677246093745,51.70803222656241,114.27305603027344,0.8951589755731248,-1.0,-1.0,-1.0
74,1,1089.441123046875,347.47765136718743,53.303466796875,114.45888977050777,0.8902299382884706,-1.0,-1.0,-1.0
75,1,1085.8674462890626,348.21326843261716,50.41494140624991,115.78738403320312,0.8681970415377549,-1.0,-1.0,-1.0
76,1,1081.7023095703125,349.3528198242187,49.70917968749996,116.52247924804686,0.8708243685209496,-1.0,-1.0,-1.0
77,1,1077.053005371094,351.60522033691404,51.221997070312455,107.83092041015624,0.8416635589898469,-1.0,-1.0,-1.0
78,1,1072.6892358398438,354.47840332031245,58.62546386718736,116.11213989257811,0.809090229711007,-1.0,-1.0,-1.0
79,1,1068.984733886719,357.80543151855466,60.606518554687455,111.0465087890625,0.8160127846406482,-1.0,-1.0,-1.0
80,1,1066.2000512695313,360.4472149658203,62.97648925781255,109.1850677490234,0.8774366138107013,-1.0,-1.0,-1.0
81,1,1064.8696728515624,362.3772216796875,59.53183593750009,107.07008972167966,0.8855959067607273,-1.0,-1.0,-1.0
82,1,1064.507189941406,363.127142944336,59.71530761718736,107.18434753417966,0.8838445267151229,-1.0,-1.0,-1.0
83,1,1064.5195166015624,363.0509747314453,61.99277343750009,107.95827941894532,0.8964889559289588,-1.0,-1.0,-1.0
84,1,1064.3887133789062,362.67320434570314,60.85590820312496,107.91367492675778,0.8944724419604881,-1.0,-1.0,-1.0
85,1,1064.3110620117186,362.119224243164,63.629077148437545,108.99275207519533,0.8876698677534023,-1.0,-1.0,-1.0
86,1,1064.4335815429688,361.7056329345703,64.27507324218755,108.9002746582031,0.8789996257198922,-1.0,-1.0,-1.0
87,1,1064.5488061523438,360.9458184814454,65.63364257812486,109.6478393554687,0.893598069559868,-1.0,-1.0,-1.0
88,1,1065.6550634765624,360.5508435058594,65.60200195312495,110.8577911376953,0.893149854817807,-1.0,-1.0,-1.0
89,1,1066.7697583007812,360.1319952392578,67.61557617187509,113.18178405761716,0.8697436542246351,-1.0,-1.0,-1.0
90,1,1068.1797436523436,360.0446539306641,64.30231933593768,113.59566650390622,0.8793320477765292,-1.0,-1.0,-1.0
91,1,1068.19048828125,359.6380444335938,64.34560546874991,114.60116271972652,0.8859736169097232,-1.0,-1.0,-1.0
92,1,1069.6741259765627,359.63191406249996,62.06198730468736,114.25380249023436,0.8562971286580314,-1.0,-1.0,-1.0
93,1,1069.9235156250002,359.31822692871094,67.36838378906259,118.0507873535156,0.876223832369547,-1.0,-1.0,-1.0
94,1,1067.9719262695312,358.38615783691404,60.20112304687496,118.92829284667964,0.873165382779991,-1.0,-1.0,-1.0
95,1,1065.61177734375,356.92294921875,61.84841308593764,120.08658142089844,0.8651175357348002,-1.0,-1.0,-1.0
96,1,1064.4448315429686,355.6970672607422,70.8343505859375,122.63211364746093,0.8854500308377666,-1.0,-1.0,-1.0
97,1,1063.5131030273437,354.1069281005859,72.19138183593759,125.01246643066406,0.886092617405474,-1.0,-1.0,-1.0
98,1,1062.9374853515624,352.24904113769526,73.5062255859375,126.2808929443359,0.9117057926055168,-1.0,-1.0,-1.0
99,1,1064.890458984375,350.833623046875,62.59482421874986,127.48526916503904,0.871162272768899,-1.0,-1.0,-1.0
100,1,1067.542294921875,349.7260473632813,61.02158203124986,129.10685119628909,0.8937287616728113,-1.0,-1.0,-1.0
101,1,1069.766537475586,349.0161643981933,57.96298828125009,129.1213806152344,0.9019478700714424,-1.0,-1.0,-1.0
102,1,1070.4131469726562,348.41651000976566,53.94770507812496,129.6054656982422,0.8874504900722613,-1.0,-1.0,-1.0
1,2,334.30933227539066,362.9746948242187,51.468585205078114,103.52389526367188,0.9185765071668648,-1.0,-1.0,-1.0
2,2,334.6654998779297,363.05030593872067,51.468585205078114,103.52389526367188,0.9185765071668648,-1.0,-1.0,-1.0
3,2,335.0755975341797,363.19671386718744,50.27667846679691,103.39755249023438,0.910478509666163,-1.0,-1.0,-1.0
4,2,335.8185205078125,363.27398071289065,50.351605224609386,103.32869567871096,0.9139597457591506,-1.0,-1.0,-1.0
5,2,336.8445776367188,363.3969012451172,50.76381225585936,102.8032745361328,0.915799630607662,-1.0,-1.0,-1.0
6,2,337.77081298828125,363.52128845214844,51.00803833007808,103.25808105468752,0.9164190441484052,-1.0,-1.0,-1.0
7,2,339.0251165771484,363.7676129150391,50.47272949218751,102.63529357910151,0.9144993564891593,-1.0,-1.0,-1.0
8,2,340.24877380371095,363.86775329589847,49.56959838867186,102.33462524414055,0.9117263418712298,-1.0,-1.0,-1.0
9,2,341.35914001464846,363.9218444824219,48.14011230468748,101.53451843261718,0.9095933043595466,-1.0,-1.0,-1.0
10,2,342.32180053710937,363.75108947753904,47.52927246093748,101.69645690917964,0.9119774287879068,-1.0,-1.0,-1.0
11,2,343.75720275878905,363.58007080078124,48.39851074218751,101.85180358886714,0.9146390831792814,-1.0,-1.0,-1.0
12,2,344.6927819824219,363.01049560546875,48.145166015624966,102.88734741210936,0.9035981391038952,-1.0,-1.0,-1.0
13,2,346.9304718017578,362.97092834472653,46.11236572265625,101.25392761230466,0.8614897364242466,-1.0,-1.0,-1.0
14,2,349.0667852783203,363.41863769531244,47.362225341796886,102.0016021728515,0.8746735522622728,-1.0,-1.0,-1.0
15,2,351.25578369140624,364.3701416015625,43.28234252929684,98.697216796875,0.8828356475400625,-1.0,-1.0,-1.0
16,2,352.84715881347654,365.67589416503904,44.22337646484374,97.06168212890624,0.891324143260853,-1.0,-1.0,-1.0
17,2,354.89925659179687,367.21327697753907,43.65373535156249,95.4090637207031,0.899195745899732,-1.0,-1.0,-1.0
18,2,355.46113586425787,368.186748046875,43.32238769531244,93.30062255859376,0.8928495331825701,-1.0,-1.0,-1.0
19,2,354.8234564208984,368.3817333984375,42.20282592773435,93.64144592285156,0.8518714865580073,-1.0,-1.0,-1.0
20,2,354.3325433349609,367.43150939941404,42.82525634765619,94.0683197021484,0.8510756351812354,-1.0,-1.0,-1.0
21,2,353.8595269775391,365.69366455078125,49.32213134765624,95.82533569335936,0.8618319791884801,-1.0,-1.0,-1.0
22,2,353.12188842773435,364.07301086425775,48.56231689453125,99.72193908691406,0.8623524649627967,-1.0,-1.0,-1.0
23,2,353.92473083496094,363.35619140625,48.7127746582031,101.2080596923828,0.8729006761059637,-1.0,-1.0,-1.0
24,2,355.8752325439453,364.3248449707031,49.56800537109376,100.75198974609378,0.8676290311614672,-1.0,-1.0,-1.0
25,2,355.34155517578125,366.2300390625,52.56265869140623,94.72269287109371,0.8409700119603798,-1.0,-1.0,-1.0
26,2,354.8561791992188,368.7045611572266,55.77736816406252,88.28805541992188,0.8783849064657687,-1.0,-1.0,-1.0
27,2,352.76165771484375,370.66389038085936,67.17848510742186,86.80814208984378,0.9253050906899816,-1.0,-1.0,-1.0
28,2,348.6927667236328,370.47577697753906,67.11108398437494,86.17274780273436,0.9274589928021372,-1.0,-1.0,-1.0
29,2,343.02248107910157,368.87882629394534,74.55283813476564,87.80405273437503,0.9133419538128464,-1.0,-1.0,-1.0
30,2,339.0612890625,367.44232543945316,77.30150756835934,93.86444091796876,0.8866538561029813,-1.0,-1.0,-1.0
31,2,333.7719049072266,365.08532958984375,84.76589355468747,94.04593505859371,0.8736180470173736,-1.0,-1.0,-1.0
32,2,328.5844024658203,362.94915893554685,54.580902099609375,88.04514770507808,0.421971580901868,-1.0,-1.0,-1.0
33,2,322.9648846435547,362.4919683837891,61.18450927734375,94.1365173339844,0.8615821257215117,-1.0,-1.0,-1.0
34,2,318.29515686035154,362.15803894042966,62.306652832031205,94.60711669921876,0.8215671417027224,-1.0,-1.0,-1.0
35,2,313.725234375,361.44598205566405,56.01934204101565,91.74655151367182,0.8059128922432421,-1.0,-1.0,-1.0
36,2,310.39483886718756,361.3924951171875,54.52371826171873,94.85386962890624,0.8625590608443368,-1.0,-1.0,-1.0
37,2,308.17070068359374,361.09663330078126,59.550457763671886,97.74854736328126,0.8821488393706112,-1.0,-1.0,-1.0
38,2,306.7588696289062,360.2249945068359,57.372967529296886,96.83151855468748,0.8577770462068166,-1.0,-1.0,-1.0
39,2,306.0165728759765,359.0238922119141,61.934326171875,99.36628417968753,0.8967875275504582,-1.0,-1.0,-1.0
40,2,305.5509338378906,358.01759948730466,57.4024658203125,99.0911865234375,0.8992747656842326,-1.0,-1.0,-1.0
41,2,306.5752001953125,356.8157720947266,59.26728515625001,90.2972351074219,0.8943573735828103,-1.0,-1.0,-1.0
42,2,308.77002685546876,355.76651184082027,59.9512939453125,87.29219970703122,0.9146768753707022,-1.0,-1.0,-1.0
43,2,312.4310833740234,354.3715283203125,56.732464599609386,89.2731994628906,0.8653229767306563,-1.0,-1.0,-1.0
44,2,316.3217706298828,352.54912719726565,56.314599609374966,90.09931640625,0.8447444568214451,-1.0,-1.0,-1.0
45,2,322.16009765625,350.0245129394531,54.909777832031295,92.37359619140624,0.8938203375902631,-1.0,-1.0,-1.0
46,2,327.0987707519531,347.70685913085936,57.36983642578127,96.01688232421871,0.8979318702123642,-1.0,-1.0,-1.0
47,2,334.3699346923828,345.78052734375,61.91531982421873,95.51716918945311,0.8966685346222469,-1.0,-1.0,-1.0
48,2,340.4084326171875,344.35617187500003,62.334942626953136,94.97922363281248,0.7950992519779483,-1.0,-1.0,-1.0
49,2,346.7666711425781,343.4881640625,49.42825927734373,84.16549072265622,0.87523701887676,-1.0,-1.0,-1.0
50,2,352.1642266845703,343.0298803710938,54.01279907226564,84.22547607421876,0.8851718034892109,-1.0,-1.0,-1.0
51,2,357.7573828125,342.1442559814453,60.93572387695309,85.35596923828126,0.8819538280656971,-1.0,-1.0,-1.0
52,2,365.1969177246093,341.2109564208984,63.662310791015614,81.19451293945309,0.7875749831383843,-1.0,-1.0,-1.0
53,2,374.8315045166015,339.79940002441407,83.78734130859374,78.9784057617187,0.9075489377486116,-1.0,-1.0,-1.0
54,2,385.3869927978516,338.4215716552734,57.216357421875045,78.80339355468749,0.8789934590686066,-1.0,-1.0,-1.0
55,2,397.5277258300781,336.34666076660153,48.622467041015625,80.97604980468748,0.8858276401924066,-1.0,-1.0,-1.0
56,2,410.10697265625004,334.6793096923828,45.26301269531251,82.46645507812502,0.8809052489015983,-1.0,-1.0,-1.0
57,2,418.6221624755859,332.7739233398437,41.83195495605469,85.5817932128906,0.8723894578993061,-1.0,-1.0,-1.0
58,2,425.70134033203124,331.0561944580078,37.83526611328125,84.73013305664062,0.8892843683088927,-1.0,-1.0,-1.0
59,2,433.13788696289066,330.08496459960935,38.9580139160156,83.88105468750001,0.8330050567323823,-1.0,-1.0,-1.0
60,2,438.47200744628907,330.0324719238281,39.68879699707031,78.92600097656248,0.8624649632381285,-1.0,-1.0,-1.0
61,2,442.4289202880859,329.75989013671875,35.480786132812455,73.91030273437497,0.8491960859980523,-1.0,-1.0,-1.0
62,2,445.86646545410156,329.65218566894526,35.607897949218795,74.94916992187501,0.8013524325445758,-1.0,-1.0,-1.0
63,2,449.77643920898436,329.48493530273436,51.39272460937502,76.76845092773436,0.8724667814706208,-1.0,-1.0,-1.0
64,2,452.88199951171873,328.5070477294922,50.6480712890625,75.00162963867183,0.8911100789255215,-1.0,-1.0,-1.0
65,2,457.41034423828125,327.20604675292964,52.37830810546876,77.77304077148438,0.8939652163278708,-1.0,-1.0,-1.0
66,2,463.18109985351566,325.9356591796875,47.592114257812455,80.21661987304685,0.8876458473581295,-1.0,-1.0,-1.0
67,2,469.23328125,324.92109924316406,39.32753906250002,82.01288452148441,0.8280570096330564,-1.0,-1.0,-1.0
68,2,474.3507897949218,324.9934771728516,35.62965087890632,79.25938110351558,0.8679893567393577,-1.0,-1.0,-1.0
69,2,477.0896923828124,326.25539428710937,38.45258789062507,84.66806030273438,0.8647527704395941,-1.0,-1.0,-1.0
70,2,476.1582055664062,327.9285296630859,41.316943359375045,81.41297607421876,0.8651696482211975,-1.0,-1.0,-1.0
71,2,478.9085339355468,329.11796997070314,61.292944335937534,77.64653320312499,0.8322709946492672,-1.0,-1.0,-1.0
72,2,480.92840332031244,329.93156799316404,73.2782592773437,77.06074218750001,0.8253648614457454,-1.0,-1.0,-1.0
73,2,483.0406237792969,329.5724963378906,62.8605834960938,78.68655395507807,0.8577212254697173,-1.0,-1.0,-1.0
74,2,487.87966186523437,327.8807720947265,64.8286743164063,82.10159912109373,0.8864530272855653,-1.0,-1.0,-1.0
75,2,496.83966064453125,326.53558959960935,68.28662109375,83.00017089843749,0.8779598911613036,-1.0,-1.0,-1.0
76,2,502.16796386718744,325.2647406005859,58.95043945312506,80.55554809570316,0.9061050503779242,-1.0,-1.0,-1.0
77,2,511.2820129394531,323.4773913574219,48.40103759765629,77.34726562499998,0.879853649747453,-1.0,-1.0,-1.0
78,2,520.1144824218749,321.55097167968745,47.0688354492188,80.70029296874998,0.8636628686219474,-1.0,-1.0,-1.0
79,2,529.0154516601563,320.17112731933594,40.30466308593759,83.96911010742184,0.7819057211504798,-1.0,-1.0,-1.0
80,2,539.0131970214843,319.0212158203125,47.91719970703127,86.47119140625,0.8199723136543753,-1.0,-1.0,-1.0
81,2,547.9206042480467,318.00419494628903,54.82760009765627,85.9482421875,0.7195388832688607,-1.0,-1.0,-1.0
82,2,554.9275085449219,317.37195922851566,29.04147949218748,65.73696899414062,0.5271433201996167,-1.0,-1.0,-1.0
83,2,562.031098022461,317.5465951538086,53.36092529296877,77.06667480468752,0.7409963142332288,-1.0,-1.0,-1.0
84,2,568.1460772705078,317.76193267822265,39.20405273437496,75.88674316406247,0.7892511252419858,-1.0,-1.0,-1.0
85,2,571.4678045654298,315.81337005615234,41.50695190429684,74.45236816406248,0.7892511252419858,-1.0,-1.0,-1.0
86,2,575.1365570068359,314.50336578369144,43.80985107421873,73.01799316406249,0.5484847235803869,-1.0,-1.0,-1.0
87,2,582.5947137451171,313.12404876708985,51.34185791015625,79.09799194335938,0.5096811690198066,-1.0,-1.0,-1.0
88,2,590.236171875,311.7056121826172,61.80886230468752,78.48088989257815,0.7222180242054606,-1.0,-1.0,-1.0
89,2,597.762158203125,309.5573895263672,49.52933349609373,77.45300903320316,0.837120862074876,-1.0,-1.0,-1.0
90,2,605.1552319335937,308.7322393798828,45.8690185546875,76.93703613281247,0.8448785473689036,-1.0,-1.0,-1.0
91,2,613.9261999511718,306.2139752197266,46.40031738281255,82.35906372070315,0.8765065078685623,-1.0,-1.0,-1.0
92,2,617.9120397949218,304.33052307128906,47.22121582031252,81.89110107421874,0.8410447428723771,-1.0,-1.0,-1.0
93,2,623.9711865234375,300.72446411132813,48.63702392578125,88.00828857421874,0.8769079090526688,-1.0,-1.0,-1.0
94,2,630.5303869628906,296.8424450683593,45.79815673828125,86.24767456054684,0.8651613242649461,-1.0,-1.0,-1.0
95,2,637.0114965820312,292.44166809082026,35.62064208984373,95.87147827148436,0.7487255475173136,-1.0,-1.0,-1.0
96,2,642.2683447265624,289.6830450439453,36.33079833984368,102.38225097656247,0.8311475736653833,-1.0,-1.0,-1.0
97,2,647.9675244140625,286.82683044433594,39.66789550781255,104.98546142578124,0.7601702462919384,-1.0,-1.0,-1.0
98,2,651.4992224121094,287.3542730712891,38.52531738281243,106.94163208007808,0.7832008784224129,-1.0,-1.0,-1.0
99,2,654.4042712402344,291.4034710693359,37.31242675781243,106.67180786132816,0.7698914318668812,-1.0,-1.0,-1.0
100,2,657.7654943847657,294.75859130859374,41.28739013671873,97.3916564941406,0.7660968222735143,-1.0,-1.0,-1.0
101,2,659.7229064941406,297.2916801452636,43.627697753906205,85.13728637695311,0.7269352748341831,-1.0,-1.0,-1.0
102,2,660.7315063476562,301.1977569580078,41.96337890625,92.4658264160156,0.6487279762333387,-1.0,-1.0,-1.0
1,3,778.7995239257812,346.68191528320307,52.09464111328123,129.2554138183594,0.9055791096061228,-1.0,-1.0,-1.0
2,3,778.9527877807617,345.87356643676753,52.09464111328123,129.2554138183594,0.9055791096061228,-1.0,-1.0,-1.0
3,3,779.0494262695313,345.31024108886714,47.3323974609375,127.52292480468748,0.8949520717708026,-1.0,-1.0,-1.0
4,3,779.1344384765623,344.3310736083984,47.009289550781205,127.63435363769533,0.8974988829001518,-1.0,-1.0,-1.0
5,3,779.2835668945312,343.79568786621087,43.31535644531243,125.38712768554689,0.8859506796318648,-1.0,-1.0,-1.0
6,3,779.305166015625,344.0560638427734,42.94929199218757,124.2844848632812,0.8710105390885658,-1.0,-1.0,-1.0
7,3,779.2406103515625,344.53128845214843,39.87751464843757,122.33693847656248,0.8910383546764677,-1.0,-1.0,-1.0
8,3,779.1477758789063,345.0330889892578,39.9122314453125,122.21971435546874,0.8924789714424861,-1.0,-1.0,-1.0
9,3,779.1312634277343,345.3116967773437,43.8936767578125,122.23973693847654,0.8849375293350548,-1.0,-1.0,-1.0
10,3,778.9620629882812,345.14814331054686,44.549560546875,122.29595947265624,0.8926422473206443,-1.0,-1.0,-1.0
11,3,778.2506323242187,344.5552770996094,46.81186523437498,123.25580749511715,0.9029329775081152,-1.0,-1.0,-1.0
12,3,777.7834936523437,343.5958026123047,49.01868896484382,123.62233886718748,0.9040639191207588,-1.0,-1.0,-1.0
13,3,776.9793823242187,342.1217559814453,52.50739746093757,122.2326782226562,0.9077770835491776,-1.0,-1.0,-1.0
14,3,776.169942626953,340.6806463623047,51.82932128906248,121.333447265625,0.9092615261575075,-1.0,-1.0,-1.0
15,3,774.9966577148436,338.9315460205078,52.39654541015625,121.14085693359374,0.9011945327863736,-1.0,-1.0,-1.0
16,3,774.1521606445311,337.47899963378904,51.75714111328125,119.97377929687497,0.905812291936261,-1.0,-1.0,-1.0
17,3,772.500498046875,336.7695025634766,50.00800781250007,118.16246337890624,0.903331695232005,-1.0,-1.0,-1.0
18,3,770.6887646484375,336.7880969238281,50.252453613281205,118.97600097656247,0.9024110752643252,-1.0,-1.0,-1.0
19,3,768.3935888671874,337.3496301269532,50.5975341796875,116.61613769531247,0.9047874545436728,-1.0,-1.0,-1.0
20,3,766.0299353027343,338.1736157226562,52.684826660156205,116.11312866210938,0.902097305801732,-1.0,-1.0,-1.0
21,3,763.1892004394531,338.77750122070313,53.31071777343743,114.1682189941406,0.9030688016739212,-1.0,-1.0,-1.0
22,3,760.7097399902343,338.57928588867185,54.715649414062455,114.31131591796871,0.877086785957701,-1.0,-1.0,-1.0
23,3,758.15912109375,337.8295733642578,57.55704345703123,115.90993652343752,0.918727983752632,-1.0,-1.0,-1.0
24,3,755.9368725585937,336.3750219726562,58.44671630859375,117.41292114257811,0.9226811518569952,-1.0,-1.0,-1.0
25,3,754.2458239746094,334.1982733154297,58.50230712890618,116.88722534179686,0.90271557970188,-1.0,-1.0,-1.0
26,3,753.2176464843749,332.2372137451172,57.58857421874996,115.48943481445308,0.9071531514332348,-1.0,-1.0,-1.0
27,3,752.8464294433594,330.37340515136714,54.25312499999996,113.978759765625,0.895505058697708,-1.0,-1.0,-1.0
28,3,752.8813879394531,328.9311254882812,51.26528320312502,113.38577270507812,0.8752849404276297,-1.0,-1.0,-1.0
29,3,752.3301489257813,327.88779235839837,47.37172851562502,111.69019775390626,0.868232887488773,-1.0,-1.0,-1.0
30,3,751.0639196777344,327.9333801269531,46.01645507812498,110.40380859375,0.8691002045985208,-1.0,-1.0,-1.0
31,3,748.4892626953125,328.5261090087891,47.65166015624993,109.9254089355469,0.8793276638797813,-1.0,-1.0,-1.0
32,3,745.2670385742188,329.0765625,49.30059814453125,108.09602050781253,0.873544926550835,-1.0,-1.0,-1.0
33,3,741.8947302246094,329.6480822753906,48.96331787109364,105.8748046875,0.8816133400151074,-1.0,-1.0,-1.0
34,3,739.1504333496093,330.12482299804685,48.42817382812496,107.2925354003906,0.8806624586417229,-1.0,-1.0,-1.0
35,3,737.059921875,330.04938537597656,48.92519531250002,105.79042968750002,0.8801991899778159,-1.0,-1.0,-1.0
36,3,736.3219372558593,329.2531457519531,48.45333251953127,105.956103515625,0.8850845169255805,-1.0,-1.0,-1.0
37,3,735.4101818847655,327.7948205566406,44.76291503906248,105.16970214843748,0.8776569666338006,-1.0,-1.0,-1.0
38,3,734.038165283203,325.9582800292969,43.20516357421877,104.93882446289064,0.8543979990393353,-1.0,-1.0,-1.0
39,3,732.7921728515624,324.01850646972656,41.615002441406205,106.71091918945308,0.8740981478601988,-1.0,-1.0,-1.0
40,3,731.5021472167969,322.36018615722656,43.10936279296868,104.42087402343748,0.8391468746186206,-1.0,-1.0,-1.0
41,3,729.8631408691406,320.9781665039062,38.21462402343752,104.47322387695311,0.8711115956194,-1.0,-1.0,-1.0
42,3,728.1879125976562,320.7510131835937,38.62298583984375,103.90578002929686,0.8708433768736974,-1.0,-1.0,-1.0
43,3,726.252099609375,321.2132849121094,38.08157958984384,102.44882812499998,0.8800922324606653,-1.0,-1.0,-1.0
44,3,724.299268798828,321.8658068847656,39.674487304687545,101.27043457031247,0.8850142032066053,-1.0,-1.0,-1.0
45,3,722.246220703125,322.63151000976563,45.287841796875,99.1235412597656,0.8914691081017736,-1.0,-1.0,-1.0
46,3,720.3345446777344,323.38859436035153,44.88651123046873,99.76679077148437,0.8853891913042666,-1.0,-1.0,-1.0
47,3,718.5243823242187,323.83388671875,44.52286376953123,98.40816650390629,0.890278839988305,-1.0,-1.0,-1.0
48,3,717.6304138183593,323.3895446777343,45.65676269531252,98.53330078124998,0.8871199791879789,-1.0,-1.0,-1.0
49,3,716.4934826660157,322.46999999999997,46.33615722656259,98.99593505859376,0.8895823500281352,-1.0,-1.0,-1.0
50,3,715.5122387695312,321.3311791992187,44.47012939453123,100.06528930664064,0.8869340698923693,-1.0,-1.0,-1.0
51,3,714.3168493652344,320.5810546875,42.30109863281257,100.4072387695312,0.8862900229584341,-1.0,-1.0,-1.0
52,3,712.9438330078125,320.05582031250003,42.040283203125,100.74259643554689,0.8826256656329576,-1.0,-1.0,-1.0
53,3,710.9973962402344,320.5512872314453,44.283032226562455,98.14246215820316,0.8906551519336858,-1.0,-1.0,-1.0
54,3,708.9804052734374,321.4932275390625,46.89349365234375,97.86049804687497,0.8990608200044647,-1.0,-1.0,-1.0
55,3,706.92626953125,322.84827026367185,50.17478027343759,94.93253173828124,0.8961353207347074,-1.0,-1.0,-1.0
56,3,705.2641479492188,323.8774255371094,52.36721191406252,95.5529846191406,0.9013430067482986,-1.0,-1.0,-1.0
57,3,704.0961035156249,324.79187255859375,46.289685058593705,93.7254638671875,0.8998312439679701,-1.0,-1.0,-1.0
58,3,703.6127490234375,325.1555969238281,42.12081298828127,93.91964721679688,0.8995698594152586,-1.0,-1.0,-1.0
59,3,703.3561413574218,325.2042333984375,43.95816650390623,93.99276123046872,0.9044429623084512,-1.0,-1.0,-1.0
60,3,703.1698571777343,324.9266418457031,43.63802490234366,94.03912353515624,0.9096108839851808,-1.0,-1.0,-1.0
61,3,702.986572265625,324.68493713378905,44.52780761718748,95.48865966796876,0.9106508957836256,-1.0,-1.0,-1.0
62,3,702.9661706542969,324.4762518310547,44.91353759765627,95.40791015624995,0.9069361190695844,-1.0,-1.0,-1.0
63,3,703.0874377441405,324.29078063964846,44.93704833984384,95.89460449218753,0.9112912257475224,-1.0,-1.0,-1.0
64,3,703.4952612304687,324.2641827392578,42.956103515625045,95.60500488281248,0.9099219630459848,-1.0,-1.0,-1.0
65,3,703.8645666503905,323.9909362792969,40.59371337890627,96.08291015624997,0.8997887794947523,-1.0,-1.0,-1.0
66,3,704.5472460937501,323.60124572753904,39.15351562499996,96.53406372070316,0.889984694270062,-1.0,-1.0,-1.0
67,3,705.0153625488281,322.79004272460935,41.15994873046873,98.28045043945316,0.8947503076688861,-1.0,-1.0,-1.0
68,3,703.5691662597657,321.8392694091797,42.34207763671873,98.38460083007811,0.8863151640319238,-1.0,-1.0,-1.0
69,3,701.6997326660155,320.97754577636715,48.416088867187455,100.61449584960934,0.8457809387090265,-1.0,-1.0,-1.0
70,3,701.2080395507812,320.52343688964845,57.85433349609377,101.4625305175781,0.8893535588894288,-1.0,-1.0,-1.0
71,3,699.4622021484375,320.7076007080078,58.90561523437498,102.41218872070311,0.8542490815849888,-1.0,-1.0,-1.0
72,3,700.9959704589844,321.8315844726563,52.37149658203123,101.49038085937497,0.8690306035244255,-1.0,-1.0,-1.0
73,3,702.25751953125,323.4503594970703,65.53070068359375,101.03439331054688,0.8731660293624728,-1.0,-1.0,-1.0
74,3,705.1741149902343,325.6520306396484,54.67510986328125,99.6530822753906,0.8701342980307061,-1.0,-1.0,-1.0
75,3,708.7793664550782,328.0125805664062,71.94221191406257,99.35930786132816,0.8666134550593938,-1.0,-1.0,-1.0
76,3,713.5725695800782,328.99792785644524,66.14384765624993,99.33530273437503,0.8711651210783415,-1.0,-1.0,-1.0
77,3,715.6096984863282,330.12192810058593,57.26041259765623,97.3455139160156,0.8874507552745214,-1.0,-1.0,-1.0
78,3,719.1808154296875,330.50716918945307,56.82480468749998,101.68132324218747,0.8734699508484667,-1.0,-1.0,-1.0
79,3,721.6863684082031,329.69153869628906,55.40723876953132,98.71935424804684,0.8993150977487829,-1.0,-1.0,-1.0
80,3,722.6080993652342,328.37859008789064,57.7211791992188,100.68063354492188,0.8836822900341268,-1.0,-1.0,-1.0
81,3,724.71515625,327.96246643066405,56.73977050781252,104.36363525390624,0.905572204969708,-1.0,-1.0,-1.0
82,3,726.4852954101563,327.10181945800775,54.926586914062455,104.68256835937495,0.8977750933446202,-1.0,-1.0,-1.0
83,3,728.8774145507812,327.10064941406245,45.4603271484375,103.81184692382811,0.8848708648264392,-1.0,-1.0,-1.0
84,3,731.4677709960937,328.64131713867187,44.53879394531248,102.27167358398437,0.8842374287986736,-1.0,-1.0,-1.0
85,3,733.5850781249999,330.4598785400391,44.59965820312493,100.05413818359376,0.8806242551877403,-1.0,-1.0,-1.0
86,3,734.5043701171874,331.74903076171876,41.90273437500002,95.4893188476562,0.8760397381431488,-1.0,-1.0,-1.0
87,3,734.7700085449219,332.5865789794922,43.83522949218741,96.16849365234371,0.8772732718468959,-1.0,-1.0,-1.0
88,3,735.1912243652343,332.74705627441404,42.49775390624996,99.49152832031244,0.8724274221420636,-1.0,-1.0,-1.0
89,3,734.7939697265625,332.1520697021484,45.10788574218748,100.465576171875,0.8643892420552675,-1.0,-1.0,-1.0
90,3,734.6137829589843,331.2353594970703,43.06838378906252,102.27546386718753,0.8528981458580454,-1.0,-1.0,-1.0
91,3,735.9668920898437,330.819614868164,52.884448242187545,101.812060546875,0.8718206094292213,-1.0,-1.0,-1.0
92,3,737.6340344238281,330.2804498291015,54.1065673828125,102.80890502929692,0.8716364752804893,-1.0,-1.0,-1.0
93,3,739.6697460937501,330.28911804199214,48.26392822265632,102.4276245117187,0.8829327917606236,-1.0,-1.0,-1.0
94,3,742.1894714355469,330.6193670654297,49.61151123046875,104.1444030761719,0.8864476083484796,-1.0,-1.0,-1.0
95,3,744.268458251953,331.9188024902343,46.61696777343752,105.39744873046874,0.8778286625134086,-1.0,-1.0,-1.0
96,3,744.4895031738281,333.1312646484374,53.90815429687496,107.38981933593747,0.8621217074931522,-1.0,-1.0,-1.0
97,3,745.0740087890624,334.6000433349609,61.71075439453125,104.57017822265624,0.8969055308924965,-1.0,-1.0,-1.0
98,3,744.9521484375,335.7562554931641,68.87625732421873,104.06975097656247,0.9076510232052896,-1.0,-1.0,-1.0
99,3,744.9761865234375,336.48520935058593,80.23293457031252,104.7314575195312,0.9217777105595212,-1.0,-1.0,-1.0
100,3,745.5253271484373,336.38843627929685,83.47565917968757,106.25745849609376,0.9095696831024896,-1.0,-1.0,-1.0
101,3,745.8013229370116,336.3236595153809,83.64869384765632,106.31925659179689,0.9193376054897372,-1.0,-1.0,-1.0
102,3,746.0782836914062,336.31817321777345,82.41350097656255,106.23224487304684,0.8931441071807456,-1.0,-1.0,-1.0
1,4,257.2777862548828,369.0819854736328,41.56320190429688,113.33556518554684,0.9008495556088754,-1.0,-1.0,-1.0
2,4,257.5883674621582,368.9629417419434,41.56320190429688,113.33556518554684,0.9008495556088754,-1.0,-1.0,-1.0
3,4,257.9576275634766,368.83838012695315,41.63082275390627,114.01839294433596,0.9074665709833952,-1.0,-1.0,-1.0
4,4,258.540908203125,368.6093920898437,40.3170227050781,114.0390197753906,0.9079563221095128,-1.0,-1.0,-1.0
5,4,258.8581713867187,368.3747131347656,39.58093872070316,114.21274108886718,0.9124284769611392,-1.0,-1.0,-1.0
6,4,259.24614807128904,368.2776983642578,38.4912048339844,114.62953491210936,0.91367451687794,-1.0,-1.0,-1.0
7,4,259.56075805664057,368.0849212646484,41.27393188476566,115.09953002929689,0.9143135153952002,-1.0,-1.0,-1.0
8,4,259.72378417968747,367.93801757812497,41.0789794921875,115.10271606445308,0.909779610625975,-1.0,-1.0,-1.0
9,4,259.9483776855469,367.7645104980469,40.262530517578114,115.40769653320314,0.9078864963383992,-1.0,-1.0,-1.0
10,4,260.49017944335935,367.6172058105468,40.326306152343705,115.40577392578126,0.9100386049602348,-1.0,-1.0,-1.0
11,4,261.0203192138672,367.4434130859375,39.74238281250001,115.6781799316406,0.9138106613127944,-1.0,-1.0,-1.0
12,4,261.4188757324219,367.34435485839845,39.75139160156249,115.6509338378906,0.917028452486626,-1.0,-1.0,-1.0
13,4,261.87650024414063,367.24377502441405,39.83856811523435,115.44428100585937,0.919823922629952,-1.0,-1.0,-1.0
14,4,262.12627990722655,367.21711669921876,39.83642578125,115.5764739990234,0.9203320415799112,-1.0,-1.0,-1.0
15,4,262.36066223144525,367.19627014160153,39.6123046875,115.56309814453124,0.9193776873953824,-1.0,-1.0,-1.0
16,4,262.5600201416015,367.18804138183594,40.524060058593705,115.2067840576172,0.9200013185148848,-1.0,-1.0,-1.0
17,4,262.82398315429685,367.20019226074214,40.52400512695317,114.92970886230466,0.919679341963743,-1.0,-1.0,-1.0
18,4,263.1587255859375,367.23627136230465,40.63233032226566,115.1905517578125,0.9192670099309908,-1.0,-1.0,-1.0
19,4,263.46929260253904,367.20861328125,40.19952392578125,115.34806823730467,0.9149902425657928,-1.0,-1.0,-1.0
20,4,263.6024688720703,367.2811669921875,39.097210693359386,115.03635864257808,0.9138473100631544,-1.0,-1.0,-1.0
21,4,263.52894287109376,367.9473284912109,39.69876708984378,114.8675537109375,0.9111070149063636,-1.0,-1.0,-1.0
22,4,263.25534484863283,369.1015686035156,42.86678466796872,113.82756042480467,0.9080268344993812,-1.0,-1.0,-1.0
23,4,263.0165679931641,371.0615679931641,46.00074462890626,111.4871978759765,0.9123460991839316,-1.0,-1.0,-1.0
24,4,262.83251403808595,373.10625,48.14176025390623,109.09418334960937,0.9002277735427207,-1.0,-1.0,-1.0
25,4,263.1020745849609,374.2707952880859,49.0446716308594,105.54090270996096,0.9091117783492564,-1.0,-1.0,-1.0
26,4,263.37624389648437,374.3931005859375,49.364428710937545,106.16399230957036,0.9069408744778684,-1.0,-1.0,-1.0
27,4,263.89387573242186,373.4050231933593,44.82630615234376,109.26227416992184,0.8812305128832918,-1.0,-1.0,-1.0
28,4,264.18414001464845,371.3655432128906,44.04287109375002,111.00629882812495,0.8875180936596223,-1.0,-1.0,-1.0
29,4,264.2274865722656,368.48847656249995,42.85892944335933,112.79108276367192,0.8796733742699558,-1.0,-1.0,-1.0
30,4,264.04058166503904,366.1167864990234,43.32321166992188,106.66139831542966,0.8870320241196055,-1.0,-1.0,-1.0
31,4,263.48687072753904,363.60391662597647,49.94285888671874,108.69870300292968,0.9030133954021586,-1.0,-1.0,-1.0
32,4,262.5813940429688,361.51404235839834,48.58879394531249,109.83457946777344,0.8979760094420328,-1.0,-1.0,-1.0
33,4,261.8375701904297,359.73274108886716,44.80263061523437,109.39663696289062,0.8991497908932367,-1.0,-1.0,-1.0
34,4,262.00293640136715,358.8749615478515,47.02142944335935,106.48240356445314,0.8947375752592102,-1.0,-1.0,-1.0
35,4,262.9513366699219,358.21361206054684,47.344372558593705,102.77852783203122,0.8786754964449095,-1.0,-1.0,-1.0
36,4,265.0528894042969,357.9901995849609,61.99931030273439,102.5246612548828,0.8452969915980049,-1.0,-1.0,-1.0
37,4,268.30090393066405,357.6291394042969,48.61334838867185,101.72845458984376,0.8425533118691,-1.0,-1.0,-1.0
38,4,271.19960815429687,357.3466864013672,56.40111694335934,101.91132202148437,0.8557710946226393,-1.0,-1.0,-1.0
39,4,273.7164001464844,356.9947998046875,42.5841064453125,98.55582275390624,0.8568954601462622,-1.0,-1.0,-1.0
40,4,275.39631408691406,356.4159851074219,50.74920043945315,91.68574218749995,0.8063575607110707,-1.0,-1.0,-1.0
41,4,276.70946044921874,355.5531683349609,59.8656005859375,92.05169677734376,0.8565864204815945,-1.0,-1.0,-1.0
42,4,277.488012084961,354.7891680908203,56.92961425781249,89.88414916992184,0.8734621867725352,-1.0,-1.0,-1.0
43,4,280.99752319335937,353.3735302734375,67.40848388671873,91.2815002441406,0.9044356748303244,-1.0,-1.0,-1.0
44,4,285.4509246826172,351.47558715820315,69.2474304199219,92.06174926757808,0.9032323092715018,-1.0,-1.0,-1.0
45,4,294.0971429443359,348.9105816650391,61.21812744140624,91.30264892578128,0.8680550756195515,-1.0,-1.0,-1.0
46,4,303.76531494140625,346.0845135498047,56.34382324218751,90.93251953124997,0.8698864505200277,-1.0,-1.0,-1.0
47,4,315.06832397460937,342.62458374023436,42.57322998046874,83.50526733398436,0.8278086590358598,-1.0,-1.0,-1.0
48,4,324.4058569335937,339.11935180664057,42.70177001953124,87.24721069335936,0.7917493887367755,-1.0,-1.0,-1.0
49,4,335.07044494628906,335.52098876953124,39.49178466796877,91.97429809570308,0.8606700467597115,-1.0,-1.0,-1.0
50,4,342.5019873046875,332.9348675537109,41.96491699218751,90.45285644531248,0.8425846450732024,-1.0,-1.0,-1.0
51,4,349.97673889160154,331.2903460693359,37.363842773437455,94.87298583984376,0.8178161039934366,-1.0,-1.0,-1.0
52,4,355.572509765625,330.40749023437496,36.902307128906216,84.57171020507809,0.7431576813429359,-1.0,-1.0,-1.0
53,4,362.2807781982422,330.09653869628903,41.42471923828123,85.8147033691406,0.8403902006769925,-1.0,-1.0,-1.0
54,4,367.88835937500005,330.45556640625,44.9599548339844,86.94470214843744,0.8212538598859354,-1.0,-1.0,-1.0
55,4,375.96955627441406,330.62894165039063,46.09528198242185,82.84658203125002,0.8635123335589157,-1.0,-1.0,-1.0
56,4,383.61962768554685,330.63205078125,39.217071533203125,82.02288208007815,0.8371715172822007,-1.0,-1.0,-1.0
57,4,392.6284387207032,330.77363159179686,29.07526245117191,75.40438842773438,0.8400384074337808,-1.0,-1.0,-1.0
58,4,399.6800299072265,330.7087023925781,32.2525634765625,73.91096191406245,0.8592478979778946,-1.0,-1.0,-1.0
59,4,408.1814373779297,330.27277587890626,31.98175048828125,73.88031005859375,0.7968435158406351,-1.0,-1.0,-1.0
60,4,413.8115405273437,329.7275628662109,47.28477172851564,75.80819091796877,0.7860107564951413,-1.0,-1.0,-1.0
61,4,419.7832196044921,328.7576348876953,38.530783081054665,71.66738891601562,0.8035693515498465,-1.0,-1.0,-1.0
62,4,424.7547637939453,327.6574914550781,35.33466796875001,73.91782836914058,0.7997145270525685,-1.0,-1.0,-1.0
63,4,431.03460388183595,326.53324951171874,32.95118408203126,74.19501342773435,0.8605341283463765,-1.0,-1.0,-1.0
64,4,434.9848974609375,324.5352868652344,32.04766845703125,77.55540161132808,0.8526132395567174,-1.0,-1.0,-1.0
65,4,438.92701721191406,322.1750665283204,30.12066650390625,74.44583129882812,0.8423825312837891,-1.0,-1.0,-1.0
66,4,442.052578125,319.90882873535156,28.92282714843748,80.13433227539059,0.8513556869748129,-1.0,-1.0,-1.0
67,4,445.5068334960937,317.68035095214844,30.08855895996095,79.69575805664061,0.8571219288995451,-1.0,-1.0,-1.0
68,4,448.4168041992187,316.3343444824219,29.771383666992165,81.1641906738281,0.8431250003519111,-1.0,-1.0,-1.0
69,4,450.4693908691406,315.875747680664,30.022448730468795,78.42996826171873,0.8365848598459422,-1.0,-1.0,-1.0
70,4,451.9520288085938,316.10607055664065,28.31022949218749,74.0418640136719,0.8192795637132804,-1.0,-1.0,-1.0
71,4,452.6667224121094,317.35880310058593,34.83940429687499,74.87155151367182,0.8527086588890214,-1.0,-1.0,-1.0
72,4,452.5742834472656,318.44648803710936,39.13047180175784,74.08586425781249,0.818158125662908,-1.0,-1.0,-1.0
73,4,452.6330877685547,320.3042211914062,57.66138610839846,71.60899658203124,0.8412813916581285,-1.0,-1.0,-1.0
74,4,459.06705505371093,321.57536132812504,58.44957275390624,72.74811401367185,0.8667861217408479,-1.0,-1.0,-1.0
75,4,467.31044311523436,322.9840832519531,65.80868225097657,64.98643798828124,0.7767792835731591,-1.0,-1.0,-1.0
76,4,476.2266448974609,323.8730694580078,33.62618408203127,61.6810363769531,0.7547005360864532,-1.0,-1.0,-1.0
77,4,485.8064373779296,323.80082885742183,34.10683593750002,61.12419433593749,0.529315195243214,-1.0,-1.0,-1.0
78,4,495.1586206054687,322.4537896728516,39.94112548828127,58.78932495117186,0.6784425379391088,-1.0,-1.0,-1.0
79,4,504.6338891601562,321.62957336425785,47.82590332031248,63.5706848144531,0.6542579755968774,-1.0,-1.0,-1.0
80,4,513.6951379394532,320.6129644775391,58.05230712890625,63.10870971679685,0.5529135750844034,-1.0,-1.0,-1.0
81,4,525.2057885742187,318.78333984374996,38.734057617187545,71.77697753906244,0.5246056886227812,-1.0,-1.0,-1.0
82,4,536.6282080078124,317.9376287841797,33.06829833984375,62.17344360351558,0.7587206813980885,-1.0,-1.0,-1.0
83,4,548.3016870117187,315.9931146240234,31.9010009765625,65.13491821289062,0.7811282994518045,-1.0,-1.0,-1.0
84,4,554.9540734863281,314.1556567382812,27.968554687500045,65.63018188476565,0.7600545216082111,-1.0,-1.0,-1.0
85,4,564.0039898681641,312.5515979003906,36.93647460937496,76.02742309570311,0.79412109714184,-1.0,-1.0,-1.0
86,4,574.1155426025391,311.80049560546877,37.6622314453125,77.64675292968752,0.7576858880214736,-1.0,-1.0,-1.0
87,4,583.5963262939453,311.2630883789062,45.3115173339844,76.2294891357422,0.7576858880214736,-1.0,-1.0,-1.0
88,4,592.4366729736328,311.64572570800783,52.960803222656295,74.81222534179688,0.544554516761373,-1.0,-1.0,-1.0
89,4,600.0462982177735,312.19926086425784,52.960803222656295,74.81222534179688,0.544554516761373,-1.0,-1.0,-1.0
90,4,603.8511108398437,312.4760284423828,52.960803222656295,74.81222534179688,0.544554516761373,-1.0,-1.0,-1.0
91,4,603.8511108398437,312.4760284423828,52.960803222656295,74.81222534179688,0.544554516761373,-1.0,-1.0,-1.0
92,4,603.8511108398437,312.4760284423828,52.960803222656295,74.81222534179688,0.544554516761373,-1.0,-1.0,-1.0
93,4,603.8511108398437,312.4760284423828,52.960803222656295,74.81222534179688,0.544554516761373,-1.0,-1.0,-1.0
94,4,603.8511108398437,312.4760284423828,52.960803222656295,74.81222534179688,0.544554516761373,-1.0,-1.0,-1.0
95,4,603.8511108398437,312.4760284423828,52.960803222656295,74.81222534179688,0.544554516761373,-1.0,-1.0,-1.0
96,4,603.8511108398437,312.4760284423828,52.960803222656295,74.81222534179688,0.544554516761373,-1.0,-1.0,-1.0
97,4,603.8511108398437,312.4760284423828,52.960803222656295,74.81222534179688,0.544554516761373,-1.0,-1.0,-1.0
98,4,603.8511108398437,312.4760284423828,52.960803222656295,74.81222534179688,0.544554516761373,-1.0,-1.0,-1.0
99,4,603.8511108398437,312.4760284423828,52.960803222656295,74.81222534179688,0.544554516761373,-1.0,-1.0,-1.0
100,4,603.8511108398437,312.4760284423828,52.960803222656295,74.81222534179688,0.544554516761373,-1.0,-1.0,-1.0
101,4,603.8511108398437,312.4760284423828,52.960803222656295,74.81222534179688,0.544554516761373,-1.0,-1.0,-1.0
102,4,603.8511108398437,312.4760284423828,52.960803222656295,74.81222534179688,0.544554516761373,-1.0,-1.0,-1.0
1,5,387.8003723144531,323.8464111328125,38.91890258789061,73.93595581054689,0.8868863676115382,-1.0,-1.0,-1.0
2,5,387.7364273071289,324.6845718383789,38.91890258789061,73.93595581054689,0.8868863676115382,-1.0,-1.0,-1.0
3,5,387.8103295898437,325.5771423339844,39.92618408203128,72.8882995605469,0.8919893194224784,-1.0,-1.0,-1.0
4,5,387.65465332031243,326.7439233398437,40.122235107421886,72.60402832031247,0.8856373912571698,-1.0,-1.0,-1.0
5,5,387.1914202880859,327.92228942871094,39.56226196289066,71.4210205078125,0.883888309931212,-1.0,-1.0,-1.0
6,5,386.69063049316406,328.1555456542969,40.69896240234374,72.13656005859372,0.8875153423575313,-1.0,-1.0,-1.0
7,5,386.22532653808594,328.2915289306641,41.49063720703123,74.502685546875,0.8942728894056664,-1.0,-1.0,-1.0
8,5,385.39277709960936,328.0587725830078,41.546173095703125,76.24863281249998,0.882882146854147,-1.0,-1.0,-1.0
9,5,384.34257751464844,328.5074597167969,40.37920532226565,77.91795043945314,0.8945963254104043,-1.0,-1.0,-1.0
10,5,383.4039715576172,328.36262695312496,41.56012573242185,77.5343078613281,0.9023440596915931,-1.0,-1.0,-1.0
11,5,382.4026116943359,328.7982238769531,43.57342529296875,75.2887023925781,0.8641024409278231,-1.0,-1.0,-1.0
12,5,381.6532122802734,329.108911743164,44.07099609374996,77.99886474609377,0.8939388615826971,-1.0,-1.0,-1.0
13,5,381.1161126708984,329.67298278808596,43.713775634765625,77.36852416992184,0.9004946112392531,-1.0,-1.0,-1.0
14,5,381.02052612304686,330.21995361328123,42.52280273437498,78.20502319335935,0.9027927433860016,-1.0,-1.0,-1.0
15,5,381.30169372558595,332.25847229003904,41.832366943359375,81.45845947265622,0.8905893732891776,-1.0,-1.0,-1.0
16,5,381.8311193847656,334.07385314941405,41.57523193359373,81.00197753906252,0.8845785492965845,-1.0,-1.0,-1.0
17,5,382.2249737548828,335.96252380371095,39.90646362304682,79.35012817382812,0.8840978107219932,-1.0,-1.0,-1.0
18,5,382.6481616210937,337.4019854736328,39.129620361328136,80.29692993164059,0.8831060346319433,-1.0,-1.0,-1.0
19,5,382.7562121582031,338.2529370117187,39.09737548828127,81.19412841796873,0.8829112967799801,-1.0,-1.0,-1.0
20,5,382.8922119140625,338.3158447265625,39.07628173828124,81.66868286132814,0.8859721219162608,-1.0,-1.0,-1.0
21,5,382.4507977294922,338.09829895019527,42.0985107421875,82.01079711914059,0.8927544187596581,-1.0,-1.0,-1.0
22,5,381.8682751464844,338.1303955078125,41.02619018554685,81.3169006347656,0.9044136708410556,-1.0,-1.0,-1.0
23,5,381.2983978271485,338.8469128417969,44.14916381835934,84.81796874999998,0.8924089880706987,-1.0,-1.0,-1.0
24,5,381.12852722167975,339.86174743652344,44.172454833984375,82.60883789062501,0.8890974103712495,-1.0,-1.0,-1.0
25,5,380.6461560058594,340.93551269531247,47.49131469726558,84.28974609374995,0.8869687214656281,-1.0,-1.0,-1.0
26,5,381.1392883300781,342.4159423828125,50.084747314453125,84.62894897460939,0.893517862426048,-1.0,-1.0,-1.0
27,5,382.5316021728516,344.1283868408203,53.16256713867182,86.94816284179689,0.8981362166102471,-1.0,-1.0,-1.0
28,5,383.8579211425781,345.6327337646484,50.322601318359375,85.81426391601559,0.8935685192568599,-1.0,-1.0,-1.0
29,5,385.5654931640625,347.5133404541015,47.94999389648433,83.22061157226562,0.8940015830803993,-1.0,-1.0,-1.0
30,5,387.65373046875004,349.4606726074219,48.76237792968749,82.52166137695315,0.8809769180956124,-1.0,-1.0,-1.0
31,5,389.6205029296875,351.86776062011717,48.18114624023434,80.79730224609375,0.8842714774863936,-1.0,-1.0,-1.0
32,5,390.4078436279297,353.8444647216796,48.14615478515623,79.82232055664059,0.8860455371427776,-1.0,-1.0,-1.0
33,5,391.7573492431641,355.62438171386714,48.74249267578125,77.05272216796874,0.8992156297976024,-1.0,-1.0,-1.0
34,5,392.7485852050781,356.66419372558596,50.66378173828127,76.73164672851561,0.8930068590753137,-1.0,-1.0,-1.0
35,5,393.7881115722656,357.14282409667965,50.012841796874966,75.52979736328126,0.9163122981567008,-1.0,-1.0,-1.0
36,5,394.92199951171875,356.6282025146485,50.22515258789065,76.63134155273434,0.916729856686139,-1.0,-1.0,-1.0
37,5,396.59242675781246,355.5980529785156,49.31202392578126,77.9429992675781,0.9107236448978036,-1.0,-1.0,-1.0
38,5,398.1135552978515,354.23472106933593,47.85479736328125,78.68743286132815,0.9141438083967834,-1.0,-1.0,-1.0
39,5,400.0437982177734,352.7779559326172,49.7652648925781,80.83256835937499,0.8970441899877102,-1.0,-1.0,-1.0
40,5,402.6951727294921,351.65397216796873,48.92014160156253,81.85770263671873,0.8938977549169067,-1.0,-1.0,-1.0
41,5,403.3025354003906,350.51105346679685,48.68706665039065,82.15263061523439,0.8903582944586041,-1.0,-1.0,-1.0
42,5,404.69466796874997,349.88989196777345,44.98879394531252,80.17174072265624,0.890649650991989,-1.0,-1.0,-1.0
43,5,407.6213104248046,349.71245727539065,58.160687255859386,76.88908081054683,0.8883124789504571,-1.0,-1.0,-1.0
44,5,411.0814956665039,349.31314270019527,55.43800048828126,75.1667541503906,0.8573097666233203,-1.0,-1.0,-1.0
45,5,414.55240081787105,348.44795288085936,49.4033203125,75.23371582031251,0.7063156024487327,-1.0,-1.0,-1.0
46,5,420.7049382019043,347.44330123901364,39.482089233398426,75.45303039550782,0.7063156024487327,-1.0,-1.0,-1.0
47,5,427.0160426330566,345.9491139221191,29.56085815429685,75.67234497070314,0.456053772028568,-1.0,-1.0,-1.0
48,5,432.60462707519537,343.8320993041992,31.850614929199192,74.89261779785157,0.456053772028568,-1.0,-1.0,-1.0
49,5,438.2943283081055,341.7544967651367,34.14037170410154,74.112890625,0.456053772028568,-1.0,-1.0,-1.0
50,5,443.5409646606446,340.02040924072264,36.43012847900388,73.33316345214844,0.456053772028568,-1.0,-1.0,-1.0
51,5,448.4548512268067,338.1476481628418,38.71988525390623,72.55343627929688,0.8391738860378695,-1.0,-1.0,-1.0
52,5,453.2011674499512,336.5967658996582,42.4522705078125,74.39199829101562,0.839550120810177,-1.0,-1.0,-1.0
53,5,457.4311303710938,334.92230529785155,49.67567138671876,77.01405029296876,0.8711251101983812,-1.0,-1.0,-1.0
54,5,460.63691894531246,333.8335986328125,50.908447265625,77.21938476562502,0.8692768593601699,-1.0,-1.0,-1.0
55,5,464.9427575683593,330.75967895507813,57.98221435546873,79.02822875976562,0.8776100259585426,-1.0,-1.0,-1.0
56,5,469.4431091308594,328.0827502441406,59.93865966796875,78.46885986328124,0.8721520928130957,-1.0,-1.0,-1.0
57,5,477.6290112304688,325.15888183593745,55.13796386718752,85.83684082031249,0.8871193359328657,-1.0,-1.0,-1.0
58,5,486.2928295898438,322.4758721923828,53.21986083984376,87.41074218749998,0.8146260643504988,-1.0,-1.0,-1.0
59,5,497.06401245117183,319.5984539794922,35.21744384765623,84.21915893554689,0.8516730791125156,-1.0,-1.0,-1.0
60,5,507.3890295410156,318.8722576904297,35.59537353515623,85.75499267578124,0.8729953580034646,-1.0,-1.0,-1.0
61,5,517.9029455566406,318.3006115722656,34.83918457031257,85.23709716796873,0.8494604248333815,-1.0,-1.0,-1.0
62,5,524.1822583007813,318.0540509033203,36.36068115234366,83.96652832031253,0.81088506894773,-1.0,-1.0,-1.0
63,5,530.3141564941405,317.932827758789,48.85806884765623,86.6485656738281,0.8768811906836369,-1.0,-1.0,-1.0
64,5,535.8023327636719,317.1933984374999,57.73117675781248,85.37882080078123,0.9113937973546982,-1.0,-1.0,-1.0
65,5,544.5570190429687,316.07739624023435,57.44190673828132,85.56421508789066,0.901089221143394,-1.0,-1.0,-1.0
66,5,552.9890368652343,314.8970196533203,49.939453125,86.66691284179683,0.9021358679910564,-1.0,-1.0,-1.0
67,5,563.0438012695312,313.8284509277343,34.69086914062507,84.05441894531248,0.8463031229701912,-1.0,-1.0,-1.0
68,5,573.6589233398438,313.09436096191405,35.47430419921875,85.96713867187498,0.8464955183496699,-1.0,-1.0,-1.0
69,5,584.4247888183593,313.34160827636714,36.66225585937502,80.22788085937498,0.7823013302174786,-1.0,-1.0,-1.0
70,5,591.2481005859374,314.00655578613276,33.65771484375,82.45305175781249,0.7925569945686561,-1.0,-1.0,-1.0
71,5,597.677607421875,315.0070532226563,44.69490966796866,79.32299194335934,0.8000464662932529,-1.0,-1.0,-1.0
72,5,603.1782202148437,315.87572021484374,57.73677978515627,79.41220092773438,0.7900938155767108,-1.0,-1.0,-1.0
73,5,611.08259765625,316.6517065429688,67.01308593750002,81.07003784179688,0.9068908110319996,-1.0,-1.0,-1.0
74,5,618.0522583007812,316.742700805664,62.63602294921873,81.79090576171876,0.8893632455038869,-1.0,-1.0,-1.0
75,5,626.3670520019531,316.75042968749995,42.77395019531252,80.82855834960935,0.8092677029274498,-1.0,-1.0,-1.0
76,5,635.3593835449219,316.9624163818359,39.75765380859377,81.63594360351561,0.8307476459275343,-1.0,-1.0,-1.0
77,5,644.1646069335937,317.04775268554687,38.97235107421875,84.2156982421875,0.8144351745244052,-1.0,-1.0,-1.0
78,5,649.8962292480468,317.2693359375,36.863635253906295,82.34000244140623,0.7990659381114682,-1.0,-1.0,-1.0
79,5,656.2782421874999,318.36298095703125,56.53916015625009,83.48675537109375,0.8743749862587578,-1.0,-1.0,-1.0
80,5,660.5914526367187,319.2197607421875,59.230151367187545,82.14021606445311,0.8663026181823241,-1.0,-1.0,-1.0
81,5,665.5096362304688,319.66224609375,66.87443847656243,80.85223388671875,0.870715558778187,-1.0,-1.0,-1.0
82,5,671.4130737304688,320.1803833007813,67.31279296875005,82.4930419921875,0.8749377024379825,-1.0,-1.0,-1.0
83,5,678.1177661132813,320.052826538086,58.17766113281243,81.29157714843745,0.9048992619869622,-1.0,-1.0,-1.0
84,5,683.7472485351562,319.6014532470703,47.43951416015625,80.33977661132809,0.885773960984352,-1.0,-1.0,-1.0
85,5,691.8414697265625,319.44019592285156,40.91154785156243,82.6165832519531,0.8382416972457598,-1.0,-1.0,-1.0
86,5,698.5822302246094,319.3336669921875,43.0412475585938,81.06882934570314,0.849278140598507,-1.0,-1.0,-1.0
87,5,704.0831066894531,320.0261956787109,40.00924072265627,75.41707763671877,0.7700997590041609,-1.0,-1.0,-1.0
88,5,709.0132653808594,320.935341796875,38.67154541015623,79.96651611328127,0.8003878699754203,-1.0,-1.0,-1.0
89,5,714.3907299804688,321.5708325195312,35.6011962890625,74.35211791992191,0.7558743017230896,-1.0,-1.0,-1.0
90,5,718.2714477539063,322.0691729736328,38.71274414062498,74.26065673828123,0.72011617484916,-1.0,-1.0,-1.0
91,5,722.5669079589843,322.3828527832031,40.50272216796873,75.36583862304686,0.72011617484916,-1.0,-1.0,-1.0
92,5,727.0048583984375,321.9125457763672,42.29270019531248,76.47102050781248,0.72011617484916,-1.0,-1.0,-1.0
93,5,731.1855834960937,321.5947265625,44.08267822265623,77.57620239257811,0.72011617484916,-1.0,-1.0,-1.0
94,5,735.36630859375,321.2769073486328,45.87265624999998,78.68138427734374,0.72011617484916,-1.0,-1.0,-1.0
95,5,739.5470336914062,320.95908813476564,47.66263427734373,79.78656616210935,0.72011617484916,-1.0,-1.0,-1.0
96,5,743.7277587890625,320.6412689208984,49.45261230468748,80.89174804687498,0.72011617484916,-1.0,-1.0,-1.0
97,5,747.9084838867187,320.3234497070313,51.24259033203123,81.99692993164061,0.72011617484916,-1.0,-1.0,-1.0
98,5,751.1548461914062,319.9387316894531,53.03256835937498,83.10211181640624,0.72011617484916,-1.0,-1.0,-1.0
99,5,753.8365795898437,319.9059741210937,54.82254638671873,84.20729370117186,0.6925892570310879,-1.0,-1.0,-1.0
100,5,755.9011584472656,319.6088549804687,34.57562255859375,76.3225158691406,0.7106426515225372,-1.0,-1.0,-1.0
101,5,756.8541458129882,319.5096611022949,38.286694335937455,75.02217407226561,0.7724168793231527,-1.0,-1.0,-1.0
102,5,757.0488830566405,319.45027770996086,41.31859130859368,75.20223999023438,0.7458041158434838,-1.0,-1.0,-1.0
1,7,346.43027343750003,325.5411712646484,30.7408447265625,66.36346435546875,0.8211162237003862,-1.0,-1.0,-1.0
2,7,346.00745544433596,326.14660491943357,30.7408447265625,66.36346435546875,0.8211162237003862,-1.0,-1.0,-1.0
3,7,345.30364379882815,326.65553283691406,31.30938720703125,67.70928955078125,0.8097691515489274,-1.0,-1.0,-1.0
4,7,344.2719232177734,327.59125488281245,31.20139160156248,70.44428100585935,0.8096555383215076,-1.0,-1.0,-1.0
5,7,343.11108581542965,328.83352844238277,31.746368408203125,74.0352722167969,0.8194753441750606,-1.0,-1.0,-1.0
6,7,342.1063311767578,329.4230877685547,32.72860107421872,76.53834228515626,0.8414899169528809,-1.0,-1.0,-1.0
7,7,341.47429321289064,330.17643676757814,34.16693115234375,76.31251831054686,0.8457802191426111,-1.0,-1.0,-1.0
8,7,341.43902709960935,330.8454602050781,34.60654907226564,77.29595947265625,0.8214209431214954,-1.0,-1.0,-1.0
9,7,341.62879943847656,331.2699005126953,32.87680664062498,76.4818176269531,0.8503641253151102,-1.0,-1.0,-1.0
10,7,341.8514703369141,331.36098266601556,31.42567749023442,75.73359374999995,0.8587198618334213,-1.0,-1.0,-1.0
11,7,341.8969427490234,331.6571136474609,31.983068847656284,78.30763549804686,0.8649358087532732,-1.0,-1.0,-1.0
12,7,341.7505334472656,331.94222534179687,33.43892211914067,78.4237060546875,0.8510306274068924,-1.0,-1.0,-1.0
13,7,341.23406616210934,332.19265319824217,35.640856933593795,85.90803222656251,0.8751855752588966,-1.0,-1.0,-1.0
14,7,340.73692932128904,332.66167053222654,35.892993164062545,83.76058959960932,0.8622496107462254,-1.0,-1.0,-1.0
15,7,340.33025939941405,333.1222888183594,37.55044555664063,84.24184570312497,0.8756232995209743,-1.0,-1.0,-1.0
16,7,340.1879095458984,333.3638397216797,37.70233154296875,87.33883666992182,0.896740661741454,-1.0,-1.0,-1.0
17,7,340.4188916015625,334.1888745117187,39.169940185546864,94.763232421875,0.8857607059534658,-1.0,-1.0,-1.0
18,7,341.27350708007805,335.4035778808594,38.85216064453124,96.23062133789062,0.8780083105695233,-1.0,-1.0,-1.0
19,7,342.1373291015625,336.8061309814453,42.63261108398433,109.56972656249997,0.854113538340961,-1.0,-1.0,-1.0
20,7,343.1682092285156,338.2118206787109,39.66344604492184,104.70168457031248,0.8497994230331081,-1.0,-1.0,-1.0
21,7,344.88541625976563,339.24671081542965,37.5759338378906,97.17764282226562,0.8752077091354948,-1.0,-1.0,-1.0
22,7,346.3737451171875,339.55327880859375,37.719140624999966,97.43538208007811,0.8915597693523125,-1.0,-1.0,-1.0
23,7,347.47351501464846,339.5638806152343,36.49042968749996,100.50693969726564,0.862286030842327,-1.0,-1.0,-1.0
24,7,348.5694561767578,339.7253192138672,38.53806152343748,100.0651794433594,0.85039589362583,-1.0,-1.0,-1.0
25,7,350.35182312011716,340.9688562011719,39.07584228515629,101.62974243164064,0.8676052289639458,-1.0,-1.0,-1.0
26,7,351.20303833007813,343.19432373046874,41.888012695312455,106.1428161621094,0.8429495231756761,-1.0,-1.0,-1.0
27,7,352.7025952148437,346.2420904541015,38.42204589843749,82.88558349609372,0.7845660045858125,-1.0,-1.0,-1.0
28,7,352.828127746582,349.12360107421875,40.582177734374966,85.73741455078124,0.7445299147558231,-1.0,-1.0,-1.0
29,7,351.5265719604492,351.5713000488281,40.83848876953124,79.20417480468751,0.7441501271261366,-1.0,-1.0,-1.0
30,7,348.41297515869144,352.8733557128906,56.874160766601534,85.83093566894533,0.7441501271261366,-1.0,-1.0,-1.0
31,7,346.57853302001956,353.6827899169922,72.90983276367183,92.45769653320316,0.6882358058350313,-1.0,-1.0,-1.0
32,7,343.60336944580075,353.6399981689453,79.56941528320311,94.1511840820312,0.8121079751727613,-1.0,-1.0,-1.0
33,7,343.21081970214846,353.35187622070316,67.60744628906247,92.489501953125,0.905705489753302,-1.0,-1.0,-1.0
34,7,343.6951409912109,352.86348999023437,69.295166015625,93.03695068359376,0.8934447821613745,-1.0,-1.0,-1.0
35,7,345.317783203125,351.9029223632812,49.94500122070315,94.98372802734372,0.8818153746068731,-1.0,-1.0,-1.0
36,7,345.5440960693359,350.82447143554685,50.428619384765625,97.54694824218753,0.891940914449215,-1.0,-1.0,-1.0
37,7,348.3004064941406,350.2584063720703,53.25650024414057,100.12972412109372,0.8826272742350909,-1.0,-1.0,-1.0
38,7,351.0658959960937,350.378091430664,56.51751708984375,99.94317626953124,0.888483040602793,-1.0,-1.0,-1.0
39,7,354.54959472656253,351.2026593017578,49.46956787109377,98.25139160156247,0.8317832264047951,-1.0,-1.0,-1.0
40,7,358.7053875732422,352.5799493408203,46.7655029296875,95.2900817871094,0.8581466731964582,-1.0,-1.0,-1.0
41,7,363.1105041503906,353.23239990234373,61.105792236328114,93.84180908203126,0.8912899496949009,-1.0,-1.0,-1.0
42,7,365.3329449462891,353.0596124267578,64.01986083984372,93.85252075195314,0.90358311783924,-1.0,-1.0,-1.0
43,7,367.12802856445313,352.2807366943359,74.37079467773435,97.17171020507811,0.9292644004570434,-1.0,-1.0,-1.0
44,7,371.7459118652344,350.68017150878904,76.64699707031247,98.674365234375,0.9137872142498792,-1.0,-1.0,-1.0
45,7,381.6669616699219,349.94346130371093,77.16148681640624,99.230712890625,0.8728262978053039,-1.0,-1.0,-1.0
46,7,392.0451965332031,349.70135009765625,80.58669433593752,100.7507263183594,0.8924978154979044,-1.0,-1.0,-1.0
47,7,402.75396606445304,349.0923449707031,57.18507385253906,95.2260314941406,0.8792410215346216,-1.0,-1.0,-1.0
48,7,413.03552124023435,348.30053283691404,61.89178161621095,95.80325317382812,0.87570461088157,-1.0,-1.0,-1.0
49,7,424.36658386230465,347.6836834716797,69.52744445800784,98.93655395507812,0.8857623629838258,-1.0,-1.0,-1.0
50,7,431.6941296386718,346.0342401123047,68.79559020996089,100.2161865234375,0.8670127672525574,-1.0,-1.0,-1.0
51,7,442.4718548583984,344.62414489746095,67.96947326660154,94.289501953125,0.7834861924625329,-1.0,-1.0,-1.0
52,7,455.4073168945312,343.93233032226556,62.2056884765625,95.76375732421876,0.8637915102522911,-1.0,-1.0,-1.0
53,7,468.7944708251953,342.9918621826172,54.54239501953123,94.0994934082031,0.8827862799333452,-1.0,-1.0,-1.0
54,7,478.39075927734376,341.9350378417968,55.48996582031253,93.86191406249998,0.8411168995377238,-1.0,-1.0,-1.0
55,7,493.60283569335934,340.9299920654297,66.0767211914063,97.22186279296876,0.899320676062132,-1.0,-1.0,-1.0
56,7,507.10485717773435,339.91662414550785,74.93302001953128,98.25144653320308,0.912392680152326,-1.0,-1.0,-1.0
57,7,520.7779248046875,338.87115966796875,51.82053222656248,95.7116271972656,0.8661670859989492,-1.0,-1.0,-1.0
58,7,534.3590808105469,338.6005114746094,43.392260742187545,95.9858459472656,0.8525238158473059,-1.0,-1.0,-1.0
59,7,549.8795764160155,337.75555847167965,37.80208740234377,95.88713378906247,0.8554756386655527,-1.0,-1.0,-1.0
60,7,558.2512243652343,336.8363928222656,37.82570800781252,95.1942810058594,0.8789022603975312,-1.0,-1.0,-1.0
61,7,567.1106982421875,334.9878717041016,43.1379272460938,98.6439331054687,0.8566979006963322,-1.0,-1.0,-1.0
62,7,575.437587890625,333.67936157226563,47.893688964843705,94.59865722656248,0.8321354811571915,-1.0,-1.0,-1.0
63,7,586.4450866699219,332.5985266113281,57.17768554687496,91.7375427246094,0.8970545124800111,-1.0,-1.0,-1.0
64,7,597.1929785156251,332.0724682617187,49.352124023437455,88.93586425781251,0.890288851127579,-1.0,-1.0,-1.0
65,7,608.9775402832031,331.6942639160156,41.19675292968748,87.32087402343751,0.8793146087714376,-1.0,-1.0,-1.0
66,7,618.6887622070312,331.8766754150391,36.43967285156248,89.70452270507809,0.8444057219507854,-1.0,-1.0,-1.0
67,7,628.3847790527344,331.91529235839846,48.30732421875007,90.29646606445311,0.8723699095303239,-1.0,-1.0,-1.0
68,7,636.7957360839844,331.26475891113284,57.04672851562498,92.4302307128906,0.8908051142478577,-1.0,-1.0,-1.0
69,7,645.5917419433594,330.70241271972657,63.528002929687545,88.66230468750001,0.8922569041139496,-1.0,-1.0,-1.0
70,7,654.7947692871093,329.699619140625,52.80435791015623,90.3246459960937,0.8907109328315244,-1.0,-1.0,-1.0
71,7,665.1954821777343,327.8119812011719,42.98873291015616,90.93218994140624,0.830229292104697,-1.0,-1.0,-1.0
72,7,674.5508349609374,325.19064880371087,35.748522949218795,93.09023437500002,0.8079881065973744,-1.0,-1.0,-1.0
73,7,683.6818688964843,322.4203527832031,39.143847656250045,94.5789916992187,0.8562186935772438,-1.0,-1.0,-1.0
74,7,691.4013244628907,320.2731628417969,36.212475585937455,97.51333007812497,0.8753457492804877,-1.0,-1.0,-1.0
75,7,698.358944091797,319.25421386718756,39.54726562499991,100.78319091796874,0.7785333739839011,-1.0,-1.0,-1.0
76,7,703.6783264160156,319.67496826171873,39.258544921875,94.05126342773434,0.8244350968348755,-1.0,-1.0,-1.0
77,7,710.5338574218749,320.4129180908203,38.8970947265625,90.28179931640624,0.812404347845181,-1.0,-1.0,-1.0
78,7,718.0444665527344,321.61705444335934,43.15792236328116,90.05037231445311,0.7631007892970736,-1.0,-1.0,-1.0
79,7,727.1486608886719,322.42132507324214,41.048913574218695,89.75496826171876,0.7631007892970736,-1.0,-1.0,-1.0
80,7,736.5034588623046,323.0214916992187,38.93990478515624,89.45956420898439,0.7631007892970736,-1.0,-1.0,-1.0
81,7,747.2766302490234,323.8347052001953,36.83089599609377,89.16416015625003,0.7212078792623515,-1.0,-1.0,-1.0
82,7,755.6549725341796,323.6324157714844,38.65187988281252,86.08551635742188,0.7212078792623515,-1.0,-1.0,-1.0
83,7,762.5824200439453,324.42781311035156,40.47286376953127,83.00687255859373,0.7342250654118061,-1.0,-1.0,-1.0
84,7,767.7110467529296,324.87352844238274,52.16385498046873,88.49366455078126,0.7260699814080596,-1.0,-1.0,-1.0
85,7,777.4721630859375,324.6247979736328,59.10029296874996,84.89750976562499,0.802381182462895,-1.0,-1.0,-1.0
86,7,787.2203430175781,324.00866271972654,60.35712890625007,86.73914794921876,0.8076239205696822,-1.0,-1.0,-1.0
87,7,799.72119140625,324.84869934082025,44.398937988281205,88.0443237304687,0.8496352045560052,-1.0,-1.0,-1.0
88,7,812.1368847656249,324.4288073730469,40.35574951171873,87.9290771484375,0.8399006335093873,-1.0,-1.0,-1.0
89,7,824.2023889160157,323.4530731201172,36.221813964843705,84.44097290039065,0.817564247611287,-1.0,-1.0,-1.0
90,7,830.2866064453125,322.4568273925781,36.97481689453127,86.90800781249999,0.6698225734986778,-1.0,-1.0,-1.0
91,7,837.4097570800781,321.60299194335937,55.20432128906248,90.77920532226562,0.8677137746750816,-1.0,-1.0,-1.0
92,7,842.955479736328,320.56964538574215,60.87689208984375,93.40828857421872,0.8432043918226597,-1.0,-1.0,-1.0
93,7,851.392869873047,319.92065002441404,82.33950805664062,97.5723815917969,0.8977998439153083,-1.0,-1.0,-1.0
94,7,862.8250781250001,320.82877990722653,80.32000122070315,96.52510986328129,0.881612221701289,-1.0,-1.0,-1.0
95,7,876.6951965332031,321.4249694824219,66.74809570312493,96.86986083984374,0.8677924526214156,-1.0,-1.0,-1.0
96,7,889.0011254882813,322.64349609375,52.45966186523435,93.92695312499995,0.8674888949591093,-1.0,-1.0,-1.0
97,7,901.2929919433593,323.6682238769531,51.27099609375,95.59555664062503,0.8612899534340457,-1.0,-1.0,-1.0
98,7,910.4588195800782,325.122978515625,52.193408203125045,91.57302246093748,0.8430660360119191,-1.0,-1.0,-1.0
99,7,918.6100268554686,325.23346801757805,56.84611816406255,100.52061767578124,0.8186678710229209,-1.0,-1.0,-1.0
100,7,926.0654589843749,325.94105346679686,61.56057128906252,98.38070068359376,0.8295341401750562,-1.0,-1.0,-1.0
101,7,929.6663543701171,326.0470207214355,58.984057617187545,102.34709472656247,0.8881289562794308,-1.0,-1.0,-1.0
102,7,933.4556762695312,326.1321350097656,47.172656250000045,103.10163574218753,0.8345561181259455,-1.0,-1.0,-1.0
