1,1,323.0508178710938,363.71723327636727,57.6149963378906,95.20026855468744,0.926637273691707,-1.0,-1.0,-1.0
2,1,322.9349166870117,364.27225341796884,57.6149963378906,95.20026855468744,0.926637273691707,-1.0,-1.0,-1.0
3,1,322.86179443359373,364.53610107421883,57.66437988281251,95.26519775390624,0.9264980727039394,-1.0,-1.0,-1.0
4,1,322.81732177734375,364.7456213378906,58.44539794921877,92.90330200195308,0.928456518556402,-1.0,-1.0,-1.0
5,1,322.8392834472656,364.2578833007813,59.396484375,93.3238586425781,0.9150737422304543,-1.0,-1.0,-1.0
6,1,322.79341003417966,363.4413629150391,58.79701538085936,94.22314453125,0.9107059117786775,-1.0,-1.0,-1.0
7,1,322.57399658203127,361.7220629882812,58.19831542968751,97.8161682128906,0.9102419570019648,-1.0,-1.0,-1.0
8,1,322.1514624023438,359.88191894531246,58.149975585937455,99.41522827148437,0.9161459340298208,-1.0,-1.0,-1.0
9,1,321.30255432128905,357.77996520996095,56.022308349609375,100.75303344726564,0.9130524307899606,-1.0,-1.0,-1.0
10,1,320.23304077148435,356.40990417480464,54.035870361328136,100.08506469726564,0.8930709180612197,-1.0,-1.0,-1.0
11,1,318.84938415527347,355.7567449951172,47.64512329101558,100.13340454101564,0.8774134900364317,-1.0,-1.0,-1.0
12,1,317.40003479003906,355.95300476074215,48.08836669921874,100.08099975585937,0.87291556980718,-1.0,-1.0,-1.0
13,1,316.20894104003906,357.0255780029297,50.08315429687502,97.92608642578124,0.8813087653259579,-1.0,-1.0,-1.0
14,1,315.4117620849609,358.79096557617186,50.48800048828127,95.42719116210937,0.9092628180899424,-1.0,-1.0,-1.0
15,1,314.6636370849609,360.09633361816407,49.25659790039066,92.50675048828124,0.8956994573727428,-1.0,-1.0,-1.0
16,1,314.4551055908203,360.71009033203126,47.02846069335936,91.01315917968748,0.9062200992801336,-1.0,-1.0,-1.0
17,1,315.72791564941406,359.95140747070315,48.28557128906249,93.40433349609371,0.9070063426988888,-1.0,-1.0,-1.0
18,1,317.724878540039,357.81467102050783,48.316387939453136,94.79674072265624,0.9100183628737142,-1.0,-1.0,-1.0
19,1,320.5358569335938,354.3810150146484,44.64085693359374,96.66518554687497,0.8930065459253456,-1.0,-1.0,-1.0
20,1,323.83623779296875,351.14347595214844,41.8859802246094,99.13375854492188,0.8898527372619327,-1.0,-1.0,-1.0
21,1,328.1176538085938,347.86749572753905,42.01616821289065,100.4632690429687,0.9026901995225244,-1.0,-1.0,-1.0
22,1,331.7643182373047,345.56405273437497,42.646728515625,101.35953369140624,0.9032713398702265,-1.0,-1.0,-1.0
23,1,335.3835607910156,343.96001586914065,40.34630126953124,103.02116088867189,0.8906605696874195,-1.0,-1.0,-1.0
24,1,338.4756079101562,343.42937622070315,41.165057373046864,102.90838623046876,0.8860489465760679,-1.0,-1.0,-1.0
25,1,341.5492858886719,342.9439672851562,50.89432983398439,102.60466918945308,0.9139590912886888,-1.0,-1.0,-1.0
26,1,343.5350537109375,342.7093157958984,54.459448242187534,102.3794494628906,0.9131092893019286,-1.0,-1.0,-1.0
27,1,346.25564758300777,342.22095703124995,53.69749145507808,103.22325439453124,0.93364758037891,-1.0,-1.0,-1.0
28,1,349.59226684570314,341.51665100097654,53.846026611328114,103.33883056640629,0.9364708007400075,-1.0,-1.0,-1.0
29,1,353.2341027832032,340.35632995605465,47.45879516601559,104.026904296875,0.9255909628801896,-1.0,-1.0,-1.0
30,1,356.46092468261725,339.3557940673828,40.76630859374996,102.33099975585937,0.907319675625704,-1.0,-1.0,-1.0
31,1,360.6572570800781,338.4051910400391,41.8309387207031,101.62957763671876,0.8826647076718075,-1.0,-1.0,-1.0
32,1,363.9449212646484,337.77641052246094,47.74954833984373,99.35222167968747,0.8398514366499299,-1.0,-1.0,-1.0
33,1,365.9740301513672,337.33659484863284,49.515600585937534,98.54450683593744,0.8542880736562779,-1.0,-1.0,-1.0
34,1,368.474853515625,337.392240600586,51.82745361328119,98.50913085937498,0.8709627691905872,-1.0,-1.0,-1.0
35,1,371.18257690429687,337.52747680664066,53.55433959960936,100.05177612304686,0.8751494509053828,-1.0,-1.0,-1.0
36,1,373.2224688720703,337.69674316406247,48.39862060546875,99.74174194335932,0.904827265288958,-1.0,-1.0,-1.0
37,1,374.0283599853516,337.8010418701172,51.19546508789057,100.86624755859371,0.8883507600763849,-1.0,-1.0,-1.0
38,1,376.4302954101562,337.65169921874997,50.07101440429688,101.13931274414062,0.8838066133878222,-1.0,-1.0,-1.0
39,1,379.00884704589845,337.1599621582031,59.88032226562501,101.20913085937497,0.8345783542641563,-1.0,-1.0,-1.0
40,1,381.8081909179688,336.5312365722656,52.26427001953124,102.79819335937498,0.8801884760501366,-1.0,-1.0,-1.0
41,1,384.98293212890627,335.9126788330078,49.6219482421875,103.81289062500002,0.9149061548118986,-1.0,-1.0,-1.0
42,1,389.38371459960933,335.28813903808594,48.7650146484375,103.63798828125,0.8975828155392946,-1.0,-1.0,-1.0
43,1,392.99339904785154,334.79195800781247,52.30914916992191,103.8283264160156,0.908850091776504,-1.0,-1.0,-1.0
44,1,395.64479553222657,334.51190551757816,51.90655517578125,104.24448852539058,0.9214366718356573,-1.0,-1.0,-1.0
45,1,398.76101257324217,334.43265563964843,51.70616455078124,105.60080566406248,0.9281159975285148,-1.0,-1.0,-1.0
46,1,401.3921228027344,334.40288818359375,52.35512695312502,105.37761840820308,0.9334025050308624,-1.0,-1.0,-1.0
47,1,403.9038006591797,334.514976196289,52.77985839843751,104.79567260742186,0.9338527627980326,-1.0,-1.0,-1.0
48,1,405.4868756103516,334.90693542480466,52.18390502929691,104.6798217773437,0.930468124832842,-1.0,-1.0,-1.0
49,1,407.2418756103516,335.2411285400391,50.80006713867186,104.17807617187498,0.9286348368553944,-1.0,-1.0,-1.0
50,1,408.1529168701171,335.38415405273435,51.05028076171874,103.580859375,0.9290980676845636,-1.0,-1.0,-1.0
51,1,410.934814453125,335.4652001953125,49.83848876953124,103.6133239746094,0.917951956276866,-1.0,-1.0,-1.0
52,1,414.1243048095703,335.27371398925777,50.70113525390627,104.00042724609376,0.9178873603883808,-1.0,-1.0,-1.0
53,1,418.20283630371097,334.63845703124997,41.68168945312499,102.81708984375,0.9096464298472108,-1.0,-1.0,-1.0
54,1,422.07279785156254,334.1961968994141,39.71096191406252,103.35047607421876,0.9081561420949668,-1.0,-1.0,-1.0
55,1,426.6841223144531,333.6115979003906,37.288476562499966,104.56611328124995,0.9107342393063612,-1.0,-1.0,-1.0
56,1,429.50328002929683,332.99535278320315,36.95550842285155,103.97966308593747,0.9024401249053682,-1.0,-1.0,-1.0
57,1,432.3529302978515,332.6563696289062,36.87547302246094,104.1108947753906,0.9076590377473224,-1.0,-1.0,-1.0
58,1,434.74201171875,332.80790405273433,35.845367431640625,104.50552368164062,0.9003441989947163,-1.0,-1.0,-1.0
59,1,437.75316650390624,332.9531323242187,37.55629577636722,103.53158569335938,0.8856374132781113,-1.0,-1.0,-1.0
60,1,440.3172381591797,333.27344970703126,42.372592163085926,102.46316528320308,0.8996874895190565,-1.0,-1.0,-1.0
61,1,441.8045768737793,333.57918548583984,41.53504943847656,102.2403625488281,0.904330380172091,-1.0,-1.0,-1.0
62,1,443.1829284667969,333.8613555908203,42.08906250000001,102.10264892578124,0.9000047883549733,-1.0,-1.0,-1.0
1,2,733.7672790527344,357.1427490234375,53.698864746093705,133.5821044921875,0.9084174611646888,-1.0,-1.0,-1.0
2,2,733.7342422485351,356.9530448913574,53.698864746093705,133.5821044921875,0.9084174611646888,-1.0,-1.0,-1.0
3,2,733.6326818847656,355.30241638183594,53.609436035156136,133.56870117187498,0.9078564259051304,-1.0,-1.0,-1.0
4,2,733.4394543457031,353.67888427734374,53.32730712890623,132.41269226074218,0.8994080095923778,-1.0,-1.0,-1.0
5,2,732.9189880371093,351.72935485839844,51.34471435546868,137.97982177734372,0.8893299402404864,-1.0,-1.0,-1.0
6,2,732.2743103027344,349.7967828369141,48.73392333984373,128.60587463378903,0.8817663406440701,-1.0,-1.0,-1.0
7,2,731.5810510253907,348.1668292236328,44.21019287109368,132.3850067138672,0.9017377512949452,-1.0,-1.0,-1.0
8,2,730.874080810547,348.0517419433594,43.96278076171871,132.00479736328123,0.8988262659151118,-1.0,-1.0,-1.0
9,2,730.1789758300781,348.72375915527346,42.68792724609375,131.5141204833984,0.8962046603128115,-1.0,-1.0,-1.0
10,2,729.8203381347656,349.8859259033203,43.4454345703125,131.94264221191406,0.8906453045854548,-1.0,-1.0,-1.0
11,2,729.5144348144531,350.42640930175776,43.3179931640625,127.37120361328124,0.8972208019054051,-1.0,-1.0,-1.0
12,2,729.2186828613281,350.6503106689453,43.39116210937493,126.4221221923828,0.8963110455109877,-1.0,-1.0,-1.0
13,2,728.9090112304686,350.14472534179686,45.28267822265627,129.399169921875,0.9028045677047096,-1.0,-1.0,-1.0
14,2,728.5388049316405,348.8058764648437,46.370654296875045,129.7804779052734,0.9022568898137776,-1.0,-1.0,-1.0
15,2,727.7833520507812,347.42070922851565,47.216601562500045,131.65790405273435,0.9110556006568516,-1.0,-1.0,-1.0
16,2,726.8881201171874,346.6671350097657,48.58187255859377,129.814013671875,0.9138386738650296,-1.0,-1.0,-1.0
17,2,725.9111279296874,345.99165161132817,51.59322509765627,124.7820281982422,0.9131073049225336,-1.0,-1.0,-1.0
18,2,725.1618823242187,346.0642767333984,53.13592529296864,124.08892822265624,0.911467064255202,-1.0,-1.0,-1.0
19,2,724.9670288085938,345.7952709960937,53.34093017578118,125.71701965332028,0.9078199638371842,-1.0,-1.0,-1.0
20,2,725.3896398925781,345.2342376708984,51.76889648437498,120.98520812988284,0.9063374966908172,-1.0,-1.0,-1.0
21,2,726.0317138671875,344.3778698730469,47.3193237304688,121.7199737548828,0.9040783876263276,-1.0,-1.0,-1.0
22,2,726.7708081054686,343.76148742675775,45.586560058593705,122.52848510742189,0.901211384072095,-1.0,-1.0,-1.0
23,2,727.0991015625,343.8250817871093,42.73275146484377,121.91152038574216,0.8798774439293311,-1.0,-1.0,-1.0
24,2,727.1033642578125,344.5075964355468,41.33891601562493,122.39077148437502,0.8673117175121376,-1.0,-1.0,-1.0
25,2,727.1484631347655,345.5466394042969,40.94307861328127,119.46857299804684,0.8736890163641675,-1.0,-1.0,-1.0
26,2,727.1477819824219,346.5990692138672,40.2572021484375,118.29734802246094,0.8777643501419696,-1.0,-1.0,-1.0
27,2,726.9546752929688,346.73614013671875,37.433605957031205,117.3564514160156,0.8756528745176553,-1.0,-1.0,-1.0
28,2,726.8719152832031,345.7695629882813,37.1481811523438,118.22904052734371,0.8774661758931259,-1.0,-1.0,-1.0
29,2,726.437197265625,344.2373272705078,37.565112304687545,122.09081726074214,0.8769701793809759,-1.0,-1.0,-1.0
30,2,725.6457751464843,342.52153198242183,39.31094970703123,123.59816894531248,0.8652083531393089,-1.0,-1.0,-1.0
31,2,724.6772204589843,341.1153588867187,40.33388671874991,119.3391540527344,0.8739936768902297,-1.0,-1.0,-1.0
32,2,723.9357971191406,340.32228881835937,41.07777099609382,117.20302734374997,0.8737446174254373,-1.0,-1.0,-1.0
33,2,722.4393383789062,339.84972290039065,37.45426025390634,108.84287109374998,0.8741257294922882,-1.0,-1.0,-1.0
34,2,720.1030078125,338.87124206542967,36.40264892578125,107.93973999023432,0.8719845280304916,-1.0,-1.0,-1.0
35,2,716.3640966796875,337.4357629394531,38.873583984375045,106.68647460937495,0.8591396399622333,-1.0,-1.0,-1.0
36,2,712.4635986328125,336.0594781494141,43.60561523437502,110.94741210937497,0.8845641125469506,-1.0,-1.0,-1.0
37,2,708.2513745117187,334.8248016357422,52.19307861328127,110.27883911132812,0.9047053056487186,-1.0,-1.0,-1.0
38,2,705.3827014160156,333.8269738769531,53.76972656249996,108.75547485351564,0.9036631171090476,-1.0,-1.0,-1.0
39,2,704.1523754882812,333.29179138183594,56.26900634765627,98.53665161132812,0.8780260711384358,-1.0,-1.0,-1.0
40,2,704.2560424804688,332.5813055419922,57.71096191406252,97.9023010253906,0.8914236544556253,-1.0,-1.0,-1.0
41,2,704.3825610351563,330.720205078125,54.02208251953118,95.3947265625,0.892356794629876,-1.0,-1.0,-1.0
42,2,704.9015222167969,328.6833892822266,62.84981689453127,98.43013916015622,0.8978751925580539,-1.0,-1.0,-1.0
43,2,706.5429895019531,326.1307653808594,67.26445312499993,102.24871215820308,0.8923581750503118,-1.0,-1.0,-1.0
44,2,708.0742199707031,324.2347448730469,72.41671142578127,101.89786376953124,0.8864686567004085,-1.0,-1.0,-1.0
45,2,712.2887512207031,322.6409417724609,65.463134765625,99.66549682617182,0.8812216204192822,-1.0,-1.0,-1.0
46,2,717.2288854980468,321.44471740722656,64.61806640625002,97.19450683593747,0.8874115502609747,-1.0,-1.0,-1.0
47,2,723.3775817871094,319.7060266113281,54.30585937499996,92.877978515625,0.879827615724782,-1.0,-1.0,-1.0
48,2,728.7553564453125,317.92864196777344,51.248583984375045,96.41771850585934,0.8714278060839717,-1.0,-1.0,-1.0
49,2,733.5440991210937,314.86736755371095,45.41726074218741,99.42385253906248,0.8613971377769758,-1.0,-1.0,-1.0
50,2,735.5932250976563,311.94078552246094,41.80100097656248,101.65242919921876,0.8626864608820028,-1.0,-1.0,-1.0
51,2,737.3029064941405,309.5714520263672,41.57402343749993,104.2190551757812,0.8775808715960238,-1.0,-1.0,-1.0
52,2,737.634462890625,308.14113647460937,41.94371337890618,104.87647705078126,0.8816751813810981,-1.0,-1.0,-1.0
53,2,736.5406311035156,307.5605419921875,41.96370849609377,103.72203369140624,0.8690999584390369,-1.0,-1.0,-1.0
54,2,735.6470471191407,308.0084545898438,42.80064697265618,102.81610107421876,0.8829712177255793,-1.0,-1.0,-1.0
55,2,734.8418811035156,308.6877612304687,45.78057861328125,99.94696655273437,0.8882032409002605,-1.0,-1.0,-1.0
56,2,734.0613024902343,309.4362872314453,44.69523925781255,98.96550292968747,0.8919680373160901,-1.0,-1.0,-1.0
57,2,733.4424536132813,309.9103308105469,45.27960205078125,97.31651000976564,0.8938376583715879,-1.0,-1.0,-1.0
58,2,733.6888439941406,309.77145812988283,44.44606933593752,97.30447998046871,0.8923805716278039,-1.0,-1.0,-1.0
59,2,734.1556860351562,309.3581195068359,42.59201660156248,96.38338623046872,0.8861389926919543,-1.0,-1.0,-1.0
60,2,734.9697180175781,308.8599829101562,41.02053222656241,97.07195434570316,0.8957012238302298,-1.0,-1.0,-1.0
61,2,735.3642425537109,308.55015335083004,37.96787109374998,97.55343017578122,0.8970114386473824,-1.0,-1.0,-1.0
62,2,735.929443359375,308.13951416015624,37.35703124999998,97.90147705078124,0.8905467238234266,-1.0,-1.0,-1.0
1,3,207.85943756103515,368.70324096679684,42.29691009521483,112.24997863769528,0.903885071687114,-1.0,-1.0,-1.0
2,3,207.48532104492185,368.99392318725586,42.29691009521483,112.24997863769528,0.903885071687114,-1.0,-1.0,-1.0
3,3,206.66165405273438,369.2130743408203,42.172819519042974,112.27000122070308,0.903414222631465,-1.0,-1.0,-1.0
4,3,205.40016815185544,369.4154479980469,42.13678436279298,111.19649963378907,0.9039209189599048,-1.0,-1.0,-1.0
5,3,203.90058380126953,369.2181115722657,43.77631530761718,110.74910888671872,0.9175652246445338,-1.0,-1.0,-1.0
6,3,202.3910897827148,368.9440521240235,45.142300415039074,110.56047363281247,0.9214229920552413,-1.0,-1.0,-1.0
7,3,201.2550045776367,368.41270935058594,45.16132049560548,109.8842376708984,0.9273698195346468,-1.0,-1.0,-1.0
8,3,200.68757171630858,367.90496520996095,44.90748138427733,109.82425231933593,0.92802237731118,-1.0,-1.0,-1.0
9,3,200.67279235839842,367.42942199707034,44.46876983642579,106.67568054199216,0.9259822276156447,-1.0,-1.0,-1.0
10,3,200.87002166748047,367.2186657714844,46.88459472656251,105.71182250976562,0.9245575742259788,-1.0,-1.0,-1.0
11,3,201.0829943847656,366.6393621826172,52.25494537353515,105.55350952148432,0.9233370692134244,-1.0,-1.0,-1.0
12,3,201.27452178955076,365.92133422851566,60.73000488281252,105.94281005859376,0.9315662504348587,-1.0,-1.0,-1.0
13,3,201.01684020996092,364.5671594238282,71.52572021484372,108.46175537109372,0.9363049969132362,-1.0,-1.0,-1.0
14,3,200.63026977539062,363.21483581542964,70.40549926757814,109.39323120117189,0.930249031903827,-1.0,-1.0,-1.0
15,3,201.33752838134765,361.78611328125,73.06656646728518,110.78223266601566,0.922290355113624,-1.0,-1.0,-1.0
16,3,202.39592651367184,360.5015588378906,74.75999908447264,109.47389831542966,0.9233739315478572,-1.0,-1.0,-1.0
17,3,205.03084350585937,358.9278057861328,70.61584625244143,103.4266387939453,0.9319471060989102,-1.0,-1.0,-1.0
18,3,208.55766632080076,358.00543212890625,67.64863128662108,106.3382629394531,0.9259823909237,-1.0,-1.0,-1.0
19,3,211.92608001708987,357.4780444335937,57.09336547851561,109.23500061035156,0.9127785486357743,-1.0,-1.0,-1.0
20,3,214.15929840087887,357.23792175292965,55.268701171874994,107.45950012207032,0.922338019241522,-1.0,-1.0,-1.0
21,3,215.8040972900391,357.2741986083984,58.474827575683605,105.58298034667968,0.9163382296019336,-1.0,-1.0,-1.0
22,3,215.83318359375002,357.66269165039057,56.99046478271487,105.40717163085937,0.892964107512654,-1.0,-1.0,-1.0
23,3,215.30518066406248,358.0109033203125,61.425878906250006,104.97387084960934,0.9095177217470828,-1.0,-1.0,-1.0
24,3,214.8208291625977,358.17507751464836,62.71688232421874,105.2151306152344,0.9150298699478654,-1.0,-1.0,-1.0
25,3,214.42389587402346,358.17436889648434,60.39030761718752,105.44477233886715,0.8911775715330776,-1.0,-1.0,-1.0
26,3,214.21507049560546,358.1943200683594,53.93908081054687,104.20004882812503,0.9219783098955644,-1.0,-1.0,-1.0
27,3,214.13881164550781,358.35760986328125,56.254614257812506,104.88523864746088,0.9161378218513504,-1.0,-1.0,-1.0
28,3,214.2864404296875,358.5087322998047,53.81678924560549,105.14663085937497,0.9080643044348342,-1.0,-1.0,-1.0
29,3,214.60795257568356,358.5481182861328,47.3441116333008,105.67677612304686,0.9001878206825182,-1.0,-1.0,-1.0
30,3,214.9190249633789,358.6670178222656,43.29613037109377,105.77263183593747,0.9149808798735392,-1.0,-1.0,-1.0
31,3,215.34351745605468,358.76653747558595,38.489295959472656,106.28986816406253,0.9039360987164892,-1.0,-1.0,-1.0
32,3,215.7987496948242,358.8184588623047,38.77415771484374,106.85264282226558,0.896417252964266,-1.0,-1.0,-1.0
33,3,216.32776885986328,358.8608770751953,41.46734619140625,106.41277770996096,0.8497781135086484,-1.0,-1.0,-1.0
34,3,216.80527038574218,358.8464245605469,39.37390136718747,106.55095825195308,0.8960156477066619,-1.0,-1.0,-1.0
35,3,216.22253356933592,358.8520715332031,37.346099853515625,106.4123107910156,0.902297413122561,-1.0,-1.0,-1.0
36,3,215.55875610351558,358.8654418945313,37.14526977539063,106.55587463378902,0.8993713658843561,-1.0,-1.0,-1.0
37,3,215.4008688354492,358.9003125,41.881860351562494,106.55991210937498,0.906214314098488,-1.0,-1.0,-1.0
38,3,215.66711151123044,358.95940795898434,41.744476318359375,106.6796905517578,0.9061361033027991,-1.0,-1.0,-1.0
39,3,215.87444000244142,359.01192260742187,38.57529144287108,106.41060791015622,0.90896204168779,-1.0,-1.0,-1.0
40,3,217.1128298950195,359.0365319824219,35.61503906249999,106.15155029296876,0.8998148701168134,-1.0,-1.0,-1.0
41,3,218.20834533691405,359.0745501708984,35.815594482421886,105.88801574707026,0.9029631085946191,-1.0,-1.0,-1.0
42,3,218.56707092285154,359.06811767578125,36.54750366210939,106.00565185546871,0.9078383751109342,-1.0,-1.0,-1.0
43,3,218.33364715576172,359.01542724609374,38.41360015869142,106.18478393554688,0.9030890414345693,-1.0,-1.0,-1.0
44,3,218.09899566650387,359.01660278320315,41.243623352050776,106.34263000488284,0.9036103245157676,-1.0,-1.0,-1.0
45,3,217.78567932128902,359.0772528076171,44.47162628173828,106.64747314453126,0.9067607501269171,-1.0,-1.0,-1.0
46,3,217.5819515991211,359.1350189208984,45.1478210449219,106.36509704589844,0.9062885413416666,-1.0,-1.0,-1.0
47,3,217.40952392578123,359.21444458007807,45.03448333740238,106.53335266113277,0.9145069615547924,-1.0,-1.0,-1.0
48,3,217.15088653564453,359.2977484130859,45.03773803710939,106.58051147460937,0.9129124648513524,-1.0,-1.0,-1.0
49,3,216.8421075439453,359.3616888427734,43.993817138671886,106.67147827148438,0.9082605124913457,-1.0,-1.0,-1.0
50,3,216.63692138671877,359.3841119384765,44.38591918945315,106.74352111816404,0.9095293123664412,-1.0,-1.0,-1.0
51,3,216.36474609375,359.4227178955078,43.96647491455076,106.49286804199215,0.9057572960173844,-1.0,-1.0,-1.0
52,3,216.18235656738278,359.4915142822266,43.594010925292935,106.47111511230467,0.9073568243462944,-1.0,-1.0,-1.0
53,3,216.20983337402345,359.6188677978515,43.60682373046876,106.29217529296876,0.904379390560372,-1.0,-1.0,-1.0
54,3,216.23754638671875,359.7395306396484,42.31224975585937,106.15885620117184,0.9014018085245789,-1.0,-1.0,-1.0
55,3,216.0305145263672,359.90807189941404,39.824615478515625,105.73887634277344,0.9051663281859844,-1.0,-1.0,-1.0
56,3,215.88808502197267,360.04734008789063,39.90900421142578,105.61253356933588,0.9115396416643832,-1.0,-1.0,-1.0
57,3,215.65056610107422,360.1579888916016,38.64214324951172,105.26311340332028,0.8971321830782131,-1.0,-1.0,-1.0
58,3,215.19705047607422,360.1849713134766,38.63022308349608,105.32205505371093,0.8989116933659318,-1.0,-1.0,-1.0
59,3,214.74112060546872,360.1794012451172,38.64122314453124,105.48305969238282,0.9018911838543318,-1.0,-1.0,-1.0
60,3,214.51677154541017,360.1278643798828,39.47156982421873,105.64230651855468,0.9053708581807278,-1.0,-1.0,-1.0
61,3,214.36167755126954,360.10060729980466,39.842193603515625,105.76919860839844,0.9055045003737164,-1.0,-1.0,-1.0
62,3,214.18304443359375,360.06567077636714,39.78171386718751,105.78073425292968,0.9058500274888316,-1.0,-1.0,-1.0
1,4,987.5962646484376,380.72536926269527,44.72775878906248,150.9171569824219,0.9019148307114122,-1.0,-1.0,-1.0
2,4,987.5829528808594,380.73354263305663,44.72775878906248,150.9171569824219,0.9019148307114122,-1.0,-1.0,-1.0
3,4,987.5967626953125,380.7737512207031,44.74973144531237,150.85659484863282,0.901715307640636,-1.0,-1.0,-1.0
4,4,987.59794921875,380.80402404785156,44.94880371093757,151.0372375488281,0.9008815251376988,-1.0,-1.0,-1.0
5,4,987.5270874023438,380.6632781982422,45.904833984375045,150.7139373779297,0.902012163974959,-1.0,-1.0,-1.0
6,4,987.4459204101562,380.52277404785156,46.3271484375,151.01424865722652,0.9051154969429902,-1.0,-1.0,-1.0
7,4,987.2144824218749,380.45139587402343,46.42734374999998,153.1663879394531,0.8982429603067388,-1.0,-1.0,-1.0
8,4,986.6993334960938,380.33472106933596,46.73935546874998,152.9365264892578,0.8995941606518159,-1.0,-1.0,-1.0
9,4,985.7205175781249,380.0636938476563,48.35654296875009,152.47523803710936,0.9065201161756136,-1.0,-1.0,-1.0
10,4,984.6410009765625,379.87779418945314,49.906054687500045,151.97983703613284,0.9109146397371752,-1.0,-1.0,-1.0
11,4,983.6421679687498,379.470932006836,53.56186523437509,152.15048217773432,0.9197486553316204,-1.0,-1.0,-1.0
12,4,982.9362963867186,378.8361804199219,55.34384765624998,152.59114379882817,0.9220564080401096,-1.0,-1.0,-1.0
13,4,983.0622216796874,378.00633361816404,56.056201171875045,153.19302978515628,0.9270080491763936,-1.0,-1.0,-1.0
14,4,983.8842626953125,377.3777124023438,55.67563476562509,152.27201843261713,0.931556869801291,-1.0,-1.0,-1.0
15,4,985.0909790039062,376.6066809082031,53.41684570312509,151.48608398437494,0.9262117075049332,-1.0,-1.0,-1.0
16,4,986.1373608398437,375.9790539550781,52.58781738281255,149.21562194824224,0.9280524630135716,-1.0,-1.0,-1.0
17,4,986.6243408203125,375.36724182128904,51.668041992187455,149.89724121093747,0.930023052782836,-1.0,-1.0,-1.0
18,4,986.1079174804687,374.8197930908203,51.47622070312491,148.72263793945308,0.9287583917044592,-1.0,-1.0,-1.0
19,4,984.9264257812499,374.0803637695313,52.95563964843757,148.97230224609376,0.9263087410685636,-1.0,-1.0,-1.0
20,4,983.5341723632812,373.581029663086,54.17424316406243,148.3690979003906,0.919636671563623,-1.0,-1.0,-1.0
21,4,982.2241406249999,373.0923248291016,53.61789550781259,148.45138549804688,0.9195187581577784,-1.0,-1.0,-1.0
22,4,981.2796240234375,372.6914556884766,52.93124999999998,148.9874908447265,0.916817333815743,-1.0,-1.0,-1.0
23,4,980.3660229492189,372.30550048828127,49.86738281249996,148.92813720703128,0.9120633970193026,-1.0,-1.0,-1.0
24,4,979.6672265625,372.0939147949219,48.83928222656255,148.87468872070315,0.9106044690754374,-1.0,-1.0,-1.0
25,4,978.3847045898438,371.5334637451172,48.524414062499886,148.9225616455078,0.9101664432742282,-1.0,-1.0,-1.0
26,4,976.9267749023436,370.95003479003907,48.47189941406248,146.43544921875002,0.9118228229228792,-1.0,-1.0,-1.0
27,4,975.0057275390624,370.5049731445313,50.009765625,146.64748535156252,0.9218280761096196,-1.0,-1.0,-1.0
28,4,972.9058666992187,370.17421325683597,50.65883789062502,146.47988891601568,0.9223513678905632,-1.0,-1.0,-1.0
29,4,969.9541918945312,370.64631225585936,53.72600097656243,144.36026916503903,0.9205186481621296,-1.0,-1.0,-1.0
30,4,967.0552294921876,371.4480450439453,58.701489257812455,143.42722778320314,0.920150610105793,-1.0,-1.0,-1.0
31,4,963.9195996093749,373.86228515625,70.72119140624989,139.8705413818359,0.9301284023770328,-1.0,-1.0,-1.0
32,4,961.1996484375001,376.1136749267578,77.09787597656259,140.18277282714843,0.936104339229196,-1.0,-1.0,-1.0
33,4,959.8472973632812,377.74188720703125,83.28208007812498,132.1514923095703,0.9430092830535556,-1.0,-1.0,-1.0
34,4,959.9394287109375,378.29395568847656,84.399169921875,132.61250610351556,0.9408605586448182,-1.0,-1.0,-1.0
35,4,961.3001074218749,377.9386413574219,80.00375976562509,135.35373229980468,0.9307895344510086,-1.0,-1.0,-1.0
36,4,963.5861865234374,375.89646423339843,77.51271972656241,135.84852905273436,0.929476952168784,-1.0,-1.0,-1.0
37,4,968.0252343750001,373.0761639404297,74.11728515625009,137.59568481445308,0.934223056381576,-1.0,-1.0,-1.0
38,4,972.0375512695311,370.82184082031256,73.58203125,136.0233215332031,0.9262116959177328,-1.0,-1.0,-1.0
39,4,977.7802587890625,368.19921752929685,67.75422363281245,139.1814514160156,0.9117960337985948,-1.0,-1.0,-1.0
40,4,984.5089013671874,366.55171325683597,69.27297363281264,137.65940551757814,0.9168576454555506,-1.0,-1.0,-1.0
41,4,991.3527905273437,365.37400085449224,65.34426269531252,136.06858520507808,0.8656846053268481,-1.0,-1.0,-1.0
42,4,995.7144946289063,365.03857177734375,58.48593749999998,131.7440093994141,0.8810544805028009,-1.0,-1.0,-1.0
43,4,1001.6749731445314,364.9385302734375,63.07009277343752,133.7773864746094,0.8767892577983645,-1.0,-1.0,-1.0
44,4,1006.0397753906251,365.39859375,66.73183593749991,134.40720520019534,0.9111134329193896,-1.0,-1.0,-1.0
45,4,1009.2588134765625,365.7252227783203,69.07346191406248,130.99257202148436,0.9241681597978796,-1.0,-1.0,-1.0
46,4,1012.0694238281251,365.6835461425781,69.71440429687505,131.34935302734374,0.9293207992050512,-1.0,-1.0,-1.0
47,4,1016.2671899414063,365.6129370117187,75.60285644531245,130.75960693359377,0.9312584534259648,-1.0,-1.0,-1.0
48,4,1019.0731640624999,365.39787963867184,77.62763671874995,130.85257873535153,0.9259110351735772,-1.0,-1.0,-1.0
49,4,1022.9638403320312,364.86599304199217,75.495849609375,129.40650329589846,0.9270984136583138,-1.0,-1.0,-1.0
50,4,1026.8646899414061,364.2962530517578,72.94240722656241,129.07457885742184,0.933466314729209,-1.0,-1.0,-1.0
51,4,1032.158342285156,362.99276367187497,66.78347167968764,129.30834045410154,0.9214667859512032,-1.0,-1.0,-1.0
52,4,1037.1146704101561,361.5457159423828,64.75715332031245,129.63076171874997,0.90805704656729,-1.0,-1.0,-1.0
53,4,1042.4043457031248,359.73240051269534,59.4569091796875,132.82465209960935,0.9102940259899236,-1.0,-1.0,-1.0
54,4,1046.2751147460938,358.2574145507812,56.405346679687455,132.0651123046875,0.8986437767269777,-1.0,-1.0,-1.0
55,4,1049.78408203125,356.62743347167964,53.59262695312509,133.65104370117183,0.9139889811509576,-1.0,-1.0,-1.0
56,4,1051.7332983398437,355.7142498779297,53.1826171875,133.70482177734374,0.9079951499036554,-1.0,-1.0,-1.0
57,4,1053.1507763671875,354.6928674316406,51.599267578125136,133.8432220458984,0.9104087729886884,-1.0,-1.0,-1.0
58,4,1053.7733056640625,354.094453125,51.44743652343732,134.2562255859375,0.9103237535907596,-1.0,-1.0,-1.0
59,4,1054.4969970703125,353.49747802734373,51.16750488281241,136.63710021972656,0.9088939791630573,-1.0,-1.0,-1.0
60,4,1055.15015625,353.0265765380859,50.582812500000045,136.03249511718752,0.9095736836542478,-1.0,-1.0,-1.0
61,4,1055.4899139404297,352.72683792114253,50.281787109375045,136.19201660156244,0.9026248551335811,-1.0,-1.0,-1.0
62,4,1055.9114135742186,352.728515625,49.70742187499991,137.0933898925781,0.9020895817443986,-1.0,-1.0,-1.0
1,6,371.9734680175781,332.7847595214844,53.611248779296886,74.20572509765623,0.8534720820884267,-1.0,-1.0,-1.0
2,6,371.6413124084472,333.08633880615236,53.611248779296886,74.20572509765623,0.8534720820884267,-1.0,-1.0,-1.0
3,6,370.7661511230468,334.68593444824216,53.56197509765627,73.79879150390622,0.8547956117573108,-1.0,-1.0,-1.0
4,6,368.29986328125,336.81175598144534,54.57052001953127,76.30636596679688,0.8802727069205503,-1.0,-1.0,-1.0
5,6,366.177749633789,338.1275006103516,58.54196777343748,65.89786376953123,0.868225993661742,-1.0,-1.0,-1.0
6,6,364.5994592285156,338.5921124267578,66.91514282226564,64.77418212890626,0.8349440307288525,-1.0,-1.0,-1.0
7,6,363.7640423583984,341.24089416503904,63.90834960937502,73.58757934570309,0.7892499252470877,-1.0,-1.0,-1.0
8,6,363.7128048706055,340.0375588989258,60.8082275390625,78.6900695800781,0.7604006332501072,-1.0,-1.0,-1.0
9,6,365.2961599731445,335.9366207885742,58.072467041015614,66.43597412109375,0.8443234631241552,-1.0,-1.0,-1.0
10,6,366.6446713256836,333.7339059448242,57.60983276367188,77.89468688964843,0.8443234631241552,-1.0,-1.0,-1.0
11,6,368.7713717651367,332.0393142700195,57.147198486328136,89.3533996582031,0.792907205125239,-1.0,-1.0,-1.0
12,6,372.4258474731445,328.0401919555664,58.58195800781249,83.95982666015624,0.8387791058650862,-1.0,-1.0,-1.0
13,6,380.10243164062496,326.31960937499997,63.35354003906252,83.50526733398436,0.8659242524583277,-1.0,-1.0,-1.0
14,6,388.55831726074223,326.9778167724609,64.15515747070316,76.38250122070315,0.8320176596271658,-1.0,-1.0,-1.0
15,6,398.05154296874997,325.372939453125,44.18618774414063,75.40916748046874,0.8441142781970257,-1.0,-1.0,-1.0
16,6,406.87718994140624,323.88628051757814,41.51013793945316,78.39799804687499,0.8669657648662579,-1.0,-1.0,-1.0
17,6,415.8014282226562,322.6660784912109,40.94752807617192,81.45054931640624,0.7327933958710808,-1.0,-1.0,-1.0
18,6,420.42251953125,321.2018426513672,39.945355224609386,83.5493225097656,0.783326487940883,-1.0,-1.0,-1.0
19,6,424.7419482421875,319.3020538330078,38.0606781005859,80.63047485351558,0.7847497586367993,-1.0,-1.0,-1.0
20,6,429.4153509521484,318.87913513183594,47.29831237792968,84.69805297851565,0.8039852725532093,-1.0,-1.0,-1.0
21,6,435.96110412597653,318.13796997070307,58.59129638671874,85.76279296874998,0.8557628893061064,-1.0,-1.0,-1.0
22,6,442.63623779296876,317.0555145263671,48.26414794921874,76.75790405273438,0.7945450799137177,-1.0,-1.0,-1.0
23,6,452.0532843017578,315.9971081542968,40.19263000488286,81.15661010742184,0.8502601253911024,-1.0,-1.0,-1.0
24,6,461.6203326416015,316.52587463378904,35.13109130859374,81.81688842773434,0.7114605642690961,-1.0,-1.0,-1.0
25,6,470.6205084228515,315.0582495117187,28.7523193359375,81.252685546875,0.7600738095385751,-1.0,-1.0,-1.0
26,6,477.2235388183593,314.0832897949219,29.484887695312523,73.35087890624999,0.7771164229173166,-1.0,-1.0,-1.0
27,6,481.684921875,312.5575360107422,47.08641357421868,81.22379150390623,0.8787310369729795,-1.0,-1.0,-1.0
28,6,484.60796630859375,311.50249145507814,49.32268066406255,81.8062866210937,0.871297572259472,-1.0,-1.0,-1.0
29,6,490.19275634765626,310.44144836425784,59.36517333984375,84.01118774414061,0.8982843623448922,-1.0,-1.0,-1.0
30,6,496.28765258789065,310.95605895996096,55.544018554687455,82.48079223632811,0.8805066558638615,-1.0,-1.0,-1.0
31,6,506.5535632324219,310.8558746337891,46.26771240234376,73.72430419921875,0.8629497748019404,-1.0,-1.0,-1.0
32,6,517.2657495117187,310.7728674316406,42.04995117187491,75.27458496093749,0.8649588782517057,-1.0,-1.0,-1.0
33,6,528.701055908203,310.0738897705078,27.580847167968727,77.5443054199219,0.8132777584542055,-1.0,-1.0,-1.0
34,6,538.1945837402343,308.29714233398437,35.017382812500045,77.39022216796872,0.8456934869174475,-1.0,-1.0,-1.0
35,6,549.0264111328124,306.96742858886716,41.39406738281252,81.77958984374999,0.8439710178245221,-1.0,-1.0,-1.0
36,6,556.5530786132812,306.27302673339847,39.77545166015625,82.49051513671873,0.7945652916103434,-1.0,-1.0,-1.0
37,6,565.025625,305.6846923828125,29.501367187500023,81.2894348144531,0.8171043646498788,-1.0,-1.0,-1.0
38,6,571.8625378417968,305.46276306152345,35.87991943359373,81.81090087890624,0.8178593195355859,-1.0,-1.0,-1.0
39,6,578.9664843749999,305.3527239990234,32.42757568359377,83.54712524414066,0.7975295756679515,-1.0,-1.0,-1.0
40,6,584.505,304.85838317871094,42.47940673828123,82.83504638671872,0.8588204267550381,-1.0,-1.0,-1.0
41,6,592.4172106933594,304.679273071289,50.45306396484375,77.68927001953125,0.7765815347878657,-1.0,-1.0,-1.0
42,6,600.2292590332031,305.26132324218753,46.98973388671868,78.8543701171875,0.8678943799577503,-1.0,-1.0,-1.0
43,6,610.0767883300781,305.8966680908203,30.819836425781205,75.54556274414062,0.8242231959368524,-1.0,-1.0,-1.0
44,6,619.0103100585937,306.1786376953125,27.16314697265625,73.20168457031247,0.8150225865112191,-1.0,-1.0,-1.0
45,6,628.7441638183593,306.27626770019526,28.22519531250009,74.50048828125,0.8138614246523623,-1.0,-1.0,-1.0
46,6,635.8655126953124,305.861478881836,30.349621582031205,80.25161132812502,0.6210134020090408,-1.0,-1.0,-1.0
47,6,643.9871887207031,305.72522644042965,36.60743408203132,89.40162963867186,0.8610210409397752,-1.0,-1.0,-1.0
48,6,650.2190405273437,305.69180603027337,33.90216064453125,91.91156616210937,0.8379659940828788,-1.0,-1.0,-1.0
49,6,657.2789318847656,306.0304486083984,28.08709716796875,85.74977416992186,0.8068509108032842,-1.0,-1.0,-1.0
50,6,663.0162780761718,307.0786102294922,29.569042968749955,83.15337524414059,0.6718509098501002,-1.0,-1.0,-1.0
51,6,669.2372424316407,308.8441790771484,42.45402832031243,84.18790283203123,0.7183922314638558,-1.0,-1.0,-1.0
52,6,673.8628051757812,310.1163134765625,41.5361206054688,84.69766845703123,0.4558578657346288,-1.0,-1.0,-1.0
53,6,679.4509899902343,311.52870483398436,34.981127929687545,77.32523803710933,0.789001659654275,-1.0,-1.0,-1.0
54,6,683.6644226074218,312.48803649902345,33.36635742187502,77.15341186523438,0.8012946541569654,-1.0,-1.0,-1.0
55,6,687.4926416015624,312.1824572753906,41.21630859375,85.43616943359376,0.8728388398019504,-1.0,-1.0,-1.0
56,6,690.0595532226562,311.0834783935546,40.242480468750045,86.81693115234373,0.8684504686920391,-1.0,-1.0,-1.0
57,6,692.3106298828125,309.38022399902337,38.55465087890627,90.23538208007812,0.8592866769926815,-1.0,-1.0,-1.0
58,6,693.3741943359375,307.5719787597656,39.227783203125,92.1835876464844,0.8636863849758996,-1.0,-1.0,-1.0
59,6,694.6204943847656,306.2841888427734,36.56656494140634,94.077685546875,0.8718938265764393,-1.0,-1.0,-1.0
60,6,695.8057653808594,305.920805053711,36.3702392578125,93.9252502441406,0.8672674771932307,-1.0,-1.0,-1.0
61,6,696.5888076782227,305.6436996459961,33.97730712890632,94.37156982421874,0.8753945759726207,-1.0,-1.0,-1.0
62,6,697.1119445800782,305.92026672363284,32.62412109374998,94.436279296875,0.8602487966888148,-1.0,-1.0,-1.0
1,7,333.52118225097655,330.35044555664064,52.84835815429688,73.41921386718747,0.8225996986925033,-1.0,-1.0,-1.0
2,7,334.66468276977537,330.5443359375,52.84835815429688,73.41921386718747,0.8225996986925033,-1.0,-1.0,-1.0
3,7,335.80036010742185,330.412587890625,52.88873291015625,73.31984252929686,0.8253196049090832,-1.0,-1.0,-1.0
4,7,337.56327575683594,330.16707092285156,38.28680419921875,73.32517089843748,0.7767072619174087,-1.0,-1.0,-1.0
5,7,341.0714739990234,329.4178308105469,36.46043701171874,69.44551391601561,0.7158533988410802,-1.0,-1.0,-1.0
6,7,345.4907684326172,328.69615539550784,50.40922851562499,75.38549194335934,0.484054707344228,-1.0,-1.0,-1.0
7,7,348.6341326904297,327.40267456054687,41.50184326171871,81.99503173828123,0.6603211958567883,-1.0,-1.0,-1.0
8,7,353.9025,326.26687499999997,42.305493164062455,82.20866088867183,0.5759052270903062,-1.0,-1.0,-1.0
9,7,360.6671856689453,325.16844665527344,50.74870605468749,75.1678527832031,0.7141555872166876,-1.0,-1.0,-1.0
10,7,367.58477600097655,324.4575897216797,57.42301025390623,89.62003784179689,0.7947735973573273,-1.0,-1.0,-1.0
11,7,375.4994494628906,323.60008850097654,54.75877685546872,87.22133789062501,0.7947735973573273,-1.0,-1.0,-1.0
12,7,385.6667785644531,323.0450805664062,52.09454345703123,84.82263793945313,0.7947735973573273,-1.0,-1.0,-1.0
13,7,395.15771484375,322.4643218994141,49.430310058593726,82.42393798828125,0.7947735973573273,-1.0,-1.0,-1.0
14,7,404.64865112304693,321.88356323242186,46.76607666015622,80.02523803710938,0.7947735973573273,-1.0,-1.0,-1.0
15,7,414.13958740234386,321.30280456542965,44.10184326171873,77.62653808593751,0.7947735973573273,-1.0,-1.0,-1.0
16,7,423.63052368164074,320.72204589843744,41.43760986328122,75.22783813476563,0.7947735973573273,-1.0,-1.0,-1.0
17,7,433.1214599609376,320.1412872314453,38.77337646484372,72.82913818359376,0.7947735973573273,-1.0,-1.0,-1.0
18,7,442.8891174316407,320.47979736328125,36.10914306640622,70.43043823242188,0.7947735973573273,-1.0,-1.0,-1.0
19,7,451.4346752929688,320.6090524291992,33.44490966796872,68.03173828125,0.5902574193176093,-1.0,-1.0,-1.0
20,7,458.75813354492186,320.52905242919917,25.83544921875,63.250653076171886,0.6984509980416256,-1.0,-1.0,-1.0
21,7,467.0278967285156,319.53484588623047,34.712567138671886,68.02160339355467,0.6984509980416256,-1.0,-1.0,-1.0
22,7,474.49820434570313,318.48404205322265,43.58968505859377,72.79255371093745,0.6057266313900946,-1.0,-1.0,-1.0
23,7,486.0527233886719,318.3657797241211,50.55150146484368,73.81230468749999,0.7494974674603796,-1.0,-1.0,-1.0
24,7,497.33735229492186,319.2261657714844,49.69061279296875,72.87412719726558,0.7948295429940799,-1.0,-1.0,-1.0
25,7,508.18354980468746,316.9282653808594,25.92872314453132,63.19264526367186,0.7523190451112676,-1.0,-1.0,-1.0
26,7,517.364384765625,314.93536193847655,30.66185302734368,59.85878906250002,0.7442885452394918,-1.0,-1.0,-1.0
27,7,531.4498571777343,313.19630859375,64.35175781250007,73.80455932617184,0.8198752536004861,-1.0,-1.0,-1.0
28,7,541.7396905517578,309.68565490722654,65.05828857421875,79.4674072265625,0.8468905535666131,-1.0,-1.0,-1.0
29,7,554.0868072509764,305.48581787109373,40.90231933593748,77.25547485351558,0.7929069801485866,-1.0,-1.0,-1.0
30,7,568.6597485351563,304.73373229980473,41.966748046874976,77.98262329101559,0.7929069801485866,-1.0,-1.0,-1.0
31,7,584.517041015625,304.6710662841797,43.03117675781247,78.70977172851559,0.7929069801485866,-1.0,-1.0,-1.0
32,7,596.8344451904297,304.49135742187497,44.095605468749966,79.4369201660156,0.7929069801485866,-1.0,-1.0,-1.0
33,7,609.1518493652344,304.3116485595703,45.16003417968746,80.1640686035156,0.7929069801485866,-1.0,-1.0,-1.0
34,7,620.6735522460938,304.74568542480466,46.22446289062496,80.89121704101561,0.7929069801485866,-1.0,-1.0,-1.0
35,7,632.5983050537109,305.510009765625,47.288891601562455,81.61836547851561,0.7733837140972923,-1.0,-1.0,-1.0
36,7,642.5575872802734,306.4395684814453,40.97208251953123,79.01537475585934,0.5873209828040693,-1.0,-1.0,-1.0
37,7,653.3077368164062,306.97414123535157,34.87653808593757,84.94194946289065,0.7509138413714282,-1.0,-1.0,-1.0
38,7,663.5190893554687,307.8312561035156,39.22415771484384,79.68977050781245,0.7869763800610912,-1.0,-1.0,-1.0
39,7,674.8034326171876,308.0903082275391,35.18217773437493,59.827258300781295,0.7644438640793894,-1.0,-1.0,-1.0
40,7,683.7659033203124,307.35646545410157,31.64084472656248,62.01353759765624,0.674204128746478,-1.0,-1.0,-1.0
41,7,693.7739672851562,306.2834112548828,23.669824218750023,59.285687255859386,0.6698385371479603,-1.0,-1.0,-1.0
42,7,702.0712866210937,305.4313659667969,24.64178466796875,72.72713012695311,0.5087897467533153,-1.0,-1.0,-1.0
43,7,709.9875256347657,304.0828015136718,25.52711181640625,72.89383544921874,0.5087897467533153,-1.0,-1.0,-1.0
44,7,716.7065979003906,302.54457702636716,26.41243896484376,73.06054077148437,0.5087897467533153,-1.0,-1.0,-1.0
45,7,724.4246154785156,301.49498291015624,27.297766113281263,73.22724609375,0.5087897467533153,-1.0,-1.0,-1.0
46,7,732.1426330566406,300.4453887939453,28.18309326171877,73.39395141601562,0.5087897467533153,-1.0,-1.0,-1.0
47,7,739.8606506347655,299.3957946777344,29.068420410156275,73.56065673828124,0.5087897467533153,-1.0,-1.0,-1.0
48,7,747.5786682128905,298.34620056152346,29.95374755859378,73.72736206054687,0.5087897467533153,-1.0,-1.0,-1.0
49,7,755.2966857910155,297.2966064453125,30.839074707031287,73.8940673828125,0.5087897467533153,-1.0,-1.0,-1.0
50,7,762.5413586425781,297.36955444335933,31.72440185546879,74.06077270507812,0.5087897467533153,-1.0,-1.0,-1.0
51,7,769.312686767578,298.56504455566403,32.609729003906295,74.22747802734375,0.6294962477467791,-1.0,-1.0,-1.0
52,7,775.6106701660156,300.88307678222657,35.53718261718753,80.32386474609373,0.6294962477467791,-1.0,-1.0,-1.0
53,7,782.5421447753905,304.96916931152344,38.46463623046876,86.42025146484373,0.6294962477467791,-1.0,-1.0,-1.0
54,7,788.9055249023437,309.4661755371094,41.39208984375,92.51663818359371,0.827514551136936,-1.0,-1.0,-1.0
55,7,795.5330236816405,313.0362707519531,34.28481445312502,84.16488647460938,0.8724476802441927,-1.0,-1.0,-1.0
56,7,801.468544921875,315.7792932128906,33.35833740234375,83.71658935546873,0.8559140839736301,-1.0,-1.0,-1.0
57,7,807.8734204101562,317.68318542480466,48.10715332031248,90.422314453125,0.8828759552476448,-1.0,-1.0,-1.0
58,7,813.0776000976563,318.0203009033203,49.6307373046875,90.00192260742188,0.8798151055231571,-1.0,-1.0,-1.0
59,7,819.1607849121094,317.24663818359375,45.948010253906205,90.0494384765625,0.8646006133686654,-1.0,-1.0,-1.0
60,7,824.2603857421875,316.3750268554687,41.96909179687498,90.43796997070308,0.8763174846395536,-1.0,-1.0,-1.0
61,7,827.5472534179687,315.9590927124023,33.67781982421866,94.55256958007811,0.8673220163309914,-1.0,-1.0,-1.0
62,7,830.4593444824219,315.14338073730465,33.236828613281205,94.73615112304692,0.8532851721959744,-1.0,-1.0,-1.0
