1,1,919.9216369628906,387.3951141357422,87.12811889648435,145.24387207031253,0.9452564681849652,-1.0,-1.0,-1.0
2,1,919.3111221313476,387.16433486938473,87.12811889648435,145.24387207031253,0.9452564681849652,-1.0,-1.0,-1.0
3,1,918.7260754394531,386.7395635986328,87.19612426757817,145.23955993652345,0.945361774167619,-1.0,-1.0,-1.0
4,1,917.7183984375,385.7897296142578,85.89946289062505,145.9167297363282,0.933419220116054,-1.0,-1.0,-1.0
5,1,916.2931420898437,384.68458190917966,84.64680175781257,146.47730712890632,0.9334375664565188,-1.0,-1.0,-1.0
6,1,913.2652001953126,383.1662054443359,72.9656982421875,147.1627990722656,0.9168077131949276,-1.0,-1.0,-1.0
7,1,909.9305749511719,381.758203125,68.9959533691407,146.20819702148435,0.9223174739963368,-1.0,-1.0,-1.0
8,1,904.8640100097657,380.67729125976564,49.46303100585942,146.65201721191403,0.8903666400041033,-1.0,-1.0,-1.0
9,1,897.7725988769531,379.9958862304687,47.86935424804688,148.4630035400391,0.9018213007992132,-1.0,-1.0,-1.0
10,1,887.5808129882813,379.6953662109375,56.78009033203125,146.92895507812506,0.9100430190592091,-1.0,-1.0,-1.0
11,1,878.6198144531248,379.7426348876953,68.92866210937495,146.23538818359367,0.9179828506294924,-1.0,-1.0,-1.0
12,1,869.726964111328,380.0264227294922,80.00529785156255,144.05734863281248,0.9304910945847952,-1.0,-1.0,-1.0
13,1,862.5091662597655,380.06068359375,82.4067443847656,144.4810363769531,0.9216105458655122,-1.0,-1.0,-1.0
14,1,857.5277893066407,380.0112341308594,77.83549804687493,143.14419250488282,0.9327740067512876,-1.0,-1.0,-1.0
15,1,855.9918786621095,379.48434082031247,75.71656494140632,144.41629943847653,0.9305862561461709,-1.0,-1.0,-1.0
16,1,853.4741748046874,378.71958251953123,60.22716064453118,144.38743286132814,0.9218995438644128,-1.0,-1.0,-1.0
17,1,851.0468554687501,377.75843811035156,53.19678955078132,145.36840209960934,0.9173727208730896,-1.0,-1.0,-1.0
18,1,845.019151611328,376.9275201416015,40.1913940429688,147.23684692382818,0.8867976494094876,-1.0,-1.0,-1.0
19,1,837.5313427734375,376.25146545410155,39.95156250000002,147.30606079101562,0.8900434770930019,-1.0,-1.0,-1.0
20,1,829.7078796386719,376.37841796875,57.93739013671882,147.35909729003902,0.9227559961042752,-1.0,-1.0,-1.0
21,1,822.987861328125,376.92017578125,65.40974121093757,147.48068847656253,0.9341520410464526,-1.0,-1.0,-1.0
22,1,816.66123046875,377.4202624511719,65.75614013671873,143.4866363525391,0.9272603117833924,-1.0,-1.0,-1.0
23,1,814.2753625488281,377.87008117675776,64.8687744140625,141.9600036621094,0.927238313728406,-1.0,-1.0,-1.0
24,1,813.0224926757812,378.15250122070313,56.21748046874996,141.39332885742186,0.9116988154565924,-1.0,-1.0,-1.0
25,1,812.1428063964843,378.14374511718745,47.76262207031243,140.03261718749997,0.8992739419934423,-1.0,-1.0,-1.0
26,1,809.6265637207032,378.5655212402343,49.98482666015627,144.15372619628909,0.9036565323214916,-1.0,-1.0,-1.0
27,1,807.016300048828,379.6872637939453,49.56734619140627,140.4455657958984,0.8903908751769052,-1.0,-1.0,-1.0
28,1,804.4485754394531,381.67698669433594,58.5076904296875,141.14393920898442,0.8996237886707448,-1.0,-1.0,-1.0
29,1,802.2916735839842,384.2022216796875,59.694104003906205,139.6852569580078,0.9143463934564692,-1.0,-1.0,-1.0
30,1,800.0517370605469,387.148798828125,59.14742431640627,136.15823364257812,0.9212355802263694,-1.0,-1.0,-1.0
31,1,799.7548095703124,389.705888671875,60.38052978515623,134.56109619140625,0.9206415047559772,-1.0,-1.0,-1.0
32,1,799.7183789062499,391.7002587890625,61.853137207031295,131.1506378173828,0.9328680589758952,-1.0,-1.0,-1.0
33,1,799.6222045898437,392.78814697265625,68.64895019531252,130.8146484375,0.9324992045309556,-1.0,-1.0,-1.0
34,1,799.6019567871093,392.9264813232422,81.00692138671877,130.4898651123047,0.9406103520481252,-1.0,-1.0,-1.0
35,1,799.5580773925782,391.8826977539062,84.15988769531248,130.9811462402344,0.943018351115782,-1.0,-1.0,-1.0
36,1,800.1562829589844,389.87813781738276,88.36018066406245,133.43908996582036,0.9449222121862136,-1.0,-1.0,-1.0
37,1,803.2851672363282,387.54329589843746,88.6025390625,134.83059082031247,0.9442617234671752,-1.0,-1.0,-1.0
38,1,810.2439404296875,384.9731762695313,88.49509277343748,137.09726257324223,0.9175592619315828,-1.0,-1.0,-1.0
39,1,819.1686401367188,382.6343243408203,80.49429931640623,136.46178588867184,0.9235230826142526,-1.0,-1.0,-1.0
40,1,830.1038818359375,380.00055541992185,69.2501220703125,136.7711059570313,0.9237613614653456,-1.0,-1.0,-1.0
41,1,841.0073291015626,377.92277709960933,64.06193847656243,138.11748046875005,0.925965729521323,-1.0,-1.0,-1.0
42,1,851.8581628417969,376.0910980224609,63.77508544921875,139.06057434082032,0.9009002438381232,-1.0,-1.0,-1.0
43,1,860.9319799804687,374.78593322753903,65.57453613281245,137.68475646972655,0.8975168371975606,-1.0,-1.0,-1.0
44,1,868.7155407714843,374.3461944580078,61.23993530273435,132.59226379394528,0.8878219747121534,-1.0,-1.0,-1.0
45,1,875.6062426757811,374.9214660644531,60.13850097656257,135.39188232421873,0.8749083998087315,-1.0,-1.0,-1.0
46,1,883.2740405273437,375.5538885498047,77.66696777343748,132.4384826660156,0.9143207840752297,-1.0,-1.0,-1.0
47,1,888.6826757812499,376.2070367431641,85.54751586914062,132.2263916015625,0.9037988516384204,-1.0,-1.0,-1.0
48,1,894.4243615722656,376.6705389404297,90.73454589843745,133.66323852539062,0.9220160243407064,-1.0,-1.0,-1.0
49,1,901.2604833984375,376.20636657714846,89.41371459960942,132.96755676269532,0.9223492657092578,-1.0,-1.0,-1.0
50,1,909.6819104003905,375.2072424316406,77.62164916992185,134.31412353515623,0.9068033498610184,-1.0,-1.0,-1.0
51,1,917.4159338378906,374.50123901367186,69.2441345214844,137.25401000976558,0.8824787746844436,-1.0,-1.0,-1.0
52,1,925.8551586914061,373.7323223876953,63.724658203125045,131.89040222167966,0.8599461613596873,-1.0,-1.0,-1.0
53,1,931.9030554199219,372.9858563232422,62.64602050781252,133.42527465820308,0.8935270123550509,-1.0,-1.0,-1.0
54,1,933.3791674804688,370.94841430664064,74.33041992187498,138.4265258789062,0.9207933028426396,-1.0,-1.0,-1.0
55,1,932.8128662109375,368.85589233398434,80.49704589843759,138.4007629394531,0.916773688197054,-1.0,-1.0,-1.0
56,1,932.5940625,366.738843383789,97.92597656249995,146.91299743652343,0.9161195554166924,-1.0,-1.0,-1.0
57,1,932.8507690429688,364.84047180175776,97.13627929687505,149.5368621826172,0.8821618706519772,-1.0,-1.0,-1.0
58,1,934.7350122070313,363.4427307128906,94.97724609375008,149.49819030761716,0.8805947382195001,-1.0,-1.0,-1.0
59,1,940.0849145507813,364.0765374755859,92.22451171875014,148.07070922851562,0.9294143159496108,-1.0,-1.0,-1.0
60,1,946.9257495117187,365.7929425048828,91.87053222656245,148.88674621582032,0.9307931668854152,-1.0,-1.0,-1.0
61,1,953.9031665039063,367.4909948730469,88.59968261718745,147.45778198242186,0.9211193961948574,-1.0,-1.0,-1.0
62,1,961.1138671875,369.0673077392578,80.81696777343757,144.27084045410157,0.9321324013600928,-1.0,-1.0,-1.0
63,1,966.9451904296877,370.0297375488281,75.73271484374993,143.78005371093747,0.9147536028320928,-1.0,-1.0,-1.0
64,1,972.0680493164061,370.3855407714844,69.6533203125,143.56733093261715,0.9139637680356856,-1.0,-1.0,-1.0
65,1,975.1751586914063,369.94007263183596,68.64719238281248,143.86387939453124,0.9079736352075578,-1.0,-1.0,-1.0
66,1,977.0453393554687,369.05674438476564,69.45556640624989,143.72962646484376,0.919471625350372,-1.0,-1.0,-1.0
67,1,977.39912109375,367.98319885253903,69.277587890625,143.6302001953125,0.916089997655579,-1.0,-1.0,-1.0
68,1,977.4980200195312,367.3943096923828,70.69899902343741,142.59548034667966,0.9005953423804982,-1.0,-1.0,-1.0
69,1,977.802099609375,367.807763671875,71.76599121093761,142.05503540039064,0.9243805115870032,-1.0,-1.0,-1.0
70,1,978.7833325195312,369.1284246826172,74.21110839843755,139.98630981445314,0.9224483378348438,-1.0,-1.0,-1.0
71,1,980.061767578125,370.9744079589844,73.43151855468761,135.17240295410153,0.9189457426575842,-1.0,-1.0,-1.0
72,1,981.8627124023438,372.55552185058593,70.56232910156257,132.49844055175782,0.9189513151653728,-1.0,-1.0,-1.0
73,1,983.8373291015625,372.6443902587891,69.19650878906259,132.05950927734375,0.9135272931512546,-1.0,-1.0,-1.0
74,1,986.6475659179687,369.12155273437503,63.709277343750045,131.57652282714838,0.9091981763843008,-1.0,-1.0,-1.0
75,1,989.4998583984374,363.81925415039063,61.5377197265625,136.84454956054685,0.8944239253073221,-1.0,-1.0,-1.0
76,1,992.2519995117187,356.9512335205078,53.632617187500045,149.44010009765623,0.8006155291164703,-1.0,-1.0,-1.0
77,1,991.3457812499998,346.5101019287109,49.189746093750045,151.0442413330078,0.7509249126146642,-1.0,-1.0,-1.0
78,1,990.3190209960936,336.6900384521485,45.60578613281257,142.18931579589844,0.853149352153963,-1.0,-1.0,-1.0
79,1,988.0478393554688,329.6495983886719,60.40964355468748,159.67735290527338,0.8789418889944756,-1.0,-1.0,-1.0
80,1,984.8919506835937,323.5189910888672,60.657714843750114,160.96695556640623,0.903647212744545,-1.0,-1.0,-1.0
81,1,983.1708105468749,322.78320373535155,61.90180664062496,160.45897521972654,0.8973167128078536,-1.0,-1.0,-1.0
82,1,983.9392602539062,327.7164605712891,60.636401367187545,165.35429077148433,0.8985856992997583,-1.0,-1.0,-1.0
83,1,984.6403637695312,334.50086975097656,52.22329101562491,144.37652893066405,0.8601295177838111,-1.0,-1.0,-1.0
84,1,982.7201074218749,342.2937469482422,53.6517333984375,139.7561737060547,0.8172632683680092,-1.0,-1.0,-1.0
85,1,982.1922143554686,350.1106842041016,47.460278320312455,136.36571044921874,0.832235820295594,-1.0,-1.0,-1.0
86,1,980.4662402343749,355.3962121582032,61.84335937499998,134.78941955566404,0.8957542300302919,-1.0,-1.0,-1.0
87,1,977.548798828125,358.4604254150391,57.9364013671875,132.06489257812495,0.8784073012635787,-1.0,-1.0,-1.0
88,1,976.2945996093749,359.6427301025391,47.05905761718759,126.87808227539062,0.8353734887493829,-1.0,-1.0,-1.0
89,1,977.878916015625,359.8716027832032,60.92709960937509,131.94277954101557,0.8575650723521733,-1.0,-1.0,-1.0
90,1,978.4750781249999,359.74782531738276,46.8402099609375,133.711962890625,0.8654403775484774,-1.0,-1.0,-1.0
91,1,978.6625927734374,358.0676092529297,45.53811035156241,133.340625,0.8837419436843206,-1.0,-1.0,-1.0
92,1,980.6170825195313,356.9970355224609,42.00358886718743,138.00594177246091,0.8817548224223692,-1.0,-1.0,-1.0
93,1,980.9291821289062,356.51318115234375,41.656420898437545,139.174365234375,0.8912696959653665,-1.0,-1.0,-1.0
94,1,981.2872485351561,356.1230841064453,42.66474609374996,140.26959228515625,0.8894744647860726,-1.0,-1.0,-1.0
95,1,981.3539575195311,356.07555725097654,45.415283203125,141.10403137207027,0.8945704913822183,-1.0,-1.0,-1.0
96,1,981.3084741210936,356.2030535888672,45.06064453124998,142.5000091552734,0.9109628593724288,-1.0,-1.0,-1.0
97,1,980.5614916992187,356.6032965087891,45.662255859375136,142.79784851074214,0.9114640099114696,-1.0,-1.0,-1.0
98,1,978.4700903320312,357.0869476318359,44.04111328125009,142.92553710937494,0.9060217493264916,-1.0,-1.0,-1.0
99,1,975.790986328125,357.4880529785156,46.156420898437545,141.46523437499997,0.9088355422986892,-1.0,-1.0,-1.0
100,1,973.0326489257811,357.8757550048828,51.35581054687498,140.99092712402347,0.9072644122242224,-1.0,-1.0,-1.0
101,1,970.4832714843749,358.24664245605464,53.89650878906252,142.18692626953123,0.90518875259761,-1.0,-1.0,-1.0
102,1,969.4443383789061,358.27671203613284,55.571044921875,141.5011047363281,0.907886573974512,-1.0,-1.0,-1.0
103,1,970.3996874999999,358.23700744628906,55.768139648437455,141.26742553710938,0.9088127681815052,-1.0,-1.0,-1.0
104,1,973.1185180664063,358.3672283935547,53.81147460937496,141.66375732421875,0.9149690527644516,-1.0,-1.0,-1.0
105,1,974.484750366211,358.4479957580566,51.6038818359375,142.19173278808591,0.9059043553629492,-1.0,-1.0,-1.0
106,1,976.56826171875,358.50997009277336,47.803271484375045,141.30582275390623,0.9154644445688191,-1.0,-1.0,-1.0
1,2,246.54215698242186,370.55480346679684,40.18013305664061,115.17495117187497,0.9200892587754552,-1.0,-1.0,-1.0
2,2,246.73549575805663,370.43138122558594,40.18013305664061,115.17495117187497,0.9200892587754552,-1.0,-1.0,-1.0
3,2,246.95673706054686,370.2341162109375,40.164752197265614,115.16934814453124,0.9202171418095304,-1.0,-1.0,-1.0
4,2,247.1743872070312,369.9938012695312,39.80214843750002,115.58897094726564,0.9200690158894886,-1.0,-1.0,-1.0
5,2,247.39371276855468,369.70727783203125,39.68948364257815,116.29072265625,0.9210567920668709,-1.0,-1.0,-1.0
6,2,247.61304382324215,369.42595092773433,40.33806152343752,116.37004394531247,0.9224760560733714,-1.0,-1.0,-1.0
7,2,247.62103637695313,369.29852050781244,40.37321777343752,116.69826049804686,0.9221820922242614,-1.0,-1.0,-1.0
8,2,247.58104064941404,369.35015625,40.56932373046874,116.8559143066406,0.922984912504127,-1.0,-1.0,-1.0
9,2,247.59195556640626,369.4321142578125,40.92451171875001,116.39575195312494,0.9207961968510574,-1.0,-1.0,-1.0
10,2,247.42964904785157,369.6422662353516,40.85310058593751,115.97893066406247,0.9225082084286242,-1.0,-1.0,-1.0
11,2,247.25279663085934,369.84917724609375,40.90935058593749,116.02128295898432,0.9202697983842256,-1.0,-1.0,-1.0
12,2,247.13458923339846,370.0592468261719,42.0760437011719,115.71676940917968,0.920432416226177,-1.0,-1.0,-1.0
13,2,247.00166015625,370.4060083007813,42.708416748046886,115.66518859863277,0.9222808443792728,-1.0,-1.0,-1.0
14,2,245.9341955566406,371.7219781494141,43.39456787109373,115.35562133789062,0.9171064104944264,-1.0,-1.0,-1.0
15,2,244.17293884277342,373.35451354980466,43.47471313476561,114.40799560546871,0.9132390944867268,-1.0,-1.0,-1.0
16,2,242.38723205566407,376.24049011230466,48.68679199218749,110.09418640136715,0.9118698387252095,-1.0,-1.0,-1.0
17,2,240.60113525390625,379.4690533447266,54.38759765625,107.10277404785154,0.9205614915578691,-1.0,-1.0,-1.0
18,2,238.61098388671877,382.73971069335937,58.412384033203125,100.68752746582032,0.9159781667333816,-1.0,-1.0,-1.0
19,2,237.5998846435547,385.1438928222656,62.91710815429684,98.3577941894531,0.9220250329189384,-1.0,-1.0,-1.0
20,2,238.51598510742187,387.24019409179687,72.57161865234372,97.23765563964844,0.9180726454945898,-1.0,-1.0,-1.0
21,2,240.23378540039062,388.02427734375,76.25549926757813,96.57474060058593,0.9173260603269426,-1.0,-1.0,-1.0
22,2,246.22347656250003,387.23596984863286,78.67776489257812,96.20933532714844,0.8692547755872582,-1.0,-1.0,-1.0
23,2,252.40241821289064,386.2208111572266,74.62869873046876,97.0930755615234,0.8093950601624904,-1.0,-1.0,-1.0
24,2,258.5569152832032,385.0995465087891,84.02052612304686,103.76402893066404,0.8799854301567933,-1.0,-1.0,-1.0
25,2,264.6953942871094,383.648642578125,93.04439392089844,103.58371582031248,0.8799854301567933,-1.0,-1.0,-1.0
26,2,273.0676684570313,382.0258959960937,102.06826171875002,103.40340270996091,0.9009801978390186,-1.0,-1.0,-1.0
27,2,284.4694500732422,381.86073303222656,102.69684448242184,105.7076477050781,0.7098893548544467,-1.0,-1.0,-1.0
28,2,295.9988214111328,380.7516357421875,94.30521240234378,102.64095153808591,0.8593550005077333,-1.0,-1.0,-1.0
29,2,307.83716674804685,379.3956701660156,63.92329101562496,102.69063720703122,0.8628637240168828,-1.0,-1.0,-1.0
30,2,320.97918823242185,375.9947644042969,81.92438964843745,107.0525390625,0.8823807832368686,-1.0,-1.0,-1.0
31,2,331.46726989746094,373.63214904785156,92.43967895507814,108.44118347167966,0.8952868752080221,-1.0,-1.0,-1.0
32,2,343.86629150390627,372.9346545410156,87.97560424804686,116.38756713867184,0.8233618719044671,-1.0,-1.0,-1.0
33,2,356.45790893554687,371.6210028076172,92.13046874999998,113.61214599609376,0.7306534130032709,-1.0,-1.0,-1.0
34,2,370.6572601318359,369.5149676513672,57.69810791015624,102.46006164550778,0.815743014124962,-1.0,-1.0,-1.0
35,2,381.62056640625,369.4848266601563,69.15426635742188,111.54190979003909,0.8241511238821531,-1.0,-1.0,-1.0
36,2,404.1634185791016,367.7341552734375,89.90930786132816,112.4661895751953,0.8070189960023555,-1.0,-1.0,-1.0
37,2,418.3314807128906,363.91991638183595,110.71667175292964,110.5523712158203,0.8647614953025666,-1.0,-1.0,-1.0
38,2,433.3314715576172,361.4412524414062,45.5566497802734,107.45183715820316,0.7947484536981761,-1.0,-1.0,-1.0
39,2,446.3865692138672,360.01563354492185,47.73891906738282,107.46694335937497,0.7753858686877066,-1.0,-1.0,-1.0
40,2,460.9097644042969,359.3284881591797,79.05124511718753,105.046435546875,0.8337788498465102,-1.0,-1.0,-1.0
41,2,470.9350469970703,357.7834094238281,80.49100341796873,104.28868103027344,0.8170327559391843,-1.0,-1.0,-1.0
42,2,484.91841796874996,356.3767034912109,82.22398681640624,100.52138671875002,0.853019947780524,-1.0,-1.0,-1.0
43,2,499.0473962402343,355.18314880371094,66.96540527343751,106.76244506835934,0.5858570119997708,-1.0,-1.0,-1.0
44,2,514.7040234374999,353.46318969726565,49.80069580078123,98.73715209960938,0.8297803196605003,-1.0,-1.0,-1.0
45,2,530.1216979980469,351.02710876464846,50.98963623046882,99.62385864257811,0.8051491876000831,-1.0,-1.0,-1.0
46,2,540.3731176757813,351.2087292480469,67.12910156249995,100.89772338867186,0.8906391395728406,-1.0,-1.0,-1.0
47,2,546.1337548828125,351.2436932373047,80.74006347656257,102.88531494140624,0.9141337028495612,-1.0,-1.0,-1.0
48,2,556.10947265625,350.83764953613274,81.20489501953125,96.97412109375,0.8953924958541393,-1.0,-1.0,-1.0
49,2,566.0779284667967,351.0048559570312,83.74152832031245,101.420947265625,0.8919800517677956,-1.0,-1.0,-1.0
50,2,581.106016845703,351.20184082031244,65.82381591796877,104.37692871093748,0.811720392393287,-1.0,-1.0,-1.0
51,2,594.2561462402343,350.3148046875,62.38454589843752,103.98812255859372,0.8113132816951776,-1.0,-1.0,-1.0
52,2,609.3402539062499,351.37983581542966,48.055957031250045,103.46995239257814,0.8256548971463928,-1.0,-1.0,-1.0
53,2,617.8392224121093,347.7181365966797,45.88538818359382,104.93129882812502,0.8276571634660002,-1.0,-1.0,-1.0
54,2,628.1109008789062,344.3261022949219,39.94013671875007,96.51824340820308,0.6474416474722844,-1.0,-1.0,-1.0
55,2,634.0651171874999,341.94195373535155,49.50450439453118,115.9524536132812,0.8565073899268327,-1.0,-1.0,-1.0
56,2,641.2190515136718,339.9499841308594,45.4141845703125,114.8445373535156,0.8190568199227144,-1.0,-1.0,-1.0
57,2,646.59287109375,336.56061401367185,45.90494384765623,109.84493408203122,0.7875197984678124,-1.0,-1.0,-1.0
58,2,654.0424584960938,338.8812561035156,50.94777832031252,108.63429565429686,0.8771026874830739,-1.0,-1.0,-1.0
59,2,658.0905578613281,341.07620910644533,58.77685546875,105.0231994628906,0.8328985666516928,-1.0,-1.0,-1.0
60,2,663.6037060546876,342.15187911987306,65.5499267578125,102.28244018554682,0.839929487929151,-1.0,-1.0,-1.0
61,2,670.0839916992188,342.80086074829103,71.6955688476562,101.41885986328124,0.817392883943711,-1.0,-1.0,-1.0
62,2,678.655810546875,342.7501162719726,63.80340270996092,101.8909698486328,0.817392883943711,-1.0,-1.0,-1.0
63,2,688.7463134765624,341.89339141845704,55.91123657226564,102.36307983398436,0.817392883943711,-1.0,-1.0,-1.0
64,2,699.7482971191406,340.05406585693356,48.01907043457035,102.83518981933592,0.817392883943711,-1.0,-1.0,-1.0
65,2,708.6501123046875,338.44775619506834,40.12690429687507,103.30729980468747,0.6561210923777168,-1.0,-1.0,-1.0
66,2,716.3903210449218,338.3570063781738,46.90964355468748,108.547119140625,0.803752533818141,-1.0,-1.0,-1.0
67,2,722.0761743164062,338.45570068359376,53.50924072265616,108.27438354492182,0.791076880906683,-1.0,-1.0,-1.0
68,2,727.7523486328125,337.3177862548828,49.30576171874998,96.10405883789063,0.8289914964426544,-1.0,-1.0,-1.0
69,2,734.4934936523438,337.3767883300781,52.54584960937496,96.48396606445311,0.8483335767114717,-1.0,-1.0,-1.0
70,2,742.31701171875,337.07080261230465,48.97968749999996,103.21847534179688,0.8404776152334676,-1.0,-1.0,-1.0
71,2,748.9446240234375,335.5718884277344,40.11130371093748,101.02489013671874,0.8079628923259108,-1.0,-1.0,-1.0
72,2,756.5626647949218,333.9920654296875,38.86754150390618,103.8151428222656,0.8285804439620392,-1.0,-1.0,-1.0
73,2,762.2037158203124,333.9321020507813,43.18989257812496,101.88781127929684,0.869167486719931,-1.0,-1.0,-1.0
74,2,766.8696643066406,333.61637695312504,44.36575927734384,101.52053833007812,0.8344512835728182,-1.0,-1.0,-1.0
75,2,770.3217883300781,333.67690612792967,48.22152099609377,104.75332031250002,0.8410027251011343,-1.0,-1.0,-1.0
76,2,774.2432922363281,333.2061419677734,51.78603515625002,100.59691772460934,0.8635532661246366,-1.0,-1.0,-1.0
77,2,777.654591064453,332.9807794189453,50.74595947265618,99.66033325195316,0.8482446327214888,-1.0,-1.0,-1.0
78,2,780.9801745605469,332.7978845214843,47.79459228515623,101.58206176757812,0.8508398217713555,-1.0,-1.0,-1.0
79,2,783.7888623046874,332.43517639160154,41.96601562499996,99.64149169921876,0.8739026954780797,-1.0,-1.0,-1.0
80,2,786.5932983398437,331.1644647216797,40.32784423828127,94.23764648437503,0.8445549694284011,-1.0,-1.0,-1.0
81,2,788.8012976074218,330.1278881835937,37.527099609375,93.79533691406247,0.8717290651641818,-1.0,-1.0,-1.0
82,2,790.6816955566406,328.99348388671876,38.72647705078123,96.1115295410156,0.8798447776457969,-1.0,-1.0,-1.0
83,2,793.12974609375,327.78515808105465,38.843920898437545,97.58358764648432,0.8727812831868782,-1.0,-1.0,-1.0
84,2,796.1863293457031,326.762666015625,39.38345947265623,95.13297729492189,0.8584939171742576,-1.0,-1.0,-1.0
85,2,799.0253063964843,326.7449066162109,37.70595703125002,93.02338256835937,0.8500984947761481,-1.0,-1.0,-1.0
86,2,802.2004870605468,326.59920593261717,33.48061523437502,92.97762451171872,0.8577655759442493,-1.0,-1.0,-1.0
87,2,804.7392297363281,326.5401214599609,31.577673339843727,92.981689453125,0.8561224845760051,-1.0,-1.0,-1.0
88,2,806.5657287597656,326.30465148925776,39.58077392578127,94.22501220703128,0.8377751179534023,-1.0,-1.0,-1.0
89,2,807.4284631347656,325.5839758300781,36.5635986328125,93.09968261718744,0.83521686892324,-1.0,-1.0,-1.0
90,2,808.4067846679687,323.83864379882806,31.49714355468745,92.49065551757816,0.84184720355249,-1.0,-1.0,-1.0
91,2,810.7395556640624,322.0235485839844,29.6927490234375,93.62059936523434,0.8252063805055343,-1.0,-1.0,-1.0
92,2,811.0017663574218,319.56063354492187,32.013500976562455,91.6490478515625,0.7225065386769529,-1.0,-1.0,-1.0
93,2,809.2180041503905,316.9632348632813,38.96048583984373,80.02814941406251,0.4669759163683551,-1.0,-1.0,-1.0
94,2,805.7967517089843,314.2948315429687,44.93408203125,94.56075439453122,0.8516181565572225,-1.0,-1.0,-1.0
95,2,802.9685961914062,312.6411419677735,53.017382812500045,95.19818115234376,0.8115768573565241,-1.0,-1.0,-1.0
96,2,799.6364208984374,312.5542840576171,48.82840576171873,96.37388305664064,0.7621961121346779,-1.0,-1.0,-1.0
97,2,798.6506506347656,313.6355969238281,43.846435546875,96.2445190429687,0.7347989574904474,-1.0,-1.0,-1.0
98,2,799.4557836914062,315.08038146972655,34.049267578124955,91.15587158203124,0.7005614521797021,-1.0,-1.0,-1.0
99,2,801.8504516601563,316.99256286621096,31.179968261718727,85.9141845703125,0.6692843615403632,-1.0,-1.0,-1.0
100,2,803.9036865234375,318.44087402343746,31.672045898437545,83.82409057617184,0.7992928880576429,-1.0,-1.0,-1.0
101,2,804.8657592773437,318.8169470214844,31.546911621093727,83.19984741210936,0.7735080144506483,-1.0,-1.0,-1.0
102,2,805.7367993164063,318.4318542480469,31.05329589843745,85.61359863281251,0.842250525342024,-1.0,-1.0,-1.0
103,2,806.4939550781249,317.80050292968747,30.12044677734366,85.15464477539064,0.8481569624037704,-1.0,-1.0,-1.0
104,2,807.5308117675781,316.7834216308594,28.288916015624977,85.64589843749997,0.8459936449607923,-1.0,-1.0,-1.0
105,2,807.8838958740234,316.5355110168457,28.597082519531227,86.87032470703122,0.8296170318966638,-1.0,-1.0,-1.0
106,2,808.2044677734375,316.0305267333984,25.964758300781227,87.38267211914058,0.8417315778778658,-1.0,-1.0,-1.0
1,3,312.4830596923828,377.40455932617186,51.07675781249998,97.01158447265624,0.9150613988931582,-1.0,-1.0,-1.0
2,3,312.3511688232422,376.9579399108886,51.07675781249998,97.01158447265624,0.9150613988931582,-1.0,-1.0,-1.0
3,3,312.1171820068359,376.3775610351562,51.071978759765614,97.0168029785156,0.915028273151961,-1.0,-1.0,-1.0
4,3,311.6231433105469,375.5729168701172,51.515606689453136,99.12884216308596,0.9014146257408484,-1.0,-1.0,-1.0
5,3,311.17095703125,374.7400817871094,52.30134887695312,100.4118255615234,0.9051026870855594,-1.0,-1.0,-1.0
6,3,310.5157214355469,373.75232849121096,53.5837280273438,100.91763610839844,0.895405016659435,-1.0,-1.0,-1.0
7,3,309.983911743164,373.1087438964844,53.54912109374999,100.44923400878906,0.8907958598548191,-1.0,-1.0,-1.0
8,3,309.59048034667967,373.17353576660156,56.54915771484377,99.22804870605466,0.899542490951788,-1.0,-1.0,-1.0
9,3,309.79600158691403,373.5528881835938,57.727441406249966,98.32939453125,0.9125600802041413,-1.0,-1.0,-1.0
10,3,305.1021862792969,373.60096435546876,60.14097290039058,95.96140136718748,0.8977778616443857,-1.0,-1.0,-1.0
11,3,300.59692932128905,373.4907165527344,57.76358642578123,95.25075073242186,0.8958041061465423,-1.0,-1.0,-1.0
12,3,299.2983453369141,373.4629815673828,82.45167846679686,97.2677032470703,0.8657167440233771,-1.0,-1.0,-1.0
13,3,294.13426025390623,372.35181884765626,82.6621215820312,98.33348693847654,0.8817555069633336,-1.0,-1.0,-1.0
14,3,289.35016479492185,370.89942626953126,66.86652832031251,98.5009735107422,0.8933679395398215,-1.0,-1.0,-1.0
15,3,289.35760253906244,369.9935595703124,85.82173461914061,101.25694885253904,0.8981162340872686,-1.0,-1.0,-1.0
16,3,289.22426147460936,369.6536865234375,74.67083129882815,99.65709228515624,0.9019318429811598,-1.0,-1.0,-1.0
17,3,285.64927185058593,369.3744689941406,75.302490234375,97.08335266113284,0.8905880169391729,-1.0,-1.0,-1.0
18,3,285.12904724121097,370.68772521972653,72.75679321289067,96.06673278808591,0.8895593772029287,-1.0,-1.0,-1.0
19,3,284.826978149414,368.9336920166015,71.19299926757816,96.10024108886722,0.9008582561147308,-1.0,-1.0,-1.0
20,3,283.8291943359375,366.8391925048828,76.73038330078123,90.70999145507812,0.831992226157027,-1.0,-1.0,-1.0
21,3,284.8260333251953,364.4483752441406,72.93427734375001,106.18890380859376,0.8662378555567152,-1.0,-1.0,-1.0
22,3,287.45360595703124,361.71915161132813,75.01349487304685,104.0242950439453,0.8403497149612633,-1.0,-1.0,-1.0
23,3,285.10972229003903,359.6958709716797,63.908404541015614,105.0605529785156,0.8483669518181003,-1.0,-1.0,-1.0
24,3,282.9297216796875,360.1661645507813,58.937530517578125,101.93499755859376,0.8411520857985444,-1.0,-1.0,-1.0
25,3,282.63862792968746,360.054931640625,86.27266845703127,122.02462463378907,0.8675575783708354,-1.0,-1.0,-1.0
26,3,281.6352246093749,359.2535064697266,79.03646850585939,116.24364624023438,0.8675575783708354,-1.0,-1.0,-1.0
27,3,279.39781494140624,358.65648193359374,71.80026855468752,110.4626678466797,0.8675575783708354,-1.0,-1.0,-1.0
28,3,284.12418823242183,356.41638610839846,64.56406860351564,104.681689453125,0.8827648049198018,-1.0,-1.0,-1.0
29,3,287.6641809082031,354.8384454345703,64.21113281250001,104.72222900390624,0.8983461706477414,-1.0,-1.0,-1.0
30,3,290.1638452148437,353.7601721191406,71.13213500976565,109.26254882812498,0.9128918763723276,-1.0,-1.0,-1.0
31,3,291.3928692626953,353.4441064453125,63.586779785156295,109.49773864746096,0.9207626154995516,-1.0,-1.0,-1.0
32,3,293.0151599121094,353.43687744140624,66.20147094726565,110.86375122070314,0.9147336457355876,-1.0,-1.0,-1.0
33,3,293.7623126220703,353.7976464843749,65.32542114257814,110.24552307128909,0.932961907284426,-1.0,-1.0,-1.0
34,3,293.98518127441406,355.41937683105465,64.10879516601562,111.0404113769531,0.9315885129939084,-1.0,-1.0,-1.0
35,3,294.0849481201172,357.96919921875,63.11173095703128,111.29095458984376,0.9322917826086724,-1.0,-1.0,-1.0
36,3,294.36698913574213,360.8273858642578,65.16705322265625,106.76881713867186,0.9298650365240276,-1.0,-1.0,-1.0
37,3,294.0770434570312,363.0709753417969,64.90557861328125,103.42477111816407,0.9266907837221224,-1.0,-1.0,-1.0
38,3,294.1944653320312,364.0118774414062,64.53413085937501,101.56525268554684,0.9291513586610982,-1.0,-1.0,-1.0
39,3,295.6663586425781,363.40854675292974,64.2930908203125,103.00811462402343,0.9327091954325796,-1.0,-1.0,-1.0
40,3,298.89752014160155,361.2416088867188,60.02435302734375,106.17308349609374,0.9217703127502546,-1.0,-1.0,-1.0
41,3,303.292875366211,358.31465881347657,56.84084472656252,106.61459655761718,0.9206979274472004,-1.0,-1.0,-1.0
42,3,309.79950073242185,355.0377996826172,47.74070434570308,107.37680053710938,0.905804806907014,-1.0,-1.0,-1.0
43,3,315.93198669433593,352.0833343505859,43.41851806640625,99.34035644531248,0.8767619466108378,-1.0,-1.0,-1.0
44,3,322.29988220214847,349.01061218261714,36.3586486816406,101.70247192382811,0.8962092605743521,-1.0,-1.0,-1.0
45,3,327.1990374755859,346.54945495605466,36.72284545898435,106.7677734375,0.8900444658146824,-1.0,-1.0,-1.0
46,3,331.4901489257812,344.25510864257814,36.60199584960935,106.8717041015625,0.8921051738500552,-1.0,-1.0,-1.0
47,3,333.78922485351563,342.45530090332034,41.1981262207031,107.9906066894531,0.905017026173386,-1.0,-1.0,-1.0
48,3,336.097446899414,341.2254364013672,45.33640136718748,109.2761169433594,0.9060030750573134,-1.0,-1.0,-1.0
49,3,337.8145825195312,340.34038330078124,46.18059082031249,108.850341796875,0.9178598948808272,-1.0,-1.0,-1.0
50,3,340.79910644531253,339.5603375244141,45.22401123046876,107.87986450195314,0.912647925871024,-1.0,-1.0,-1.0
51,3,344.25208740234376,338.72288818359374,42.55625610351564,107.62311401367184,0.8879574905912904,-1.0,-1.0,-1.0
52,3,348.83817626953123,337.7264501953125,37.664318847656205,101.51405639648436,0.8740749505529237,-1.0,-1.0,-1.0
53,3,352.8939605712891,336.68146362304685,34.227630615234375,103.32762451171874,0.878189643387941,-1.0,-1.0,-1.0
54,3,356.60130798339844,335.7458843994141,32.7673278808594,104.05821533203124,0.8895043307110271,-1.0,-1.0,-1.0
55,3,358.66667724609374,334.960400390625,36.31102294921874,104.13407592773432,0.8890939772599751,-1.0,-1.0,-1.0
56,3,360.58181945800777,334.4689764404297,48.25766601562498,103.34317016601562,0.8883470973443046,-1.0,-1.0,-1.0
57,3,362.15673706054685,334.22538208007813,55.996105957031205,103.60618286132814,0.9086336121573028,-1.0,-1.0,-1.0
58,3,365.80499999999995,333.8051055908203,56.67561035156251,103.22649536132816,0.9135708832925786,-1.0,-1.0,-1.0
59,3,369.9908349609375,333.19262878417965,53.69216308593752,102.17164306640626,0.900043217235158,-1.0,-1.0,-1.0
60,3,377.19457580566404,332.1150238037109,46.73512573242186,99.93284912109374,0.8993693577113717,-1.0,-1.0,-1.0
61,3,383.66232055664057,330.7238525390625,42.7922424316406,95.43175048828124,0.8940679540018337,-1.0,-1.0,-1.0
62,3,390.17190124511717,329.4920050048828,29.89692993164067,97.59396972656252,0.8636556419319561,-1.0,-1.0,-1.0
63,3,395.00275451660156,328.54937255859375,30.78303222656245,100.07160644531253,0.8550895965256444,-1.0,-1.0,-1.0
64,3,399.28797729492186,327.9471240234375,33.01166381835935,98.77576904296876,0.8634912337409162,-1.0,-1.0,-1.0
65,3,400.6812249755859,327.9280737304688,40.66929931640624,99.03779296874995,0.8940714798038094,-1.0,-1.0,-1.0
66,3,402.1915979003906,328.0509997558594,54.01060180664058,97.92976684570311,0.911986049562408,-1.0,-1.0,-1.0
67,3,403.6047802734375,328.0412768554687,56.18397216796876,97.62165527343753,0.9085122788333244,-1.0,-1.0,-1.0
68,3,405.59815612792966,327.48626403808595,61.219995117187466,98.99258422851555,0.929359863532703,-1.0,-1.0,-1.0
69,3,408.6673901367187,327.04102111816405,58.13594055175781,97.9348205566406,0.9322250068085792,-1.0,-1.0,-1.0
70,3,414.0958557128906,326.1197241210937,54.38144531249998,97.283935546875,0.9168287704151012,-1.0,-1.0,-1.0
71,3,420.53693115234375,325.424888305664,48.972491455078114,95.80204467773432,0.9138266141651455,-1.0,-1.0,-1.0
72,3,427.3662414550781,324.22172607421874,37.18572692871095,95.32386474609376,0.8889339767721083,-1.0,-1.0,-1.0
73,3,433.39937805175776,323.90912109375,30.38950195312504,95.0713439941406,0.8762314001465654,-1.0,-1.0,-1.0
74,3,438.5816674804688,323.3815686035156,26.951412963867146,96.27231445312498,0.8618823821214221,-1.0,-1.0,-1.0
75,3,441.7189453125,323.50427490234375,34.9637420654297,94.80975952148437,0.8602098450299174,-1.0,-1.0,-1.0
76,3,444.34416137695314,323.28245544433594,47.80077209472654,95.33765258789066,0.9096709465974406,-1.0,-1.0,-1.0
77,3,446.0436309814453,323.4059912109375,49.30584411621089,93.59214477539058,0.9147551123515923,-1.0,-1.0,-1.0
78,3,449.0474249267578,323.2614825439453,51.19892578125001,95.11721191406248,0.9130726597692912,-1.0,-1.0,-1.0
79,3,452.30242675781244,322.6769219970703,52.54255371093751,96.0062255859375,0.9070018369879876,-1.0,-1.0,-1.0
80,3,457.3237664794921,321.5880505371094,47.43498229980469,88.19027709960938,0.8944290179964298,-1.0,-1.0,-1.0
81,3,463.2458917236328,320.5061663818359,44.731164550781216,89.69199829101558,0.8985040801854325,-1.0,-1.0,-1.0
82,3,469.58527770996096,319.7152386474609,35.92452392578127,89.59004516601561,0.8888224173715145,-1.0,-1.0,-1.0
83,3,474.94257934570317,318.94570129394526,30.04332275390624,91.20053100585938,0.8640933794947117,-1.0,-1.0,-1.0
84,3,479.5425109863281,318.5382348632812,32.71739501953124,91.60806884765624,0.8377954230184486,-1.0,-1.0,-1.0
85,3,482.137470703125,318.42370788574215,41.77089843750002,90.70334472656248,0.8854126212440683,-1.0,-1.0,-1.0
86,3,483.1410827636719,318.63535400390623,55.90821533203132,90.72740478515624,0.9147974819322364,-1.0,-1.0,-1.0
87,3,484.56506469726565,318.2803637695312,59.60467529296875,90.2267578125,0.9177225693946696,-1.0,-1.0,-1.0
88,3,486.76022094726557,317.7294982910156,63.68906249999998,90.2713623046875,0.9082085868205638,-1.0,-1.0,-1.0
89,3,489.88769897460935,317.01186035156246,60.48819580078128,91.23030395507811,0.8860398018406173,-1.0,-1.0,-1.0
90,3,496.0166967773437,316.22378906250003,56.53828125000007,91.1233520507812,0.8985106565748708,-1.0,-1.0,-1.0
91,3,504.4173376464843,315.3918768310547,53.446948242187545,92.23269653320312,0.908254690169656,-1.0,-1.0,-1.0
92,3,512.5592065429688,315.0511248779297,38.07608642578123,91.24502563476562,0.8936243536526085,-1.0,-1.0,-1.0
93,3,519.5342504882813,314.6483551025391,25.970471191406205,91.07314453125002,0.838483660401053,-1.0,-1.0,-1.0
94,3,526.3436865234374,314.6448449707031,24.42755126953125,90.70433349609374,0.8258692417534519,-1.0,-1.0,-1.0
95,3,530.2718371582031,314.7591357421875,34.161547851562545,91.53500976562498,0.8806380668741198,-1.0,-1.0,-1.0
96,3,532.01302734375,314.8724157714844,44.53439941406248,91.4870544433594,0.8910176536274577,-1.0,-1.0,-1.0
97,3,533.2970214843749,314.9004748535156,49.19655761718752,90.74998168945308,0.9052951820716402,-1.0,-1.0,-1.0
98,3,535.8079357910156,314.8237573242188,51.98708496093752,89.49193725585934,0.9148649222140292,-1.0,-1.0,-1.0
99,3,538.5647131347656,314.31710632324223,49.07120361328123,88.63137817382807,0.9045279923495712,-1.0,-1.0,-1.0
100,3,542.8961169433594,313.29442199707034,44.770825195312455,88.2591613769531,0.9028244759671722,-1.0,-1.0,-1.0
101,3,547.6075378417969,312.28081787109375,40.77366943359368,88.74288940429688,0.891210443842283,-1.0,-1.0,-1.0
102,3,552.5237219238281,311.2009112548828,32.70333251953127,90.92131347656247,0.860791291577776,-1.0,-1.0,-1.0
103,3,556.41814453125,310.15423278808595,30.22119140625,91.00827026367188,0.8548946016712797,-1.0,-1.0,-1.0
104,3,560.5288000488281,309.4702954101562,28.12917480468741,92.7664123535156,0.8495139728942434,-1.0,-1.0,-1.0
105,3,561.8905883789063,309.2531684875488,28.04172363281248,94.0346740722656,0.8373546693268352,-1.0,-1.0,-1.0
106,3,563.2117858886719,308.9132446289063,28.82537841796875,93.24063720703124,0.8541052530670612,-1.0,-1.0,-1.0
1,4,753.9173400878907,353.73354492187497,55.21091308593748,125.91793212890629,0.914897959492869,-1.0,-1.0,-1.0
2,4,753.7522796630859,353.01305236816404,55.21091308593748,125.91793212890629,0.914897959492869,-1.0,-1.0,-1.0
3,4,753.4680578613281,352.55751525878907,55.197399902343705,125.87887573242188,0.9154714349179542,-1.0,-1.0,-1.0
4,4,752.6972021484374,351.7275640869141,53.42135009765627,127.92562866210932,0.920972258882678,-1.0,-1.0,-1.0
5,4,751.5222912597657,351.0006097412109,52.52431640624991,126.5276458740234,0.9225198410857588,-1.0,-1.0,-1.0
6,4,749.1125610351562,350.328345336914,52.35699462890625,123.96280517578124,0.92461323782938,-1.0,-1.0,-1.0
7,4,745.7218395996094,350.092435913086,51.70737304687498,122.61818847656248,0.9274790967445768,-1.0,-1.0,-1.0
8,4,742.1122485351563,349.95119018554686,56.7498779296875,120.62081909179688,0.9312651127867078,-1.0,-1.0,-1.0
9,4,738.9045263671875,349.83070861816407,61.31480712890618,121.0955932617187,0.9355733464819806,-1.0,-1.0,-1.0
10,4,735.5160900878907,349.47875610351565,63.60051269531255,121.32927246093747,0.9290266255788886,-1.0,-1.0,-1.0
11,4,732.9757873535156,348.81958740234376,63.44681396484373,122.35426940917966,0.9292973282764264,-1.0,-1.0,-1.0
12,4,730.943272705078,347.97169006347656,66.53342285156248,122.92127380371096,0.9239140330216742,-1.0,-1.0,-1.0
13,4,728.8943554687501,346.9680120849609,66.9176147460937,124.03976440429688,0.9255813328713458,-1.0,-1.0,-1.0
14,4,726.6589562988281,345.9401696777344,59.58182373046873,125.2316436767578,0.9082444310914112,-1.0,-1.0,-1.0
15,4,724.8424987792969,345.13628356933594,57.404113769531136,124.9644836425781,0.896251245222011,-1.0,-1.0,-1.0
16,4,722.6036059570313,344.7808538818359,53.177014160156205,122.3492431640625,0.9175054782014485,-1.0,-1.0,-1.0
17,4,720.4305212402344,345.2194500732422,51.59707031249991,121.7525756835937,0.9185488940124742,-1.0,-1.0,-1.0
18,4,716.7765014648437,346.23014282226563,51.01973876953127,120.35797119140624,0.9146127876127608,-1.0,-1.0,-1.0
19,4,712.7242602539063,347.35471435546873,51.19277343750002,118.29767761230464,0.9124570692285516,-1.0,-1.0,-1.0
20,4,707.9516015625001,348.28874450683594,59.04964599609377,115.62887878417968,0.9277211718333014,-1.0,-1.0,-1.0
21,4,703.9946008300782,349.2335412597657,61.64769287109368,116.5768615722656,0.9283016489068174,-1.0,-1.0,-1.0
22,4,700.57810546875,349.7941735839844,66.03508300781255,117.84388732910156,0.933270216518622,-1.0,-1.0,-1.0
23,4,698.4334204101563,349.7413568115234,65.64858398437502,116.9416900634766,0.9331086857764248,-1.0,-1.0,-1.0
24,4,695.7083276367186,349.4476647949219,63.76739501953125,114.96706237792966,0.932312039710922,-1.0,-1.0,-1.0
25,4,693.623232421875,349.26439636230464,66.25788574218745,116.00870361328124,0.9318868567885374,-1.0,-1.0,-1.0
26,4,691.7699816894531,349.32098693847655,62.26248779296873,113.89748840332028,0.9083131464830564,-1.0,-1.0,-1.0
27,4,689.7696459960937,349.26186401367187,58.11844482421884,111.87366943359376,0.9072768970718954,-1.0,-1.0,-1.0
28,4,688.193800048828,350.0014855957031,54.156115722656295,110.9788055419922,0.8864602254334102,-1.0,-1.0,-1.0
29,4,688.2413708496093,351.2619964599609,54.107666015625,114.31554565429684,0.8797521717563015,-1.0,-1.0,-1.0
30,4,688.9095043945313,352.6892248535156,52.5092651367188,112.08916625976563,0.8874970117093,-1.0,-1.0,-1.0
31,4,689.1995544433593,353.50922241210935,46.84438476562491,111.67393798828124,0.8722726552897306,-1.0,-1.0,-1.0
32,4,689.2090795898437,353.5617700195312,42.239794921875045,112.85823669433591,0.8982049830215431,-1.0,-1.0,-1.0
33,4,688.968204345703,352.72522705078126,42.08005371093748,113.96417541503904,0.8896824570785924,-1.0,-1.0,-1.0
34,4,688.5250378417968,351.35145263671876,45.33859863281248,116.20870971679688,0.906102229778849,-1.0,-1.0,-1.0
35,4,687.5607348632811,349.90267456054687,44.3178588867188,116.85459594726558,0.8972644345181635,-1.0,-1.0,-1.0
36,4,686.0741528320312,348.5627819824219,42.89930419921882,113.75804443359374,0.8497942434710026,-1.0,-1.0,-1.0
37,4,684.9995471191406,347.96477416992195,41.696301269531205,105.13333740234371,0.8636528263148335,-1.0,-1.0,-1.0
38,4,684.2508728027344,347.6581182861329,43.81182861328125,103.17914428710937,0.8555987728748562,-1.0,-1.0,-1.0
39,4,683.1368811035156,348.00002929687497,41.75870361328123,104.88092651367184,0.8662272655143077,-1.0,-1.0,-1.0
40,4,681.3616662597657,348.15884765625,40.12646484375,103.3868408203125,0.8524578112279642,-1.0,-1.0,-1.0
41,4,680.0842309570312,348.27330322265624,40.063732910156205,102.4798645019531,0.857951065854536,-1.0,-1.0,-1.0
42,4,678.6421875,348.5310974121093,43.6563720703125,102.0382690429687,0.8806936159879513,-1.0,-1.0,-1.0
43,4,677.0017749023438,348.6860760498047,44.22359619140616,102.61521606445314,0.8730006063249789,-1.0,-1.0,-1.0
44,4,672.7200292968749,348.5294439697266,44.79169921875007,102.0488708496094,0.8743013664681172,-1.0,-1.0,-1.0
45,4,672.1899060058593,348.5238134765625,46.055346679687545,102.26337890625,0.8614055082072873,-1.0,-1.0,-1.0
46,4,672.1923669433594,348.6184991455078,59.84066162109366,103.07499389648432,0.8681493517962124,-1.0,-1.0,-1.0
47,4,673.0110021972657,348.6885589599609,44.19678955078132,102.5780822753906,0.8619266686077154,-1.0,-1.0,-1.0
48,4,672.6384008789062,349.3458654785156,41.36330566406252,103.02659912109374,0.8596904581617402,-1.0,-1.0,-1.0
49,4,674.9761047363281,349.21066223144527,37.69881591796866,102.40647583007814,0.851317071076366,-1.0,-1.0,-1.0
50,4,673.8353942871094,346.9911163330078,46.29276123046873,99.28427124023438,0.8771938598074556,-1.0,-1.0,-1.0
51,4,672.6871801757812,344.4964233398437,48.06156005859373,103.74757690429686,0.8822515995984048,-1.0,-1.0,-1.0
52,4,671.795079345703,342.07855224609375,51.63925781250009,113.15335693359371,0.906662301868721,-1.0,-1.0,-1.0
53,4,671.1662329101562,339.0310711669922,51.00435791015627,114.40854492187498,0.8967699298136864,-1.0,-1.0,-1.0
54,4,670.430302734375,338.27658508300783,48.26986083984377,115.11046142578124,0.8670475052175846,-1.0,-1.0,-1.0
55,4,671.1439416503906,340.380521850586,56.19287109375,116.66568603515624,0.8713300882313391,-1.0,-1.0,-1.0
56,4,670.2878979492187,343.80730590820315,67.22149658203125,115.47322998046876,0.8665833985811915,-1.0,-1.0,-1.0
57,4,668.2784216308594,347.73939514160156,67.87430419921873,106.6903198242187,0.8654589304858007,-1.0,-1.0,-1.0
58,4,668.2666003417969,351.6343725585938,90.68466796874998,110.31042480468744,0.9368752214427049,-1.0,-1.0,-1.0
59,4,668.5237023925781,353.51998352050776,92.28339843750008,108.09538879394536,0.953093076992282,-1.0,-1.0,-1.0
60,4,667.3566247558593,354.5007659912109,90.63654785156255,109.74042663574215,0.9191632344666942,-1.0,-1.0,-1.0
61,4,667.2856640624999,353.9471154785156,87.3346069335937,114.27239685058596,0.9236813558363792,-1.0,-1.0,-1.0
62,4,677.9868090820312,352.2734802246094,91.0789672851563,119.09393920898437,0.9074448855456084,-1.0,-1.0,-1.0
63,4,687.5303356933593,351.54209289550784,92.57706298828124,122.21551208496096,0.8796137604762535,-1.0,-1.0,-1.0
64,4,700.179169921875,352.60912902832035,52.899169921875,124.83717956542966,0.8238741840885666,-1.0,-1.0,-1.0
65,4,713.1553637695313,350.9282318115234,67.9217651367187,121.54482421874997,0.7359459750412256,-1.0,-1.0,-1.0
66,4,726.7266760253906,349.47725097656246,62.74094238281248,115.47391662597651,0.7726335897989642,-1.0,-1.0,-1.0
67,4,731.8208715820313,351.2277685546875,70.8155639648437,129.79819335937498,0.7892353422052167,-1.0,-1.0,-1.0
68,4,741.1727197265625,351.4162005615234,84.18548583984375,134.29127197265626,0.8888331243493717,-1.0,-1.0,-1.0
69,4,753.6537048339844,351.2290814208984,79.46488037109373,120.25868225097656,0.8651692447587536,-1.0,-1.0,-1.0
70,4,767.1903442382812,353.6995056152344,78.2733032226563,125.5321746826172,0.878179474381362,-1.0,-1.0,-1.0
71,4,780.4575769042968,356.04643798828124,48.43916015625007,121.4183441162109,0.8625038436626653,-1.0,-1.0,-1.0
72,4,793.2003771972655,355.48955200195314,86.04536132812507,123.3367218017578,0.866290247926699,-1.0,-1.0,-1.0
73,4,803.7260046386718,355.26469482421874,85.82717285156252,124.4068725585937,0.8926438996090482,-1.0,-1.0,-1.0
74,4,812.6609106445312,352.2228826904297,101.27120361328129,128.36148376464843,0.8333181526942433,-1.0,-1.0,-1.0
75,4,823.8215588378905,349.03642456054683,86.20367431640625,127.77212219238282,0.8432209075935617,-1.0,-1.0,-1.0
76,4,839.0958728027342,346.8992761230469,118.23673095703124,136.4116333007812,0.9169083591319662,-1.0,-1.0,-1.0
77,4,852.6193395996094,344.8614935302734,107.8935424804688,138.10111083984373,0.9009166801565804,-1.0,-1.0,-1.0
78,4,864.2818872070313,343.5592620849609,94.60371093749995,134.01974487304688,0.8901282857877391,-1.0,-1.0,-1.0
79,4,871.6166345214845,344.54914123535156,101.1719970703125,125.43936767578124,0.8521046940513557,-1.0,-1.0,-1.0
80,4,877.8403234863281,346.15565002441406,106.1070556640625,122.27742004394533,0.867086685680043,-1.0,-1.0,-1.0
81,4,885.1441223144532,348.1189343261718,125.16652221679692,123.20529785156248,0.8576569262856566,-1.0,-1.0,-1.0
82,4,895.6430529785157,350.7464794921875,132.85173339843757,133.39374389648435,0.8776004615190409,-1.0,-1.0,-1.0
83,4,912.4634948730469,353.6244799804687,108.18215332031252,129.0830108642578,0.8311671393421065,-1.0,-1.0,-1.0
84,4,930.7429321289062,355.51713867187493,92.64946289062492,124.65230712890629,0.761184533724613,-1.0,-1.0,-1.0
85,4,948.8792065429686,356.44617004394524,61.18088378906248,126.6253692626953,0.8195100036630087,-1.0,-1.0,-1.0
86,4,963.4550097656249,355.7029614257812,59.797924804687455,128.15341186523438,0.8195100036630087,-1.0,-1.0,-1.0
87,4,975.8054663085937,353.8693927001953,58.41496582031243,129.68145446777345,0.8195100036630087,-1.0,-1.0,-1.0
88,4,983.25263671875,351.33551147460935,57.03200683593741,131.20949707031252,0.8411844313740318,-1.0,-1.0,-1.0
89,4,988.9527612304688,349.3927166748047,57.1915283203125,133.61739807128907,0.8385309107520342,-1.0,-1.0,-1.0
90,4,995.3324780273437,348.0422552490234,53.45529785156259,134.34296264648435,0.8701027157572945,-1.0,-1.0,-1.0
91,4,999.9652807617188,347.337333984375,55.260571289062455,135.16696472167968,0.8799151100631235,-1.0,-1.0,-1.0
92,4,1004.7684375000001,347.2302172851563,47.25615234374993,134.66137390136714,0.8825330743921427,-1.0,-1.0,-1.0
93,4,1008.7506298828124,347.1380364990234,47.97971191406259,136.35233459472653,0.888428101155359,-1.0,-1.0,-1.0
94,4,1013.1913696289063,347.10414916992187,48.25019531249996,134.85874328613284,0.8874062030157006,-1.0,-1.0,-1.0
95,4,1014.875419921875,347.3343786621094,48.74172363281252,138.73131408691404,0.900807047268799,-1.0,-1.0,-1.0
96,4,1016.6802099609374,347.7962878417968,54.70356445312496,139.02830200195314,0.8897953828525509,-1.0,-1.0,-1.0
97,4,1018.0404931640626,348.208511352539,56.90478515625,136.34689636230468,0.8951081221395896,-1.0,-1.0,-1.0
98,4,1020.5021997070311,348.63390197753904,59.77265625000007,138.95115051269534,0.8999146313350721,-1.0,-1.0,-1.0
99,4,1022.122705078125,349.03967102050785,57.833569335937455,138.98408203124995,0.9023365647145845,-1.0,-1.0,-1.0
100,4,1025.7048413085936,349.1442663574218,52.65878906250009,140.1925506591797,0.9017097372450422,-1.0,-1.0,-1.0
101,4,1029.2830224609374,349.017973022461,55.29880371093759,140.4130187988281,0.9081273290225907,-1.0,-1.0,-1.0
102,4,1032.6997924804687,348.84896484374997,47.92302246093732,141.3903076171875,0.911539869736366,-1.0,-1.0,-1.0
103,4,1034.792578125,348.66876159667964,47.33393554687496,141.00655517578127,0.912861979849481,-1.0,-1.0,-1.0
104,4,1037.469353027344,348.4239971923828,46.65146484375009,140.9267120361328,0.905773038697948,-1.0,-1.0,-1.0
105,4,1038.0491729736327,348.36379623413086,45.359033203125136,141.3133483886719,0.9058678178678256,-1.0,-1.0,-1.0
106,4,1038.657275390625,348.2492340087891,42.9554443359375,141.92666015625002,0.9033756498256515,-1.0,-1.0,-1.0
1,5,355.8657440185547,337.11452636718747,43.12150268554683,79.3679260253906,0.9106418903351176,-1.0,-1.0,-1.0
2,5,354.9969909667969,337.7394950866699,43.12150268554683,79.3679260253906,0.9106418903351176,-1.0,-1.0,-1.0
3,5,354.1543505859375,338.35041870117186,43.13644409179688,79.36858520507815,0.910783072163369,-1.0,-1.0,-1.0
4,5,352.74433776855466,339.15101440429686,45.46038208007809,79.9821716308594,0.8987194957047464,-1.0,-1.0,-1.0
5,5,351.13703796386716,339.9798449707031,46.163287353515614,80.42882080078124,0.9017111359169476,-1.0,-1.0,-1.0
6,5,349.0889172363281,340.894077758789,45.860119628906205,84.33786621093748,0.8754008890141733,-1.0,-1.0,-1.0
7,5,347.39551757812495,341.46764099121094,45.80145263671869,85.62013549804686,0.881510660858126,-1.0,-1.0,-1.0
8,5,345.6884783935547,341.8534533691406,45.356231689453125,85.69110717773435,0.9093091285785349,-1.0,-1.0,-1.0
9,5,344.2019897460938,342.230806274414,46.05913696289059,84.57500610351565,0.8964727477955137,-1.0,-1.0,-1.0
10,5,339.04789672851564,343.0704693603515,46.30429687499998,84.47288818359374,0.888230252617987,-1.0,-1.0,-1.0
11,5,336.6531353759766,343.95450622558593,46.854766845703125,84.23305664062502,0.8752473126507638,-1.0,-1.0,-1.0
12,5,334.75456604003904,345.35915222167966,63.58848266601564,86.00180053710938,0.84604204217041,-1.0,-1.0,-1.0
13,5,333.8939575195312,346.84112548828125,51.3692687988281,87.88359374999999,0.8159615089014522,-1.0,-1.0,-1.0
14,5,333.0195611572265,348.5677423095703,49.08636474609375,87.5472473144531,0.8167800602251418,-1.0,-1.0,-1.0
15,5,335.670737915039,349.8465783691406,45.48801269531253,88.34523925781247,0.8723938719174384,-1.0,-1.0,-1.0
16,5,336.3584436035156,350.85913879394536,46.47057495117184,88.08832397460935,0.8836179830229263,-1.0,-1.0,-1.0
17,5,337.01820007324216,351.20126953125,48.0546936035156,87.39168090820311,0.8800332100429173,-1.0,-1.0,-1.0
18,5,336.7933319091797,351.52671203613284,46.44338378906252,88.14561767578124,0.8777079091407529,-1.0,-1.0,-1.0
19,5,335.81478515624997,351.75371704101565,46.247113037109386,88.55518798828126,0.8815900439163649,-1.0,-1.0,-1.0
20,5,335.61675659179684,352.4527990722656,46.91359863281247,88.38973388671872,0.8746411525652498,-1.0,-1.0,-1.0
21,5,334.7129333496094,353.56071533203124,52.32474975585933,89.38723754882812,0.8442850958302728,-1.0,-1.0,-1.0
22,5,333.9371447753906,354.8420727539063,53.75747680664063,87.41233520507814,0.8752571013812513,-1.0,-1.0,-1.0
23,5,333.2773773193359,356.0617803955078,55.99500732421876,88.18401489257809,0.8601015345621299,-1.0,-1.0,-1.0
24,5,334.2258435058594,356.5866632080078,56.50894775390623,86.41290893554691,0.8748474260596311,-1.0,-1.0,-1.0
25,5,336.04298767089847,356.3103680419922,57.82736206054688,86.94277954101557,0.8534727722246629,-1.0,-1.0,-1.0
26,5,340.97002075195314,355.24547424316404,63.19610595703125,88.45900268554686,0.8330771324983566,-1.0,-1.0,-1.0
27,5,346.20056213378905,354.08170898437504,57.1283020019531,90.07498168945312,0.8519290676230824,-1.0,-1.0,-1.0
28,5,353.19688110351564,352.7345159912109,50.57111206054685,92.37365112304684,0.8652083708193388,-1.0,-1.0,-1.0
29,5,360.4565258789063,351.93727111816406,49.466381835937455,91.16158447265622,0.8523088980583822,-1.0,-1.0,-1.0
30,5,367.8806964111328,351.4992022705078,46.7967590332031,82.99923706054688,0.7854657150511635,-1.0,-1.0,-1.0
31,5,373.02769775390624,351.45960754394525,46.03914184570312,78.96648559570315,0.7781959304011075,-1.0,-1.0,-1.0
32,5,378.1023870849609,350.6994580078125,55.15230102539061,72.06915893554691,0.7561035863406467,-1.0,-1.0,-1.0
33,5,381.2979913330079,349.723212890625,64.92524414062501,88.01312255859375,0.6663396036207061,-1.0,-1.0,-1.0
34,5,385.82585815429695,347.94938781738284,62.458209228515614,99.15633544921872,0.8038230383619975,-1.0,-1.0,-1.0
35,5,390.7502105712891,345.8392492675781,69.97868041992189,98.72006835937503,0.8535012279964782,-1.0,-1.0,-1.0
36,5,398.08049743652344,343.5882330322266,61.09672851562499,95.83731079101562,0.8542216938165055,-1.0,-1.0,-1.0
37,5,405.7610559082031,341.9933477783203,55.35834960937496,90.4846618652344,0.8627142698046555,-1.0,-1.0,-1.0
38,5,414.98009582519524,340.42399475097653,46.89091186523439,95.47575073242189,0.840580274564104,-1.0,-1.0,-1.0
39,5,422.78009765624995,339.4164880371094,47.06122741699221,88.39039306640626,0.8628513866868843,-1.0,-1.0,-1.0
40,5,430.2702685546875,339.0219415283203,44.145730590820335,93.5332580566406,0.8910799326695837,-1.0,-1.0,-1.0
41,5,434.97509765625,338.67414733886716,46.24615173339845,93.8286254882812,0.8784348054279789,-1.0,-1.0,-1.0
42,5,439.4748834228516,337.67057922363284,55.43747863769528,92.471923828125,0.9157520354114794,-1.0,-1.0,-1.0
43,5,443.4868762207031,336.8259503173828,60.375805664062455,93.8354919433594,0.9103486803299888,-1.0,-1.0,-1.0
44,5,450.54505920410156,335.679169921875,58.74554443359375,95.58731689453124,0.9227172976793128,-1.0,-1.0,-1.0
45,5,456.8799682617188,334.56805664062506,55.18861083984376,94.57712402343748,0.9209658220378856,-1.0,-1.0,-1.0
46,5,464.9656640625,333.6112188720703,42.440075683593705,93.96430664062495,0.8756687642140157,-1.0,-1.0,-1.0
47,5,473.0543151855469,333.01026672363275,39.690527343750034,92.73208007812497,0.8773701647629295,-1.0,-1.0,-1.0
48,5,480.7607958984375,332.8480920410156,40.28521728515625,88.45026855468751,0.8452843417288705,-1.0,-1.0,-1.0
49,5,484.6099877929687,332.7646783447266,43.97442626953131,92.31190795898436,0.8879384894993336,-1.0,-1.0,-1.0
50,5,489.8299877929688,331.4497576904297,56.72186279296875,89.89271850585936,0.9134034491162026,-1.0,-1.0,-1.0
51,5,494.76249755859374,330.3378204345703,57.59406738281251,93.53084106445311,0.9115225552035612,-1.0,-1.0,-1.0
52,5,501.17932617187506,329.2243341064453,47.51169433593748,90.63945922851563,0.9011957162048247,-1.0,-1.0,-1.0
53,5,507.573017578125,327.30806030273436,40.512963867187466,88.67296142578124,0.8700467697259668,-1.0,-1.0,-1.0
54,5,515.1249645996093,326.0734826660156,34.59462890625002,86.95162353515622,0.8678176191046241,-1.0,-1.0,-1.0
55,5,520.9451916503906,325.5740002441406,35.26875000000007,89.84333496093745,0.8721893660021927,-1.0,-1.0,-1.0
56,5,526.2311425781251,325.75066040039064,39.3717041015625,89.58317871093749,0.8741979346397848,-1.0,-1.0,-1.0
57,5,529.9239660644531,325.89729492187496,43.44521484375002,89.51759033203126,0.8871048351331581,-1.0,-1.0,-1.0
58,5,533.3136218261718,325.86424255371094,56.22099609374993,87.04209594726558,0.9069292350079364,-1.0,-1.0,-1.0
59,5,535.5934606933594,324.9671868896485,57.12198486328123,88.1185363769531,0.9214954407915066,-1.0,-1.0,-1.0
60,5,539.5418701171875,323.5237371826172,58.63150634765634,91.20767211914062,0.9078356778379087,-1.0,-1.0,-1.0
61,5,544.6960510253906,320.9579132080078,59.0043823242188,93.78187866210936,0.9048793278725356,-1.0,-1.0,-1.0
62,5,550.7032104492188,318.217060546875,50.24542236328125,95.117431640625,0.9002518859434439,-1.0,-1.0,-1.0
63,5,557.137529296875,316.0806646728515,39.189221191406205,94.59635009765624,0.8740275510942297,-1.0,-1.0,-1.0
64,5,564.4783740234375,314.66833923339846,37.45656738281252,95.58259277343753,0.8877621866583638,-1.0,-1.0,-1.0
65,5,570.0180102539064,313.96825744628904,34.87489013671882,96.54202880859371,0.8890343318347789,-1.0,-1.0,-1.0
66,5,573.9927868652344,314.27835754394533,35.008593750000045,95.5562805175781,0.8810287727263812,-1.0,-1.0,-1.0
67,5,576.7006311035157,314.8328155517578,38.65166015624993,95.7034973144531,0.8765697331012774,-1.0,-1.0,-1.0
68,5,579.0708325195312,315.5950085449219,50.19027099609377,92.80925903320316,0.905911630955316,-1.0,-1.0,-1.0
69,5,580.6081274414062,316.7366253662109,56.887316894531295,94.2921936035156,0.90988752534588,-1.0,-1.0,-1.0
70,5,582.6388073730468,317.4505499267578,60.4193115234375,93.5639099121094,0.917389535206592,-1.0,-1.0,-1.0
71,5,584.8067175292969,317.629692993164,60.066540527343705,91.02969360351562,0.9198380645416931,-1.0,-1.0,-1.0
72,5,589.5121728515625,318.2304858398437,57.618896484375,92.61606445312503,0.9250245976758648,-1.0,-1.0,-1.0
73,5,596.2644360351562,318.2010864257812,53.65986328124996,91.65514526367184,0.917682890389912,-1.0,-1.0,-1.0
74,5,603.6775048828125,317.4112683105469,40.18403320312496,88.07041625976558,0.8902362685137071,-1.0,-1.0,-1.0
75,5,610.5080786132812,316.8946801757813,28.241455078125,89.83894042968745,0.8751467128899577,-1.0,-1.0,-1.0
76,5,616.4857946777344,316.46264282226565,29.420178222656205,92.22626953124995,0.8841625527127057,-1.0,-1.0,-1.0
77,5,620.8683068847656,316.2080456542969,30.98441162109384,93.61175537109376,0.877767682571104,-1.0,-1.0,-1.0
78,5,623.2855627441406,316.42804138183595,39.50650634765623,91.23870849609376,0.8766474570575618,-1.0,-1.0,-1.0
79,5,625.3652307128907,316.8648962402343,43.19582519531252,90.99014282226562,0.9071270086491126,-1.0,-1.0,-1.0
80,5,628.3371752929688,316.5214471435546,42.076428222656205,90.7998596191406,0.8928486629650578,-1.0,-1.0,-1.0
81,5,631.7603283691406,315.82753417968746,39.75490722656241,91.21387939453126,0.8924782370724742,-1.0,-1.0,-1.0
82,5,634.4108459472657,314.49998474121094,34.32052001953127,95.49387817382814,0.8848000514701226,-1.0,-1.0,-1.0
83,5,636.8353198242188,313.25421752929685,32.2294921875,96.1782165527344,0.8622713240983195,-1.0,-1.0,-1.0
84,5,638.8920593261719,312.0393493652344,31.26610107421868,97.52332763671876,0.8550538151643146,-1.0,-1.0,-1.0
85,5,639.9138537597656,311.64753845214847,29.935327148437523,97.26514892578126,0.8540067448414845,-1.0,-1.0,-1.0
86,5,641.0015551757813,311.59115112304687,30.16801757812493,97.22658691406252,0.8672464017348602,-1.0,-1.0,-1.0
87,5,641.9823046875,312.00863159179687,29.80052490234368,97.38583374023438,0.865424407725591,-1.0,-1.0,-1.0
88,5,643.0521752929687,312.2547198486328,28.836804199218705,95.88153076171876,0.8538425199500921,-1.0,-1.0,-1.0
89,5,644.0278930664062,312.48816833496096,30.424328613281205,94.99575805664062,0.8556621062837877,-1.0,-1.0,-1.0
90,5,645.1847314453124,312.54271545410154,31.207324218750045,95.01712646484371,0.8629407883805129,-1.0,-1.0,-1.0
91,5,645.9373278808592,312.3550579833984,33.558947753906295,94.84716796874994,0.861297869166961,-1.0,-1.0,-1.0
92,5,646.6240502929687,312.0670239257812,35.02880859375,96.47226562499998,0.8748283182621748,-1.0,-1.0,-1.0
93,5,647.1458349609375,311.8427764892578,34.25811767578125,96.68210449218748,0.8684548314574627,-1.0,-1.0,-1.0
94,5,647.7114440917969,311.45489318847655,34.64802246093757,95.94547119140624,0.8837219863499186,-1.0,-1.0,-1.0
95,5,648.0521740722655,311.211820678711,34.20109863281243,95.82846679687498,0.8906518246150874,-1.0,-1.0,-1.0
96,5,648.4721044921874,311.19192993164063,33.62860107421875,92.45934448242184,0.8688901902620216,-1.0,-1.0,-1.0
97,5,648.4762683105469,311.31742675781254,34.736682128906295,92.23720092773436,0.8693265393799798,-1.0,-1.0,-1.0
98,5,647.7292199707031,312.06514526367187,35.15031738281243,91.111376953125,0.8865298146767557,-1.0,-1.0,-1.0
99,5,646.4977844238281,312.93468017578124,39.20745849609375,90.32266845703124,0.8959372149865352,-1.0,-1.0,-1.0
100,5,644.8824096679687,314.2076824951172,43.222521972656295,87.3424072265625,0.8936555382931992,-1.0,-1.0,-1.0
101,5,643.154501953125,315.2534436035156,45.2889404296875,87.20156250000002,0.8942058211552393,-1.0,-1.0,-1.0
102,5,641.6653271484374,315.7976678466797,47.42380371093748,84.94584960937499,0.905411056137332,-1.0,-1.0,-1.0
103,5,640.8105578613281,315.85637329101564,46.680908203125,84.87531738281251,0.8948100832252948,-1.0,-1.0,-1.0
104,5,640.2309631347655,315.7169677734375,47.11398925781248,85.76669311523438,0.8829525199389145,-1.0,-1.0,-1.0
105,5,640.1371810913085,315.4852317810059,44.80059814453125,84.78737182617186,0.8621680233953768,-1.0,-1.0,-1.0
106,5,639.9207458496094,315.1077850341797,42.06181640624993,85.58245239257809,0.843800282735355,-1.0,-1.0,-1.0
1,6,310.2835784912109,335.0442443847656,37.15307006835934,86.0185546875,0.884475055924483,-1.0,-1.0,-1.0
2,6,309.8482498168945,335.46265411376953,37.15307006835934,86.0185546875,0.884475055924483,-1.0,-1.0,-1.0
3,6,309.5344665527344,335.7619464111328,37.154498291015614,85.97416992187499,0.8843693476726315,-1.0,-1.0,-1.0
4,6,308.79454833984374,336.00177246093745,37.70859374999998,88.83391113281249,0.8816040587603169,-1.0,-1.0,-1.0
5,6,307.85197631835933,336.20888671875,36.79151000976566,85.18776855468752,0.8956035239621798,-1.0,-1.0,-1.0
6,6,306.7112054443359,336.5907330322265,37.87772827148439,91.1937194824219,0.906289217045284,-1.0,-1.0,-1.0
7,6,305.7601080322266,336.91275329589837,38.91829833984372,90.90549316406252,0.8942017300026315,-1.0,-1.0,-1.0
8,6,304.5698712158203,337.86927795410156,40.029565429687466,93.2701354980469,0.8799811774141197,-1.0,-1.0,-1.0
9,6,303.6744525146484,339.2404541015625,42.5022033691406,96.47155151367184,0.8852764445401817,-1.0,-1.0,-1.0
10,6,302.7162469482422,341.0964404296875,46.09187622070317,101.76767578125003,0.8770422148678421,-1.0,-1.0,-1.0
11,6,301.9754278564453,342.74017089843744,44.3193420410156,99.84407958984376,0.8679675082489062,-1.0,-1.0,-1.0
12,6,301.83830200195314,344.1089025878906,46.05875244140623,101.22994995117188,0.8340453363399654,-1.0,-1.0,-1.0
13,6,301.84858520507817,344.8473431396484,45.51042480468749,101.45445556640624,0.8532767718953949,-1.0,-1.0,-1.0
14,6,301.7239837646484,346.0392333984375,43.14177246093749,97.96766967773436,0.8297454864614053,-1.0,-1.0,-1.0
15,6,301.4244305419922,347.29260314941405,43.22993774414061,95.29101562499994,0.8544237873454392,-1.0,-1.0,-1.0
16,6,300.55280273437495,349.2122387695312,45.2252197265625,90.9416931152344,0.7675863700083454,-1.0,-1.0,-1.0
17,6,299.5121228027344,351.6097247314453,48.792645263671886,88.86225585937501,0.73073762875336,-1.0,-1.0,-1.0
18,6,298.12717529296873,354.41249084472656,63.65083007812501,89.83690795898434,0.6451498141495904,-1.0,-1.0,-1.0
19,6,384.4915740966797,347.8208642578125,65.41627807617186,93.17422485351562,0.7963459385325855,-1.0,-1.0,-1.0
20,6,449.48885833740235,342.76535568237307,67.87710571289062,90.55079956054686,0.7649194631868212,-1.0,-1.0,-1.0
21,6,493.2313522338867,339.1316963195801,35.65645751953116,46.52083740234372,0.4986271238953321,-1.0,-1.0,-1.0
22,6,514.8904010009766,337.0693826293945,41.4991378784179,60.637211608886695,0.4986271238953321,-1.0,-1.0,-1.0
23,6,515.2305267333984,336.5990249633789,47.34181823730464,74.75358581542966,0.4986271238953321,-1.0,-1.0,-1.0
24,6,428.31880004882817,344.4295028686523,53.184498596191375,88.86996002197263,0.4986271238953321,-1.0,-1.0,-1.0
25,6,363.53947357177736,350.1014872741699,59.027178955078114,102.9863342285156,0.7784529365834203,-1.0,-1.0,-1.0
26,6,323.2227610473633,353.6997453918457,43.254107666015614,102.04030151367186,0.7862260374664416,-1.0,-1.0,-1.0
27,6,307.3686624755859,355.2242772216797,41.44669189453123,99.71026611328124,0.7838464147598145,-1.0,-1.0,-1.0
28,6,315.97717785644534,354.67508276367187,43.11525146484373,99.45290405273435,0.7838464147598145,-1.0,-1.0,-1.0
29,6,326.92249877929686,354.47016357421876,44.78381103515623,99.19554199218749,0.7838464147598145,-1.0,-1.0,-1.0
30,6,340.19803344726563,354.35001159667974,46.45237060546873,98.9381799316406,0.7838464147598145,-1.0,-1.0,-1.0
31,6,353.47356811523434,354.22985961914065,48.12093017578123,98.68081787109372,0.7838464147598145,-1.0,-1.0,-1.0
32,6,366.7491027832031,354.1097076416016,49.78948974609373,98.42345581054686,0.7838464147598145,-1.0,-1.0,-1.0
33,6,380.0246374511718,353.9895556640625,51.45804931640623,98.16609374999996,0.7838464147598145,-1.0,-1.0,-1.0
34,6,393.30017211914065,353.86940368652347,53.12660888671873,97.90873168945308,0.7838464147598145,-1.0,-1.0,-1.0
35,6,406.57570678710937,353.7492517089844,54.79516845703123,97.65136962890622,0.7838464147598145,-1.0,-1.0,-1.0
36,6,419.8512414550781,353.6290997314453,56.46372802734373,97.39400756835934,0.7838464147598145,-1.0,-1.0,-1.0
37,6,433.12677612304685,353.5089477539062,58.13228759765623,97.13664550781246,0.7838464147598145,-1.0,-1.0,-1.0
38,6,446.40231079101557,353.38879577636715,59.80084716796873,96.8792834472656,0.7838464147598145,-1.0,-1.0,-1.0
39,6,459.6778454589843,353.2686437988281,61.46940673828124,96.62192138671872,0.7838464147598145,-1.0,-1.0,-1.0
40,6,472.9533801269531,353.1484918212891,63.13796630859373,96.36455932617184,0.7838464147598145,-1.0,-1.0,-1.0
41,6,484.66616748046874,355.7439876708985,64.80652587890623,96.10719726562496,0.7838464147598145,-1.0,-1.0,-1.0
42,6,495.96438592529296,357.85240040588377,66.47508544921874,95.84983520507808,0.5974829321866224,-1.0,-1.0,-1.0
43,6,506.84803546142575,359.4737300262451,55.31802978515623,96.03360900878904,0.5147556740892334,-1.0,-1.0,-1.0
44,6,517.3171160888671,360.60797653198244,53.86945495605467,94.2930278778076,0.5147556740892334,-1.0,-1.0,-1.0
45,6,527.3716278076172,361.2551399230957,52.42088012695311,92.55244674682616,0.5147556740892334,-1.0,-1.0,-1.0
46,6,538.5743179321289,358.69957237243653,50.97230529785155,90.8118656158447,0.5147556740892334,-1.0,-1.0,-1.0
47,6,549.7770080566406,356.14400482177734,49.52373046874999,89.07128448486324,0.5147556740892334,-1.0,-1.0,-1.0
48,6,560.9796981811523,353.58843727111815,48.07515563964843,87.3307033538818,0.5147556740892334,-1.0,-1.0,-1.0
49,6,572.1823883056641,351.032869720459,46.62658081054687,85.59012222290035,0.5147556740892334,-1.0,-1.0,-1.0
50,6,583.3554290771484,346.79672012329104,45.17800598144531,83.84954109191891,0.5147556740892334,-1.0,-1.0,-1.0
51,6,593.5904489135743,342.83771369934084,43.72943115234375,82.10895996093745,0.4581166391808366,-1.0,-1.0,-1.0
52,6,603.3365908813477,338.8666024017334,42.02138671875002,100.8817932128906,0.7971259184967252,-1.0,-1.0,-1.0
53,6,612.6705307617187,335.6571346435547,41.47580566406248,91.862841796875,0.7336374620685895,-1.0,-1.0,-1.0
54,6,621.5922685546875,333.20931042480464,43.5114624023438,93.5385314941406,0.6884422263061758,-1.0,-1.0,-1.0
55,6,630.1314536132811,333.20371179199213,43.34417358398442,93.62683410644529,0.6884422263061758,-1.0,-1.0,-1.0
56,6,639.1964575195312,333.6826135253906,43.17688476562503,93.71513671874996,0.6884422263061758,-1.0,-1.0,-1.0
57,6,648.3381372070312,334.93526367187496,43.00959594726565,93.80343933105466,0.6884422263061758,-1.0,-1.0,-1.0
58,6,657.4798168945313,336.18791381835933,42.84230712890626,93.89174194335936,0.6884422263061758,-1.0,-1.0,-1.0
59,6,666.6214965820312,337.44056396484376,42.67501831054688,93.98004455566404,0.6884422263061758,-1.0,-1.0,-1.0
60,6,675.7631762695312,338.6932141113281,42.5077294921875,94.06834716796872,0.6884422263061758,-1.0,-1.0,-1.0
61,6,684.9048559570313,339.94586425781256,42.34044067382811,94.1566497802734,0.6884422263061758,-1.0,-1.0,-1.0
62,6,694.0465356445313,341.1985144042968,42.17315185546873,94.2449523925781,0.6884422263061758,-1.0,-1.0,-1.0
63,6,703.6621413574219,341.1987830200195,42.00586303710934,94.3332550048828,0.6884422263061758,-1.0,-1.0,-1.0
64,6,713.7516730957032,339.9466701049805,41.83857421874996,94.42155761718747,0.4416721197872775,-1.0,-1.0,-1.0
65,6,723.8145937500001,338.8931152954102,53.38482055664059,107.97703857421874,0.4416721197872775,-1.0,-1.0,-1.0
66,6,733.8509033203125,338.03811859130855,64.93106689453123,121.53251953125,0.4858155137350763,-1.0,-1.0,-1.0
67,6,743.8606018066406,337.3816799926758,62.34452819824219,115.50951232910155,0.4858155137350763,-1.0,-1.0,-1.0
68,6,753.3697631835937,338.1761810302734,59.75798950195315,109.48650512695312,0.4858155137350763,-1.0,-1.0,-1.0
69,6,763.7541723632812,339.65862670898434,57.17145080566411,103.46349792480468,0.4858155137350763,-1.0,-1.0,-1.0
70,6,774.1582580566406,340.54222961425774,54.58491210937507,97.44049072265624,0.6840632202109909,-1.0,-1.0,-1.0
71,6,783.4443420410155,340.63352600097653,39.37060546875,96.81437988281247,0.6405106153702178,-1.0,-1.0,-1.0
72,6,791.7642993164062,340.01765441894526,35.492871093749955,93.42734985351558,0.7748855360474849,-1.0,-1.0,-1.0
73,6,799.1170202636719,339.0509289550781,35.31313476562502,95.2963439941406,0.7727478706035171,-1.0,-1.0,-1.0
74,6,801.3431909179687,338.58924499511716,45.69686279296877,94.7091796875,0.7816875727549935,-1.0,-1.0,-1.0
75,6,801.4305981445311,338.32647399902345,54.62424316406248,96.1451477050781,0.7570718653596735,-1.0,-1.0,-1.0
76,6,801.7057177734375,337.97704284667964,74.5731079101563,97.68949584960932,0.8934606606233686,-1.0,-1.0,-1.0
77,6,804.6916259765625,337.5420831298828,76.82431640624998,97.29964599609372,0.8933229387457189,-1.0,-1.0,-1.0
78,6,806.5984350585937,336.27818298339844,73.1239013671875,98.73462524414066,0.8916339203492996,-1.0,-1.0,-1.0
79,6,812.9115087890625,335.0115966796875,55.02645263671866,100.71232910156247,0.817753759075206,-1.0,-1.0,-1.0
80,6,818.9630969238281,333.5925036621094,69.07851562499991,90.8823669433594,0.8072820742844478,-1.0,-1.0,-1.0
81,6,823.8839062499999,332.51580505371095,60.15113525390632,102.48294067382812,0.8500374499793963,-1.0,-1.0,-1.0
82,6,826.0354138183593,331.79435485839844,65.89566650390623,92.18781738281244,0.8837829842308942,-1.0,-1.0,-1.0
83,6,829.2581323242186,331.4496148681641,66.85532226562498,93.70876464843748,0.8633341934373107,-1.0,-1.0,-1.0
84,6,830.2999768066405,329.82208374023435,62.39113769531241,92.11146240234376,0.8896672331067279,-1.0,-1.0,-1.0
85,6,831.53935546875,328.1099853515625,57.23118896484368,93.06057128906248,0.8722617498241405,-1.0,-1.0,-1.0
86,6,832.2620800781249,326.4404370117187,55.09808349609375,96.81344604492188,0.8779820596819476,-1.0,-1.0,-1.0
87,6,831.8737023925781,324.6830090332031,55.67893066406248,96.3264221191406,0.8800923284163673,-1.0,-1.0,-1.0
88,6,829.8556237792969,323.4145935058594,55.51523437499998,88.1416076660156,0.8540703537458292,-1.0,-1.0,-1.0
89,6,827.4763146972655,323.08037841796875,55.08984375,84.48134765624997,0.8864368824003357,-1.0,-1.0,-1.0
90,6,824.4696093749999,321.8845166015625,55.629162597656205,81.68889770507815,0.8496900793072655,-1.0,-1.0,-1.0
91,6,821.3665759277343,320.540185546875,53.155810546875045,80.50275878906245,0.8226327393460053,-1.0,-1.0,-1.0
92,6,817.5469665527344,319.17784423828124,39.143847656250045,88.35358886718751,0.7753505289247435,-1.0,-1.0,-1.0
93,6,813.4798645019531,317.5862365722656,38.64858398437502,90.7985961914062,0.7751551560601477,-1.0,-1.0,-1.0
94,6,808.4470495605468,316.0605212402344,40.48751220703127,90.536782836914,0.7751551560601477,-1.0,-1.0,-1.0
95,6,803.3723510742187,315.4901184082031,42.32644042968752,90.27496948242184,0.7751551560601477,-1.0,-1.0,-1.0
96,6,798.119384765625,315.0188690185547,44.16536865234377,90.01315612792965,0.7751551560601477,-1.0,-1.0,-1.0
97,6,792.8664184570313,314.54761962890626,46.00429687500002,89.75134277343746,0.7751551560601477,-1.0,-1.0,-1.0
98,6,790.2144140624999,313.84933593750003,47.84322509765627,89.48952941894528,0.7751551560601477,-1.0,-1.0,-1.0
99,6,789.2782690429688,312.71143798828126,49.68215332031252,89.22771606445309,0.608034544147813,-1.0,-1.0,-1.0
100,6,789.0265869140624,310.82656127929687,29.98619384765629,61.30596313476559,0.5998116764714716,-1.0,-1.0,-1.0
101,6,789.5247583007812,309.132685546875,29.10146484374991,79.2371887207031,0.6087309344054574,-1.0,-1.0,-1.0
102,6,788.8626123046876,307.4466851806641,27.007031249999955,63.25213623046875,0.4812091635408251,-1.0,-1.0,-1.0
103,6,786.1583715820312,306.28419982910157,33.88348388671875,91.45755615234371,0.7234148268269784,-1.0,-1.0,-1.0
104,6,782.8433569335937,305.74652893066406,39.33533935546871,92.92098999023438,0.4313888280197275,-1.0,-1.0,-1.0
105,6,780.6521942138672,305.902352142334,43.81534423828123,93.37922973632811,0.8100598126580927,-1.0,-1.0,-1.0
106,6,777.5014892578125,306.0008056640625,38.41929931640618,91.58834838867188,0.7958869958570318,-1.0,-1.0,-1.0
