1,1,615.502918098317,1422.1278163333411
2,1,615.502918098317,1422.1278163333411
3,1,615.7286201444963,1422.1053638846683
4,1,615.8193556232659,1422.0143348287415
5,1,615.6191354429975,1421.7222008072654
6,1,615.4790533844426,1421.6880982250482
7,1,615.2684289841633,1421.3297765342838
8,1,615.2340276374018,1421.3056319326256
9,1,615.2025874653582,1421.1508241916054
10,1,615.2838917675042,1421.1180637421398
11,1,615.2185174494264,1421.0066016330286
12,1,615.153320780798,1420.9516687589673
13,1,614.9072217627582,1420.738354806825
14,1,614.8214271544095,1420.6972998185834
15,1,614.7560243212071,1420.6434994684405
16,1,614.8932786688752,1420.6440876022195
17,1,615.3907264558139,1420.4002125865704
18,1,615.3853993873118,1420.4047047602169
19,1,615.4685316399231,1420.3484923235674
20,1,615.2375203819986,1420.3654894771435
21,1,615.5019193041688,1420.3288454939789
22,1,615.2952743663894,1420.2357337376882
23,1,615.071024895099,1420.2194953671992
24,1,615.2365975297114,1420.174024883605
25,1,614.9774658544204,1419.8864772784082
26,1,615.113108350079,1419.902711988693
27,1,614.8559137371807,1419.3798090713533
28,1,614.8727614736081,1419.3853704598387
29,1,615.0756472104858,1419.322690991468
30,1,615.171716306452,1419.2763226318264
31,1,615.1911200747174,1418.9965834501745
32,1,615.2886763413171,1419.0160124851195
33,1,615.4020074153162,1418.9468680820687
34,1,615.4578084633224,1418.825823178396
35,1,615.6943918995728,1418.7789323405295
36,1,615.6095757666401,1418.7311096178557
37,1,615.8759134279654,1418.3142784348206
38,1,615.8552271350919,1418.3035770181082
39,1,615.9481758568438,1418.1503896470272
40,1,615.9578093640434,1418.131870175288
41,1,615.9263095943973,1418.0600627553458
42,1,615.8559022810332,1417.9865194832173
43,1,616.573949123796,1417.527269004899
44,1,616.9964508780575,1417.2915614455471
45,1,616.552183052726,1415.3372714191314
46,1,617.647853173904,1413.717710368077
47,1,620.7859641131768,1409.9131705280008
48,1,621.394725255825,1409.8962900120277
49,1,621.9270868434819,1410.1020312902608
50,1,622.5591961258592,1410.5882899657831
51,1,622.3528085643375,1410.0506957033667
52,1,621.8751857858982,1409.939311892168
53,1,622.7274784736339,1409.7793507432746
54,1,622.7805697695138,1409.4312529353952
55,1,622.6166389932073,1408.6335838501793
56,1,622.6929440847196,1408.491717976303
57,1,622.5764768009092,1407.7210887805652
58,1,622.65742693306,1407.6181317335574
59,1,622.5162430805827,1407.3543050602714
60,1,622.4020246323296,1407.3746326965954
61,1,622.4850325137496,1407.433241317932
62,1,622.4981194418403,1407.366947364646
63,1,621.3846436916183,1406.9707975082133
64,1,622.1514796374596,1406.9863168045865
65,1,622.8795761517251,1406.1919715318404
66,1,622.8688578710286,1405.4487360943508
67,1,630.5972355828227,1402.2535981338604
68,1,630.9420343622844,1402.3376517139816
69,1,630.9308030356002,1401.7591861414558
70,1,630.8341464505016,1401.3507998212522
71,1,630.9649622279361,1396.3077040736025
72,1,632.5301795417357,1395.382678079173
73,1,634.2620637912354,1392.7713594656375
74,1,636.1786358948511,1388.9474170307942
75,1,641.9974020700828,1382.8561499813738
76,1,646.8249736220552,1382.6364863666704
77,1,655.0824860828579,1375.8117909334135
78,1,658.1098939669906,1369.0214725670887
79,1,667.3036588295591,1353.1927325259683
80,1,674.7750806568347,1348.6285646750605
81,1,685.7496134525406,1325.9098721245873
82,1,690.271111663979,1322.0966476544122
83,1,690.9432416290205,1317.0595853739624
84,1,692.1757051243723,1315.2906895461936
85,1,682.5820905127066,1301.5216925951593
86,1,683.5648892720004,1290.7214826471711
87,1,706.729823149764,1264.2902944137454
88,1,702.4982853248874,1256.9671754386936
89,1,714.4689480301708,1255.3889836987528
90,1,719.1486251197363,1250.8704230222606
91,1,734.3275807217136,1241.905475097368
92,1,735.4448243583904,1235.5645825161157
93,1,760.3690977794143,1200.3243117771185
94,1,765.073644282095,1197.6207315984673
95,1,772.9090611745407,1182.0602663095244
96,1,776.0411757985503,1172.4585098715513
97,1,768.9238933712148,1141.8323701203487
98,1,784.0938722616336,1130.8842914628015
99,1,801.3507639542291,1103.3029569111523
100,1,802.8672802487517,1094.6026751161482
101,1,817.489260215345,1082.1747539637636
102,1,820.5447277008392,1067.6411954963808
103,1,824.8301863684621,1041.8227252767597
104,1,843.9929505414431,1038.7308395456141
105,1,860.8165976904813,1011.4375453268464
106,1,863.9802390628097,1003.8573453728712
107,1,876.2829431661579,976.8626439164386
108,1,881.516123255591,967.1730446369679
109,1,859.5396701526431,920.2185539811124
110,1,866.0238937967794,914.7797804932883
111,1,886.8954208397402,893.8791199506727
112,1,890.1097009607806,887.4092710398226
113,1,895.0364577139403,860.7964766333458
114,1,897.2161752032491,851.7647180035036
115,1,903.4441334400454,837.0414785303574
116,1,901.4896949940879,829.2233221542663
117,1,893.0776695819542,792.9334339560558
118,1,898.1212684115586,781.7279643404836
119,1,892.3381764723825,770.1642826490045
120,1,896.871391306303,747.8949492070105
121,1,902.1685624214098,740.9443245799703
122,1,903.6706748540205,739.3240025897604
123,1,905.8306449258909,735.7960256208795
124,1,904.2210762057164,732.1747772567344
125,1,903.5167519517735,732.2099619700039
126,1,904.8042688359914,730.9616427154922
127,1,900.5514221140498,723.4966632912782
128,1,902.4223903774625,725.1633921848196
129,1,903.2976798146426,728.0080594547202
130,1,903.8262202083321,733.531947188614
131,1,901.0438771965026,742.6198009559116
132,1,899.3562583612525,748.3317697630712
133,1,893.2990127397758,766.2602895908266
134,1,886.9495885389869,775.1538122501435
135,1,874.4616296430095,787.2701451175567
136,1,874.1989991097169,786.0512798389805
137,1,864.2559263359664,788.5752363584918
138,1,860.9991097026511,792.2203966831887
139,1,834.1790048852159,804.9525634982442
140,1,835.0162854470909,803.4597842272335
141,1,820.168725332515,824.8956491865115
142,1,820.856073704496,830.2856015403402
143,1,814.8350340085591,854.452719960241
144,1,810.5295825205976,867.4532626865084
145,1,789.0412171324291,878.6426627681777
146,1,786.0237254572877,891.4444376063881
147,1,777.0798912515455,902.0663307462682
148,1,775.8316708511264,902.5200714379989
149,1,770.658602299611,911.3710709660331
150,1,772.4949170267118,922.4040750228263
151,1,762.2723770269488,934.8511017946469
152,1,756.9374621031068,948.5275941108704
153,1,742.6307171403901,967.9722049599101
154,1,738.5692943566735,978.3851908633336
155,1,699.4425163656749,979.1939409171007
156,1,699.8533910822025,988.1017167187861
157,1,681.8611425580635,1008.3954915731
158,1,697.7971254848294,1026.8746289722856
159,1,667.5092055167592,1025.6986937121956
160,1,674.8031543815656,1050.0357331851872
161,1,670.0107376633827,1070.1944337676514
162,1,669.2066750256032,1072.8801881205097
163,1,665.7287089684777,1079.7379562305864
164,1,657.897569574701,1086.486413058939
165,1,656.4493513605424,1102.963955452127
166,1,653.8519550307403,1104.6869504290535
167,1,652.9705738868137,1107.6448048803213
168,1,652.6705186235374,1111.2068910970906
169,1,633.0346346079983,1107.2907401129958
170,1,626.463356225354,1103.3453546380597
171,1,606.014009801783,1128.8579802901147
172,1,604.9866845230647,1126.4936783739324
173,1,592.8609787717753,1115.2660839882292
174,1,590.4208360269884,1115.0460825375503
175,1,582.3855905156876,1108.2093993104959
176,1,576.6940922191559,1106.3635151054305
177,1,585.8672166621217,1094.4475688599841
178,1,579.1736877201128,1108.4803243580582
179,1,568.6215917609726,1103.7346318748034
180,1,567.9961205868323,1102.6520240211769
181,1,568.911954754452,1099.5272125820923
182,1,564.7443143008514,1094.6852174403987
183,1,569.4515200113465,1094.5838520977286
184,1,555.7677756394447,1083.7372915299586
185,1,550.8391097294946,1078.200722927892
186,1,539.5053988621106,1067.096437919823
187,1,489.6058957822403,1038.0084923101979
188,1,517.7596234432141,1050.7901229741192
189,1,481.1256936074376,1026.4638014439317
190,1,482.2544526804358,1026.894435008169
191,1,475.09174327630757,1020.2927031208598
192,1,467.9290338721794,1013.6909712335505
193,1,460.76632446805115,1007.0892393462412
194,1,451.1848698009216,1005.0509709243618
195,1,464.0853884764233,1001.5728739125848
196,1,449.4834421846379,990.8196535097475
197,1,461.4124835061859,998.5723454844879
198,1,459.59443247711533,997.9117734128882
199,1,458.8866694587398,998.6809361430038
200,1,458.0633332691689,1001.3432942947753
201,1,458.9860698453452,1002.73259499096
202,1,457.63450329284854,1002.4129140054032
203,1,455.5518394970943,1000.9717197672584
204,1,455.0843047060765,1001.6379601649238
205,1,452.11905506387205,996.9442206001055
206,1,450.36347475977095,996.5491629292518
207,1,436.53483596333564,987.831279025739
208,1,428.94882528953696,982.6029471081102
209,1,431.81829993444256,986.072261021734
210,1,421.6022713536528,982.6037078626977
211,1,425.4853530935324,984.6335078701931
212,1,424.67045770462505,984.7731658327277
213,1,414.0323228363745,983.4280745140891
214,1,412.6490072920274,984.8783838228553
215,1,419.31122693954046,988.2555540293321
216,1,419.89101587138765,993.1629346774398
217,1,424.98971047642283,990.6155489038189
218,1,422.76158417846045,989.0017047154407
219,1,424.4602840048701,990.6262644477441
220,1,419.957731514041,992.8804584591187
221,1,420.10512931416656,998.2992669555772
222,1,419.04147460115064,1003.0060903788491
223,1,413.6960724659529,1002.3885971124316
224,1,413.1367014950222,1003.1846405391327
1,2,971.9970408539689,528.3247824725414
2,2,971.9970408539689,528.3247824725414
3,2,972.0270811686165,529.3230193887757
4,2,972.2491731432724,529.3160041100094
5,2,972.9933383009131,530.1939582858496
6,2,972.8624167811006,529.8957996853715
7,2,974.1731492973745,529.6359446945905
8,2,974.1024113350794,529.6642869720391
9,2,973.6074165796364,529.5717086750333
10,2,973.2942921099893,528.4855160006189
11,2,973.5007296119111,528.8758058002591
12,2,974.8524999516935,529.9365174703146
13,2,974.3266041246673,529.9087450463418
14,2,971.3692167677282,526.51305828749
15,2,971.588014052596,526.9674332317546
16,2,971.4905672912765,527.2201094702046
17,2,968.4880795487182,523.4414254464708
18,2,967.9863325338016,523.2004907527086
19,2,967.3584996367512,523.5189057766058
20,2,967.2901962463178,525.1754109862011
21,2,966.0487708562754,525.7396961507394
22,2,965.236412960327,525.8388941355449
23,2,964.0580776836726,526.0837115528361
24,2,965.9406181895348,529.808309333475
25,2,961.6553110579209,526.9610871982271
26,2,960.4927363605154,528.8325241633571
27,2,954.8955866154342,533.6989123855667
28,2,954.3584286324456,533.4635923758282
29,2,954.6290133129747,536.021664928857
30,2,953.7063977599759,534.1173022909793
31,2,952.0498862911453,533.503520807489
32,2,953.2063502860983,535.5443011870161
33,2,954.3029598229351,537.5523854378702
34,2,954.2276598803277,537.4690042169052
35,2,954.0877936554126,537.5461285055866
36,2,954.1239693252829,537.8218258561885
37,2,952.944559694916,538.2383151529953
38,2,952.5788292559968,538.3601475790136
39,2,952.3057794622963,541.5167038391826
40,2,952.5776336154644,544.1678911257395
41,2,955.5636851051033,550.531724801808
42,2,954.8179990309407,550.6165730033102
43,2,956.0587129258728,552.9598813051559
44,2,950.6717791924327,544.940363028343
45,2,941.2830807456193,536.5093798954454
46,2,939.9639863926086,535.7342624079595
47,2,937.871085532411,536.7258609897244
48,2,940.6793561073883,539.794786226952
49,2,937.3292292504805,535.670760028678
50,2,918.0603878128786,509.6361135817086
51,2,889.0071124064505,471.9799371415217
52,2,882.4736726749106,466.1033389235436
53,2,877.8898274829687,464.08468044074357
54,2,877.2800915446353,464.75746536329024
55,2,868.671625084495,450.87341630333
56,2,867.3004499391403,450.43147709301985
57,2,850.9212609101371,431.1435306878716
58,2,845.4264270844491,422.9939835690554
59,2,838.635509135707,422.9139382861911
60,2,835.7354162180171,431.0767174021359
61,2,822.6099619010779,421.5972599003086
62,2,805.0197494040443,394.9733426672254
63,2,776.0432750331516,376.73982285300144
64,2,762.3665398193885,371.3660680174419
65,2,753.6520558198603,394.11478369784123
66,2,749.4683615221402,395.5802054917853
67,2,739.1393321645411,396.56529317435707
68,2,717.4283995061345,378.9635818841324
69,2,667.2201549600258,363.37832251672705
70,2,662.6298719923208,373.33204165588177
71,2,652.8702929972,386.3136802513131
72,2,553.8803417904137,293.2391999640591
73,2,609.9289621514649,374.63990877354064
74,2,563.0450355541903,348.39612799536155
75,2,552.176539804215,392.95285309079895
76,2,539.4872250443093,390.320251640614
77,2,513.3834075206664,405.1180890103546
78,2,481.82095543592783,378.6712874844316
79,2,490.0388734771571,444.95348891872595
80,2,495.77149938785897,455.77815301368435
81,2,456.1221128357509,439.205127365292
82,2,418.90448984220745,424.39973254592445
83,2,404.18690453553205,420.47324621971063
84,2,388.5791100369544,410.99685896041615
85,2,381.91385447677897,421.9398134013046
86,2,369.7494410635596,415.816873090688
87,2,342.7744574938902,405.55931201064163
88,2,343.9350090062076,416.084803021247
89,2,336.3656913313148,421.5216444224407
90,2,316.7595926670576,417.6052615499088
91,2,304.5704585201193,411.72473229046466
92,2,298.11719569711914,410.96192349498625
93,2,272.93694031885,407.8591143528494
94,2,271.1844629390936,412.0861430422231
95,2,262.85462025300217,416.9465841414606
96,2,261.56163477675835,419.21069823525477
97,2,250.43552198170056,416.5088189334493
98,2,248.20355404686816,414.8435280085213
99,2,231.27136001741388,406.8640093673371
100,2,230.15877355809624,402.36521979758965
101,2,226.50669335164113,393.31232327294725
102,2,221.73200206324702,386.6274254748388
103,2,227.05966645097655,389.6953100478096
104,2,227.68747574859674,384.4125524044467
105,2,230.86835903198,380.5306620000239
106,2,233.2919690496808,380.99512840440156
107,2,236.23011913724756,376.140139193957
108,2,244.5284634198963,382.2752922641313
109,2,257.6897495546505,388.73612488634967
110,2,287.75564675428166,409.4048953322095
111,2,304.4515346758293,416.639913320688
112,2,305.8784043096543,419.450590022002
113,2,310.5353284516753,429.0435177211526
114,2,312.9850333619482,417.5376091466575
115,2,309.40537394026626,410.1847261763024
116,2,311.891676285021,410.28379922097935
117,2,311.5246285726711,410.52556192133505
118,2,312.5467457261475,410.0338551556454
119,2,317.34053452753733,396.0348168513208
120,2,320.8130804378148,395.2156945929036
121,2,318.63773658968444,388.1508234972223
122,2,315.5695155276222,383.9713751382241
123,2,306.67163879365177,371.70128332856285
124,2,307.68155781135624,367.07987977374853
125,2,311.079981173099,357.8962458100409
126,2,314.52257812384363,357.68514553319847
127,2,320.04922600106005,349.1629797966604
128,2,317.5278453610095,344.1642268636106
129,2,309.05120202327396,324.9770193932986
130,2,301.10289106006786,314.22742230604604
131,2,286.97106705678357,292.47289743169847
132,2,282.5989422099823,282.21146570118106
133,2,274.3249725694466,266.1082061812899
134,2,281.99745306241994,266.9990168222145
135,2,289.025867375658,262.8119021047853
136,2,291.51384304502807,257.18390402352475
137,2,290.24191882246475,247.06154158211694
138,2,284.8077760632416,237.05437869399069
139,2,375.9596636354864,323.00228330068455
140,2,272.96670182770646,211.95242700970292
141,2,274.55562860961015,203.54384393073641
142,2,285.2859715252569,212.06742582781078
143,2,274.8818509767733,183.83552420143423
144,2,270.92782529111105,177.38415180915163
145,2,282.70214868819414,184.8081375026665
146,2,293.9266592129501,183.54049719083483
147,2,295.2514465495494,174.47177703103955
148,2,296.408798789298,170.81670270072732
149,2,295.5348962435943,162.54802626340066
150,2,297.0242024460562,158.8932943728978
151,2,300.8700745470173,158.22520236932058
152,2,301.19252576131043,157.22815454893177
153,2,306.08867272628527,142.22793345976865
154,2,305.1754530792937,129.6061019226172
155,2,310.93591470253165,128.38870874274735
156,2,312.2326483838249,124.83216984089272
157,2,327.81446609371903,128.2727635592802
158,2,324.24649940220513,120.65702809940196
159,2,337.7878441666241,132.0083418128672
160,2,346.47166724379514,138.4324038576413
161,2,344.9277657907782,124.34949383828507
162,2,348.21422882282985,121.81758235894823
163,2,363.5038346955141,126.30798601521855
164,2,355.71294429014483,112.61673430956508
165,2,376.7165810677603,129.31481341358432
166,2,385.1980031758398,131.36284889268663
167,2,389.9271436727672,122.59847750930473
168,2,385.68177147394505,112.73367294837335
169,2,434.5162974162,166.44304199978885
170,2,437.18708196734747,164.40824417804376
171,2,437.95251416818496,154.02243661965042
172,2,440.0820159676385,151.50901723068935
173,2,447.75676100493695,148.52794593793877
174,2,461.3598240664344,159.89695317800042
175,2,464.44717379649643,153.6353485533794
176,2,472.5502853394974,157.8865910443702
177,2,495.49994003519686,178.46788507982552
178,2,494.85231534203047,173.0687526247007
179,2,508.26884838926856,186.7194804411801
180,2,509.4824228008457,184.948749899472
181,2,509.8273675911089,178.06012763214684
182,2,510.0280126588837,176.4075534894262
183,2,512.859589575514,175.6209213248348
184,2,513.0340450297793,173.95350317518972
185,2,511.2485643617478,170.91157495142573
186,2,512.0055225507584,171.54773005739696
187,2,508.24379356553527,166.1581068253139
188,2,507.6855289703047,165.6459296475556
189,2,509.6652131549989,167.3354492250592
190,2,507.6823692034466,165.50215982482288
191,2,506.23314089356995,164.46648669196563
192,2,506.2129203078226,165.0077543747734
193,2,504.0980646215344,162.36854962291358
194,2,504.94259983583333,163.51053377805232
195,2,505.15935355164186,164.50007517796402
196,2,504.894511633608,164.17845389768112
197,2,502.93725525135306,161.9188593278711
198,2,502.9744391723661,162.0491846494786
199,2,503.0729444445915,161.69770343376877
200,2,502.4776373476411,160.31135134146697
201,2,503.0666070114184,160.92282016219107
202,2,505.3825782401351,163.66564181716836
203,2,507.0622971566752,164.71354185840298
204,2,503.3998108074749,160.35743505819042
205,2,506.3275905937295,165.48735086116696
206,2,507.9312033790136,168.482178794602
207,2,508.26750710715544,172.40883136234132
208,2,507.63584990176525,173.99892666255732
209,2,508.2817534516494,184.50351164127244
210,2,507.5689501532858,189.3314661464209
211,2,506.77445147768367,193.0998507547162
212,2,509.8075471485621,199.9138429506986
213,2,507.90449544289083,199.39941646820995
214,2,507.43626654762375,203.21565613029452
215,2,503.094988442605,206.53252095016825
216,2,502.4284785000703,208.68147281962152
217,2,497.55922998926206,221.00339364602164
218,2,500.8627694359149,227.0207784511246
219,2,494.3929455689184,226.0833280968171
220,2,500.6959156486322,237.47896484055656
221,2,506.3348184393277,251.74931548536773
222,2,515.0390030839367,265.6847784718442
223,2,515.1902782138781,271.2323236547738
224,2,519.2608056273367,278.985865644355
1,3,850.1748721360788,562.758207815925
2,3,850.1748721360788,562.758207815925
3,3,850.8493673279378,562.2270294295506
4,3,850.8135472230161,562.1629589535048
5,3,850.8439142619744,561.9556138451455
6,3,850.7478036739014,562.1459999364029
7,3,851.8505319421672,567.6454692523242
8,3,852.5924880184888,565.6296862238513
9,3,852.1962648304942,564.7462612671251
10,3,852.1542075594632,564.4176902204523
11,3,852.3440302173695,564.195944310246
12,3,851.9638901963814,564.2201732151722
13,3,849.5697819323623,570.346880378492
14,3,849.4756454342503,569.3073028258366
15,3,853.4434259886166,565.3628751362904
16,3,852.6362939039965,565.6219121627714
17,3,852.3497221235164,573.2878015572968
18,3,852.3665816878628,568.7884164301364
19,3,852.064649326164,571.6818040181396
20,3,850.768387136881,573.8816794836363
21,3,849.6763755868599,572.1275415379097
22,3,850.1927466048267,573.2279276252802
23,3,851.1095763986503,573.7055061615625
24,3,853.1712995317963,568.7167795975083
25,3,854.1388623698322,566.8548804319782
26,3,854.7500693924396,566.5799528852729
27,3,851.6851822674971,568.2277689702651
28,3,852.0814647993719,566.9683773527706
29,3,852.6736019971535,569.7068446234858
30,3,852.3295003478854,569.6482027778991
31,3,849.3240200823026,570.5629659548491
32,3,846.1231342890161,570.0240412223662
33,3,837.283567005816,565.2127078093289
34,3,824.8134785098686,558.0924347601807
35,3,809.411510423451,550.0707647262278
36,3,805.3248856164092,553.1442547081143
37,3,800.2357924847278,556.815203255316
38,3,800.7455324160078,558.2106541025257
39,3,805.1030813763932,558.5646475903221
40,3,804.7347277144487,561.019218864236
41,3,804.0110363348463,561.6255045248361
42,3,804.1784476855215,562.2445020013496
43,3,805.5976800270728,566.5455999031956
44,3,803.9405255148439,564.0434766079863
45,3,806.0152166031221,566.7134642496328
46,3,805.3723547023872,566.9265435972782
47,3,809.6874579556585,558.1491299678132
48,3,814.1476484745518,560.7868475697342
49,3,816.1479616030107,561.8766785766737
50,3,803.8899403632305,502.9308190569133
51,3,807.6369535851569,491.43431784356227
52,3,829.3388352316948,516.1064021789887
53,3,841.3638044312811,540.8888007962373
54,3,845.140386672868,531.5404518045618
55,3,847.1093786731608,527.4990331126054
56,3,849.3872487526907,529.2841176468058
57,3,836.0425422786343,530.6080336041929
58,3,806.5811035361296,489.96588213891795
59,3,795.0290213323698,497.48767792835224
60,3,791.0155449019608,498.0912040455913
61,3,784.2928311876542,499.4744313046904
62,3,783.3525110168068,503.537206788613
63,3,780.6922566837702,493.4746366484193
64,3,750.2159306180037,463.6455214948869
65,3,727.0821181781617,445.0856768247116
66,3,719.3808218577913,447.90150708996214
67,3,709.8828592738668,456.82990820429916
68,3,702.350199309136,454.6215601431056
69,3,646.2857129214686,420.96956933482045
70,3,640.866747979802,426.11683804645907
71,3,633.2071224418266,449.21362008238356
72,3,616.2901240619501,460.17095838367334
73,3,609.0878544346201,470.93634813084213
74,3,603.1982236435666,470.57240643218177
75,3,589.4620005153404,489.0359378034799
76,3,522.3056921998946,426.0879083395502
77,3,495.35259221083487,428.25794925461037
78,3,488.6693554386302,439.7703345776826
79,3,459.95648404825806,440.99698144789767
80,3,431.24361265788593,442.2236283181127
81,3,402.5307412675138,443.45027518832774
82,3,392.939387073089,450.5858843747875
83,3,377.52512728580615,453.9477258448712
84,3,385.793384046311,468.01987946314193
85,3,359.46832761976367,479.85372671685684
86,3,349.8170902544957,477.17486221299504
87,3,360.7764201864526,534.3233686652253
88,3,354.79525619553345,537.2299053020016
89,3,346.8989657802218,540.0666550645711
90,3,345.0307090567837,544.0896865324137
91,3,298.61364899653785,516.9989565967472
92,3,287.91935840844246,510.2995519018363
93,3,270.26152726200706,503.15140675620273
94,3,273.12955099478137,508.1856899860719
95,3,269.82343477199055,524.6476043508713
96,3,277.9255552388008,540.9723046032731
97,3,270.28242805123676,557.9178119600531
98,3,269.2174893017877,561.4968703123649
99,3,260.8454804734461,564.6600029145395
100,3,261.0956638254142,567.436004149545
101,3,257.8139772533584,565.4895532255817
102,3,255.86805424178442,564.518822117741
103,3,252.14885309112128,555.6083122190174
104,3,247.3864695871507,553.6977975970063
105,3,240.7660169223936,529.317947025419
106,3,242.7782228396648,522.7222463049699
107,3,275.677583229295,538.7123452693081
108,3,282.87734240251365,544.055248238354
109,3,282.77117577721987,543.5144565183311
110,3,288.75514643560064,549.1019490021348
111,3,291.8055478790054,546.7880617402238
112,3,291.88329320733595,544.3794410489488
113,3,289.4512224132007,536.0860743387506
114,3,293.55317138479995,538.6401900941412
115,3,296.28082759350366,541.0066547869773
116,3,304.5639657797456,550.1399975842056
117,3,312.8972989594029,558.2638446204751
118,3,312.5719345955203,557.6477377212968
119,3,317.61727862243987,559.864088029399
120,3,321.5823108361263,557.4109294979409
121,3,309.5199323121198,551.9292518490955
122,3,258.13140143236757,512.9327201257861
123,3,286.4373353805218,544.84929459354
124,3,305.73400816585087,564.8764268005556
125,3,297.70399696883334,567.2743272674763
126,3,300.14916211022626,569.5786157547225
127,3,297.71240451497806,566.875402749287
128,3,297.78986611355595,566.84106256526
129,3,297.1532211928349,562.7281064842724
130,3,301.11001802152157,564.3783713280312
131,3,304.04717469084835,565.4709673800216
132,3,305.3019709974174,565.45969378633
133,3,303.36169722681706,559.8922315832423
134,3,301.81464063963057,558.350732378501
135,3,297.61604705536683,553.7005561622061
136,3,297.6683086961884,551.6396625300652
137,3,292.0221526084801,538.9048905604383
138,3,291.67745650488314,538.4664479277469
139,3,285.5774514778907,532.6222616402744
140,3,282.142489936073,527.8057353943482
141,3,270.34916998921165,513.6630884914356
142,3,274.31717899051216,516.4584014968597
143,3,273.69958837931847,516.5133354358276
144,3,280.35352865595974,520.3073951287762
145,3,275.34360228832145,520.364288561487
146,3,266.6682526346786,515.3871145202601
147,3,265.6314508604187,525.9270072117129
148,3,266.57793269917573,528.6456290526249
149,3,280.82731035523767,530.1528525230887
150,3,283.65517095804364,532.3489640800216
151,3,259.60068118911136,520.5949507516096
152,3,257.76029351505576,522.1485100716295
153,3,257.99460355788744,522.5925502029615
154,3,257.6602344459911,522.6103534035931
155,3,267.4139055116534,527.1674002404895
156,3,268.891113941448,527.7741692008206
157,3,269.83912232941447,522.7046844158591
158,3,274.7161815824173,524.568975917211
159,3,279.5987172754233,521.8130767501495
160,3,294.32878987572565,532.2528589919885
161,3,294.9505923432848,531.5539324797406
162,3,295.6784989130521,531.2472464558128
163,3,305.39812143444675,534.4465970563766
164,3,306.150050840758,528.5575073955737
165,3,309.3304385585507,516.25028774743
166,3,309.57146646318415,509.62192007870635
167,3,340.9373256661653,517.1550564647437
168,3,312.01866587635504,486.9211318444585
169,3,329.2416135471013,493.43586875700714
170,3,337.29160137874067,495.0467020110852
171,3,351.85576861834915,492.4125366533975
172,3,355.31361150436265,490.3146631541422
173,3,360.11898619824007,491.3537416853255
174,3,362.95223092748415,492.6634611488806
175,3,366.3950020960764,493.9276018502696
176,3,364.584563757867,490.540990672473
177,3,365.5910354120155,473.5106200098517
178,3,364.7603266671148,468.2443766029209
179,3,374.1869996801876,464.8295765606307
180,3,373.04304244425555,461.1049654626758
181,3,377.8167591982021,458.5654382558832
182,3,381.57393403978347,457.53074360991076
183,3,400.3679810775475,464.48548015970687
184,3,403.6034036365512,465.26185911013823
185,3,401.90506791758423,464.9242881993768
186,3,400.81336605944415,466.48451112145733
187,3,403.30156249456513,473.901668243025
188,3,407.29254999987546,478.006409493469
189,3,403.7640644130145,477.2433082691254
190,3,401.85795223998525,475.42682529746395
191,3,395.25236863972947,470.3267245359303
192,3,395.68785516119846,476.57299210059494
193,3,392.48757836771534,486.38995506019995
194,3,387.94193595768206,488.23832546602046
195,3,381.0489083647909,497.5120622731134
196,3,377.48081948197955,500.00249197037584
197,3,367.0702273417406,497.3763426833657
198,3,371.28276676367267,504.9682141472855
199,3,369.8426710416878,514.3243141943175
200,3,361.03163663684956,515.2192173953601
201,3,356.1078582969518,518.8007371122744
202,3,353.5938251549143,519.7060698481105
203,3,351.34550577239526,518.7014506676132
204,3,352.00058428081456,522.5218337447014
205,3,350.5547118696488,525.4091141751885
206,3,349.26529669739443,527.1289392553357
207,3,344.0861212621272,531.4122402170121
208,3,343.8048088417985,533.8912424472599
209,3,349.6658764798134,548.4575630061781
210,3,348.3984417759129,552.6850729473517
211,3,335.04171936302583,548.829715323597
212,3,335.3880383968469,552.3394455934565
213,3,311.79526408063543,541.3485219536717
214,3,319.49774344751523,550.9129489614608
215,3,320.11537196905067,564.6357541874123
216,3,321.8911210277952,569.0363735573611
217,3,317.63067328575454,572.4429096929229
218,3,263.05637397468587,531.1489027986441
219,3,316.08244947130396,582.5048601423857
220,3,305.04665131437446,577.5857512969411
221,3,309.669413321703,584.6444299216674
222,3,308.22499787136104,586.8059594211006
223,3,293.38754020197916,589.1382860563937
224,3,291.8038568953074,589.1790810623145
1,4,571.7675389523795,1164.6591483966292
2,4,571.7675389523795,1164.6591483966292
3,4,571.7305864394176,1164.4738258347938
4,4,571.9203204862656,1164.5073702282882
5,4,571.511706223694,1163.990776145859
6,4,570.8632452188498,1163.7363263648767
7,4,571.3644410484245,1164.6404230836142
8,4,570.7260064046536,1164.714778871002
9,4,569.3550450028252,1166.1414320092051
10,4,566.8997881411696,1166.2138696487286
11,4,564.7965019492045,1166.1649711781158
12,4,562.7004506299614,1165.1465683533402
13,4,563.574870104749,1164.4778907874738
14,4,559.0212753287476,1161.7794017235208
15,4,549.1833075497899,1155.6285432800823
16,4,547.1939374876202,1153.3464822588023
17,4,547.375677510718,1151.6441605466023
18,4,547.4758982335418,1150.7245549538497
19,4,548.0101727147834,1149.9016369100584
20,4,547.9787894019196,1148.7105577690897
21,4,550.6519662388913,1148.8351980330738
22,4,551.2588882739516,1148.5248036559894
23,4,551.9809414460854,1146.9553743870847
24,4,552.5320049679958,1146.716723912128
25,4,552.8310052767088,1146.5314889547244
26,4,552.8289249092595,1146.3515240306529
27,4,552.2177484176319,1145.1388321385373
28,4,551.8111893602814,1144.9291774641765
29,4,551.1500105843319,1144.6007271363142
30,4,546.0869664817046,1141.713533359773
31,4,536.9476605634704,1135.9690259346814
32,4,533.3278377105578,1133.0899791777051
33,4,528.4569287995022,1127.9302995826317
34,4,522.9333604571169,1123.6719855456492
35,4,524.006236185971,1123.8996743533128
36,4,523.2589399299145,1122.7457351401981
37,4,525.5106683907212,1121.485943537008
38,4,525.592641725933,1120.8326592602677
39,4,520.1642166731006,1116.3369519141972
40,4,516.5429256626342,1114.7023093197984
41,4,506.7130349341684,1108.0371296315293
42,4,504.51087752890516,1106.7721060513397
43,4,504.90752115656153,1106.1088918449625
44,4,507.0906783351269,1106.31774229049
45,4,507.8371214796447,1105.4148529002753
46,4,509.8537439415717,1105.2231844414964
47,4,514.4661021990858,1104.9132112601087
48,4,515.8831247058381,1102.939832355637
49,4,513.7917579269183,1102.1727075399663
50,4,516.11152392621,1098.4986239398438
51,4,515.253150900236,1092.4466862678892
52,4,512.49894935188,1086.5929991385806
53,4,475.4961907789544,1059.8064152270376
54,4,464.31247584524374,1038.77553232735
55,4,466.04256148128945,1032.6443376822579
56,4,465.86738232558224,1034.3796334573199
57,4,464.65538686024934,1020.62710607654
58,4,458.9305199072954,1013.6260592211293
59,4,447.58143005233654,993.4286775349098
60,4,437.68738828086293,982.4540968944636
61,4,444.81387054957975,974.2694353759404
62,4,439.23714833521177,968.3148466818915
63,4,450.202475363618,957.1168623846495
64,4,449.7573957583979,952.2993284633075
65,4,453.4762937892559,946.2220205759232
66,4,450.7638901852995,942.0970384109368
67,4,448.8156282566274,934.0660432619206
68,4,448.52209538801577,931.795068548761
69,4,438.0298706367427,918.0337432238023
70,4,419.95795392327267,902.1540125238117
71,4,421.17257677597405,896.8389233405891
72,4,417.7687887582803,891.2145693960414
73,4,400.50825989649564,865.5672678293074
74,4,401.66965423444657,863.8160963534763
75,4,398.0625251598714,858.6382954182857
76,4,396.48805070205486,857.7490845377539
77,4,395.14335023731724,853.7287499564837
78,4,394.653032689499,853.2424096505692
79,4,384.1301005752183,847.8030050905408
80,4,378.51090697193604,845.7981931649792
81,4,377.05968472850975,846.8030212811717
82,4,376.11293186822934,847.3658667915213
83,4,378.305659172627,840.4537193813368
84,4,376.8953645912232,839.5981786520256
85,4,376.8654721592204,843.0809678869836
86,4,367.3785430675258,842.6000490074424
87,4,340.4852679100042,831.6790573850604
88,4,325.2452739646471,825.165454381407
89,4,369.007002539844,860.4035325591196
90,4,364.25787828226373,855.6879788694744
91,4,376.0004514511732,874.7172650793894
92,4,387.74302462008274,893.7465512893046
93,4,399.4855977889922,912.7758374992197
94,4,293.99397149506837,835.0827485439373
95,4,303.86797644296604,848.3670755990615
96,4,317.79869462163896,856.1979335382929
97,4,373.7321930663812,904.1714245282938
98,4,366.82441169564765,898.0567788132655
99,4,360.25738911218895,908.9780147032426
100,4,378.1627152008773,907.0724228508093
101,4,389.4908440462302,910.0443801879434
102,4,403.6095998096569,916.6939494262945
103,4,416.47672746152085,924.1061652454428
104,4,418.43257064264395,925.150662682945
105,4,419.9030454531778,924.636862950178
106,4,420.4745826837163,924.6767052464179
107,4,434.5730035943239,910.111990430504
108,4,439.0012036363167,908.2265351502098
109,4,442.6357864044258,903.6006524966375
110,4,450.1226081335813,902.4782645546251
111,4,465.451345443392,897.5971347341232
112,4,470.9919489263271,897.0976237399534
113,4,479.7213462088445,881.1589013828591
114,4,483.49108320763537,876.6637315485947
115,4,502.1486427152782,848.1537103113131
116,4,507.2916851247441,851.2220036760424
117,4,513.2595013835066,840.3358383611684
118,4,520.449816234189,831.523913053664
119,4,570.1839259027198,849.6933200830052
120,4,586.4879619241059,825.1141284111355
121,4,602.1607307520978,802.9632140826187
122,4,604.9826606158199,802.2614225637102
123,4,632.5108368170431,798.8921228303412
124,4,634.8161203086402,787.6562378917732
125,4,666.3110381808364,778.3468889510943
126,4,691.7745366924062,797.1340918682089
127,4,702.574651681566,785.4410804609023
128,4,705.9854487016663,787.7426791762116
129,4,719.5471916718544,785.7699866506824
130,4,721.9478153363311,784.1721955001211
131,4,722.8353602879811,784.4606316538699
132,4,724.9347602948242,781.5749082830635
133,4,726.7943591900284,781.3891637053331
134,4,724.6122104855916,780.3119522357861
135,4,712.7304727075507,770.5531409663267
136,4,715.3961621570783,768.4819139840665
137,4,701.41741072023,765.624593714698
138,4,700.4785677677705,764.1288946237306
139,4,702.4596026723555,767.5004109988614
140,4,697.8196837254535,762.6262249423706
141,4,676.7090281315961,751.459338139726
142,4,671.7610005707488,756.2800683848347
143,4,665.8221598579695,774.7865703131084
144,4,656.48098808028,782.799280418246
145,4,653.9956745879539,807.5003775249086
146,4,643.3773936070038,810.8556847307996
147,4,583.5838509639224,764.2639165282645
148,4,649.6426466720362,827.6650672027224
149,4,634.3194284844709,838.4238553821981
150,4,632.2509184303393,846.2117555217643
151,4,619.2699663928898,867.705148231836
152,4,622.8339177919289,879.5649621799494
153,4,581.3620888536169,862.3070133485842
154,4,566.0680359685811,861.2187904660655
155,4,562.3682385763553,869.080002766825
156,4,558.6684411841296,876.9412150675845
157,4,554.9686437919039,884.8024273683441
158,4,541.2278215354648,879.962951761247
159,4,537.1637273160419,891.7773593559637
160,4,598.0627848969434,946.5168590133972
161,4,604.1640859630261,958.6561639567059
162,4,603.3464903442797,961.6263137695804
163,4,603.0162195192332,963.0409952898539
164,4,601.424348462201,975.5150379042244
165,4,620.3599799840262,1006.7833238529262
166,4,631.5289592474579,1011.8021039982073
167,4,638.5537930556906,1022.9544383865502
168,4,639.6920617899135,1022.1786727304683
169,4,634.6598850720754,1031.8090823624925
170,4,632.9586553818798,1033.3102730625706
171,4,634.5936715765071,1030.9023923596396
172,4,631.956484869844,1031.931830115872
173,4,625.2968862555196,1030.7725873913525
174,4,594.5267725216122,1007.6602495663311
175,4,589.6767552247318,1022.912033383504
176,4,547.1095327793302,996.7597305719365
177,4,573.4741072538918,1011.7623382568062
178,4,574.661889086016,1008.9658307129682
179,4,576.9253810511569,1006.0513969030515
180,4,603.9232046647743,1036.6115141009277
181,4,500.1901102374984,960.0512764231524
182,4,536.0866694118982,982.8721421337888
183,4,509.7963675654455,955.3824049307003
184,4,526.4178506964106,965.2298686771823
185,4,518.60320134424,948.0745564907063
186,4,511.3647361658118,941.3835062818098
187,4,542.34296310752,949.1994925198825
188,4,538.0794511356781,957.006985299046
189,4,543.2027756178511,952.4796935277577
190,4,548.0637932652141,949.7511053520814
191,4,550.6378284449006,943.666906938312
192,4,551.5974872568919,939.9976993939035
193,4,561.1067870116556,927.2648407572442
194,4,562.6071094188296,923.5027371299959
195,4,559.4148214030106,913.0598138152894
196,4,566.6955244496852,914.6547195508323
197,4,564.7436843857828,905.6661809266603
198,4,580.0260113139927,915.1285235818742
199,4,616.5400257822115,927.523261754358
200,4,602.7010184030948,913.6426476509021
201,4,633.5372950365088,927.132769277537
202,4,641.1018579267495,930.1441244473339
203,4,617.6077252107252,908.5262336406057
204,4,689.2649121601796,961.5274116616312
205,4,699.6396113922394,953.5896538938606
206,4,696.2521718700241,950.8705467375032
207,4,677.2927783286599,944.2001384179536
208,4,681.1829079452735,945.6402084216447
209,4,689.703191974497,949.4292468595069
210,4,695.4374752513072,942.1627102280196
211,4,697.7522505206473,943.1563544926913
212,4,693.4587730847478,938.1293313829232
213,4,696.8038150008975,942.0153468780236
214,4,690.1208047350059,939.9049403182066
215,4,698.3503149671596,946.4567913888236
216,4,698.581891009366,947.5820596022978
217,4,693.8469232711736,949.682137562448
218,4,695.7286096190772,950.2200898813894
219,4,695.3766937544818,951.1862403075082
220,4,695.6952914556149,952.1592765305858
221,4,698.4462960780949,952.8746603732791
222,4,697.7510374357627,951.3884387556718
223,4,699.907230016735,949.7261526272429
224,4,701.562170989802,946.2974389022148
1,5,535.998458092251,248.34226393748168
2,5,535.998458092251,248.34226393748168
3,5,537.0330905125559,254.42080628517456
4,5,534.0216684692922,252.68359547752172
5,5,532.7378709303307,252.1105710778659
6,5,533.3388756298076,253.29993867245707
7,5,539.2611278659799,261.07451594708976
8,5,538.3653250415484,261.10353921991793
9,5,537.8210770315153,261.8725358024985
10,5,537.0095064536008,262.9849429701615
11,5,531.2588042673973,263.70753753756867
12,5,534.0915726719222,270.45194682413006
13,5,528.2507161149287,264.92069206530994
14,5,528.5908475506474,266.23101072453875
15,5,529.3119731989044,270.4524107437327
16,5,532.0202179667432,274.23024268875673
17,5,536.6324969052204,276.20391993835744
18,5,535.4187611592259,276.82620875475965
19,5,541.2545531362109,286.80303092749216
20,5,545.7919546203609,289.697956478613
21,5,549.6994859409989,287.4525599516372
22,5,555.7636883782535,290.10382951974225
23,5,564.1285565417941,273.98922344300894
24,5,561.3061103836714,277.01579486395485
25,5,559.426743499636,268.753363509874
26,5,567.9232643928241,274.1817694653991
27,5,602.8635807222349,319.1758887064836
28,5,609.0159525222375,325.387355044515
29,5,631.9267087695911,351.46103090768037
30,5,632.0609210508336,351.56989123533003
31,5,632.9712527701355,350.48081861132977
32,5,629.9020959552935,351.81157154973477
33,5,624.4651855509205,339.1303041895159
34,5,627.7334134536072,342.7684499699672
35,5,660.6667736299315,389.43420827782035
36,5,669.2520586921079,402.85319319483796
37,5,680.009794512086,414.0725024267149
38,5,686.9224330393589,413.64534420130366
39,5,688.1898652202462,437.68453098548224
40,5,684.7013269387996,435.2709261976992
41,5,685.5482497497862,441.27733961775556
42,5,687.1605138525211,445.57892206905154
43,5,684.8433794292202,451.0904131410007
44,5,685.8370784472465,456.07635828987446
45,5,690.8640255614446,473.8473470748207
46,5,693.8089596082955,479.63605832656646
47,5,687.4852225578813,486.30415436282755
48,5,685.9427449914186,487.98194284466575
49,5,683.2301907332125,491.24437034324745
50,5,679.9724582154835,490.8943394199196
51,5,677.9888089121831,493.37252901879907
52,5,677.6348669937753,496.40485699755527
53,5,675.2158402906132,499.06254840199404
54,5,673.4075228090251,501.17567051041357
55,5,668.6910024478809,507.7059844962313
56,5,664.0368013580539,508.16715432408955
57,5,637.1219657740736,489.2739833434098
58,5,635.1978715801334,493.64819965225394
59,5,632.3703355741114,500.2311386145685
60,5,629.0966049238197,503.9822854908106
61,5,625.1148608452231,511.9309262852677
62,5,622.180760701215,520.5917575301842
63,5,600.0678217885517,505.8496628233758
64,5,598.6721966719267,516.2738872270407
65,5,557.2918118237023,482.3179618686499
66,5,522.6832651580635,451.3928142159555
67,5,542.0831817134366,488.8629997845999
68,5,531.2382539995908,491.78645431596004
69,5,520.393326285745,494.70990884732015
70,5,509.5483985718993,497.6333633786803
71,5,498.7034708580536,500.5568179100405
72,5,487.85854314420783,503.48027244140064
73,5,477.01361543036205,506.40372697276075
74,5,466.16868771651633,509.3271815041209
75,5,445.39358141803626,518.0466837641284
76,5,435.64960321570356,518.7179625308254
77,5,426.93946264754777,540.8260095077311
78,5,428.6640438802349,554.8139211398301
79,5,408.6905019276023,542.035958235909
80,5,381.0409258035447,527.3032376870007
81,5,354.7205997804247,531.4393529308041
82,5,351.59865971915974,541.0982586323797
83,5,334.93948905926527,550.6623854194719
84,5,307.06399586075224,539.6846842080578
85,5,277.8731842229241,550.1407733722294
86,5,265.9073338872211,551.007610946056
87,5,288.7920858436668,594.2367915066854
88,5,284.5101054590856,596.8999902129177
89,5,257.06904989818986,586.3418935821015
90,5,261.7509054851303,613.48005315872
91,5,170.2652776343669,564.0332697164981
92,5,177.7002104894948,584.9919220276267
93,5,198.50250982803047,615.6972674418023
94,5,223.09053734455193,641.0183990395901
95,5,204.33281360745298,643.6265157689178
96,5,238.18119307109822,696.9958843692534
97,5,232.4519302460514,700.9682606033828
98,5,178.95450119963544,670.5271420866005
99,5,225.02675530405037,717.3525021405455
100,5,211.66429574442313,726.2109004443034
101,5,213.5499042380749,747.0445891209858
102,5,217.80593460831597,756.3722666841305
103,5,212.0135048455662,738.3843429154138
104,5,212.644338589989,757.3854987107333
105,5,221.59808694252843,784.9691326035918
106,5,230.5518352950679,812.5527664964504
107,5,225.79575907463587,804.980202438165
108,5,232.6233755217018,823.0079963088459
109,5,253.09860528803753,857.7611782065497
110,5,260.31261580916157,871.5116241199361
111,5,260.14646972275955,896.3468657385085
112,5,262.41561204092187,905.7396119338916
113,5,264.69653801605983,904.3491968451302
114,5,266.2369168848555,914.8251272655799
115,5,251.8416733691365,922.4598889890401
116,5,245.8617691116314,936.1459981396321
117,5,227.52587976203233,929.7602043311402
118,5,220.81664117964704,937.147123081749
119,5,261.43118525390236,975.9498170767414
120,5,264.8995325877841,985.8682314839309
121,5,233.61716385573976,989.5193376208618
122,5,238.3554142090795,996.292504390107
123,5,285.5670598168122,1025.6193597379602
124,5,288.52164015278964,1033.4726750942732
125,5,290.6151332240734,1046.3592963117228
126,5,288.1671629862886,1047.73071099769
127,5,272.43287267177857,1053.4148761399804
128,5,278.04285254509284,1059.2892239129983
129,5,285.605544183137,1071.5551374740896
130,5,288.5509712358894,1081.50763343159
131,5,319.11851836061066,1103.3402510611834
132,5,321.2443192087394,1104.9412858526055
133,5,333.86993865771666,1108.9131696844656
134,5,344.26876953187025,1111.184152149789
135,5,354.2419541010176,1117.5128230088503
136,5,355.8894043844321,1121.7720982355604
137,5,365.316863890367,1118.6997163285862
138,5,366.89085759035584,1118.5110800013983
139,5,370.8020306768199,1115.6356655727348
140,5,385.88695214974786,1121.3556602043457
141,5,397.2511212170223,1124.5458045066312
142,5,444.13168847294037,1143.6999949628018
143,5,449.3810870882776,1137.441674204374
144,5,447.8170245816311,1142.4796958798563
145,5,463.67419848672836,1134.0470320209515
146,5,466.5651642439647,1136.0659931993553
147,5,473.84617399488525,1147.4076435331315
148,5,480.24597293166767,1147.5894617856097
149,5,482.08743373743044,1151.7816329199777
150,5,491.3989318962942,1158.2011285385754
151,5,500.1763590144029,1164.5738415367364
152,5,494.36300741537383,1163.4389771422352
153,5,548.1209560185443,1190.6330472778566
154,5,554.2402483364597,1194.654983529491
155,5,553.6594357542994,1193.9849230193893
156,5,553.1379103786476,1193.8668216782612
157,5,553.9797121533646,1198.1190442317716
158,5,556.3061567898958,1196.6943678281289
159,5,565.2002219511836,1181.9419168733637
160,5,561.8836821358234,1181.7369872168483
161,5,572.3290975647462,1172.545990623931
162,5,569.907910752991,1171.216337293
163,5,587.3556370694635,1175.6351638279818
164,5,588.9254587412765,1175.6264810313205
165,5,598.5147631926823,1167.8601987521777
166,5,603.300145639861,1161.791434803787
167,5,598.0052299198919,1133.9277533567727
168,5,600.0793796438171,1133.4915487435126
169,5,584.8396845756897,1113.2627849249466
170,5,610.2390066617834,1129.484428551291
171,5,613.247317245006,1084.596358014091
172,5,572.9818067830344,1052.767314280331
173,5,630.558670038665,1100.4833127395275
174,5,624.3538212619413,1099.595187215619
175,5,610.7503105870189,1092.825738951234
176,5,617.1196048379812,1099.6484446011432
177,5,610.4478089201807,1091.2928695982412
178,5,611.4109179556444,1089.5001848838435
179,5,618.8832647739488,1076.5498551003934
180,5,618.5642538022089,1075.1831588995215
181,5,620.7875974317811,1077.2269840151873
182,5,619.5580497980061,1076.479331896331
183,5,609.6851515276925,1074.9742356618865
184,5,600.4777744395407,1082.6785899635831
185,5,577.7917352286441,1055.9365954603431
186,5,580.6604123792621,1059.1337429527528
187,5,583.4111930746092,1069.5519458353242
188,5,595.4915359667532,1077.7408279470962
189,5,587.6673703610185,1077.160973834415
190,5,580.2230461119675,1074.294415014696
191,5,570.7965335579358,1070.390347032464
192,5,571.3734159228708,1077.631440239872
193,5,569.5381147163336,1086.5843447297666
194,5,566.3674512490344,1087.3333877597954
195,5,562.1237246234739,1097.899512484813
196,5,562.1532141877452,1101.3823917334416
197,5,559.1211283673855,1117.3622845406544
198,5,560.6134391914394,1122.2918072961413
199,5,563.7210870434266,1134.3449166290143
200,5,565.980466048752,1139.1170746377693
201,5,568.4643159970101,1144.0338703112757
202,5,568.715770258246,1147.8962260404412
203,5,566.0008895721755,1154.5361252142457
204,5,564.6048890380614,1158.6943645273652
205,5,556.635240560705,1170.7963411799192
206,5,558.3745872865634,1176.462337729258
207,5,548.8918655443371,1181.781832065559
208,5,543.2249768703869,1183.783989876923
209,5,546.5761813297854,1196.6918431153829
210,5,571.7748959084553,1210.7675130869522
211,5,558.0687194439423,1210.3611803599856
212,5,555.1148077507469,1211.3359153331976
213,5,560.9285712171462,1222.2167800355692
214,5,561.4891957606296,1227.3394988091068
215,5,557.8154307430116,1235.1835408382672
216,5,555.5368316427442,1240.0319242329542
217,5,553.1582110443649,1253.220947423679
218,5,552.1664542806581,1255.7647395416573
219,5,550.7916034087742,1264.0326216614365
220,5,546.9633333645426,1267.7711197073481
221,5,544.6617231617445,1277.8778863457771
222,5,547.4523604152574,1280.4736811036428
223,5,550.7183741344511,1285.4529822227576
224,5,549.2478645866229,1287.1065899850591
1,7,590.6879076010939,129.7402623670735
2,7,590.6879076010939,129.7402623670735
3,7,590.0314401645065,133.70912315405704
4,7,580.2920143711651,122.26327938010877
5,7,571.8552939591681,113.87514884084288
6,7,577.0112910550022,124.87266935753205
7,7,572.8765034367243,131.93195095804867
8,7,575.2007513228473,136.17634099387558
9,7,550.4889799639118,110.96755582923443
10,7,523.8503480352567,79.56112878351402
11,7,574.1305923481048,155.98862415342376
12,7,576.632676480591,161.2882399768142
13,7,582.0805033872904,176.8408065418999
14,7,583.608705593008,178.1721636803877
15,7,590.2857005703611,177.6704775078769
16,7,606.1710613891853,195.58736968700333
17,7,606.193084443294,193.5579276604427
18,7,606.7121150345348,192.9059845292931
19,7,606.9332732796221,192.52441870980076
20,7,609.5970179128525,194.192644242987
21,7,608.9291971198359,192.36946685462283
22,7,610.3843533190344,195.38929544719005
23,7,632.4180558576658,223.8521119913232
24,7,671.4018305189737,276.6051986661912
25,7,672.8219574657478,275.2366982253532
26,7,678.5071311195211,284.5105364888343
27,7,686.3801637651029,292.10800303798976
28,7,697.7924871064434,309.29736139827
29,7,710.750796731224,329.60157652149064
30,7,720.0359409051729,344.28484989201183
31,7,759.9135846456935,401.4789689631994
32,7,767.1144326369036,411.9541954972334
33,7,774.2904144665749,431.05515407607015
34,7,776.5616492639562,434.2867058134758
35,7,771.9121702493867,427.6892355828878
36,7,771.503399011408,431.9489224654352
37,7,776.3654256919752,451.74852593679765
38,7,788.8041721397202,467.49977546781497
39,7,801.6412653030792,481.43706460733057
40,7,800.6865627762558,480.2155602452646
41,7,800.0173322793668,485.3570329247351
42,7,800.6328889478388,487.52727340127103
43,7,802.3330688162243,493.0641740010448
44,7,797.9651573735101,494.3651376339672
45,7,797.8525305712407,495.43729844815897
46,7,800.2690364576214,498.5938347023684
47,7,771.9663793378184,471.9664883498659
48,7,780.0436440946708,481.0514509451023
49,7,780.9211659705202,493.0854162380459
50,7,781.7986878463695,505.1193815309896
51,7,765.5231892161968,499.39243223460005
52,7,761.5239723163115,495.0197240045942
53,7,764.8090983318816,497.29606132018637
54,7,770.4681226901873,499.7740073846166
55,7,765.0124475983495,503.63043657649933
56,7,764.9425174303724,506.7284140025511
57,7,759.7687516385648,517.6871946949408
58,7,754.7704655482637,526.9599032367676
59,7,752.489297520601,535.0969785209845
60,7,748.6050962722951,548.2142358288382
61,7,741.1226845135251,558.5877992261213
62,7,736.0669229600431,564.7850657447004
63,7,732.1209048988745,569.483471403615
64,7,726.6951069893233,569.5567248370518
65,7,700.5446155919417,575.2264229780369
66,7,694.2026390696557,590.6769820822109
67,7,678.4701600400227,616.4474146716276
68,7,674.3031200055808,623.279570529917
69,7,662.7257500378265,632.6790894611786
70,7,662.4298043613758,636.6228227552397
71,7,598.760971899197,601.3125949556321
72,7,586.4271718102337,596.3054896003536
73,7,572.469466451766,633.7968416991826
74,7,573.2679366573552,643.3650563131314
75,7,559.947008440518,658.794794698093
76,7,555.9494037402886,664.011821186326
77,7,520.6648673619154,672.9768662291494
78,7,521.8906335828585,693.6882900694708
79,7,505.2020469380914,721.5479336710321
80,7,500.68257311833116,729.5091487086736
81,7,491.0786209733694,745.1168859520125
82,7,486.24769220452066,750.6269101545685
83,7,483.9819388789642,779.5950014289987
84,7,445.9397422358343,767.793726315958
85,7,460.2506224473643,824.8422074154296
86,7,446.0174310965863,822.8231455400432
87,7,443.86630149224555,844.901368019349
88,7,447.7382075281041,867.5275028009866
89,7,424.7371050082327,864.4620860442723
90,7,420.86914354936243,879.9124054411569
91,7,425.9698163336878,902.6347218737928
92,7,434.56134122678804,919.5174460208061
93,7,421.2290030488713,933.2500093261897
94,7,407.89666487095445,946.9825726315734
95,7,394.5643266930377,960.7151359369569
96,7,368.8130807748734,956.4979412313506
97,7,395.8359192679296,993.474205487635
98,7,398.2075516838517,1004.1839381037503
99,7,371.79868740014894,1019.6317408114977
100,7,370.91010788785456,1040.1254991710223
101,7,365.55647453204335,1063.7057723322175
102,7,358.9794338100132,1060.769928850413
103,7,382.6735368388199,1095.1072329671156
104,7,380.8572255361216,1107.3246716670114
105,7,365.87076153405843,1135.5640146450864
106,7,364.5996583672292,1149.8832356659846
107,7,353.1290620844941,1158.8364260916653
108,7,347.4200482741705,1170.4632499328538
109,7,348.8575330707091,1189.826955619601
110,7,364.98250343889345,1212.6175820608444
111,7,372.6534343261103,1238.8480336798789
112,7,363.86536090387614,1244.896044034634
113,7,352.46120089516273,1259.7333094828507
114,7,345.22826656598994,1270.2907324487958
115,7,330.09746198215737,1294.771007162065
116,7,327.74559909282766,1310.4661352094333
117,7,322.4712113070148,1338.214522729098
118,7,321.8779493128805,1342.9075673510781
119,7,297.0967477329302,1350.6526940795545
120,7,321.9026840120912,1361.8743029961315
121,7,293.52312868079315,1366.2718001387284
122,7,278.22409009711635,1367.4877298792017
123,7,334.8681512368268,1396.7795658343846
124,7,350.7261694147437,1412.3656591306112
125,7,321.2206748653744,1421.7400678427746
126,7,333.2872604052112,1428.3841668996624
127,7,378.2923028937394,1442.0015313741178
128,7,377.5183389029564,1443.487425002041
129,7,381.2969265646351,1447.3731205219226
130,7,377.1815269096988,1446.646889580444
131,7,385.2289207571981,1447.1801476136502
132,7,384.6588373088532,1447.0570502012508
133,7,387.7538997816644,1446.2872352354889
134,7,392.8553818100505,1445.4165279525141
135,7,420.5856075188366,1443.9992053680526
136,7,427.0470593184633,1442.5025465159301
137,7,434.9358913606066,1434.2193633390757
138,7,440.9140302094012,1428.8768185038405
139,7,460.5370326185719,1405.9198442897105
140,7,501.26395492067695,1408.8260386229933
141,7,488.3042758173377,1387.3233422970297
142,7,474.07503529239966,1379.251580196212
143,7,548.2722572486159,1396.768196123518
144,7,571.1114634570388,1399.9209272454639
145,7,575.5762476790466,1392.905462724266
146,7,582.024824584789,1391.475358121765
147,7,593.9191189789841,1379.2685387513104
148,7,594.1416952009697,1379.245654063915
149,7,614.0957988406252,1382.078662780198
150,7,616.0376648784736,1382.6588280687354
151,7,624.7103612380961,1372.9011441355774
152,7,625.4081448161618,1367.4208551532804
153,7,631.505620353795,1364.0668330173585
154,7,633.8951620269912,1361.9902049638574
155,7,637.5462655929068,1356.5196928408345
156,7,640.2664125225709,1352.1302574158758
157,7,640.4808926083408,1334.6168505084481
158,7,654.2513728396084,1330.5001406047686
159,7,665.0762618249502,1313.1713370025034
160,7,677.9979904643284,1313.2917450536968
161,7,677.6468821165838,1303.7806276514896
162,7,672.7918095962114,1291.9396418827594
163,7,673.1177379601784,1275.4351219149512
164,7,682.2932502554501,1274.3406780906507
165,7,686.9122188914176,1265.364288208258
166,7,691.724460397286,1258.5991986425224
167,7,710.7187226663955,1231.640675208346
168,7,715.028685780666,1219.320142804891
169,7,624.7346891803306,1144.6357719485534
170,7,698.0360823532901,1175.9742714962003
171,7,711.486618482912,1155.4966849521995
172,7,738.8331164961303,1153.5287540286986
173,7,744.7210037218418,1134.9983032464606
174,7,757.8168709364834,1136.3745878120849
175,7,762.773958157803,1128.1012232106125
176,7,766.466763372253,1116.933973659914
177,7,781.7798807934214,1090.0732662165024
178,7,793.0222963617503,1083.6355970805212
179,7,800.24288616085,1073.1513786930436
180,7,807.3472839019756,1074.539287385787
181,7,819.5151090866142,1055.3539176319734
182,7,826.1354016787989,1048.9084934301309
183,7,831.5571516601958,1039.1869262126672
184,7,826.5784094083285,1032.782444568963
185,7,827.020375599146,1028.4138351188305
186,7,825.9699663117312,1022.8668096126429
187,7,825.6191924286582,1013.0953072438471
188,7,825.5134958115837,1011.5779291135616
189,7,825.177014353949,1011.2535833138203
190,7,825.1249805570293,1011.0709941497842
191,7,825.6383041833238,1011.7175721053095
192,7,826.1769994541571,1011.8306348962085
193,7,824.5158602486869,1012.7841650520461
194,7,827.572528561754,1005.1175767564231
195,7,824.4167506887551,1002.2600734923212
196,7,818.780753523447,1006.1329327510265
197,7,776.817274623123,970.855755680378
198,7,773.3818833178055,967.9602383646096
199,7,755.7774207893899,953.7993387017711
200,7,756.1619743365972,955.2925611722694
201,7,756.3301597514081,956.1632915673009
202,7,762.5606414678426,962.1583088553001
203,7,774.1460339665974,974.6842958517642
204,7,790.0586106144872,988.3712411533637
205,7,791.5426017668168,989.607653929217
206,7,788.8886069991373,987.3833192383368
207,7,782.4578777154801,979.7661581867558
208,7,780.377489407547,978.9033147516402
209,7,784.2269660037524,968.4181023176315
210,7,780.3243198372645,969.259290356299
211,7,778.0999668179086,966.002544570638
212,7,780.0337415670223,964.4608409304187
213,7,783.0717511225579,964.1412811386266
214,7,783.4230571514036,963.4342900361341
215,7,782.6814042780368,962.7566959023284
216,7,782.8767393828086,962.3926778934845
217,7,783.5115642051071,957.1230080708001
218,7,784.694387775023,955.7479777451161
219,7,787.9817226474042,949.5479674687435
220,7,793.8099718958766,946.1115044301773
221,7,803.7996613033404,942.2934664844623
222,7,810.7214442672041,944.8089171827498
223,7,799.6156926080112,934.4425365048943
224,7,803.4973261810576,937.9333414455581
