1,1,861.5306911554117,1011.8745719752595
2,1,861.5306911554117,1011.8745719752595
3,1,860.3987992141665,1012.3696553482444
4,1,856.5431953572565,1011.4551344989266
5,1,856.355325388258,1011.233790479725
6,1,855.2993577795495,1012.671340548239
7,1,854.6815493147968,1011.6551485506969
8,1,857.6455451680889,1007.9865153110136
9,1,858.4367013678645,1005.7403252544402
10,1,854.4176016502458,1008.5301606492933
11,1,853.4662882396681,1008.2579881850216
12,1,855.6798134134722,1005.0568848923343
13,1,855.5209814871719,1007.3013247302397
14,1,855.360034975147,1011.5563086055631
15,1,852.5248851227745,1011.7364734799146
16,1,849.1228308575927,1012.3822220807824
17,1,847.9811272842885,1014.860671223203
18,1,839.1077199417351,1017.4058155323931
19,1,837.621169296257,1020.1719836547911
20,1,834.9075818935078,1025.2291486465303
21,1,834.0590507128212,1026.0854786689665
22,1,833.3886959595884,1026.005231831316
23,1,835.2458834493781,1027.803272977075
24,1,841.4511841555407,1036.0226055706191
25,1,846.0748614203142,1043.0681443667565
26,1,846.8448345477053,1045.7433101828838
27,1,844.2922935950498,1044.7767780990089
28,1,845.508199046661,1046.0390409547397
29,1,850.6663447796573,1041.3384913346179
30,1,806.7160045785542,1000.8863830567776
31,1,803.3030305715,999.6533420473228
32,1,798.2452979064824,1001.8307523065888
33,1,799.0379366804518,1006.1364044958433
34,1,796.0487207495254,1008.6985100879244
35,1,796.1842099585537,1008.3143247415748
36,1,789.2914046030272,1008.0853252183538
37,1,786.7879597946096,1011.5290576518746
38,1,774.0246382524963,1016.8125375659525
39,1,763.9844461072363,1018.764178455949
40,1,763.563161805997,1032.8314009132696
41,1,766.230035690755,1039.4640541901588
42,1,760.7920585058745,1034.2897649154065
43,1,759.1286779996846,1038.6511298619555
44,1,728.217781487773,1019.7836427997499
45,1,695.5091246888496,994.8340135804976
46,1,694.5198879533788,997.2705189124653
47,1,691.0929164407598,995.0307664901585
48,1,689.4775612437875,1001.0901270882763
49,1,685.4015074711733,1001.8214496175262
50,1,684.4982278447271,997.1570864115222
51,1,683.0833094421092,999.5660235140809
52,1,682.5443154251486,994.2006409712827
53,1,683.4566701615267,994.887248725386
54,1,685.28095101454,989.9861401829531
55,1,688.4691945503284,986.2006524186539
56,1,682.1739012491166,979.0094508074083
57,1,678.6905907238438,967.7044852825458
58,1,662.2024186057605,940.3285024865204
59,1,658.1518105475774,930.926060106561
60,1,665.9657403264811,921.5451490522979
61,1,666.3432971850558,923.6040822509949
62,1,672.0376561044076,919.0801305369939
63,1,673.6593122074134,914.9684926583815
64,1,672.4837575769566,909.415853238069
65,1,673.5230082865688,909.7781103411238
66,1,672.035510212423,907.252522291113
67,1,633.533160038696,878.8877058902652
68,1,595.9662880836277,851.163800175757
69,1,595.1019958248562,849.7006198615377
70,1,589.1824824649265,847.0772847314208
71,1,589.7088940816514,845.4443150493136
72,1,589.5962235789594,837.875166363409
73,1,554.8607723995501,812.8349536258858
74,1,531.2236220911449,797.2172359100903
75,1,523.0677712736588,794.5130821825923
76,1,507.9956331519617,787.839877829433
77,1,503.7487523392423,794.9147578868955
78,1,491.3722953965302,790.6538161455284
79,1,441.0534955290295,752.8417707270557
80,1,436.4662518423744,757.5669428423574
81,1,435.1618975634162,755.5420477636034
82,1,426.44582667147085,750.3178793385204
83,1,421.9601728506318,748.7533694301527
84,1,403.6686022634075,733.5482410529105
85,1,391.9727288905101,725.3117388743934
86,1,367.75617595392777,708.4245438250916
87,1,360.8942103601058,700.5406960125108
88,1,364.20756669222254,699.4461171609747
89,1,366.4988825325423,697.970977866091
90,1,364.23278336434925,683.6738086550794
91,1,364.4754026107544,682.396083707914
92,1,367.3770549019735,684.2194923788135
93,1,369.3571147439602,681.531982890434
94,1,368.4912650542055,677.6177334391565
95,1,365.46243542955983,676.23890519536
96,1,362.81567051600257,678.8642362436917
97,1,356.3650065224543,673.4664275749863
98,1,302.7150016706335,628.2191401987106
99,1,290.8839508646396,616.5462183874519
100,1,297.76000559343413,612.6092030141541
101,1,300.05869985344293,607.3696243917938
102,1,301.72328157001414,586.6324287004692
103,1,298.56092286191995,584.0361695423921
104,1,310.5946806087837,562.5827488584371
105,1,310.99231976242123,559.9564837129731
106,1,315.0688433425069,551.470828495101
107,1,319.14536692259253,542.985173277229
108,1,323.2218905026782,534.499518059357
109,1,324.5851855551636,529.5285470080707
110,1,281.98813974734463,470.00760696489806
111,1,282.3254092377498,466.3241246372835
112,1,293.1345857722795,435.6338111162396
113,1,289.61157444815274,426.5324034715545
114,1,298.7879168028553,414.20321650189135
115,1,291.858242464218,401.9845579886092
116,1,277.0733831713486,367.73409154311906
117,1,266.7885710415237,350.4389459543322
118,1,271.9432799853334,341.9768543689677
119,1,271.50657626835607,326.9116724638053
120,1,270.78741207390766,313.65225014879667
121,1,260.89416504248373,299.0298057856948
122,1,270.8667121693816,290.90018568149435
123,1,267.5876691929154,278.9442316041828
124,1,270.6826017406646,276.25441825274186
125,1,265.5732077613602,271.39757643526394
126,1,246.14836272963282,252.99494170043042
127,1,239.69814560861846,247.4867594680359
128,1,228.75126272654597,243.76906981784424
129,1,227.42392471841075,240.89030361979937
130,1,228.36593896389766,245.77904181858153
131,1,223.65286907955667,238.99320129827146
132,1,233.25971008177473,215.3934335269127
133,1,242.02360251744096,210.78987895814402
134,1,250.78749495310723,206.1863243893753
135,1,259.5513873887735,201.58276982060661
136,1,268.3152798244397,196.9792152518379
137,1,277.07917226010596,192.3756606830692
138,1,291.52691605426025,204.47889088110338
139,1,296.94103744211503,207.13425148935542
140,1,323.47328813477935,218.19846370520665
141,1,321.78280793649895,214.2077570442287
142,1,346.345672937562,246.18995376375227
143,1,347.2001235374798,247.06965234247485
144,1,414.32602362043707,313.8727032346536
145,1,392.9938770136235,291.8221352633245
146,1,376.5888936158256,266.4973641877891
147,1,386.9639992709386,281.31360622803334
148,1,391.96954154294417,291.7232279319971
149,1,396.73295181080977,302.8245806649829
150,1,418.7784145624255,354.66948355372404
151,1,418.33533742256066,362.3163473827183
152,1,433.6644297126235,382.56852777420755
153,1,416.2822929404149,368.70909658811877
154,1,433.1982911298268,387.16205640968747
155,1,449.28286844691473,406.5762068020028
156,1,446.2832442591249,443.4545421895256
157,1,440.57336463338555,448.4283793267413
158,1,408.54793634116265,444.8333163218915
159,1,345.54947096467436,394.21805141839155
160,1,327.43370650521916,424.22231719039354
161,1,309.31794204576397,454.2265829623955
162,1,291.20217758630884,484.2308487343975
163,1,273.08641312685364,514.2351145063994
164,1,254.97064866739845,544.2393802784014
165,1,236.85488420794326,574.2436460504034
166,1,218.73911974848806,604.2479118224054
167,1,200.6233552890329,634.2521775944074
168,1,182.5075908295777,664.2564433664094
169,1,164.39182637012254,694.2607091384114
170,1,146.27606191066735,724.2649749104133
171,1,128.16029745121216,754.2692406824153
172,1,110.044532991757,784.2735064544173
173,1,430.78502031283534,777.3579335311798
174,1,374.57893729518,792.4562130149767
175,1,380.715760084979,802.3356610525991
176,1,381.42030571240394,816.8740251089727
177,1,360.52625083366587,813.8591907803303
178,1,373.17543129846575,844.2485860722861
179,1,368.31056342237855,844.7668204922136
180,1,370.9581885993381,843.1365496539839
181,1,371.2524687597421,842.9839411101858
182,1,376.3098831388371,839.0937618699553
183,1,368.3174713125297,834.0444496584387
184,1,369.1689901067536,831.4762255790087
185,1,372.0367157352991,830.6518439786867
186,1,338.5455696248082,777.4933330911946
187,1,352.2344474408978,785.2087956899239
188,1,382.1194919197862,789.3923377209409
189,1,384.6803586069978,784.9428995420549
190,1,415.1690078117411,799.8595423807934
191,1,422.5626213351855,802.0583959861328
192,1,426.8255154511788,802.8651073000776
193,1,417.10979184486456,794.1696294754345
194,1,403.8159404247761,779.6752328891697
195,1,403.9609789958509,778.3582218216443
196,1,392.5420162484919,769.2310818852887
197,1,400.79012187344455,770.4111712205525
198,1,409.9907368053921,770.2054167639191
199,1,401.2671502044448,764.5827454788827
200,1,401.7073432138081,757.6985722810826
201,1,417.4544732438011,771.3619765476824
202,1,415.18870456156003,759.7912583241251
203,1,405.1513731783821,754.2659980143467
204,1,395.1140417952041,748.7407377045683
205,1,412.51066224840287,740.9936778812452
206,1,397.15896682229686,725.5742411340502
207,1,398.39972182182754,725.3188963054861
208,1,389.14539086669464,725.5495738021722
209,1,385.6074403865289,723.3956393771352
210,1,386.71123752037914,726.9152518427547
211,1,388.4337593267657,728.1376073199524
212,1,389.89251669407497,729.2068610343664
213,1,389.93835701627523,730.4616670123295
214,1,388.9391352879183,731.3500842457108
215,1,390.94600638481324,731.54271063268
216,1,393.16987279331425,729.9453603997596
217,1,392.48427769493543,728.8703552152784
218,1,390.11252373111296,724.9104491620091
219,1,389.8756752325185,722.964007593963
220,1,390.9483052312762,721.553735966523
221,1,391.3362366433703,721.8477349076502
222,1,391.9616644763796,722.0868269140559
223,1,392.5721173000567,722.3056187899632
224,1,393.1060675317311,723.1939279439814
225,1,392.3097685069633,722.371130241632
226,1,389.58009492173755,721.1679284133318
227,1,390.1484577922728,722.4633128850273
228,1,388.8166828213444,724.5630674616981
229,1,385.68625869235444,723.7624539882765
230,1,369.0715824542871,715.9001435314273
231,1,368.03031118684106,717.669323893816
232,1,351.3126632720805,711.5799484107506
233,1,348.6350297965345,710.7913864621603
234,1,347.5449198196445,710.0624170965004
235,1,347.2144082547665,710.7339668356693
236,1,343.4318805358061,708.9855866005677
237,1,346.1300946406834,710.0817508325711
238,1,343.9304525375261,708.6154153140058
1,2,586.7760977141596,1264.3462609163666
2,2,586.7760977141596,1264.3462609163666
3,2,593.4325784553104,1267.1333059824906
4,2,595.0206308389118,1265.7564818365227
5,2,595.8365352928292,1264.6545670800715
6,2,596.5249406465105,1260.5954193340767
7,2,598.3848856448996,1259.7925531759852
8,2,601.419991176838,1256.4483691311154
9,2,607.6110519292021,1249.895742493892
10,2,610.6729841758038,1243.694503085955
11,2,616.8021902981051,1244.6160556620785
12,2,617.6967571115653,1236.676990689761
13,2,610.2705463192922,1224.2000434308106
14,2,602.8443355270192,1211.7230961718603
15,2,595.4181247347461,1199.24614891291
16,2,587.9919139424732,1186.7692016539597
17,2,580.5657031502001,1174.2922543950094
18,2,620.1911783679036,1163.1024557637168
19,2,677.1882051643497,1184.0992338198487
20,2,655.9832660356536,1153.8416821091337
21,2,648.211480943135,1139.9809063316143
22,2,691.0678099514209,1140.4781176235617
23,2,690.7035252390589,1136.151196618458
24,2,700.2495213296797,1127.2371249522953
25,2,704.6553183681835,1123.3098237732843
26,2,696.5249712094098,1105.6774344315454
27,2,696.0500621919855,1099.6058101957444
28,2,698.3719878241435,1085.0445459682683
29,2,695.311195613142,1083.3176256187953
30,2,696.1733943206042,1077.2029042158888
31,2,690.2366001457218,1076.9427821676454
32,2,688.0146946895377,1071.9073354678185
33,2,681.2009985434202,1060.92616803123
34,2,649.4883979158619,1046.864894507576
35,2,665.4164948920711,1058.6764832371725
36,2,741.8503682382392,1107.7788993728075
37,2,727.6934668274472,1088.1725781011733
38,2,649.2362793635772,1040.6025718390179
39,2,689.5323276456443,1069.2229636511602
40,2,653.2953606206382,1060.8294829231422
41,2,610.9456201104641,1045.922322855074
42,2,596.6104667318053,1050.979490035778
43,2,589.400461823047,1046.1522141801763
44,2,611.1736347037019,1069.7497270705833
45,2,602.5174293976783,1079.5557428892128
46,2,587.8461639635387,1064.280325460294
47,2,593.5287409705784,1075.1503773032073
48,2,588.2585936086966,1089.3183088056178
49,2,584.0262781371773,1096.0602815345376
50,2,586.6351908753692,1102.1711930297502
51,2,584.789554154542,1106.4359848286738
52,2,589.9879790392034,1122.3415846192577
53,2,585.8952638903459,1125.201386660069
54,2,582.2198912158439,1133.7617792727158
55,2,578.6536078301447,1133.5676900697852
56,2,573.3500346426262,1140.174939609136
57,2,569.3256015534462,1144.3879201788582
58,2,547.8301219381523,1142.9664681941908
59,2,538.5671686215321,1139.8618955192107
60,2,521.6437246262375,1151.589723450517
61,2,506.52592210335496,1165.8537698778139
62,2,508.9641355603557,1173.6975484895115
63,2,509.06555839382975,1176.5832053188822
64,2,506.7298226464283,1177.4364609797306
65,2,507.1714723937904,1176.9511338009643
66,2,506.4115022688697,1181.6523978394998
67,2,503.3000294073721,1185.8250735415793
68,2,499.1116022041816,1188.7945161984014
69,2,501.46905396179415,1188.2334735150027
70,2,500.0843050328635,1191.6947895756903
71,2,500.6170796368541,1190.8937758097813
72,2,497.92409941359045,1194.8096834199976
73,2,482.86965020440385,1182.2034920668318
74,2,634.8825773017697,1276.9802953049275
75,2,639.4461020078887,1270.5317548433584
76,2,611.7862801376581,1239.9671732636564
77,2,620.3023685224086,1228.8765134962828
78,2,620.7904085256461,1212.9783755285703
79,2,621.2784485288835,1197.0802375608575
80,2,621.7664885321208,1181.182099593145
81,2,622.2545285353582,1165.2839616254323
82,2,622.7425685385956,1149.3858236577198
83,2,623.230608541833,1133.487685690007
84,2,623.7186485450704,1117.5895477222946
85,2,624.2066885483077,1101.6914097545819
86,2,624.6947285515452,1085.7932717868694
87,2,625.1827685547826,1069.8951338191566
88,2,625.67080855802,1053.9969958514441
89,2,626.1588485612574,1038.0988578837314
90,2,626.6468885644947,1022.2007199160189
91,2,627.1349285677321,1006.3025819483063
92,2,627.6229685709695,990.4044439805937
93,2,609.561010559919,965.5497211096214
94,2,591.4990525488686,940.6949982386491
95,2,573.4370945378182,915.8402753676767
96,2,555.3751365267677,890.9855524967044
97,2,549.8832868834465,880.8658454843564
98,2,535.8166779555992,855.6397042024433
99,2,534.1093756213261,856.5702724603204
100,2,522.721499852926,846.1871138104514
101,2,527.1459249728025,847.9790804601274
102,2,532.8413952403654,851.740956047031
103,2,516.1576810466695,838.1212823164582
104,2,507.85383071742945,825.9722274482302
105,2,508.382646789238,819.4163990385968
106,2,488.8756352885405,810.4621351795253
107,2,465.36374871634115,792.427890968314
108,2,524.2461056013082,849.1320626420743
109,2,524.6041566208942,842.5168927287214
110,2,524.4661593439521,843.1843394413461
111,2,519.6661960413916,846.9939975413063
112,2,518.9686124761336,852.542680737009
113,2,512.0180194662331,850.6855888247529
114,2,513.651605535521,848.1610881863061
115,2,519.5677476190857,847.5905223818658
116,2,516.5596872757815,841.3682634316957
117,2,519.6884227536103,841.3829033145503
118,2,490.12320947552496,818.3746347656647
119,2,440.08451744525985,783.4571017363323
120,2,513.1876212745901,831.9296085220419
121,2,505.85699061113974,826.4026245802074
122,2,503.2319669443703,832.8300344336309
123,2,490.88981693555525,829.1914626733148
124,2,451.3425790704381,801.194306072887
125,2,441.6565022233206,796.1164035770616
126,2,432.2721730372467,802.7296854264017
127,2,422.1614144344807,803.8293578655348
128,2,427.55856561148164,805.9059745857703
129,2,426.9940141947128,805.434858185893
130,2,434.26006822925046,796.6857761018529
131,2,433.88404558308264,788.1911585552086
132,2,419.0353052136819,738.5047039799534
133,2,418.6218275273663,728.2684349117275
134,2,425.5867024353678,726.8854955573084
135,2,427.2780954920441,723.8776629594548
136,2,431.69860281924616,714.5169326956653
137,2,439.3098210527626,699.2240207481094
138,2,461.1697769459719,691.5410969794231
139,2,458.07868268007803,657.8127553483963
140,2,492.68213494192406,663.8130714769463
141,2,496.0433866821216,661.0422022650191
142,2,498.74019003718496,655.4305891333642
143,2,496.6299267428794,646.9594513044384
144,2,511.20638772129917,647.7869456127704
145,2,488.6406432350312,622.6346598280076
146,2,496.03382860908835,632.3416611784021
147,2,513.4999645566274,631.8538702357645
148,2,541.5161972617408,645.8579350068358
149,2,555.9219306951893,656.9341835619574
150,2,561.8425271646547,657.596609273316
151,2,565.1392578538936,661.3598090343393
152,2,566.5830270117783,661.1088584854499
153,2,568.3127318630939,657.6272953382952
154,2,575.5532237382984,653.1360543600056
155,2,589.7595984450195,670.7756716011424
156,2,611.4418025697469,686.7407579093759
157,2,617.7861984803776,691.5617279709571
158,2,637.8912391501788,709.8572030587244
159,2,637.9117800455521,710.9402037594447
160,2,634.883488537588,721.1695306201024
161,2,632.8232861393582,726.1306720109625
162,2,633.7494662000075,732.4596925634277
163,2,638.1350761162463,738.9436859610182
164,2,629.4487997491723,749.0085440143907
165,2,640.6435408327238,763.4500620222262
166,2,638.4985393436468,767.4384698493263
167,2,638.4768772309623,768.4101537610452
168,2,639.0212470641789,768.8361352225137
169,2,638.896597117772,767.4082055026162
170,2,644.8623187678883,770.923055243204
171,2,650.1356879027956,773.8498066660283
172,2,649.2704441294761,777.1772754059136
173,2,649.9054358219864,777.4292523498748
174,2,648.9520505241223,776.2383248405272
175,2,648.5694912700377,774.4193848347726
176,2,652.6991275254267,772.5916255556352
177,2,652.388228311632,767.8073352878456
178,2,647.2684040035106,754.5092039707583
179,2,646.9417332252741,748.820424859898
180,2,625.9650124591363,717.7895973905827
181,2,622.1067177772428,711.7821676118645
182,2,623.5277260330919,708.7971774162176
183,2,627.9439425661019,708.959100280343
184,2,630.6678753572656,708.9599289520036
185,2,630.5219660434567,708.2056171898406
186,2,629.9570359788113,710.1176072658177
187,2,630.809239225788,708.9967566688313
188,2,630.1607394524498,709.1353246570968
189,2,628.3359420969076,710.8505343505076
190,2,628.2838577349506,716.8607459440792
191,2,623.3812727621516,718.4778063383035
192,2,622.147011800981,728.3215849564207
193,2,626.5627483675254,736.4622937086626
194,2,633.6884044591241,746.992992632222
195,2,640.8140605507227,757.5236915557815
196,2,642.4154712343269,777.4428442643609
197,2,632.579948988926,779.8266640877646
198,2,611.879506358287,811.0909391637023
199,2,612.1682364460866,810.8116816543676
200,2,598.3323975603527,826.8212693012334
201,2,585.4806868727169,830.3339377337297
202,2,572.6289761850812,833.8466061662259
203,2,572.351566336344,843.312020030851
204,2,555.969430377988,862.1268971094734
205,2,548.0472209830253,886.7522736584597
206,2,533.4444285318525,881.8933277227925
207,2,527.6484836688813,884.697155409193
208,2,466.17496597461974,874.146214464901
209,2,461.98039536421203,880.9026982245827
210,2,453.1978350681254,888.8583901881619
211,2,444.5029757780268,896.3419289148866
212,2,426.9206144802625,902.1566336237635
213,2,379.83010474131055,875.9866554727517
214,2,292.66430887006874,837.630032940612
215,2,269.96414852864416,831.166740243918
216,2,218.14728156883507,805.1396503489092
217,2,291.318097687328,863.4388789200325
218,2,284.0460963842897,864.1046869933094
219,2,293.1534541935376,872.1794235555559
220,2,294.05072720244175,877.6357493203707
221,2,294.24583087025474,878.451922771374
222,2,277.59033905390197,870.5734157137515
223,2,245.75529376973043,851.7037406720281
224,2,246.82973370672758,857.2924655833588
225,2,240.12869027778288,856.1643200073457
226,2,232.83683482592488,850.7139519383944
227,2,178.0317121503488,809.8247476422775
228,2,166.29411868881292,800.5171459675225
229,2,171.82586847369555,799.9177794656983
230,2,199.4314119078406,821.7663197500459
231,2,194.81026605703838,827.611104065898
232,2,191.0531152881294,823.0345498947346
233,2,189.64331274476564,824.4248474950037
234,2,188.34573238161178,825.6796007300223
235,2,189.60636916047994,827.4806241486091
236,2,188.96820104440624,828.0079814454896
237,2,190.45193446670282,831.6259527125238
238,2,185.61968547585982,832.348664059882
1,3,621.2681571610453,1383.0238724274911
2,3,621.2681571610453,1383.0238724274911
3,3,625.8205806818404,1378.7183291274262
4,3,631.6651714190258,1372.945710901042
5,3,635.3288096660214,1370.3201602455745
6,3,637.6103410090097,1363.5953845021295
7,3,637.5597459671964,1360.195584721202
8,3,640.0650778319985,1353.6931460114492
9,3,645.1819181716825,1347.8290071149756
10,3,644.6571542368362,1322.76052439283
11,3,659.5345770255451,1297.2759993708314
12,3,669.6927082880643,1283.2824937613032
13,3,679.8508395505834,1269.2889881517747
14,3,675.8953187155986,1260.8381334575827
15,3,682.7523492735736,1257.1612482479945
16,3,692.3649953036422,1241.775081051069
17,3,705.0839678179431,1236.5762903564425
18,3,722.3621264286548,1209.8863988226117
19,3,729.9158412203051,1201.0612834940437
20,3,746.4741189140592,1180.1280525962293
21,3,738.7247953497797,1165.0842767393005
22,3,748.8675340960291,1136.490082146
23,3,753.8125987519247,1127.1270681445674
24,3,756.6685155943117,1122.1236786610582
25,3,757.5745416560911,1116.0297065451057
26,3,767.0680184304454,1117.7679822661103
27,3,794.4785887575766,1129.7289994335265
28,3,797.776881701984,1115.1416836551255
29,3,797.7090635559668,1110.7104852662083
30,3,822.7662325360765,1119.17784556987
31,3,772.2488229991815,1080.9801667214226
32,3,764.0416774883382,1069.2779188605282
33,3,766.8090058867214,1066.3994960045384
34,3,746.1920710445208,1072.3775256318793
35,3,817.1370690252447,1103.0504951986013
36,3,814.646124209281,1109.691675325909
37,3,814.4893593279384,1102.8194181554761
38,3,817.9586264162177,1098.8378052090588
39,3,814.5768639792691,1100.6030552345037
40,3,770.6188431723118,1068.6939465431738
41,3,777.0088589862178,1070.3468784180095
42,3,797.2884313375592,1081.208098265586
43,3,801.2119150705122,1083.0183174936888
44,3,790.177277446987,1073.4481937765029
45,3,795.8149792618204,1078.0530995297936
46,3,777.3482285899271,1055.5979665462676
47,3,791.168226799234,1060.1893094386262
48,3,800.9947724395414,1056.136070661242
49,3,800.1961022414415,1053.310191484432
50,3,803.9574393999047,1052.6287049400823
51,3,801.936736742816,1050.0953220656318
52,3,796.0784679172002,1038.1077169111863
53,3,792.4331166069002,1027.8719423474315
54,3,789.3512192163229,1006.0047271057807
55,3,789.8008203050068,1004.8017874103374
56,3,798.5557875005636,990.3373374096637
57,3,796.5148487650728,983.4048529103263
58,3,793.924620151633,973.0181550067667
59,3,746.3838427470782,932.3033791057082
60,3,744.7761069938824,924.5307550363353
61,3,744.3434946988099,921.1209112467427
62,3,736.078676299395,906.3830207356431
63,3,729.2641813681574,897.7554027728667
64,3,701.8383405907354,866.7644782253038
65,3,684.77031787126,850.2192737647573
66,3,678.7320037756948,840.6148892271427
67,3,668.4814492237936,828.8060296259547
68,3,656.5541838278153,818.7963445493075
69,3,651.4715482378679,813.9812929665253
70,3,618.3161732366409,781.8779043121399
71,3,569.8253678695113,739.7618409325213
72,3,556.3181350160073,729.1005783441057
73,3,556.0371098550635,729.7185261913567
74,3,547.4231017824371,719.0357686155057
75,3,543.8152275198357,714.1554969070771
76,3,523.3195261836663,697.6463468021705
77,3,513.31376526777,688.0381191017294
78,3,504.0327851633974,676.7586409237346
79,3,500.88586751402914,673.6040247309672
80,3,487.5966328539471,663.8719805204433
81,3,442.96924977773193,624.6507206971995
82,3,413.2869264367997,602.0287375516449
83,3,386.6577344858663,580.2518822722401
84,3,445.98408646631214,642.4886552499244
85,3,449.2953829490897,646.4674636036495
86,3,448.36888544644165,645.3874581608854
87,3,447.19220734114805,644.5317215178502
88,3,380.7932961021838,587.0557475084195
89,3,370.8319751488202,578.9440359469108
90,3,374.0384198481806,578.6752266158529
91,3,375.3519023587856,578.2947310593274
92,3,373.19347515221574,569.5983506819549
93,3,319.3349751915217,505.10778776500496
94,3,353.3356334745668,494.54434116536964
95,3,358.4304706309901,496.3415181727184
96,3,365.82942064194566,490.23179652171746
97,3,365.4689153034026,485.1223315521931
98,3,362.7473174874983,467.8403026799093
99,3,345.76512413430885,439.92434978322086
100,3,326.982453164444,379.49148258390125
101,3,331.24469247707304,380.5875852285706
102,3,341.8441969666106,378.40398974618296
103,3,334.85323995218425,361.9115188419801
104,3,335.10256345664936,334.3066882117043
105,3,332.656855241881,326.1389691891077
106,3,310.31441459261293,290.70507143709546
107,3,310.97248647279025,267.21536346899956
108,3,318.4363630356832,248.1132696986007
109,3,319.81051557072766,244.0098606349096
110,3,324.03305272332085,225.55344802116412
111,3,322.9399566821436,225.19275319705116
112,3,321.55268863386203,203.3105724911352
113,3,319.7756941810298,202.37952819182485
114,3,303.4482424727975,184.38700724247366
115,3,302.30865182696107,177.59235268666174
116,3,283.96468118054827,158.33240777379515
117,3,282.8550361424875,143.9929015690646
118,3,272.3479754511395,130.41691496393702
119,3,268.59304498087863,124.1484819960789
120,3,164.37575237474843,15.808295607413777
121,3,138.38455770374145,-7.66409941529363
122,3,142.37245761112112,-2.4087246746969284
123,3,152.58937065227497,10.987270647169305
124,3,193.20713300019014,58.09750059243105
125,3,229.42502606080834,97.99910342709424
126,3,251.58843780154126,121.5619236963268
127,3,273.7518495422742,145.12474396555936
128,3,257.3517391956394,127.96392359891215
129,3,256.04819219734657,123.22923920837746
130,3,299.6245344119193,153.42070739177882
131,3,296.63895629716137,132.28196584300025
132,3,293.6533781824035,111.14322429422165
133,3,289.2863835850895,100.2349830769714
134,3,293.50000615031166,104.24711914024938
135,3,295.7568449652575,107.60023554778216
136,3,316.1704051510202,118.56173218430713
137,3,333.9277496301442,130.54835747413878
138,3,369.5463626857398,154.47022591717337
139,3,369.73397370531137,152.0326397544953
140,3,376.77263204522245,152.92478545324474
141,3,378.8606656553897,153.76067201233025
142,3,403.2387248075901,177.51979123176244
143,3,402.75636343704207,175.84715174607103
144,3,448.1341081326882,227.53543798443596
145,3,452.41843660465355,231.53008669555922
146,3,459.33992132774534,242.9315970532092
147,3,465.89064599330146,250.73807865955663
148,3,468.83946035300585,256.2285037763215
149,3,459.83994712789473,247.6722391552661
150,3,495.00077916753355,313.5436078812538
151,3,495.5736636469667,328.56830734280425
152,3,499.2628115189501,347.4728091408428
153,3,490.64765815245977,346.4305295445395
154,3,500.35862370079104,377.76712680121324
155,3,479.954092220538,378.2207932761052
156,3,482.65191117437064,416.3222045854779
157,3,533.4160583998729,472.48398310164384
158,3,532.2139351960617,494.25688322268326
159,3,539.3678799856937,511.52190769845146
160,3,502.6765841290752,483.9695188354148
161,3,477.2626449173164,500.2981455589037
162,3,451.84870570555756,516.6267722823925
163,3,426.43476649379875,532.9553990058814
164,3,401.02082728204,549.2840257293702
165,3,375.6068880702812,565.612652452859
166,3,350.19294885852236,581.941279176348
167,3,402.2347513756442,656.1330289225888
168,3,395.6210660091968,665.3954645911587
169,3,436.75386723038366,720.0931528197195
170,3,441.84544640799743,724.4300675704143
171,3,437.4319554273854,737.3085950442545
172,3,434.71996542917003,750.6161517899233
173,3,378.9648879923364,782.5137134679892
174,3,420.98168898610794,790.7728220162475
175,3,423.1286824727356,795.1692770102816
176,3,413.3773797926162,805.707922679354
177,3,413.7258519917037,807.8925435841295
178,3,411.8768889777137,806.3049657910477
179,3,414.8552908209697,809.5458640769389
180,3,412.40839056848057,804.8891676459357
181,3,411.916067886229,803.4182676111006
182,3,407.21194847647786,797.3776616045596
183,3,415.9876619981613,801.754995125478
184,3,417.0254063143303,796.1333609627198
185,3,419.5897826317815,794.939313395776
186,3,420.4463424411632,772.182796044082
187,3,442.8905617477735,779.4115530435316
188,3,446.81276610433855,781.4422557064078
189,3,450.5790545947542,765.0555932576273
190,3,441.0610769514497,768.1547603302467
191,3,398.8726072374187,733.4535775754758
192,3,376.75548253962165,709.0819569231277
193,3,387.15550716921337,716.7371119123509
194,3,398.5747301504749,722.7146149576047
195,3,436.96184697352464,752.8582435627536
196,3,444.705921079881,753.2590716840645
197,3,437.61683515029904,744.1984318193495
198,3,435.8924943670072,734.1884857680657
199,3,434.1681535837154,724.1785397167818
200,3,432.4438128004236,714.168593665498
201,3,603.280709724824,861.9884513602212
202,3,391.3929537983224,650.0353373072132
203,3,465.7571543383992,709.9810464499299
204,3,471.0924903873987,702.8881533380313
205,3,473.18777559478497,700.1955788615066
206,3,483.9399092016374,696.7725190449752
207,3,486.4068751525571,692.544587673649
208,3,497.427035397249,694.0471119612862
209,3,499.3946237623593,692.9681181525903
210,3,503.79468763282335,689.8506249706941
211,3,503.7761433174351,688.5710248507884
212,3,514.5616852890413,664.9638421316486
213,3,518.8670677464377,658.9224833744591
214,3,529.7416146471414,654.6991406000202
215,3,529.5570925713184,649.4938148484348
216,3,537.3194366978432,640.316734594721
217,3,539.7414353596063,632.7750707642862
218,3,541.3218723985941,631.8091858292343
219,3,542.337619093493,627.7044549073788
220,3,549.1308513637772,623.0825785340838
221,3,545.6476888830165,612.5544715558148
222,3,552.6458033326554,590.0576478554892
223,3,566.7394626616797,598.1302167920581
224,3,577.5491062472526,576.0948278304875
225,3,576.9476798652938,577.9158015570122
226,3,588.9967833025166,580.1151855330219
227,3,593.2644570106972,578.7154422530256
228,3,598.3075142028159,575.4310474432654
229,3,602.754814189054,576.4242207930696
230,3,601.2407828323082,565.7087800779834
231,3,600.4725575741728,558.0607470428328
232,3,612.4853990074929,548.3500253279678
233,3,613.3362698909029,543.7232277938816
234,3,616.6409718571085,538.6830074188965
235,3,617.7320595382346,534.5972585101969
236,3,624.235972187567,524.0221646630877
237,3,631.8748060758178,526.8710351330201
238,3,636.916988704271,525.0127832777946
1,4,993.0165794633921,1029.9601075004987
2,4,993.0165794633921,1029.9601075004987
3,4,992.9808252690216,1030.203238287964
4,4,991.980324646381,1030.2673382275518
5,4,992.3792558966635,1030.8241735522336
6,4,991.6623634856873,1031.2754594187375
7,4,990.9625017950677,1032.6537338266003
8,4,989.943176041817,1034.9895082774951
9,4,990.0940916598635,1035.2000387271842
10,4,988.4823535460146,1037.6755336125693
11,4,986.7219166654128,1038.7411944776045
12,4,987.105670386472,1037.9837008091604
13,4,983.4563365587994,1037.1609999691389
14,4,983.691150599796,1047.9699226745108
15,4,983.353898080995,1044.9029980873024
16,4,984.3163578012898,1052.101037047965
17,4,982.7638883080382,1052.7941166120904
18,4,978.6787825828224,1060.0709272749807
19,4,979.4434564979251,1062.7398869494739
20,4,979.8444016257283,1065.896034182033
21,4,977.1688751351869,1067.1316621867018
22,4,975.8465325931929,1074.0683297698833
23,4,975.168590125603,1073.3171298841921
24,4,965.7595448514336,1082.757360628057
25,4,962.4620677757023,1086.3457974701819
26,4,944.6692592526132,1079.7563415445861
27,4,948.629940319845,1088.6539393644064
28,4,946.698869788395,1102.7439819817293
29,4,940.4254533422313,1101.7317593645885
30,4,933.9085710711547,1112.5636150649082
31,4,932.7134438084233,1114.7329030982314
32,4,919.8851981224248,1137.66096997169
33,4,905.1697713909551,1146.3770901611397
34,4,892.0027348398525,1179.4637561083648
35,4,894.5064691537352,1174.5792597929963
36,4,878.8383390454019,1187.8304964348463
37,4,829.6894183567074,1171.482546104531
38,4,818.0195423863846,1184.294576518004
39,4,816.9147433809973,1184.7830043175936
40,4,797.2951855832406,1198.3553622647062
41,4,785.9508812714054,1211.1848924233955
42,4,737.3694893897007,1201.122348367154
43,4,753.6879184988039,1217.9191123952323
44,4,743.3584772274968,1230.6008733439746
45,4,739.6157454571356,1237.6095239140639
46,4,730.5926870331165,1254.439082366909
47,4,723.0671010091739,1258.247429906974
48,4,714.9829445687424,1262.5883865495625
49,4,713.3714682166857,1264.94955456315
50,4,680.3763929809987,1260.0713527615699
51,4,666.4017882818761,1261.5709341690729
52,4,657.6734220926708,1268.8644999133355
53,4,649.3766497588317,1268.8232825504538
54,4,611.6163130729025,1266.4152578680494
55,4,626.291028810311,1275.0607950652184
56,4,603.7060316077229,1283.8864903165952
57,4,597.9785702426531,1289.7915884684949
58,4,596.7680835200289,1300.6961618855476
59,4,594.3666146510826,1300.4806208863636
60,4,594.250981263317,1308.9160380167339
61,4,590.9287959859776,1310.0016069732817
62,4,589.5884725227604,1323.6708388734633
63,4,585.2795326239689,1326.0020641841268
64,4,583.3746756547075,1331.762134157066
65,4,580.5819923239894,1333.7011872169749
66,4,578.1807832071515,1333.9039671770151
67,4,580.7636948456928,1329.3079448709716
68,4,585.9982375121455,1320.4014720126718
69,4,586.4190754714467,1322.9294249418958
70,4,597.2762302281176,1320.7239805519275
71,4,603.6766610996609,1314.9931533341862
72,4,623.011126946016,1298.498515881321
73,4,630.6930787288456,1280.210540799118
74,4,487.3468449441974,1187.1736974419932
75,4,497.4902723252915,1166.749518186454
76,4,509.7873398359003,1152.7156675222698
77,4,574.2724180470813,1177.9921161180812
78,4,638.7574962582622,1203.2685647138926
79,4,639.2016700413897,1198.8976884441518
80,4,634.333917766547,1180.849285644682
81,4,622.3502186654773,1162.1634675338878
82,4,640.1817471919453,1140.1402852163699
83,4,641.0910332024539,1131.6203700160222
84,4,650.0930056891597,1119.0343164461226
85,4,647.7454715958704,1108.5769909420753
86,4,607.3855333129898,1069.0880992451948
87,4,610.002172581482,1058.4055046844014
88,4,621.7538414597171,1028.298873133422
89,4,623.0082353291208,1023.0634075637072
90,4,626.665761186717,996.6628218858065
91,4,629.7569924822081,995.1119018795414
92,4,623.3516181719198,964.7177832938382
93,4,633.7342589858549,970.3687385049179
94,4,636.3115956464818,966.6823020938311
95,4,638.0357454603127,966.7369286788824
96,4,638.8118632392092,956.7805143874841
97,4,640.9420589297222,954.8702988261535
98,4,638.8041986301631,949.5232348937777
99,4,640.5161271852317,950.5543586289044
100,4,648.0764547168084,961.2737009942657
101,4,649.3429451231582,964.287500910755
102,4,653.9484964725311,976.9010833227136
103,4,659.5608296780218,985.5858321713071
104,4,659.8373466431906,988.5407189393499
105,4,661.2823598997007,987.3582380107605
106,4,664.0696973747127,987.4718519049981
107,4,664.6479604289942,987.8799930845195
108,4,662.2982510104944,990.4387832122444
109,4,661.133001998216,994.4511393583663
110,4,655.4623395043965,1005.6070008106304
111,4,655.3309258121983,1009.2178415833447
112,4,656.3565978572904,1013.1541588829126
113,4,653.6426325765759,1014.38620863513
114,4,660.1741172515566,1020.4283754023103
115,4,660.0534193875221,1019.1810621808802
116,4,663.0999722001326,1009.6905250201637
117,4,666.9658954759207,1006.0963884040691
118,4,688.6905029224839,982.2366430244851
119,4,690.4748441177061,977.0008343730295
120,4,705.8106212861985,959.1677125183102
121,4,708.1562692703606,958.3613307967596
122,4,716.8764947655837,952.4748266609791
123,4,720.1891171766182,950.2950355362345
124,4,731.0487687341142,915.7267294627129
125,4,731.8216090533587,914.8347616969039
126,4,733.943744406722,901.2178605035036
127,4,738.0165471558122,893.5775665812276
128,4,729.9249128659561,864.7407498540191
129,4,727.6485535644349,855.6064427914586
130,4,734.9504992226715,838.8661501275707
131,4,738.6390514195436,828.9699509238267
132,4,749.6938241739542,806.723779728696
133,4,757.0904593341213,802.4072646353478
134,4,746.3482554093587,773.2964009954098
135,4,717.725485152484,740.5854775221214
136,4,738.0252157024371,727.8827279370415
137,4,753.2670639076267,735.9060433874442
138,4,758.8563425200557,731.1766271263499
139,4,760.3228801303578,729.1552839355294
140,4,769.0446206959112,727.9001968417513
141,4,772.0964448341946,717.4223793704363
142,4,789.1346233857266,739.1460531810736
143,4,802.2861361473812,731.0785780587322
144,4,814.8224824511663,733.2974120842935
145,4,818.9700444487023,734.5989801570945
146,4,839.3187213644343,738.2076647190739
147,4,847.3446432202221,740.6200795266521
148,4,849.1339483180313,740.6801750344041
149,4,847.8178879270735,742.1751805821781
150,4,851.5779926027776,748.8567743716003
151,4,864.3893625069837,763.3241744553876
152,4,879.929975953314,794.8632801674111
153,4,886.9263379613141,793.0032670892124
154,4,881.420829004652,806.1703380935191
155,4,881.0434972897086,806.8738451019819
156,4,880.3389859004818,810.5346955304989
157,4,881.3303582896885,810.2557665080348
158,4,883.1790137301439,804.8328426941306
159,4,883.3179919690045,804.4761855227833
160,4,886.1995560028713,797.5703590188692
161,4,886.0351988685853,797.7010327135674
162,4,883.2085963623057,797.6408593362528
163,4,879.7913280157787,794.1592762968623
164,4,878.8414956428766,784.7491949724127
165,4,879.0079788949607,784.4654728032513
166,4,881.0989336969923,779.4676184704102
167,4,880.0222869906776,775.6788687195822
168,4,872.7813187957979,764.7098509629724
169,4,870.6468465872546,765.7578927796188
170,4,866.2322013871013,762.3692614997042
171,4,865.7100272644306,761.4298086114164
172,4,864.2283366646299,762.0280900828445
173,4,861.4016632994536,760.8456144884321
174,4,852.4204808752505,757.8719164474824
175,4,852.9717225274493,760.5403725478316
176,4,836.6628994567706,743.7852747723352
177,4,834.3855935172526,742.4298179008321
178,4,828.2637249273718,732.1517082620951
179,4,827.3566143088666,725.3055397474959
180,4,826.2006606219572,715.9032242534498
181,4,824.8133992752465,715.5673411299656
182,4,820.8219652376775,715.9515404853619
183,4,821.0139608106349,724.411672292559
184,4,821.1467590111873,737.5280416691404
185,4,824.0693982092961,740.2780758001736
186,4,810.2238224524443,763.0507619553821
187,4,807.1420356399644,767.482004023834
188,4,798.2727469323361,773.803009910799
189,4,786.1583230010688,767.6859470907702
190,4,765.2570481931123,775.9094024325096
191,4,753.0926071148391,805.8029475933388
192,4,746.9445487650904,816.6404369585669
193,4,731.370564148777,821.4443522925437
194,4,718.6502864260966,830.8559319130394
195,4,702.6389675721267,826.7811620916068
196,4,688.9688220815755,860.4292062874101
197,4,680.149104660556,884.258993859554
198,4,668.0816626558767,898.6102562960772
199,4,661.3392449227516,898.1028646095377
200,4,605.969917246053,901.3511858866078
201,4,614.4115865075195,898.8103192047678
202,4,592.1557156366409,942.4051118388754
203,4,587.6841835210063,948.7148534791313
204,4,539.4728909250684,948.9059550185754
205,4,519.3640209409193,947.1260267741101
206,4,509.15401538812887,954.3017297987243
207,4,505.415064896177,961.3926305648012
208,4,495.51473961719597,971.1497940131362
209,4,486.79527188578464,971.6988918878388
210,4,418.8927342720046,940.8653363466841
211,4,403.47920897308296,934.8798419838251
212,4,380.96444453046433,925.1695500199227
213,4,391.5280039628479,937.2352607900318
214,4,382.98910164023613,937.0280791913393
215,4,378.5907438376257,938.7984455178278
216,4,370.89318151689474,940.3172185113216
217,4,317.33266701687296,910.5463068518936
218,4,298.7830573118334,902.8392648335001
219,4,311.28829168783363,917.2006808454286
220,4,291.8004569163162,915.1500712479054
221,4,293.52538570263454,920.9752172390566
222,4,239.68739055665424,893.8691622524495
223,4,222.9924062590442,889.0128768901567
224,4,222.9924062590442,889.0128768901567
225,4,222.9924062590442,889.0128768901567
226,4,222.9924062590442,889.0128768901567
227,4,222.9924062590442,889.0128768901567
228,4,222.9924062590442,889.0128768901567
229,4,222.9924062590442,889.0128768901567
230,4,222.9924062590442,889.0128768901567
231,4,222.9924062590442,889.0128768901567
232,4,222.9924062590442,889.0128768901567
233,4,222.9924062590442,889.0128768901567
234,4,222.9924062590442,889.0128768901567
235,4,222.9924062590442,889.0128768901567
236,4,222.9924062590442,889.0128768901567
237,4,222.9924062590442,889.0128768901567
238,4,222.9924062590442,889.0128768901567
1,5,566.2073077444326,455.1983448717706
2,5,566.2073077444326,455.1983448717706
3,5,566.8477805350886,454.6751730288861
4,5,566.8466637961473,454.9012887145978
5,5,566.9160487023596,454.9181173721326
6,5,567.111934095221,454.66881642304867
7,5,567.1882665778355,454.5414599997783
8,5,567.1373315508337,454.2516116624833
9,5,567.4314462190051,454.59519061595813
10,5,565.8186289565958,453.24648521849423
11,5,565.8334592805753,453.3926837745556
12,5,566.3342671420326,454.03349103918436
13,5,566.2893649814703,453.60389744923384
14,5,566.6694934085938,453.78063450099086
15,5,566.1461303962755,454.5257615839263
16,5,566.646543694057,454.9756304265709
17,5,566.4420043662186,455.6307917861227
18,5,567.1226767400742,458.0069640458287
19,5,567.310516748345,458.6467440337944
20,5,565.6380024317573,462.0433410798253
21,5,566.2834863350637,463.055056024498
22,5,566.2504771784868,464.0681203726047
23,5,567.2124507101183,464.41700978060413
24,5,568.5955629117002,466.98740011422876
25,5,570.0303311538976,472.86556833209954
26,5,559.6804158448281,470.0475980654104
27,5,555.9657894419832,469.84288254609584
28,5,547.2520088273059,465.03182067595725
29,5,550.2678107683552,471.2159891200876
30,5,536.4264974236826,476.69221929390636
31,5,535.0859747933749,481.6624811452722
32,5,528.8622968014532,486.70245332734453
33,5,522.7584190394251,489.69128233016306
34,5,520.3615535449492,494.42340938045663
35,5,516.3019430367895,493.28491205257035
36,5,514.8385357133293,491.2709921380828
37,5,517.9160166564126,503.72439219823605
38,5,509.7665643896023,519.9626346250277
39,5,499.43265093152735,517.6554740215893
40,5,488.2931562470209,514.3121499679647
41,5,490.371579921044,521.0000126336531
42,5,492.6141724616026,547.4926899136747
43,5,485.85846283060437,552.3023142067651
44,5,480.9727289275453,571.1334417600641
45,5,473.73427231185326,581.1886052715229
46,5,469.3714903909137,594.8978524364871
47,5,464.221159509646,597.6523457531706
48,5,444.91092488461095,597.0417606414791
49,5,436.8063705683814,600.2290783163611
50,5,424.9807638018949,606.6886275074972
51,5,425.5187632758186,610.9253070511567
52,5,422.8078150611977,622.9142288666795
53,5,418.27823388130196,628.0278747946658
54,5,409.56242435083004,647.3041595862167
55,5,413.61528260433784,654.1709562331991
56,5,404.8512773669248,656.387904726801
57,5,405.34753411746175,661.0770930635135
58,5,320.39876623338455,591.5903031665549
59,5,321.60310390192046,597.1591003930888
60,5,400.8027756993608,673.4733000905658
61,5,412.9170165190666,683.7805551817071
62,5,399.2847603168646,676.107314142362
63,5,415.89965760489434,690.4749075606603
64,5,395.58940481199664,673.6696333880711
65,5,371.6735669458043,649.6798419719455
66,5,395.1233274582827,670.7963050465743
67,5,393.63924483523425,668.6430476487833
68,5,387.2577843851018,653.1047369668751
69,5,396.8664648894195,658.6630795905068
70,5,395.37822123738266,649.1515136285955
71,5,397.78474559868664,646.9885416485345
72,5,405.9628677245404,644.1629220792189
73,5,397.2738931945576,631.0463670302769
74,5,405.35572182218755,618.5674911041201
75,5,392.63782805758916,595.0737804363116
76,5,379.91993429299083,571.5800697685031
77,5,367.20204052839244,548.0863591006946
78,5,354.4841467637941,524.5926484328862
79,5,341.76625299919573,501.0989377650777
80,5,488.98198036089735,614.0705222498265
81,5,495.96294640179025,620.6913308371122
82,5,487.6135336726638,611.5490194091562
83,5,489.38657174233,602.5383152582725
84,5,500.4880823700491,586.8026268192455
85,5,506.36698015952317,584.5407699827279
86,5,441.2816994310873,507.05725159464964
87,5,541.8428966102498,590.1974582387929
88,5,583.1608569494007,614.4671387423261
89,5,587.1914219422682,613.1468041861028
90,5,588.6709576987955,604.5713930344734
91,5,591.8437495131002,602.4264176458078
92,5,600.139551226676,588.6569994892762
93,5,600.2074298621989,590.4708447120463
94,5,604.5504728436678,590.2778210394765
95,5,604.4910503627448,588.0934612960006
96,5,547.3091845342789,497.251259793538
97,5,594.5666274324496,549.0194742359569
98,5,599.1824803224953,540.2149575534968
99,5,608.8615090201345,540.8290939512846
100,5,629.2766760125535,546.9057345785657
101,5,630.5409259069972,546.7163048915864
102,5,633.6281842938694,535.2285795619891
103,5,637.2671123503657,525.5982855440799
104,5,621.4603862834132,472.1530470544296
105,5,649.4106362920946,503.1324213589661
106,5,614.6274912374354,471.1540506123049
107,5,632.9630159678751,485.91309248058974
108,5,629.4329277320272,470.70188234055007
109,5,629.2487645092853,467.9293735532616
110,5,631.3101091001264,460.42307788585435
111,5,629.6660123778599,458.2483369288521
112,5,621.8249548341809,443.0006026125794
113,5,617.0992506388819,439.85127072784985
114,5,610.9061308092731,438.8621711024327
115,5,610.4469579231748,439.69782669767505
116,5,612.218042217088,445.36371731381314
117,5,612.342753609319,447.51694432090267
118,5,611.027657431281,444.2637654093979
119,5,610.9417931727168,442.1929687687057
120,5,598.5018619963087,432.13524891423003
121,5,555.2422144271537,391.3794947046486
122,5,539.7638024443091,392.98635975785857
123,5,534.5937326061601,399.6778225294515
124,5,524.8711588515695,420.49903814934004
125,5,525.6285035362107,421.95163806399637
126,5,518.109367931794,423.7064106474408
127,5,510.63060502415993,425.6094082003119
128,5,470.1729062978025,392.2738304249873
129,5,465.15231810896034,412.31916909982283
130,5,450.4911632327672,421.73528579939864
131,5,443.8038261707144,421.474108874062
132,5,426.43057011158896,414.09001911066963
133,5,424.26191921319673,414.48455926812153
134,5,419.1978333923939,412.7204084071483
135,5,416.2669792293417,415.3640893860103
136,5,421.7563767323245,425.30076251946645
137,5,381.55860801008504,414.77824337946043
138,5,382.501482871687,420.71516163985615
139,5,379.9501588404332,424.09083260299343
140,5,368.8716354504044,426.01878186250076
141,5,362.6438065111403,425.5014439540381
142,5,350.51196106509184,418.4902056660246
143,5,346.118673873634,424.18698183152037
144,5,337.56626352718445,445.2759081538765
145,5,337.48379796269285,451.22680559513066
146,5,320.3458307828387,474.63802658626173
147,5,310.2618271125792,481.6486309556001
148,5,294.91171116083586,480.8092638969466
149,5,294.5987879825133,486.6411531368591
150,5,298.99823971136135,505.0470383932128
151,5,106.7789535034796,331.6924168865869
152,5,270.21351841585107,493.6671035820641
153,5,263.8563648084275,511.59376567094233
154,5,246.83913690000685,518.2690159403365
155,5,240.24468139575228,516.9986878412111
156,5,250.53104330854646,530.7583699075349
157,5,248.80860647504423,537.4645381807314
158,5,243.3469651278919,560.782638895059
159,5,240.4481030906354,568.2656274138739
160,5,238.53388131475967,597.0076125635823
161,5,238.7308136966359,601.0080015485667
162,5,207.37031795414487,610.9123497596727
163,5,226.39234942268104,636.069560289672
164,5,218.37307727955624,660.9019265570735
165,5,217.8367225215299,669.4802773073162
166,5,216.6243052068334,682.3341070127201
167,5,231.08742776883793,698.9826999102463
168,5,52.34406562544921,605.8834305236909
169,5,59.76357414688222,623.5805491170697
170,5,223.01070633512904,770.2605276563216
171,5,208.17312502811822,768.3277832246063
172,5,224.31535707324423,794.5556593964304
173,5,213.1927441906601,807.541085232992
174,5,222.19685541089572,829.4976457260036
175,5,247.56238267332117,852.7262421605377
176,5,266.15763810936727,909.0531069047357
177,5,261.01201856745035,916.069500549124
178,5,263.3677535041697,938.68480492637
179,5,265.7195746105666,949.4474981714004
180,5,247.62110447656679,952.1364990480222
181,5,245.76040572633195,954.2835917681203
182,5,252.11291671728858,974.8823635862182
183,5,256.23701344624794,979.3165867323767
184,5,245.88702679055388,980.9914474172818
185,5,250.63644910091543,984.7845943756106
186,5,250.35118756668876,991.2310455045579
187,5,268.29636372345175,1004.2147329018092
188,5,276.0019884536945,1018.5526420514926
189,5,280.28997717125776,1022.1766846078557
190,5,298.7961731872798,1035.5460822063328
191,5,301.4218113495715,1037.0392847187627
192,5,301.6692190466715,1037.0253477875567
193,5,301.9490167863992,1036.019198335081
194,5,302.1031214557668,1032.698407128643
195,5,303.9750360422038,1030.2333990165619
196,5,337.6316847110547,1041.4351468795014
197,5,351.9423502098314,1044.4888064339548
198,5,358.5311404040392,1041.1691865491275
199,5,359.5892863008251,1039.3395604080586
200,5,364.02914313729127,1032.1922466676056
201,5,364.18220235375736,1031.7440873903008
202,5,369.05199697325656,1028.7305543496257
203,5,371.68627693078304,1028.0406092632384
204,5,358.13795720743207,1012.4100658494292
205,5,364.9896594646086,1013.9973716785531
206,5,371.83274267939413,1011.3076325256644
207,5,367.73711079651025,1008.3001770769516
208,5,373.3837866774988,1006.1893831950478
209,5,374.3838499659174,1008.6659371467445
210,5,352.70963330213095,993.5873415542783
211,5,347.12321391660913,991.0039422307058
212,5,338.88523830109926,985.237505778046
213,5,335.7849261152275,988.8226561594839
214,5,330.88511344685304,983.075712212308
215,5,335.7271923460221,990.7323639466535
216,5,329.2490982006674,984.2081067834164
217,5,329.39044779501876,987.1839747471495
218,5,328.80451497618566,985.1992827233365
219,5,327.15861993525925,987.6984934837084
220,5,323.7701610448128,987.6927551830886
221,5,324.4554988460378,991.1613164669739
222,5,331.00529091664026,982.463660362912
223,5,328.74412624335747,999.3685082397682
224,5,335.26047137925394,990.2955738322495
225,5,334.38076022019857,993.2148888465784
226,5,330.59750225750224,1000.064333184299
227,5,334.2219019145571,997.8193341254171
228,5,327.72904389886395,1000.0290859495802
229,5,326.9611192083706,999.8265451125245
230,5,327.173471031021,1002.7100043808947
231,5,327.55036199134264,1002.8099504010338
232,5,326.09530633841797,1000.68917010414
233,5,325.4054381667826,1001.3624137228035
234,5,327.2860423714363,1003.5436261422084
235,5,326.9298593843125,1003.4533084072598
236,5,328.4983337193658,1008.0320822982482
237,5,328.56353696374254,1007.739481628933
238,5,326.7478143860736,1007.6454814871794
1,7,594.5652098087037,96.29230931423464
2,7,594.5652098087037,96.29230931423464
3,7,593.6942276797587,95.0970639680687
4,7,592.4500779865161,94.20893540358753
5,7,592.4061080226239,94.09395363947257
6,7,592.0155927662541,95.08931396060073
7,7,591.4139573922707,94.4543884440281
8,7,591.3517600616184,95.57935123572088
9,7,591.2225113911865,95.77315035861369
10,7,588.5531823144325,93.17389470944477
11,7,588.1690100343903,92.47712602451003
12,7,590.8323796994551,97.25716441245083
13,7,589.6032141378857,96.89176708910365
14,7,592.717609124169,104.56684857842038
15,7,594.5878729952489,107.95575715788581
16,7,593.8044267686134,111.50878303364898
17,7,594.7738846347896,115.24378588865866
18,7,596.379178815018,122.00680002851469
19,7,595.650109280704,120.7823380068238
20,7,598.3279809028963,129.05526355268557
21,7,600.368443667405,132.5766936440554
22,7,604.8663889032777,139.14109764579896
23,7,602.5762501541674,135.3195026402681
24,7,604.8798114593044,139.74809123862963
25,7,604.9866267641017,140.65564641137203
26,7,607.262450449373,148.22050594284582
27,7,606.1295861811565,148.81603051673153
28,7,606.45845794207,159.69960284453347
29,7,606.2546084046526,165.2630998249931
30,7,605.0490418329791,174.9226622157944
31,7,604.2194850458473,176.64846645479022
32,7,608.9733418857668,189.327412104399
33,7,608.4306972190657,192.2302558730722
34,7,604.4064594095861,191.0912879624174
35,7,604.8850570880272,194.58090284876985
36,7,604.2255559388485,198.67544583103842
37,7,601.6162606559151,198.43936271483648
38,7,606.126561996592,208.76156758158146
39,7,609.342154932063,214.42217498431356
40,7,618.9193261806594,228.23813416516504
41,7,618.3000320128142,227.5867783378244
42,7,620.4504693240744,229.62397468873436
43,7,619.4287242065133,226.83042592936144
44,7,618.9575365824593,225.45302389938072
45,7,619.0278088261193,225.30143154900892
46,7,619.4468622866481,225.7214957769662
47,7,619.6845794309615,228.59072823850966
48,7,618.8818858743625,232.50822955069947
49,7,618.5450132008627,232.8314948657047
50,7,618.4881110387444,234.63323228366235
51,7,619.0367539871867,235.2458851420156
52,7,618.2190599078999,235.815341805355
53,7,617.2545791947443,235.05593735961315
54,7,615.2620123886334,233.80985032605219
55,7,615.1369033998707,234.9887514761283
56,7,615.9177223882352,239.01882025903834
57,7,615.2285051712365,238.70507176572917
58,7,615.1640015712849,239.56088975998918
59,7,615.3680847190601,239.55176698223374
60,7,614.598406837539,237.4015659478675
61,7,614.9532908609787,237.60882373377532
62,7,615.4811207850342,236.67624238825414
63,7,616.1583786130695,236.2591060715092
64,7,616.0557389046205,234.8200072087972
65,7,616.7400398350812,235.13555529598196
66,7,616.9338007642549,234.51833036098614
67,7,616.9603985321024,233.73380205476423
68,7,618.3849215707305,232.5192482968516
69,7,617.2716421230882,230.1842312123046
70,7,618.9088690158013,232.34242107032142
71,7,623.1029814225111,238.27863069640767
72,7,637.0204966954384,256.19632036032993
73,7,640.8007347142166,260.4856814554482
74,7,650.4639529956229,269.3327691010269
75,7,656.2395618450959,276.23255051484375
76,7,669.1375850187521,290.63579194817163
77,7,669.6800704765465,289.17904239327703
78,7,671.2641371679784,289.05054852454066
79,7,672.5723848557087,290.9372746499938
80,7,676.7115031152507,287.7398848696239
81,7,674.1728322706805,283.2856298904676
82,7,675.810219447301,285.26685335785356
83,7,676.1264437967645,285.5676712804185
84,7,688.4062316014101,300.80523029540325
85,7,695.3005473942234,310.0810952962332
86,7,705.2851132813275,330.53002732120217
87,7,711.2611870804382,341.03683405496247
88,7,712.6319645973588,347.5007191411402
89,7,711.9665127365367,348.4175478047386
90,7,713.1887639974357,341.90055674930426
91,7,711.4911853072864,338.78401237805804
92,7,712.0311417840227,334.5675593167883
93,7,716.2571501772758,338.22832664462805
94,7,719.3756511160924,339.9631438503909
95,7,721.0904822824391,340.7927415971671
96,7,726.1827419915379,335.46738499300795
97,7,724.5307954389294,337.26419755278204
98,7,727.5038427057216,333.98006773560786
99,7,729.0851006913222,332.25782271710295
100,7,732.8716405059291,329.69121598922044
101,7,732.9136052474561,327.7564888995986
102,7,732.1604282562848,334.88882780161686
103,7,729.3101286372902,334.87181849376697
104,7,721.1932754905532,334.76955725524266
105,7,723.6303637585752,331.5477896980523
106,7,724.1402009627411,323.1957318919237
107,7,716.5128481780417,314.44459756938414
108,7,700.3414139075364,293.0222067028351
109,7,705.0249574981057,298.55108065633243
110,7,709.0347443274057,304.88804310962047
111,7,713.8195463174369,314.3202481206043
112,7,712.6885772779847,318.88531950313984
113,7,709.5094650080342,317.8658706920439
114,7,692.5214496452535,304.21117673874477
115,7,670.9465855897723,280.8057865745175
116,7,663.4168064310379,286.8160989122957
117,7,656.0772976231777,282.741407447113
118,7,651.8848561148656,286.41004582310484
119,7,645.894902502962,284.7573335741446
120,7,619.2627894995297,265.40710992663463
121,7,618.1661608266133,269.31856838399773
122,7,576.5774130504042,260.6630218096127
123,7,569.3942455973312,266.91571383480454
124,7,566.9636425108285,285.4044078070093
125,7,563.531972419726,285.69015207946785
126,7,493.5549572971139,235.6962897757212
127,7,517.2064946732526,275.18000590412146
128,7,480.088256058122,249.86386148965647
129,7,480.6541118589404,258.84664725623975
130,7,444.9015557157903,262.0124543598774
131,7,406.19653579756067,252.642620850013
132,7,400.0180850997358,273.12239707371464
133,7,392.85651816219126,281.66226162598895
134,7,429.5349565194559,351.7776940929958
135,7,417.63036959846056,346.52343309032665
136,7,406.961482916816,373.0213841955868
137,7,391.85455748212325,388.25508311177657
138,7,376.74763204743056,403.4887820279663
139,7,361.6407066127378,418.7224809441561
140,7,346.53378117804505,433.95617986034586
141,7,331.42685574335235,449.18987877653564
142,7,316.3199303086596,464.4235776927254
143,7,301.21300487396684,479.65727660891514
144,7,286.10607943927414,494.8909755251049
145,7,251.02522322632913,480.7362290390342
146,7,214.7447801566928,474.1785510464591
147,7,247.34221907527262,511.03649797123245
148,7,177.2128058137957,493.6403736309564
149,7,184.86451698584162,511.94112195496575
150,7,211.22789538278894,569.4185485502011
151,7,205.56477366294604,577.2054359678673
152,7,202.98830765667068,599.3856843998608
153,7,218.0053051641175,631.4253551218249
154,7,214.59591764294444,654.3175102143482
155,7,210.95802059542734,670.8033532069641
156,7,197.57508504803914,688.7389872888759
157,7,207.6410838139615,700.7989624143777
158,7,191.66476456744542,715.759358929058
159,7,183.94932757349306,726.2728047140233
160,7,190.84351656945523,763.8961679618968
161,7,193.96145939203237,777.7160093819341
162,7,202.62962757039267,800.9422405920842
163,7,202.43335797559007,810.6672472113718
164,7,223.266193520547,849.2865653657443
165,7,251.5876103928803,878.7817811756219
166,7,260.38075025010676,911.1890168078323
167,7,256.4604484752546,914.7949163105059
168,7,245.83419377970952,941.4761965456054
169,7,243.8057125895104,946.7660242357708
170,7,248.5716858473863,966.0986274707911
171,7,240.67574180172986,968.7685601486787
172,7,263.15439629912316,992.3187626168198
173,7,258.32307206788477,992.44127778574
174,7,257.9637328083654,1012.3136112504319
175,7,257.77385573268793,1018.3412375683583
176,7,253.1217179453418,1042.8349260414307
177,7,263.8254922549197,1052.9399490499798
178,7,220.71928438874357,1059.0516825167851
179,7,230.83422594133228,1077.3123351702843
180,7,262.21251513637543,1118.4701503765457
181,7,252.09228654748287,1121.7729368409944
182,7,285.58537374521416,1148.301709431686
183,7,288.4326206641216,1154.3243162499268
184,7,284.5129060894937,1163.2484332086117
185,7,283.66595212302144,1166.659857602508
186,7,289.22113888800124,1175.5691992454522
187,7,289.9053063287015,1179.7994906379888
188,7,308.592690557164,1189.9302464480377
189,7,321.9188564838457,1197.5385719932744
190,7,353.2475234171972,1212.0914512603802
191,7,356.8418098097643,1215.094711400508
192,7,357.80982912789403,1219.8202187411528
193,7,365.087313453419,1225.5897682780042
194,7,374.3076961924197,1238.6302061692188
195,7,386.7381862217727,1246.6812293289354
196,7,406.14779144039676,1258.0982866375355
197,7,415.48836660678586,1263.7603178076606
198,7,417.2904916221309,1272.3012853527764
199,7,424.0621519906422,1275.683194461812
200,7,452.27126723646694,1284.7945266730778
201,7,462.4106987970723,1287.9438890976066
202,7,494.7533006392587,1299.3911771777714
203,7,501.6581644642557,1301.5542817623373
204,7,501.99139327756603,1303.138293932579
205,7,502.4451624286187,1302.832731856111
206,7,506.34077605468366,1305.0873045520243
207,7,504.7037692396931,1305.1272551629359
208,7,532.3187029895224,1311.710724038345
209,7,561.782201625672,1322.6812524868208
210,7,571.0245865624892,1328.6316783477607
211,7,585.3627326593618,1333.3557910036984
212,7,604.4799123261398,1342.6310505545352
213,7,605.482987442066,1341.613804102845
214,7,609.443901497604,1339.664494584853
215,7,609.256974267562,1339.715949943763
216,7,611.7887097196262,1339.3171971967968
217,7,610.9583050696526,1340.8245411620742
218,7,611.3515113278495,1340.9162986607153
219,7,611.4401593502789,1340.951811158773
220,7,611.997896871151,1342.8903429212985
221,7,611.2634753621378,1343.8398318307825
222,7,610.3181423707972,1345.3713006135306
223,7,609.2970178273387,1346.1818637273632
224,7,607.7816977087091,1346.562514232873
225,7,607.6314610603831,1346.5911193380969
226,7,607.4049300283984,1346.9442709706907
227,7,607.3000306782641,1347.346462929479
228,7,607.1827557086439,1348.2720234098779
229,7,606.5042020485531,1349.1652847672012
230,7,606.5361008932592,1351.8650746347462
231,7,606.8694205997165,1352.05177805446
232,7,606.8437147673735,1352.6110771814692
233,7,606.6823530708858,1352.3130212954547
234,7,606.5155143513228,1351.5422720149795
235,7,606.6221001763095,1351.525384635667
236,7,606.6784170441616,1351.9403919212925
237,7,606.3806759840714,1352.3650682603313
238,7,606.2392727790252,1352.7861222248089
