1,1,821.8612784565258,993.5055989461124
2,1,821.8612784565258,993.5055989461124
3,1,821.8457422946229,993.3939260604903
4,1,822.4892073631848,994.6450168916826
5,1,821.7916109401491,994.8248705270576
6,1,821.0797449185886,995.7987622868445
7,1,822.2307837063071,996.3365249847268
8,1,829.1213794103223,1001.5309326798683
9,1,830.1577163914757,1003.5067557995797
10,1,827.5584010898847,1004.4385771797976
11,1,826.5629106286005,1006.225883346914
12,1,823.7629856852425,1008.1941053322846
13,1,822.8016896408652,1008.2013262838387
14,1,814.1466235990548,1006.4786398985023
15,1,808.4298808441117,1000.355943936743
16,1,790.2820137943063,988.994371904201
17,1,778.5816326187942,983.0040499347932
18,1,761.5175649453482,979.2048799195153
19,1,754.1385187499332,981.029734708217
20,1,743.6513205420478,982.4901530928018
21,1,737.0282590033681,981.3809174003769
22,1,732.2618287993602,987.9695231297927
23,1,731.5703255102125,990.9795449400797
24,1,736.9353484374843,985.384752565248
25,1,739.0367326114124,993.5917460217058
26,1,710.7973894473689,1005.8563705967855
27,1,704.8370747101096,1006.3739965381585
28,1,681.3230842181375,996.8880710955523
29,1,682.7632325196003,1004.1531576089583
30,1,676.9272878006966,1010.6951259587781
31,1,683.9439693382244,1021.5879635895834
32,1,674.3740605534872,1026.127693059943
33,1,670.1806108916596,1031.0835745993586
34,1,663.7526041774419,1038.0514579544379
35,1,661.8434734326778,1038.4397822624362
36,1,628.1547040809292,1032.7055989634948
37,1,613.5277257959191,1027.215496829614
38,1,589.6009574491455,1014.6533027693872
39,1,585.2309061062421,1015.9251064367115
40,1,580.0470829168613,1012.7680871985294
41,1,572.3369179775648,1010.1902447272264
42,1,563.4047593956923,1002.8513883741967
43,1,561.4705168359548,1001.8741445641612
44,1,556.8084445763365,999.6272448142853
45,1,552.3280044141954,998.8422940217757
46,1,549.6017112937134,1000.0456576628069
47,1,529.3373479154475,985.4695903998364
48,1,525.4193429115206,979.9302616667769
49,1,525.0145442033876,978.6206927414593
50,1,528.3775365515556,980.4392769831554
51,1,523.8200459683969,978.0409129629147
52,1,514.3749002545359,978.0489537651493
53,1,515.0764842136497,976.1457681409562
54,1,504.04015735678377,977.9910827097661
55,1,502.8046827269436,977.5251703275246
56,1,502.4653269819769,975.4208539860853
57,1,505.46237987229017,976.5519576614423
58,1,506.3487547469714,979.4620056654113
59,1,503.24329587033696,979.3174517078004
60,1,503.9846871061571,983.9930893452803
61,1,500.6234637255276,986.0959274235537
62,1,500.06145557251455,987.5323864042983
63,1,499.6827426676128,987.2905639299481
64,1,500.420430822275,990.8339128534273
65,1,499.3866085477007,991.7597181613394
66,1,486.93405913958594,988.3340194798668
67,1,479.5572910771149,984.8535006070715
68,1,471.37984669234766,986.3071645389471
69,1,460.11401012182813,980.2468223806188
70,1,450.32963806015556,973.6804755710565
71,1,452.420131768405,974.8122343559119
72,1,417.86371541680563,955.7417416002429
73,1,420.96344241386026,956.3478369312305
74,1,467.2580538103175,980.8395188075232
75,1,464.22967782788066,978.3307551311763
76,1,449.061099068345,966.9756728850108
77,1,427.1874878925696,951.0164429911176
78,1,429.28228324328785,950.3366996096997
79,1,429.76301794475506,950.6986877003877
80,1,423.66694223746885,943.9951779690582
81,1,427.4021937339173,944.4085897137544
82,1,426.8674276425919,940.7288265712324
83,1,427.77663589703513,938.6288610346343
84,1,426.45256624333774,935.4901928097208
85,1,423.865715681289,931.114105421836
86,1,419.83952164694864,921.2067739220449
87,1,407.60853910333327,910.2625119534548
88,1,394.49679523910237,897.2534500068595
89,1,400.5753690158174,897.1620630063587
90,1,410.0795438666737,895.8779823420311
91,1,405.3084586223825,893.9019586419998
92,1,400.105424673487,883.5677575459567
93,1,399.2794956895685,876.5384458986393
94,1,399.3166713822551,869.2127894761599
95,1,400.5283095875214,869.7349313884962
96,1,401.0532340804991,866.8590562693836
97,1,404.772554316332,865.7349015198303
98,1,399.7137201971742,856.710921443609
99,1,399.2208200043825,854.2186691529276
100,1,398.71907932694455,849.0768271286576
101,1,399.3492805748333,847.4085635809013
102,1,401.1045534766316,843.6340814467295
103,1,402.8176195410044,844.1178057934835
104,1,400.9311021833877,840.7610741634176
105,1,399.72722341036496,839.5944328403058
106,1,397.0100583325344,837.1616320771913
107,1,391.73083559946065,828.9720855371912
108,1,370.9593125595011,815.7761193983025
109,1,364.77879899954826,811.4859151008465
110,1,352.67113205809096,802.9263645393771
111,1,350.9407440172539,801.9266682207654
112,1,352.24497228510575,801.2819970929596
113,1,356.8307674047603,802.7204088320426
114,1,351.4294883577174,798.2337528252273
115,1,352.4418867965732,798.3897415551346
116,1,351.0904690036241,796.5475522130613
117,1,352.3264703150797,796.4706777215937
118,1,354.30298965797857,797.7785063418119
1,2,975.9723572409314,1019.250906844703
2,2,975.9723572409314,1019.250906844703
3,2,976.0906614896221,1018.9855907054549
4,2,975.3132793106518,1016.9625412919996
5,2,975.3793282295818,1014.5072323124652
6,2,974.4976875665466,1012.6775152862368
7,2,976.674180025492,1012.5776702388514
8,2,972.1734234458161,1008.4107935497711
9,2,963.2276818426001,1007.0050474659796
10,2,958.4114154716569,1008.7749081418585
11,2,956.7653811568084,1010.7300802553605
12,2,941.8640613695451,1004.6256767218839
13,2,944.3012470238028,1003.2175269422779
14,2,935.8798132032806,1006.9298659131965
15,2,936.30760645569,1008.0304904869046
16,2,933.2103537434375,1015.8322978785465
17,2,928.9661984347707,1018.907165918091
18,2,922.5256949867063,1035.0508566805318
19,2,912.7257160050885,1044.7941396666977
20,2,899.8431931069642,1055.4774886200423
21,2,898.4387188432594,1059.0818551941475
22,2,892.9585013117727,1070.4653421393432
23,2,888.2746149355357,1077.2650754807837
24,2,878.0879625788199,1085.5925016134981
25,2,869.6290445764728,1094.342288140342
26,2,849.3987960442956,1127.6067416625872
27,2,846.1732200348386,1132.9738497112335
28,2,837.8855764339493,1142.6382739431078
29,2,834.3698892920344,1148.925320442716
30,2,824.9428733055767,1143.5640490892245
31,2,784.2009992269885,1125.5121160250014
32,2,761.8338906889562,1129.0819275157937
33,2,785.6511356480007,1137.8231926475496
34,2,774.8983622193336,1147.967213839719
35,2,771.5261547339624,1154.1648097565435
36,2,709.8153062781736,1129.0276054165
37,2,704.7524880386973,1133.9576606209998
38,2,707.2544455596131,1149.737044986735
39,2,710.822474124257,1157.6057582760495
40,2,696.696872558863,1172.8205021997276
41,2,699.1913924522499,1182.9120252211646
42,2,701.1395117227663,1190.3996768019779
43,2,698.8234398144465,1195.7008307958865
44,2,692.7703664600798,1205.86798195435
45,2,691.4211367282218,1209.6560332155796
46,2,688.7216162726073,1215.1103200981554
47,2,693.1508215787571,1220.5422528856236
48,2,704.5106410842122,1231.5615599258347
49,2,706.6623715242561,1232.6598724940732
50,2,710.8890672837315,1237.5885913231705
51,2,708.7445712172505,1238.1648940789796
52,2,708.6427758995071,1240.4176574578194
53,2,708.9087156860062,1240.6017746060543
54,2,713.9834578885021,1244.1913013297924
55,2,716.4400023311521,1246.4008396894421
56,2,717.523087851801,1248.6646747758948
57,2,716.7106342740739,1248.1851005749436
58,2,717.1776787262871,1246.4440588720388
59,2,718.7406177817253,1244.9932407061622
60,2,722.3452638720105,1239.6418475017083
61,2,724.4862660321245,1234.8991767248833
62,2,728.5802704451988,1230.2624341639803
63,2,723.8978990394971,1235.7825552815332
64,2,724.8487895179225,1232.723840888042
65,2,731.2224620004239,1225.5256303547335
66,2,734.6367623076693,1226.3088978032704
67,2,733.1673774698278,1225.2249383501317
68,2,735.2308906126864,1223.498298603239
69,2,738.028973933991,1216.8864319540835
70,2,736.7633676351412,1198.0846737959998
71,2,741.7533950294086,1190.3726056186254
72,2,750.4102223987443,1188.5503150162633
73,2,754.0123798946578,1184.803021633815
74,2,788.0496410411608,1188.9090334472783
75,2,794.8258186921705,1183.5021618154265
76,2,812.8359281308658,1170.9825732645938
77,2,822.5619548261063,1155.6017523530272
78,2,837.7825494521052,1132.2938849203897
79,2,837.1090407022593,1131.3782134345631
80,2,829.8457281397258,1095.8317178923908
81,2,838.1750412457849,1093.4793939517408
82,2,853.6647835752112,1070.8339102827872
83,2,863.8309636387224,1050.1459479120151
84,2,871.6787833171264,1036.92423283032
85,2,877.1756319024948,1022.8615608355806
86,2,875.2318052396112,999.4198951470646
87,2,874.5270405699493,987.1639636993389
88,2,880.4322405305604,973.0040738572532
89,2,886.2556070854463,963.8547220131411
90,2,889.7851943130255,954.4510299477452
91,2,888.23442873509,950.7846197599551
92,2,891.9093747589911,933.7085255693278
93,2,893.6337530470463,930.8443223774359
94,2,896.6857435875742,917.8476789327163
95,2,892.204257720381,905.3326968160659
96,2,889.5766298958245,889.0569937523035
97,2,893.1259590440345,875.2554357393163
98,2,892.6994222917368,858.9883241617366
99,2,890.1886009917885,852.7386330097393
100,2,882.9637534239137,840.5556285366192
101,2,876.6835980065088,828.8517178623754
102,2,866.6706507779999,809.8564742926741
103,2,867.1076613977359,805.9645899892752
104,2,861.1204933485487,795.9972690256232
105,2,857.9029706708473,793.1926563824729
106,2,854.6815043808227,790.0394444396188
107,2,853.0974216305525,788.1740906991021
108,2,847.7710901083934,780.4855243326956
109,2,841.4899597202563,771.9222565790199
110,2,829.461036400778,754.0165689018078
111,2,828.4517209560094,750.8997025533862
112,2,826.7377482365297,742.7721570121806
113,2,824.7372281622139,739.0223222013246
114,2,817.2658096048445,730.7928643699124
115,2,815.06974886996,727.2655059509175
116,2,809.3120773031706,719.9051846362154
117,2,796.9573775260692,706.4530561553127
118,2,798.3279775020341,710.5761814035287
1,3,628.3867559100795,1347.2502220765828
2,3,628.3867559100795,1347.2502220765828
3,3,629.9922580248362,1347.742679618393
4,3,637.4364039809899,1350.2180703506206
5,3,638.1812844423695,1352.0468807063821
6,3,638.9590023398194,1352.328099989721
7,3,639.346578262992,1352.2026164635654
8,3,639.4399395880656,1351.3205561644118
9,3,639.1240918158945,1350.9492480780414
10,3,639.6040012105171,1349.8626435308036
11,3,640.8695359052778,1350.2068193896735
12,3,640.8053101460534,1347.2908154232332
13,3,642.1570836348586,1345.4882395714476
14,3,638.3035749051103,1339.2321006139719
15,3,644.0993233100542,1340.2941787495934
16,3,655.7670764552253,1343.008489824128
17,3,656.9397135773113,1343.8169428111776
18,3,653.8065397269576,1342.3326296457972
19,3,653.2975578603842,1341.6206302547048
20,3,646.6576146802693,1338.1059191201311
21,3,636.336038402426,1333.094629094337
22,3,591.2545936423362,1312.493024519016
23,3,579.2696934675015,1307.5906046206167
24,3,571.0502609865149,1303.8867824476417
25,3,568.4685782573815,1302.632478643718
26,3,563.3548641112934,1302.5583663860875
27,3,497.00591177624034,1272.6192677808663
28,3,489.0550169024058,1265.9039654317314
29,3,485.229488011206,1259.1033021128676
30,3,490.9491316205956,1241.586806743522
31,3,485.8127117176477,1241.4374807111367
32,3,449.09539118700036,1220.1271625243485
33,3,434.41579764426496,1208.604230689302
34,3,402.2782392584517,1182.3627100272129
35,3,403.1166813136546,1180.454631595894
36,3,391.264897647146,1169.8163749688622
37,3,386.50346987334706,1158.4625056389907
38,3,346.06214488666683,1130.0901112198221
39,3,327.85893692238113,1092.961145774719
40,3,145.2544007908992,800.9453989751727
41,3,323.09308067161913,1074.1329778671593
42,3,322.71051309481004,1052.3291056878784
43,3,332.3225656935162,1048.6414615611336
44,3,481.03308665032125,1103.2053697910333
45,3,480.4493940662521,1099.9822971273811
46,3,-65.41381756768445,770.420427175505
47,3,-95.72216069797821,758.8633590706918
48,3,-27.33184770755903,779.7895860248717
49,3,45.442811927736685,810.7034330686233
50,3,118.2174715630324,841.6172801123749
51,3,190.9921311983281,872.5311271561266
52,3,194.63084201405155,856.9271990751946
53,3,198.269552829775,841.3232709942627
54,3,201.90826364549847,825.7193429133308
55,3,205.5469744612219,810.1154148323989
56,3,209.18568527694535,794.5114867514669
57,3,176.9156920375127,758.0303765342383
58,3,144.64569879808008,721.5492663170095
59,3,97.12723206923596,682.0186081595698
60,3,79.43125045489774,652.7424093443409
61,3,61.73526884055952,623.466210529112
62,3,44.039287226221305,594.1900117138832
63,3,26.34330561188308,564.9138128986543
64,3,-14.038628576748753,517.2586329792107
65,3,-54.42056276538058,469.60345305976693
66,3,-94.80249695401241,421.94827314032324
67,3,-135.18443114264426,374.29309322087954
68,3,-175.56636533127607,326.63791330143584
69,3,51.11327889930164,485.0163660631542
70,3,71.47692581790322,486.36661221431234
71,3,73.43784159647491,474.6228382791893
72,3,-71.7226325846389,333.4055886802256
73,3,-81.51334723738438,316.79255843094637
74,3,89.15958809274196,427.2863209957457
75,3,125.2325510358355,447.2013402820559
76,3,99.69575613484292,400.1291006372248
77,3,25.153220808927752,317.38375847721886
78,3,74.518205976038,350.20513946167176
79,3,73.95683422653075,345.7568034290622
80,3,75.52267991309311,335.96243976953724
81,3,77.08852559965548,326.1680761100123
82,3,79.3698017014559,302.75359890625066
83,3,86.12604056309412,277.49291943576617
84,3,92.88227942473235,252.2322399652817
85,3,99.09689988643237,247.67460126469015
86,3,94.23192391267385,222.03060966999232
87,3,102.39849526093896,217.92712320666038
88,3,-100.54886960121546,-5.928980201321225
89,3,-108.14442265662598,-23.21738970950373
90,3,-63.03674814426357,-6.145739139890752
91,3,-25.446804702686862,13.401750839574154
92,3,151.78614541178476,171.78646848523772
93,3,139.09577131614463,151.75465792599456
94,3,130.94390159198576,128.16596179637241
95,3,154.35539819202617,147.63235676289452
96,3,167.04260686514968,144.4844258452573
97,3,-47.43817238852944,-90.39671668653594
98,3,-7.519331646596572,-69.50662687354594
99,3,-3.5732038409869458,-72.29142574308587
100,3,163.56173361248764,85.26450919676633
101,3,183.25751291839583,97.16928954862581
102,3,194.2240639364371,87.7902184353207
103,3,197.44965813569877,83.57056626697674
104,3,211.14237606069383,85.90210219636894
105,3,214.68268728224353,85.63041555495437
106,3,235.05776664950463,102.62419852794868
107,3,240.6596089008602,108.76425995065809
108,3,247.39276786201185,108.95156128225388
109,3,250.1136002381854,111.06698369330579
110,3,251.19823854941103,91.11158056750254
111,3,254.44255022497535,89.4445111907885
112,3,265.8600811004482,96.19198170600443
113,3,264.4873347110664,92.68819979889061
114,3,284.65041309709335,106.60938419086553
115,3,288.1057878177355,108.05548508493317
116,3,297.51090134031915,114.70413672665067
117,3,300.9311889123008,115.86358576178594
118,3,305.0621461926122,114.6680806625714
1,4,607.049190365108,105.69574510708732
2,4,607.049190365108,105.69574510708732
3,4,607.0853116217645,105.76204602086095
4,4,606.1314855486819,104.1128717190085
5,4,606.2119182773386,104.08275629512593
6,4,607.7437050634609,106.34267395234671
7,4,605.9759170401461,104.28261509317552
8,4,606.6902353017182,104.90436713646167
9,4,607.7643840224073,106.43205848045666
10,4,612.1501961063431,112.19403761866315
11,4,614.6831954826541,115.63130184072443
12,4,618.6887801383825,120.88927224134575
13,4,620.1892710009403,122.64528377065106
14,4,621.3602886767088,124.60820170887115
15,4,622.6035538187926,125.94603370277883
16,4,625.5513811534881,127.1842925274858
17,4,625.9863457194347,126.51318816895187
18,4,630.2012329878711,129.46020911118597
19,4,630.6197767005737,128.25793155332366
20,4,631.0752320515361,128.01076412911934
21,4,630.9173245689988,126.40516768663119
22,4,628.6029081554783,121.64623846812412
23,4,632.4992098040074,127.32812778895182
24,4,633.7159762866405,122.04413108039678
25,4,635.1679213537141,123.70291782794216
26,4,637.8448718144095,126.11334407645975
27,4,640.5904199121536,130.75077224416776
28,4,641.4001049873788,132.63212142918337
29,4,641.7674746606692,134.92011854226473
30,4,639.9689286790131,133.68406174127733
31,4,639.679188563824,134.88153478651898
32,4,639.3239414646939,140.6693180527089
33,4,638.4293524010903,140.61991500873742
34,4,635.1456103245852,139.61385882073276
35,4,632.0669322788709,137.19481384180398
36,4,635.4072353835849,143.1795864648409
37,4,632.7166966981699,140.54858538764876
38,4,634.3411922241472,146.5443553509246
39,4,635.560379245177,149.91583992229806
40,4,631.7658067694716,147.96689782932518
41,4,633.5797928325549,151.89187168185532
42,4,634.8904285487772,157.89264010209766
43,4,635.5977401671992,160.29052084148032
44,4,634.9670174654411,164.9487232025963
45,4,633.1084561158949,163.72097183491448
46,4,635.7170635564058,170.22225554886887
47,4,635.8339764020723,173.22314063003338
48,4,633.676734068395,169.24791615248517
49,4,631.9203120949486,168.97368947879534
50,4,624.7249973785216,169.86914559660195
51,4,626.9473099094804,176.4226337257466
52,4,622.857045285004,173.64971989987913
53,4,622.7402493369132,174.21096663581204
54,4,627.0782856582523,203.38396668469494
55,4,626.1702236002308,204.29237225522658
56,4,627.3153092677243,206.97831226990542
57,4,627.8399403410866,207.09890243990668
58,4,625.6308274513389,207.15834467019894
59,4,624.777495292479,207.14836078875672
60,4,625.3335283227174,208.66080104450273
61,4,624.5615304982905,208.59587989795963
62,4,623.2955351923606,209.20371889847215
63,4,622.5554167907871,209.5432084379166
64,4,611.507120578446,199.85026417137254
65,4,610.8728167595139,199.77528361893738
66,4,618.0804737407647,211.33884531666985
67,4,620.7801818147509,215.4915270077259
68,4,621.7707545035231,216.16890543954875
69,4,621.8574403928844,219.26011092697956
70,4,622.1622432039366,225.65803361322386
71,4,621.3722277960692,219.09641757193214
72,4,627.0767310934087,211.926623465091
73,4,626.2359706644623,212.56391791351774
74,4,609.2162373279754,236.7137683275819
75,4,613.6823423570468,233.11317080529787
76,4,622.3316480168594,218.096261957722
77,4,617.5302302719083,222.23651879581925
78,4,618.4977227728931,217.73133218993678
79,4,619.5885386617706,218.08915897014583
80,4,621.3768385430496,220.86050705861774
81,4,619.8134780270792,219.989335432277
82,4,624.194035124504,225.59767862919037
83,4,619.8163183249168,221.05784677444638
84,4,623.9954163922558,226.26263377888722
85,4,620.8704112194055,221.9438500352681
86,4,622.2884572789586,223.73123222314342
87,4,622.0456933932213,223.98727275411068
88,4,623.5365332795739,223.85677379298707
89,4,624.3836622307812,222.1830793995303
90,4,621.1613156111915,225.64642118334206
91,4,618.9195749016459,229.48205824113555
92,4,536.6231174398542,128.59248029426155
93,4,532.3882627218895,121.76180784790903
94,4,521.424555526398,91.13314834534171
95,4,524.0718477635331,91.02546833084178
96,4,539.2399184393284,116.1225068353178
97,4,533.7728070869656,108.43152407250889
98,4,556.3182437559368,145.1251478359751
99,4,564.0047869397586,158.44795043098938
100,4,585.7014806988807,193.88474702623296
101,4,591.1570161223751,204.26214010947393
102,4,585.9603854130372,206.02452171911602
103,4,580.6743847526849,197.8490878530567
104,4,592.6799898927538,212.33195772706506
105,4,594.176403380352,212.84509986004426
106,4,594.8691322884732,210.58788753941005
107,4,592.1612053179158,204.53553492181686
108,4,595.9884379633545,208.53270093014618
109,4,590.0349679980499,200.13914556003644
110,4,595.5550015116739,210.3989816052999
111,4,593.1057868444154,207.99275363811566
112,4,595.5624708393434,211.15633341909552
113,4,595.5117569508294,210.93898389622646
114,4,595.7934814995939,210.40082771427055
115,4,595.903549864305,210.42148073499658
116,4,596.8357499938786,210.7783839051979
117,4,597.2921517309754,211.23294504647689
118,4,595.4373499572655,209.50262791620133
1,5,569.6170584014839,1211.9062952980555
2,5,569.6170584014839,1211.9062952980555
3,5,571.2258453325902,1212.5088774845703
4,5,579.1142734201651,1218.1784226065352
5,5,582.8090254921575,1225.2105426450726
6,5,597.3182262031959,1226.6394130940719
7,5,604.8787209485027,1229.6739436860662
8,5,608.0588804422493,1225.4660492652717
9,5,609.5259330984246,1223.832658374714
10,5,609.8758047442578,1223.3540218850285
11,5,605.1504505171775,1230.338554646761
12,5,606.9895001413425,1229.364452759425
13,5,607.6817083214705,1229.2348368126768
14,5,606.4891913294498,1226.7993946195731
15,5,606.6891798741007,1226.9008685192082
16,5,612.4317797456285,1219.3990251245903
17,5,616.3729648130777,1222.451608997857
18,5,622.2191940178033,1224.0796683468486
19,5,621.8336758874354,1229.3925994957065
20,5,619.6588967435505,1230.3402110011002
21,5,623.32349601263,1229.011094659637
22,5,624.4079127735529,1230.013266493591
23,5,623.4475607031881,1231.4573369144332
24,5,624.4609528825956,1234.1427726832774
25,5,629.4160509762993,1227.219390443362
26,5,629.368879371138,1226.6215727677181
27,5,628.4581751541274,1226.563240177144
28,5,623.5299361254735,1227.8303970084241
29,5,620.8573241548261,1227.4421568608586
30,5,577.6644613955671,1208.2096190369869
31,5,569.6255768268308,1208.9200964718716
32,5,561.9312801196251,1205.9799347617434
33,5,563.1356377709928,1202.1168595670497
34,5,561.5525887222799,1196.557204159449
35,5,560.872591777015,1195.695566943823
36,5,532.6523164041635,1175.2139047642083
37,5,541.4004249131394,1166.426108606718
38,5,523.3120409182451,1141.5043490707071
39,5,493.6354986557045,1152.490225460192
40,5,470.6369826519738,1141.005110984872
41,5,467.4821887622015,1125.0643260933284
42,5,466.6408384736474,1117.5410672845549
43,5,460.8951944394588,1115.0710051057906
44,5,461.20062903492857,1111.5818431415287
45,5,461.50606363039833,1108.092681177267
46,5,461.8114982258681,1104.603519213005
47,5,403.5309119075179,1055.1069362805947
48,5,398.6910030879051,1042.696425264175
49,5,409.74421493721434,1045.2324466752834
50,5,372.79373085402517,1019.5600455099278
51,5,363.9809132642489,1010.9472249047179
52,5,303.2273676478107,964.4580277346806
53,5,300.2982245671463,958.8531853266013
54,5,299.10238467931924,951.2380529223419
55,5,299.71131627391134,943.6911558588656
56,5,299.7838222561404,925.9670932983695
57,5,292.1438346707038,918.2886784253491
58,5,271.01780221822224,899.0966874357493
59,5,264.52141834742037,889.7215572629954
60,5,265.9421946480596,887.1119160920014
61,5,260.6033084271097,885.0600780530705
62,5,257.30671488201506,863.3976238768569
63,5,254.01012133692043,841.7351697006432
64,5,250.71352779182578,820.0727155244296
65,5,247.41693424673113,798.410261348216
66,5,244.12034070163648,776.7478071720024
67,5,240.82374715654186,755.0853529957886
68,5,237.5271536114472,733.422898819575
69,5,155.21922802970013,642.2719434579042
70,5,275.52338848057747,695.7972847276875
71,5,287.3208175721732,691.7534800536853
72,5,294.9688903522985,678.7373092436615
73,5,244.32578775314417,624.8708071571033
74,5,312.8446653199007,647.8417147656493
75,5,307.96309259653066,611.2099030070282
76,5,335.64464210013637,586.7992551120834
77,5,346.9021233819372,581.1963933688111
78,5,356.1631051145255,565.0979513959703
79,5,371.70047493288325,538.9675836762824
80,5,387.23784475124097,512.8372159565946
81,5,381.80636133023495,484.8779452050713
82,5,408.9796924454497,469.6917548180896
83,5,409.2592598456416,455.8345971537669
84,5,448.34209386830986,456.7314736508835
85,5,453.2798952546115,451.6479569189889
86,5,474.93445278073705,426.96727839880015
87,5,462.5853593827483,396.0851913263198
88,5,478.30774446423106,384.31514314007853
89,5,492.57932474729546,391.81194364181766
90,5,412.92683956004174,260.845106717964
91,5,525.5371281825061,350.4795131358331
92,5,532.7529858638555,323.8408875379819
93,5,541.9511768200326,304.6050354884396
94,5,550.1131895307665,309.3144071053573
95,5,550.1423039964758,299.2529435766179
96,5,555.09981949457,297.2715046850718
97,5,552.6698204965098,284.5743639376181
98,5,555.2578070118346,277.57200923974943
99,5,549.3337844691822,270.02012279162466
100,5,563.0479132848676,281.9264171800234
101,5,570.0934725024692,282.38489648965225
102,5,579.835309688206,286.3088270246114
103,5,583.6101379253961,292.4835834118595
104,5,595.892466041289,302.49743142783626
105,5,583.42284016905,283.3832987784302
106,5,595.6758669765518,295.41408214616234
107,5,593.6578776948636,288.00788158019714
108,5,592.2995955277289,286.67347246605186
109,5,587.0739614616059,278.85414249016173
110,5,592.1533050383877,285.8153027170766
111,5,593.2573121216473,288.16297642776556
112,5,593.6084086419639,292.229096464966
113,5,592.8535993399346,291.643069372899
114,5,590.0347898058232,290.16857279324023
115,5,591.3113833576099,292.67857337468695
116,5,591.1283812707544,289.7064230746804
117,5,591.4359269993373,288.97011039409784
118,5,589.3262257081784,282.63881554621173
1,7,560.7598903295647,433.24196026426756
2,7,560.7598903295647,433.24196026426756
3,7,560.6062449644465,433.053153484115
4,7,559.5548042698829,435.30980415517877
5,7,559.4997305184775,435.1406614237652
6,7,561.0288258161262,435.2774354035771
7,7,560.5471743184257,435.69399675974955
8,7,560.3267274601204,434.2737233656819
9,7,557.2905600887937,435.0556584067468
10,7,560.4781042015237,434.51309547365435
11,7,559.5613925041343,433.50039410476245
12,7,558.0891303159705,434.20494232492155
13,7,558.6048896045276,435.2559885445859
14,7,557.18824063422,438.3450739576117
15,7,557.8962220816869,439.10715915435185
16,7,556.0295719002726,438.62020226381105
17,7,555.7983969321311,439.1322623513711
18,7,556.5552656407306,442.62125709492807
19,7,555.5266087863436,442.7282365338164
20,7,552.2883648388994,441.56677456282375
21,7,548.2447053209207,443.44476151071433
22,7,547.471914777763,451.27035121386575
23,7,545.5676081550723,451.4290077633414
24,7,538.4125333829803,449.8957110621555
25,7,536.5910377536793,452.4735379245268
26,7,525.5318607982119,454.4622480990771
27,7,523.2415177562037,461.54624365175243
28,7,515.6106923851968,463.60600494084855
29,7,514.9861310837958,467.0590122895683
30,7,515.2163784147267,466.8761553547734
31,7,519.7928213370095,471.37663850620305
32,7,511.9797780560785,471.75513649233187
33,7,507.4731759711645,477.30071174163896
34,7,496.164409055795,502.1862792756196
35,7,493.0970964136024,515.3891348607107
36,7,486.63451691487876,519.3541980540468
37,7,480.50546556853703,522.7058955936974
38,7,476.94895420213027,541.41183424286
39,7,465.54023448920015,537.4445760293258
40,7,464.8471954786068,570.0629761210678
41,7,453.59367889929536,586.2916371020584
42,7,450.2244690557762,599.6983017121538
43,7,448.5319968456495,606.1172477063687
44,7,426.4724173991232,627.2153403236728
45,7,407.5055648049924,618.9150440831572
46,7,382.86817695473206,645.3542560319751
47,7,367.8563943855774,635.8296295511375
48,7,347.5459472598953,656.6889829190277
49,7,338.78429723864105,659.1453581145896
50,7,316.98543161941035,680.1714311759586
51,7,303.326503469734,689.4753515640059
52,7,152.78787296096675,600.7690674244711
53,7,284.23109547952674,710.0410965749955
54,7,260.83551169997395,706.7170075128308
55,7,261.97671111828987,711.0234605906372
56,7,259.9111462567755,718.2551313189336
57,7,255.96234484697663,718.1640357338613
58,7,243.22074496410235,715.4276176105083
59,7,239.488341670801,714.4245420555562
60,7,217.1024824008233,703.6312238992546
61,7,179.47174033060966,670.7052950087236
62,7,177.33010823658927,671.5636910119897
63,7,185.17168551792423,682.5398220176272
64,7,178.21458320655162,681.8822972228278
65,7,178.19199453008045,673.2605351884636
66,7,166.03103142077225,663.1853883317481
67,7,92.74295424289319,608.8854563829148
68,7,136.6110023592856,647.0635015166831
69,7,180.47905047567804,685.2415466504516
70,7,147.88522966817794,655.241557785366
71,7,148.4355420365087,650.4817699946846
72,7,140.49985377785026,635.5554316322416
73,7,138.50883924823827,624.3941885416098
74,7,170.2301657275643,605.7967397713854
75,7,185.24329794059855,618.6047057154367
76,7,161.00842004271811,588.1916251296964
77,7,167.25171350654207,563.5233666180217
78,7,125.07142774303593,515.386997310241
79,7,106.29771721176465,494.6223714987931
80,7,148.52849483308032,506.46561912623315
81,7,160.7302168092133,514.8478737118558
82,7,166.7393335094437,507.50285482773154
83,7,174.0632017416773,505.72650510741244
84,7,180.66828733408443,482.33293328816404
85,7,175.40323186253755,472.43478269473303
86,7,199.1965487360116,444.0746263324709
87,7,153.8509524374104,397.7067338823974
88,7,70.10185243818303,307.06477498233403
89,7,37.45260534650762,270.8477156241214
90,7,38.46505370316305,256.7304995360046
91,7,209.50499845104426,402.29807087145565
92,7,216.14326558776904,394.6205123575051
93,7,217.4508347206077,395.6014315903169
94,7,222.55746573951217,381.6444964858627
95,7,223.3552481428602,379.8045328577607
96,7,220.6158024716855,373.96611690131124
97,7,218.077349887192,370.36252932949736
98,7,215.24650946827515,363.5041237989203
99,7,213.28416980430094,360.0882385391023
100,7,202.35516415198953,344.19470993632973
101,7,195.97477634449322,335.10050754472394
102,7,203.70142064915802,318.0240812455864
103,7,198.14511348255056,321.93484256004416
104,7,198.54704027269997,303.2467642777889
105,7,202.3848516335422,303.4768652906213
106,7,200.98308346661986,305.875930989532
107,7,198.23141690628836,308.8694382736604
108,7,193.96082351739992,308.3507706802524
109,7,195.49190814900768,311.0878532278952
110,7,193.9397557537906,315.70459000675277
111,7,192.18889509896175,319.5997134854321
112,7,183.70148418527143,333.1065271538503
113,7,183.94173632699966,336.3827474053029
114,7,184.58107487198512,337.8848151294883
115,7,185.6925866894021,337.1306194578905
116,7,186.4845075716727,329.86319357222976
117,7,186.3233815550373,327.7642110896123
118,7,185.92190706486826,326.889015312322
