1,1,842.9758863842857,1012.07050916053
2,1,842.9758863842857,1012.07050916053
3,1,841.9499289966531,1010.557131110655
4,1,842.1945851139463,1010.2918332684866
5,1,842.4223625796178,1010.2694656291669
6,1,843.1400819169817,1009.3071868295402
7,1,844.0472792114301,1007.6641655022229
8,1,844.0824891685596,1008.0071696477123
9,1,845.1946087262666,1007.5805579363359
10,1,845.3377976374885,1007.9177553264592
11,1,846.1882722847699,1007.8690640074597
12,1,845.4524245536404,1007.0244471206668
13,1,842.6298970688053,1003.3784184059789
14,1,840.7566603044239,1004.9253272743416
15,1,841.4039031448095,1011.5807633538586
16,1,841.4798252385884,1010.4518641354515
17,1,838.9906973039407,1012.6071404158033
18,1,841.5553778693395,1016.1208144962234
19,1,837.0800277765686,1021.7530355191408
20,1,837.6908522322121,1021.8329874720621
21,1,832.7366302955953,1030.7052618715302
22,1,828.8325672790611,1039.9072749581896
23,1,821.2464492688729,1046.8066345097438
24,1,822.5850572960962,1051.2261170347397
25,1,813.7668418730168,1060.9488119227367
26,1,812.0704089521685,1063.3344704038145
27,1,808.457635413979,1066.0704270848603
28,1,801.6409944037247,1062.8136505533537
29,1,786.7775473571618,1072.94806231674
30,1,733.9792489648104,1040.9455488494473
31,1,771.2943184691325,1096.066472112756
32,1,779.9554635618625,1104.1142263506426
33,1,774.1506241900679,1093.8566294881725
34,1,767.8631677217844,1091.7683615060207
35,1,757.3791184264414,1110.215922901313
36,1,736.273256086011,1113.8916048400067
37,1,715.1673937455805,1117.5672867787005
38,1,717.8552799024205,1133.3963212037488
39,1,720.5431660592607,1149.225355628797
40,1,705.0607186986584,1150.2043943924004
41,1,706.7667378221486,1161.3384881753664
42,1,708.4727569456388,1172.4725819583323
43,1,697.5453191672801,1172.9733447596163
44,1,688.6173830460405,1184.9067287612884
45,1,655.0160100316886,1184.3624234947088
46,1,646.1691826755388,1185.7521392626127
47,1,606.4332989802581,1177.1609056832433
48,1,616.0162519635364,1180.5857893249874
49,1,596.4942050723026,1188.4067820675805
50,1,594.2741631817897,1193.0743824786862
51,1,588.9234743728792,1198.3899421824929
52,1,587.8263446674906,1197.4757311992207
53,1,580.9020973000844,1198.2650293544027
54,1,571.3438780478314,1200.1887759516183
55,1,547.3591862929422,1195.8446492261135
56,1,530.2990414131576,1184.7868825473308
57,1,509.81361476320217,1179.370578297824
58,1,508.50147947662055,1178.9985603036284
59,1,505.9474489035816,1179.58484206653
60,1,505.6605820265154,1180.8762522695345
61,1,504.2237782301643,1179.3661513650866
62,1,502.17623843994926,1173.5851997620903
63,1,484.18244908189456,1156.8071614306116
64,1,471.64092670996945,1145.7248830577641
65,1,459.4264324576009,1132.0980780095567
66,1,455.26865303555536,1131.2236305598913
67,1,461.1122610214025,1119.8769039624044
68,1,462.2794861135357,1113.6944964019422
69,1,458.919809646518,1099.8260508877938
70,1,456.26047410444204,1095.0852349039303
71,1,467.9909218562783,1089.2797769525926
72,1,468.60698238650747,1085.67629156993
73,1,482.4349133903465,1059.1156220283997
74,1,483.2114561870753,1066.0611462563018
75,1,482.6418232849294,1049.8882752697361
76,1,495.1221842135737,1052.5611406666308
77,1,572.2816198780104,1076.72762753418
78,1,577.2585659267066,1072.339805555429
79,1,575.2529982876217,1083.7526563694516
80,1,587.9911322608322,1083.194118028012
81,1,621.5450904248603,1097.2440510655401
82,1,616.7778234059559,1086.2580871069092
83,1,618.5990917677292,1089.5297284320043
84,1,620.127709128254,1085.0451834226549
85,1,630.2970823067822,1083.9355767768168
86,1,608.1039194207905,1078.9853438638256
87,1,633.4186447486775,1085.3841713311408
88,1,625.6575430718171,1083.2432285211269
89,1,628.4411295418784,1076.3831080329971
90,1,576.6355165500012,1027.054892324004
91,1,664.7260527300298,1060.9022221273572
92,1,670.5679709464757,1055.0557593797962
93,1,676.4098891629218,1049.2092966322352
94,1,678.5244530685518,1041.9313497430944
95,1,682.643089233962,1036.5519901826112
96,1,639.3545250838748,994.4232547294816
97,1,636.8168046755831,938.7411308071681
98,1,581.01859786905,892.1900161555118
99,1,701.442808002649,959.7816428598001
100,1,704.7564734947114,954.2178153633051
101,1,662.3467531118104,926.1832046913952
102,1,608.2655728293859,869.4024608132544
103,1,612.3006308183928,858.0727369859904
104,1,624.0508654010904,859.4780130916696
105,1,632.0894589661481,848.9016286679655
106,1,634.6601244873642,847.9723134888782
107,1,626.6650917672737,829.7373950482161
108,1,634.2541541726617,825.9278249962606
109,1,611.4681494602366,794.3964535152355
110,1,587.6662848791989,777.3711130885648
111,1,622.3656041428669,800.9465230561857
112,1,620.2784320787113,796.8619865834228
113,1,587.7027246152486,767.3351389416667
114,1,574.7430937966236,759.2818015424879
115,1,559.4225155489578,755.311336582848
116,1,557.3667684595257,757.7032650611092
117,1,555.7376851036637,765.7113435486621
118,1,548.7295088093462,761.4971109948125
119,1,525.4808552628015,769.4213365373663
120,1,490.11497438858856,756.9764526946094
121,1,482.3119641357959,780.6568792910699
122,1,479.08279364199075,788.984171311773
123,1,467.31104293943537,789.9569329682121
124,1,465.54766783990937,844.1006538411924
125,1,457.6373349511655,852.0683778039361
126,1,433.5070751536906,845.3360935997875
127,1,409.3768153562158,838.6038093956389
128,1,385.24655555874097,831.8715251914903
129,1,361.1162957612661,825.1392409873417
130,1,367.6210354366002,831.270068004954
131,1,374.12577511193433,837.4008950225663
132,1,361.584818417828,832.5122275687821
133,1,370.1040766485352,849.6855133986805
134,1,373.2986954476524,855.0311230698078
135,1,377.0184131461865,852.4947061031951
136,1,379.1756655107024,851.9035576641927
137,1,378.41629809823314,851.1405097112431
138,1,380.5222973037956,851.9109730805428
139,1,390.92358654455484,844.3087927178422
140,1,389.58724795304266,840.0247039398498
141,1,390.1135215305511,839.1328354365875
142,1,411.85761457096197,854.7786516435932
143,1,446.62402864124596,868.3325580040333
144,1,447.5541148237181,870.4705454633242
145,1,435.0581268287885,860.4775831079904
146,1,452.4420256590678,869.6032123127096
147,1,444.4887042381085,850.6096304398804
148,1,441.5439380501003,852.5366654813033
149,1,404.5645549895901,811.3614321234097
150,1,403.9329732213916,811.9683729612071
151,1,406.1033466866712,821.3337300100371
152,1,405.34662873179536,817.4748745203425
153,1,398.87183993708044,810.6216125677837
154,1,375.3631349449726,794.1200002099439
155,1,341.6133792048199,763.4224964120342
156,1,368.7255398688411,777.3187426490115
157,1,416.91401533597013,801.3807872768928
158,1,417.3422250887703,800.3638107699805
159,1,418.1600231658474,796.2940957183948
160,1,418.9417792821397,795.8038027920986
161,1,419.30120640639615,790.6128488384458
162,1,416.9656077519948,782.8586194861558
163,1,423.20905714799164,780.1148482257012
164,1,423.71702899179587,779.8414593010933
165,1,428.53872117175763,774.2683371963725
166,1,430.31880800615556,774.6305061581835
167,1,428.2746542584301,773.3536677115069
168,1,427.2369375184231,772.1126017110967
169,1,424.4617634100979,771.878010792176
170,1,423.68143705218506,771.4184574666788
171,1,426.09075221074244,773.7642187394663
172,1,422.8915263346768,771.8016406113463
173,1,425.2767826727994,775.1881639961375
174,1,424.1187503342384,774.4295866040377
175,1,419.6452439571071,774.4437154043435
176,1,410.45663521359506,767.6819038638665
177,1,407.79800484890325,766.8601977425529
178,1,398.9421912857292,759.8004524421036
179,1,418.97326565411237,774.8699267287583
180,1,423.7066739140201,778.7408993537597
181,1,424.2126304177468,774.9916439580438
182,1,420.2293623103007,770.3577792308018
183,1,420.2677973166547,770.4112135913692
184,1,420.9637911120067,769.6422200514838
185,1,421.70678833979775,769.503238221459
186,1,421.4180558567787,769.1946919084775
187,1,420.2434345458919,768.3711033193028
188,1,421.1020350923288,769.0135249613564
189,1,419.3622549638833,767.3484794292422
190,1,419.61410891496087,767.2014752821299
191,1,420.28438593306754,766.9512078982577
192,1,420.51783444262855,767.0737884007722
193,1,419.8970123677502,766.3772269605398
194,1,419.33037831428146,765.6675712035209
195,1,419.4518525849055,765.8608002796028
196,1,418.7427906257323,765.2955227221653
197,1,419.419135071882,765.196930472198
198,1,419.38541224109446,765.1087972897408
199,1,420.15696143630635,765.7397991535714
200,1,420.2747748229595,765.7487409938033
201,1,419.74362377171803,765.5905525687433
202,1,420.25413516563714,765.6760648317755
203,1,420.9269620246493,766.8974866908288
204,1,420.8775382048057,767.1688117261841
205,1,420.7630504588038,767.2893046265831
206,1,420.8714145489843,767.4982853015679
207,1,421.64994708714585,767.580405396357
208,1,421.8571832109539,767.8093236990529
209,1,422.5673885689987,767.5062511045315
210,1,422.40050603092743,767.4011034515344
1,3,581.5953559949506,1294.5928156616646
2,3,581.5953559949506,1294.5928156616646
3,3,585.3610224436595,1291.369552784528
4,3,587.5810557300425,1288.8462757827576
5,3,591.3688505421957,1289.0136625421824
6,3,594.88552813497,1287.4882807228112
7,3,594.5007449136618,1284.5997966658506
8,3,594.5175228752262,1282.4587093919993
9,3,586.3966056551332,1274.313547064357
10,3,592.9024286516918,1273.6950849100708
11,3,586.6683637629526,1262.0709256188786
12,3,580.9349938393156,1259.337175033504
13,3,588.8214378546661,1262.9936837697792
14,3,590.6169692493293,1261.3439974475134
15,3,591.3860126183573,1257.835374562257
16,3,592.0556623376473,1245.5185181903898
17,3,598.6904052374073,1241.1594268018016
18,3,596.7396527319714,1236.7042409833798
19,3,604.8677463466147,1234.883058963047
20,3,604.4817796860474,1231.8283005774215
21,3,607.1378112492586,1232.5955624527382
22,3,604.4748281744181,1233.9683955581197
23,3,596.4033833108554,1241.9689913269528
24,3,596.8636997553293,1242.8231743017259
25,3,591.9801406785284,1250.5228629404826
26,3,592.802965045199,1249.1182062004282
27,3,591.7345098059013,1253.8313082991517
28,3,593.7728994779308,1252.2887577126733
29,3,586.0039112079427,1261.0561842584552
30,3,576.5896666690527,1274.8510365845884
31,3,533.5751319032736,1276.2970343395446
32,3,578.5623592223144,1303.9180497647003
33,3,572.6168662436687,1307.2183755018434
34,3,570.5770843341949,1309.0910080874362
35,3,567.6598601273453,1316.5590216892451
36,3,567.4378074845105,1317.0819467409071
37,3,557.7201937662542,1316.2950548415956
38,3,554.8566975425705,1319.7892676835113
39,3,538.513073095909,1330.100271025332
40,3,529.3080020597562,1330.216166229549
41,3,524.7111002794164,1332.0722896066331
42,3,525.4890144069017,1333.9703778084713
43,3,518.5050838057225,1333.393200820532
44,3,516.5143436917447,1329.925235661316
45,3,516.3693337369776,1330.58084160439
46,3,515.4707902153523,1328.4800959309755
47,3,504.8014344372961,1325.5277045676212
48,3,505.1996233529129,1323.5815222006268
49,3,505.7120914059806,1322.1868147666373
50,3,503.1005362993908,1321.3686707300408
51,3,492.04467329886114,1313.076046013829
52,3,489.2931896940294,1306.444934294635
53,3,494.3920888703923,1300.815514360427
54,3,488.645699027937,1302.0829162764019
55,3,476.5918017367299,1301.8872979240502
56,3,470.12943345663786,1295.526981369216
57,3,488.6321945521672,1278.790014115791
58,3,473.3980585977676,1268.2336122375889
59,3,445.00784992836896,1253.9458529965293
60,3,427.7149762158944,1242.9430470054137
61,3,462.14566448303333,1262.3276650735716
62,3,488.193425312083,1276.7466989203863
63,3,514.2411861411326,1291.1657327672008
64,3,488.3852388143235,1277.596007976674
65,3,469.42981868085343,1266.799534890019
66,3,461.264304016348,1258.4675028410238
67,3,456.42288147313997,1252.9810348914714
68,3,456.66026685083824,1247.0134321218188
69,3,447.46038957500224,1234.076946827232
70,3,418.65872739029186,1214.321828036639
71,3,411.2786045449052,1197.8860309932581
72,3,409.0323674545232,1187.5624200693835
73,3,411.7885315277147,1177.6362931570984
74,3,412.7925583625793,1180.3210692184632
75,3,409.8090217213427,1171.033013454337
76,3,414.3274325626778,1171.0305951720284
77,3,398.80660408896165,1150.2878443514264
78,3,383.2857756152455,1129.5450935308243
79,3,375.9314364499627,1117.9761235548563
80,3,364.82126505789233,1109.675940185424
81,3,371.0659066978998,1104.004959704084
82,3,359.1727733422218,1092.7717222644867
83,3,350.8899985837835,1078.0182669266283
84,3,341.4711539023182,1068.793573659772
85,3,333.3959406272398,1057.453165975858
86,3,326.6920808078835,1051.2086517509647
87,3,350.3493034065484,1061.4060114475963
88,3,304.8611256866993,1026.8161061289688
89,3,316.3399066102124,1019.1227739018765
90,3,316.6017155500787,1011.2192399708753
91,3,325.15647448282346,1004.9151485287235
92,3,325.5653889793583,1001.1319409304193
93,3,331.3551784593088,983.9547387089955
94,3,331.90997643891365,977.899960538947
95,3,336.64720996947267,970.2277045954604
96,3,337.9673910494618,970.0177315376511
97,3,337.5670562147596,968.2991348673603
98,3,333.28881183853815,961.5725270016956
99,3,313.2083715476443,935.3889296616101
100,3,304.22159470988294,925.662445936176
101,3,308.8976375263754,921.2786647767283
102,3,300.5674198056107,916.864815655182
103,3,287.7606170102677,900.2841086559696
104,3,294.6605365047607,891.7144411792427
105,3,301.5667555826683,890.1947756973397
106,3,304.3387284084643,890.4264652562055
107,3,302.7393144211684,888.2703454127885
108,3,302.4874966344731,888.3770393467271
109,3,313.148559892643,888.9231939874264
110,3,309.22262137310395,892.8302641034984
111,3,294.40044648565214,881.5913060192562
112,3,290.47020435708555,889.2349788648254
113,3,309.86944866742954,904.1071272584556
114,3,299.60620572695984,900.5690651675485
115,3,307.7510707524272,930.0548395239368
116,3,318.1216298966699,939.7669897636221
117,3,327.3669728332416,943.4050576773791
118,3,338.1347362518717,957.3386731246202
119,3,349.23240208351433,964.7545354745941
120,3,349.97281766886124,965.2612581340181
121,3,351.9114029595842,969.7062484352107
122,3,349.5462383483872,974.6424162070605
123,3,346.23073613221726,994.46554735448
124,3,339.748672394392,998.398354962448
125,3,332.76099933941106,1010.0890194297534
126,3,333.8886478735784,1015.5149872942148
127,3,326.4062958900891,1033.8358765057899
128,3,323.39365876048515,1042.4255960633523
129,3,316.1049311666475,1052.430915473095
130,3,314.77653173942144,1053.7452320037246
131,3,315.9482279334658,1061.5481757490606
132,3,315.12043445642536,1071.5204942813602
133,3,306.0501667998099,1081.0179683730662
134,3,298.58473665774227,1091.4802435011632
135,3,282.8259697969493,1101.9816193276765
136,3,279.47851534748463,1107.9342072519555
137,3,249.80861353905732,1108.3407996880046
138,3,260.8245981777994,1121.7662128844383
139,3,250.36486813246722,1124.3119913757546
140,3,239.98610456964408,1115.0397459226524
141,3,238.7166331067976,1110.3416714122322
142,3,243.96631043081857,1098.4580069322874
143,3,247.60339920737235,1092.3188582691166
144,3,251.09395849868736,1091.2173406188047
145,3,255.78654841113485,1075.786661315012
146,3,259.0404694806105,1077.4689972790004
147,3,273.63693953019595,1082.0349726082272
148,3,288.23340957978144,1086.600947937454
149,3,302.8298796293669,1091.166923266681
150,3,317.42634967895236,1095.732898595908
151,3,332.0228197285378,1100.2988739251348
152,3,346.6192897781233,1104.8648492543616
153,3,343.3583882204725,1096.686859519583
154,3,344.1107192785283,1096.7921654915224
155,3,338.709090267422,1082.3008624415004
156,3,311.97834179748605,1060.9517891606165
157,3,316.95452553599245,1052.0272184063328
158,3,330.9456423341781,1030.108320221647
159,3,337.52977311666666,1018.643644118789
160,3,336.4733391842453,1015.0213067640199
161,3,336.75437754677074,1009.5467929599216
162,3,338.2721929291481,1005.8295213130687
163,3,339.76225019905024,997.6961319767627
164,3,338.6156314762247,994.4078319524062
165,3,339.4203237358532,987.4923109060592
166,3,327.9770616124921,963.4352428269704
167,3,336.574304601114,958.2060185543398
168,3,335.13260381807396,955.9621350785283
169,3,325.6189558407516,941.448828776961
170,3,309.54309906534735,929.3463695246511
171,3,326.3053874731747,926.300225582469
172,3,330.15878853364615,925.1510563703533
173,3,331.9527466912788,918.7958332909868
174,3,332.30261946676075,916.2138385549623
175,3,334.9729347338075,912.1862473623797
176,3,305.54419484667466,894.0353444638075
177,3,300.19733774099353,889.3212661975926
178,3,300.6733334443738,886.9252689254037
179,3,298.6543234687412,885.72259819298
180,3,296.26871488284417,883.8591904813305
181,3,296.43601978960095,878.0608313822256
182,3,292.4155958679373,875.8499265443613
183,3,295.9389594663242,872.679285891146
184,3,293.71519027072895,868.3434412734072
185,3,292.0843848056294,865.5697370388032
186,3,295.21106010561465,864.8475350343917
187,3,279.1337517842549,847.3705856617365
188,3,280.86254508620266,844.7027699821812
189,3,277.05811131171953,838.0187873484709
190,3,281.6458577917999,836.7185281701617
191,3,282.4790517305529,834.7554083384883
192,3,278.40836707099237,830.1849354798532
193,3,276.2942468504477,827.541597870129
194,3,273.64165803368167,824.1512102057222
195,3,276.01140846676753,820.5316451570258
196,3,267.520685753454,812.2905664448251
197,3,267.3750861094909,805.3015851500862
198,3,258.78927190710203,799.133800475413
199,3,257.91568022880415,794.998487646632
200,3,262.05424017893887,797.7085048311842
201,3,261.9101493359722,791.6436847583942
202,3,262.3562656023242,787.2463166695869
203,3,268.72099226202016,786.0741497260989
204,3,268.58145340533025,784.1725785789782
205,3,269.7278223725693,783.1689497288357
206,3,270.9793766628246,780.0258740501695
207,3,267.74746978860594,775.0984180982816
208,3,268.8117732708799,773.9261308450494
209,3,273.92239593615915,773.5447394696071
210,3,272.99980122014784,771.9050376537581
1,4,973.7561345628345,1033.6817398262542
2,4,973.7561345628345,1033.6817398262542
3,4,973.2563446534427,1033.5698049837445
4,4,972.6611289168,1033.1859741449377
5,4,973.02021272446,1034.1643249472681
6,4,973.3044580223982,1035.0635591625892
7,4,971.7401021417819,1034.537727041565
8,4,971.3451239301467,1035.0528126953916
9,4,961.4644640497959,1027.6601550846885
10,4,955.9351271889119,1023.8923891376965
11,4,952.5610005302257,1024.5564879897877
12,4,950.7508495704935,1024.8086010371023
13,4,952.9503035924187,1030.2622228374596
14,4,949.3808279329348,1028.7333011264527
15,4,958.5440652747682,1046.2818310700582
16,4,956.4455519300286,1050.4517213589183
17,4,952.8485607347401,1062.0002949911207
18,4,951.9697315054095,1063.5677366816376
19,4,947.9485263319929,1069.5824253664055
20,4,945.5389401688766,1067.1020835494064
21,4,944.6388180540766,1067.003180267322
22,4,939.917119549494,1072.1075791285955
23,4,937.3479552055597,1076.4929187842772
24,4,935.216875212778,1080.0580593430218
25,4,932.7905089985167,1086.7142062942344
26,4,930.0404986194061,1089.9152624770109
27,4,928.5726536410851,1089.5226890763877
28,4,921.1771442304955,1090.071770607723
29,4,908.628675344224,1105.9136224896606
30,4,900.7649294409587,1117.44545183037
31,4,881.0777670097283,1148.6933906963536
32,4,886.5443648206591,1144.302633544862
33,4,873.0632821057892,1147.052242662909
34,4,860.3282254561043,1150.0720212801532
35,4,811.3591997788333,1140.316631934391
36,4,801.8448838844746,1150.3193341995789
37,4,789.0723100781985,1160.7402207153505
38,4,782.0757206142241,1167.9201941845106
39,4,751.2271803773403,1176.7775236833218
40,4,742.7214108260583,1186.904709846769
41,4,740.9694817476677,1190.92588119098
42,4,731.8904828545716,1208.8568342418914
43,4,725.0030397610636,1219.2260764064
44,4,721.0154776695992,1223.3942806182008
45,4,682.2354579683738,1221.1014479056078
46,4,669.8757398240308,1222.2908426228898
47,4,625.2937974682904,1217.1201941168943
48,4,621.3771495023459,1230.2733660763047
49,4,615.4857629872441,1250.7654700358594
50,4,613.4696772875145,1253.240352020533
51,4,608.9825656112614,1259.675008947096
52,4,608.5885752706064,1263.4102478791617
53,4,548.6101181214311,1250.198970202415
54,4,540.3996701161501,1250.9912509061753
55,4,528.8348407235345,1251.7140017284812
56,4,545.8758374148847,1269.9931651156774
57,4,543.7017889749072,1274.0114939258676
58,4,545.5713781993339,1272.0178609921115
59,4,545.6488317840091,1273.0082198570108
60,4,544.713314208987,1272.887721352932
61,4,543.7887776974527,1271.299362706124
62,4,540.2656166372186,1268.9402942476108
63,4,501.73047590334176,1245.7200849418134
64,4,501.8528479629013,1240.8731279145875
65,4,548.8805643769676,1254.0822212053329
66,4,525.073025231584,1248.297609697155
67,4,552.6446655499446,1257.8701496720325
68,4,553.288526240352,1252.4502734788123
69,4,548.1708232257515,1241.121533676605
70,4,522.7131157540352,1229.5315731949656
71,4,515.9444927432125,1220.1371044488446
72,4,515.3130417176243,1218.5767413046467
73,4,511.46095634626306,1206.3503736186433
74,4,505.0239690643336,1204.0313674445247
75,4,500.9579001686222,1194.1490675805437
76,4,484.8145303764669,1183.8680998418072
77,4,459.2210874516977,1174.7608923731434
78,4,445.9442172344542,1175.914678903844
79,4,444.3264838916272,1168.3162892928085
80,4,443.90856603942376,1165.6596640359983
81,4,442.5785205218348,1163.2954344574432
82,4,435.3091363755801,1157.981328474089
83,4,398.81841759079657,1141.2827701116414
84,4,396.9276532947755,1137.666239932575
85,4,392.9092592895511,1137.6996729375323
86,4,390.52569778589714,1137.4313576521508
87,4,385.78600091245534,1132.8741937611742
88,4,389.20150830311775,1134.3798099662106
89,4,387.1338684589739,1135.4295766890548
90,4,385.75254818503,1134.586142866296
91,4,372.7510669520723,1132.412681929922
92,4,370.8556495390565,1129.725170944807
93,4,360.2928367979809,1126.1202741425373
94,4,358.3983477716314,1125.0063671997048
95,4,356.84878089335757,1124.7527305887274
96,4,354.6521427616734,1123.5877708092112
97,4,346.61937534430626,1119.3573388688624
98,4,344.86953870241877,1118.6824395593615
99,4,337.95690165409786,1116.7392647168658
100,4,338.47778033613383,1116.7999501865568
101,4,334.5609253823856,1115.7465557102096
102,4,334.4324015709533,1115.6678368229022
103,4,332.9516297876885,1114.8074477778355
104,4,332.6183791606282,1114.6137680735471
105,4,331.6374289549881,1114.7211307464434
106,4,331.71810651226616,1115.5964927942935
107,4,330.49970874549183,1116.596101098321
108,4,330.63584011851464,1117.4187921853006
109,4,330.9971279835582,1121.956625564029
110,4,332.4299404013848,1125.056963047044
111,4,330.85945868209154,1128.3856242220556
112,4,328.7688291584366,1130.9860010507202
113,4,325.4728902280794,1134.7621463666712
114,4,326.08518697908744,1136.2624445072106
115,4,317.05601658237447,1141.625275260153
116,4,300.2834501987977,1143.3972818501727
117,4,302.89347410628983,1155.4992479213622
118,4,307.92392774735447,1161.1863231940963
119,4,310.8765533560563,1175.7793551524837
120,4,308.9798768383883,1179.312368838232
121,4,302.6210741846927,1185.7986198813273
122,4,300.73893859774273,1193.7203086260251
123,4,294.6478828996746,1205.293987771224
124,4,294.3308477810263,1207.6244119438877
125,4,286.9524028484633,1208.7995260219134
126,4,289.57091831733743,1211.8519510489155
127,4,282.6251875349789,1211.1540696471911
128,4,282.01536425100494,1212.1314193657533
129,4,279.3593377750664,1211.9247481729244
130,4,281.9497674574117,1214.464055423233
131,4,287.60395983345495,1222.9469190813784
132,4,286.96401171548644,1233.9704593745835
133,4,290.1448026178962,1241.3705830086817
134,4,289.62449688385465,1239.2944231566048
135,4,293.2855957317827,1236.9064812617355
136,4,294.0762244618968,1236.6109198370664
137,4,303.5771001147716,1229.4934086320818
138,4,307.08325947257265,1227.6933810359055
139,4,305.24106443605496,1222.068274266782
140,4,307.9195500059719,1223.2630876837986
141,4,312.76910955156546,1214.1884444568825
142,4,325.3132399164832,1215.281729744466
143,4,356.1536311919297,1206.8179805732193
144,4,358.0710366259459,1202.5177264851893
145,4,376.187480779966,1176.6476645497671
146,4,387.9905457286416,1157.4797264041358
147,4,384.37573344192054,1152.4888665258086
148,4,393.8320378857201,1156.5089376846329
149,4,404.65782863259324,1140.464201742749
150,4,392.86555029840844,1128.1624345201835
151,4,409.8403909160513,1122.036748294814
152,4,409.6516285321493,1117.0257660840673
153,4,421.85965139393534,1104.3383774515626
154,4,428.23408979718397,1094.700306323573
155,4,433.704458985337,1077.4623701076903
156,4,437.11269540084527,1073.740824829455
157,4,448.70270391331456,1071.3371383628148
158,4,459.91248853933905,1073.792543669481
159,4,470.6594738944897,1051.9788351827983
160,4,470.67301427406227,1043.9213178529785
161,4,467.3911321382625,1034.5648600712655
162,4,474.4783892167194,1033.0294810585979
163,4,485.21420617559374,1029.6391420142547
164,4,486.8159765157649,1021.3068838027812
165,4,495.7622914609904,1007.389862994674
166,4,504.73433955612,1000.0217978593663
167,4,523.549127742076,993.1656755619426
168,4,520.4724559354902,983.9241523903195
169,4,523.152881107551,970.369634450946
170,4,521.7410089299761,964.1860647872402
171,4,529.6420171961317,948.0225134516045
172,4,540.6248082697891,938.9441475428243
173,4,554.8551518893728,929.2888084425183
174,4,545.2669939083139,921.5403085546776
175,4,556.3954421914135,910.6710188363114
176,4,560.6528486232232,905.3406965018312
177,4,560.5329554678232,893.2320097589102
178,4,563.9193116173406,885.4044227204859
179,4,572.4752979701173,866.1382934314012
180,4,574.7283591100941,864.8339861968861
181,4,574.9867198407277,846.6997240067187
182,4,573.3496288131649,839.884533228502
183,4,559.9143477019276,813.1988984864047
184,4,558.1512635115673,804.3999336238653
185,4,563.9588672663364,796.7474673254001
186,4,563.209013066112,790.0188515888237
187,4,562.1249428017484,775.0691055566151
188,4,558.7116115982433,766.5262120141056
189,4,536.3410831074043,737.2520390375275
190,4,536.3867956950689,735.801962387246
191,4,522.9100723321665,718.4664303538406
192,4,520.7198064294633,717.6095697997023
193,4,518.4132896214217,712.3075500086612
194,4,517.1002484612137,709.6806114887177
195,4,493.4809302285576,688.6744449904118
196,4,471.12215691549727,667.7881888469683
197,4,464.74886264568516,659.5103914665473
198,4,460.90273808382403,656.0628924522863
199,4,461.63525773382577,657.5735476464282
200,4,458.89349875151083,657.393913936588
201,4,448.7602336964713,653.4091776506568
202,4,424.9244861041864,634.7415864636707
203,4,394.8627062213429,612.1991504089159
204,4,391.55362627310996,610.299007471318
205,4,389.0707144960062,612.1571403748487
206,4,378.49590005687315,605.3682297517811
207,4,349.6234394685744,584.5815726004473
208,4,350.46684097374265,591.0179074343432
209,4,331.92225910341256,584.2434399086329
210,4,328.3470672758538,581.7472207574629
1,5,622.3748675104488,1389.1126550175643
2,5,622.3748675104488,1389.1126550175643
3,5,623.9961511999061,1386.386966410091
4,5,624.0854663812542,1384.9279832059717
5,5,628.5044165721555,1377.1291649929647
6,5,630.0728454430526,1372.7051952232991
7,5,634.991313966902,1364.4663762835396
8,5,638.641536056831,1361.7680698738395
9,5,645.0976305653326,1349.5310203895338
10,5,644.3548039135968,1347.53781846527
11,5,649.6711163498481,1342.511640922485
12,5,649.3706817209234,1338.8491851423778
13,5,655.591582129483,1336.873224413184
14,5,653.7252895836223,1337.3354139777866
15,5,643.261969056251,1329.3031868801909
16,5,646.776105904674,1328.0945650663066
17,5,657.0917013862581,1326.0703893988946
18,5,666.5987508254715,1329.1270529591368
19,5,679.2205170131142,1327.8048686844268
20,5,684.1026175001718,1331.0856764898087
21,5,700.6192885254815,1341.7338597196015
22,5,702.726775490264,1343.7840588700205
23,5,702.2760697921365,1346.025760451763
24,5,699.3148638230253,1354.4692109752316
25,5,692.7373861867243,1364.1077466983277
26,5,692.7953128791667,1370.7596498376463
27,5,700.4314070753168,1383.3034756205125
28,5,701.0769113174243,1386.7333255023289
29,5,696.0840019148964,1396.2339684556148
30,5,693.0560950875464,1401.6086641247637
31,5,684.6772666060705,1410.3734698351361
32,5,682.0045337378887,1416.4739124897972
33,5,668.341335808282,1416.5657875112122
34,5,662.7975987417194,1416.811118101545
35,5,646.0362037417701,1415.8174325979328
36,5,638.15053649537,1414.2047873676786
37,5,619.3936559853316,1411.2751034487608
38,5,615.1827089100307,1412.4546655701283
39,5,611.2906673404862,1421.3518146827894
40,5,609.4350301934393,1424.0984566539717
41,5,604.5131774447374,1427.3163052907173
42,5,604.5662449131272,1428.3351019431925
43,5,603.4119799772967,1431.7662412701452
44,5,603.2649910637895,1431.7291981790213
45,5,602.6906992133963,1431.5971352561403
46,5,603.4993346930033,1431.4256650329567
47,5,605.197971476883,1431.7095344263432
48,5,606.3666640344026,1431.6781395263856
49,5,605.9432939732876,1429.1613525420196
50,5,605.824774472314,1428.042729595809
51,5,605.8863404498702,1426.4228893708355
52,5,605.5091699289641,1425.5899698769
53,5,603.2233907652791,1424.2488201444585
54,5,603.3243627061114,1424.651102065694
55,5,599.2043567809375,1422.3843822516067
56,5,602.6228020867329,1419.9558685229572
57,5,602.9849524832881,1417.4159049953826
58,5,602.5339973963071,1414.57837301866
59,5,612.1498433374695,1401.9171460296513
60,5,612.31379770069,1403.2808947507795
61,5,629.2034317449771,1376.1393331808395
62,5,642.7902875295774,1358.5819665837782
63,5,640.9110968839568,1361.8453076756466
64,5,652.5735518271588,1345.0273911301972
65,5,651.8890167180404,1335.8031167033864
66,5,631.3885611444358,1304.6051074984186
67,5,639.965538576853,1281.9259059387123
68,5,616.1066366132619,1268.180048189236
69,5,648.6121543053165,1269.7303663956018
70,5,682.3974490638733,1268.8194625478945
71,5,707.1406405609008,1271.4542759171077
72,5,706.4703317518363,1268.2389576936885
73,5,712.075526441742,1263.3642420771566
74,5,713.7541686948018,1261.0637707747808
75,5,721.0711342872415,1249.1538146506668
76,5,721.6142884708013,1243.586826248347
77,5,720.0439236957318,1239.4426459779636
78,5,721.2136036068454,1239.4004995060839
79,5,726.5201105016858,1238.7204595797705
80,5,731.3887512776502,1235.2577715361012
81,5,739.9412578247767,1229.507354340539
82,5,743.8828266902764,1228.6812157928869
83,5,744.4593495881314,1222.1921548068726
84,5,746.8704482161173,1222.8729500778668
85,5,741.736185504563,1200.9570864538928
86,5,753.04322443555,1182.1846454730598
87,5,746.3013029304851,1167.140160389654
88,5,764.9127222084855,1157.7544955987644
89,5,771.1245040752868,1143.6013755634551
90,5,770.7783654930485,1136.676843025406
91,5,742.6863624213511,1089.0413492908372
92,5,718.8959215380684,1081.8230031009766
93,5,754.4876991313948,1058.458407146914
94,5,758.4009550144457,1052.7416954325927
95,5,728.7395436108203,1016.4244642999226
96,5,726.212221144747,1000.7294181816177
97,5,731.2276232613652,988.9804685139304
98,5,732.9457584326005,981.5736990668569
99,5,733.9412785574492,956.5937594158295
100,5,731.3226522177948,934.4238439486575
101,5,703.3012492019669,895.703168389782
102,5,696.7975473402215,881.483996910847
103,5,696.8440658598588,875.1435911756989
104,5,705.6315901408644,861.5956854395753
105,5,704.1507432789193,849.2681159333175
106,5,700.2210205091922,844.9830711311445
107,5,702.7900486230237,846.622988970536
108,5,697.3145022372935,847.4082677736991
109,5,681.3850572860001,850.8943103351679
110,5,677.6540465556806,853.5363255146171
111,5,659.816664104364,876.1027692504448
112,5,657.2205585986605,878.2008426944719
113,5,657.535402133595,882.1615045858271
114,5,656.1739818387931,880.1308664821445
115,5,648.1752439765802,895.3971169172144
116,5,639.6236993653856,892.8971068437997
117,5,582.964432375751,868.6844901334238
118,5,577.0761995714918,868.1988487675725
119,5,563.8339369962916,867.3590996490963
120,5,554.4370139453798,874.1933047644955
121,5,549.2581887348724,878.5138800425876
122,5,513.5580271973392,857.6702665852227
123,5,482.3684048354994,845.8660135185617
124,5,469.8129872283125,808.1036260891584
125,5,459.99132667620427,807.3558182452324
126,5,456.96822744493676,854.7100870966291
127,5,441.58749140138764,852.5461636345078
128,5,434.9100696313413,849.151250322488
129,5,403.8374601602598,849.8484025824393
130,5,398.54982094350447,851.0718889031965
131,5,386.6345417155784,847.2031949083737
132,5,374.7192624876523,843.3345009135508
133,5,311.11316933340106,810.5996145254012
134,5,247.5070761791498,777.8647281372517
135,5,183.90098302489852,745.1298417491022
136,5,183.26355721810862,756.4778432849133
137,5,232.4899676061209,796.3127789512907
138,5,238.2952574485961,804.9372064029717
139,5,220.73811453479826,787.9176050761245
140,5,229.6219540616274,793.1972283572854
141,5,245.89844863918154,802.7748939987428
142,5,243.41869905159737,800.1253986435316
143,5,246.32557204635987,797.1504987516048
144,5,251.9823562034706,799.3075715083513
145,5,258.96398059394477,789.6047178309394
146,5,263.27485823248117,789.1769311809649
147,5,312.2434354529591,820.5461718366092
148,5,327.4171460432079,827.4628573072744
149,5,358.62772973454054,841.3900667665732
150,5,359.46889438013926,839.4499378510334
151,5,364.705702825183,838.3015685558286
152,5,355.632584919981,831.8991672235785
153,5,366.1061608488967,829.9568999881042
154,5,367.098366132572,828.0637724293764
155,5,360.46470302211884,817.5198360970628
156,5,364.55053202061254,818.3442524231258
157,5,357.80366159197024,805.2021517755003
158,5,360.7801298877093,801.7025843627237
159,5,361.0889732808503,795.9340518591607
160,5,360.28269484187734,793.2693541542918
161,5,354.1829204611881,779.5763132169197
162,5,355.97783655638983,779.527005082313
163,5,354.22917862847453,775.1253187548317
164,5,355.182208232114,775.0006850524599
165,5,348.05511860454743,766.9797753305339
166,5,354.6203773742347,768.1096542501283
167,5,356.856446984018,768.3865413462004
168,5,355.8251740204172,764.1542005497721
169,5,351.0842273479463,757.6299793577255
170,5,348.82612271348745,756.122697042965
171,5,349.63632088512526,753.2382537429435
172,5,335.4472158334818,740.672303188084
173,5,340.2690367505169,743.2304781253307
174,5,345.090857667552,745.7886530625775
175,5,349.912678584587,748.3468279998242
176,5,354.7344995016221,750.905002937071
177,5,359.5563204186572,753.4631778743177
178,5,361.00399817111247,757.085615858082
179,5,368.9366312714737,759.2142665395514
180,5,370.17592995645157,760.1903788450223
181,5,368.0811888351343,760.282431691883
182,5,363.03289408796155,757.8162904030997
183,5,361.8427154368563,758.747814404173
184,5,363.58348897125495,760.4690363041934
185,5,365.52271884395617,763.716611078385
186,5,368.32162635376915,765.8538522307373
187,5,371.96280326512294,767.3907587929967
188,5,371.85533051863547,767.7870385005655
189,5,365.28035172020805,763.6551458167528
190,5,364.5875031938154,763.0572761416664
191,5,365.29527614338144,764.1750745154783
192,5,364.6130198251288,764.5246318499035
193,5,362.5290461029042,764.7210118259937
194,5,362.448848736362,764.8774066119227
195,5,359.87768330997676,763.7040898217898
196,5,362.30990348704535,765.5296333880794
197,5,355.25851296839625,761.8647667173922
198,5,355.2390192810608,762.2339133467025
199,5,353.4775160573094,762.2283714775518
200,5,352.818263220823,761.7909194561004
201,5,353.35765227564866,763.1383678438629
202,5,354.7214530967961,763.9581384843118
203,5,356.62897451465017,764.4710604494193
204,5,358.63509103445807,766.0601937484272
205,5,363.57809158495763,769.7277080021821
206,5,365.3791942561646,769.6827424506436
207,5,364.83113916273646,766.2285365011468
208,5,365.69465668825677,766.324036845679
209,5,370.6910212022371,768.7966342138434
210,5,371.14281762330256,769.2984637582441
1,6,607.2570943175075,111.39625557403787
2,6,607.2570943175075,111.39625557403787
3,6,607.6312450934553,112.1287389467947
4,6,607.833540851765,112.34311966318278
5,6,607.097742054637,111.86992024467908
6,6,607.0281219641336,111.95043004251009
7,6,607.4263486386045,112.79700950078015
8,6,607.1264865564402,112.30522704254979
9,6,605.7781405146759,111.17355846766263
10,6,605.5259904857762,110.77596615377041
11,6,605.5259715843882,110.79691363550278
12,6,605.4757272982162,110.91239141551598
13,6,604.8787371431805,109.97139152998977
14,6,605.3823074208461,110.89331400319833
15,6,604.7604421701747,110.65419179471282
16,6,604.8419211549561,110.79559870378012
17,6,604.794975849696,110.72695986212523
18,6,605.1155484675046,111.26355442704786
19,6,605.4298322733907,111.9738979732253
20,6,605.2540598833006,111.73126419943027
21,6,605.7801216675289,112.58950559556784
22,6,605.3822642146167,112.03384243098644
23,6,605.7984546096253,112.84031045036897
24,6,606.389751849343,113.42169051017899
25,6,606.3448450130874,114.49606073436759
26,6,604.2115717287924,111.76827284092921
27,6,604.8305859850143,112.73869274531239
28,6,605.6183803726116,113.90067823120633
29,6,606.7415023806955,116.99428576167612
30,6,606.867613600818,117.4045052297068
31,6,605.9147807748336,116.49426530659116
32,6,606.8945863402288,117.74539282944042
33,6,608.7593843650754,121.03700908429958
34,6,604.4857003215099,114.85575825103616
35,6,609.9140592654671,125.58477756440486
36,6,607.9653452666009,122.38399550781816
37,6,606.9850614484868,121.49071842188863
38,6,607.3202935424173,121.85213213116803
39,6,606.3228318589715,122.94175730845338
40,6,605.8475460747125,122.22829387997956
41,6,608.5132253399345,126.52861495406239
42,6,608.7555485592203,126.7729182131621
43,6,607.6479785666669,125.00204640243486
44,6,607.9180444830404,125.3047142029653
45,6,609.5598813197812,128.25632225095745
46,6,608.482400403279,127.51025023082835
47,6,608.1854296193094,127.80663340789857
48,6,608.0054368787642,127.80864102398351
49,6,610.1402820369809,129.99135591336056
50,6,609.0655148240767,128.40448666859845
51,6,606.5981069630346,125.99003455592239
52,6,606.9567154762,128.71380097461167
53,6,607.2164772379493,129.18848810870213
54,6,607.1807381124362,129.9340780575924
55,6,605.8597997205192,128.71435129953832
56,6,605.4826354638701,128.3484264392217
57,6,604.9544244786084,128.513444525152
58,6,604.2460686686678,128.6095498638725
59,6,601.9677836472578,127.3253068408078
60,6,602.1863561305622,127.54109092204666
61,6,601.2246814800577,126.79699204173839
62,6,601.1559326140178,126.83356605801514
63,6,600.6468813017082,126.46874501711822
64,6,600.7252912612579,126.18836050165523
65,6,600.3537437453604,126.12388777025689
66,6,600.3754670900653,126.30397019653816
67,6,600.3290654405358,126.06154577736658
68,6,600.4365678914738,126.04906389345079
69,6,602.3995531578977,128.36588133617826
70,6,602.4936888169763,128.50068881150665
71,6,601.8688200544925,127.62620582073248
72,6,601.5029625536347,127.12243007255755
73,6,601.5187330195772,127.25257881558178
74,6,601.5424818427445,127.53589509181938
75,6,601.821542408517,127.83107496767082
76,6,601.2725629326468,127.98322790712032
77,6,601.4569862266798,129.23776686792436
78,6,601.4911285377701,129.4082212383875
79,6,599.746137931766,127.88399140055512
80,6,599.3346967647955,127.17734070677776
81,6,599.7097968574706,127.76454844395697
82,6,598.5203678756062,126.8336737083465
83,6,599.0393426367319,127.64985966131015
84,6,598.688667307944,127.13038275867848
85,6,598.7178568311155,127.0708063357585
86,6,598.6285840422496,126.9887409915881
87,6,598.9852043204872,127.40663048839535
88,6,598.8095461608636,127.18696582249197
89,6,600.1633288248582,130.48071882584165
90,6,600.2439401118171,130.5573038585826
91,6,600.1929553371922,130.47752614978415
92,6,600.2192519549028,131.11273001262072
93,6,600.2047915289071,131.1762086055739
94,6,600.0842613363369,131.8989785618874
95,6,601.1247351594361,134.37507951417862
96,6,600.4117656916336,133.97487513657572
97,6,598.5304611991362,133.32013030523683
98,6,604.7613554058129,143.88382633918627
99,6,617.5859754448571,162.01418597318496
100,6,616.4498428718339,163.3279767783675
101,6,619.2662561285953,171.4834482864178
102,6,613.3495891202051,165.96283051373814
103,6,609.9555849011417,166.84107712906697
104,6,601.7922022161127,164.55157290475327
105,6,566.547575822041,132.25948525174417
106,6,535.9325806369889,116.52897394148302
107,6,532.917280904468,130.82992567832162
108,6,532.005297027038,132.639050667112
109,6,512.5721354145927,121.40043747424035
110,6,498.4614483919115,106.93143516924306
111,6,446.30614129785977,75.02935153847812
112,6,464.6687951208882,103.02713057962323
113,6,466.4338920547321,132.07001357529205
114,6,462.839066994,139.99475895597004
115,6,442.60066499106364,141.24350687725095
116,6,383.1709518449375,74.13109253200393
117,6,372.5410728044538,78.50717885382807
118,6,381.2538690922296,101.84222362568492
119,6,355.4197630217383,103.76441260919225
120,6,352.9518955374217,109.08601917070474
121,6,326.53721074915717,105.20472590985388
122,6,318.6813413107586,108.09433290061449
123,6,302.96589456490057,105.19364535103955
124,6,293.090734044865,99.43649591812324
125,6,292.86268371405737,111.10068660291451
126,6,277.68346865511717,108.25594119064968
127,6,284.8028043313465,124.0922267437132
128,6,286.179717995329,127.69887900287029
129,6,278.87383761208093,124.25072754910441
130,6,276.97377088409513,122.38483680850769
131,6,272.9054335982587,120.15223974134591
132,6,268.9757567367577,117.83549349675862
133,6,263.8317441631483,112.74568210088059
134,6,262.7887306395773,111.04392164172585
135,6,265.2641460532302,112.69226071788994
136,6,266.0730548868813,113.30394887111501
137,6,265.32041761501256,112.42305573431153
138,6,264.4409992255031,111.1236970540743
139,6,270.1920327739973,114.06832124633925
140,6,270.43660723784177,113.25805230750434
141,6,270.69158067784804,110.54034117809141
142,6,267.6841731435533,106.45557449078933
143,6,271.2451566092831,108.20716283936994
144,6,274.2898432149522,108.57077935839685
145,6,271.9125120192131,105.49302238808048
146,6,270.42472029642335,103.32174338346702
147,6,270.7154012407667,104.21310435724375
148,6,271.0739689309894,104.70006403782583
149,6,267.88507992443056,100.48875257773243
150,6,268.32535392511005,101.17382785662164
151,6,265.24974077049063,98.85225974922764
152,6,270.65353051009095,105.71739953542404
153,6,272.5842752265797,110.92444642596018
154,6,271.0249976724937,110.8666577960903
155,6,268.50925502366374,111.62164395123351
156,6,265.2420449071907,108.32351255241686
157,6,269.69578551528383,114.10817168019952
158,6,269.4075184146265,113.07429550836429
159,6,274.32772924834165,119.29404399263449
160,6,273.49510002885296,117.95264973586255
161,6,278.14729079224094,120.58479982210113
162,6,273.2348580215137,115.31631704704915
163,6,271.6195634894458,115.1857568043384
164,6,271.03206027853685,112.88257608334018
165,6,271.51468370561076,112.99858913299846
166,6,275.6205566001302,112.32633219827447
167,6,278.2069152406,116.80610493518346
168,6,279.3418329371046,117.4883959218258
169,6,280.43018565966463,116.7085615345055
170,6,279.9830567838912,115.62426021818209
171,6,278.8802361668395,114.10257429910635
172,6,279.0527634402627,115.22939630098293
173,6,279.23489936551874,114.60408000963041
174,6,282.5204563122683,117.85209954603218
175,6,282.0280672267335,114.53953519728006
176,6,273.22234764055713,103.64434917041075
177,6,275.786294041649,101.66259591807884
178,6,275.6564117310939,99.93370053098504
179,6,282.13253440206654,109.73880913994756
180,6,287.98638300582934,115.12290079998678
181,6,280.61473052534734,107.22160253466586
182,6,284.97057889983836,109.9595666861087
183,6,282.12155493533413,110.30137046675351
184,6,263.6339011636797,93.00675016308963
185,6,239.08810652884367,66.66763281257828
186,6,206.63291587255333,30.373900807163913
187,6,203.68552214847244,34.754630508030964
188,6,202.26944134340278,31.120858749678856
189,6,219.04247904290105,55.66581032499821
190,6,219.34263631894487,49.22734733960026
191,6,242.0403616852241,82.7294248410665
192,6,265.6274840214143,111.69573799133259
193,6,264.0523667040065,113.95244355748382
194,6,261.4848841027668,111.3727681236188
195,6,259.70224941681755,109.82453757506235
196,6,258.3491192227164,106.80843449224685
197,6,263.6492083849243,110.519868673332
198,6,263.15417317337364,110.17971701569493
199,6,260.4299382361694,106.33864640991037
200,6,264.78031604367374,110.74341397834256
201,6,267.00630100427384,113.4457772960895
202,6,266.97701739402714,113.95804202446311
203,6,265.8541721181252,112.56317902230373
204,6,266.7004952543517,113.33359991738774
205,6,268.9962813171048,111.85776727871955
206,6,270.36271738040904,112.97740449914106
207,6,271.72507311574424,109.32932945332841
208,6,267.1619007642071,102.25116138380189
209,6,266.2988647656833,96.49579359259062
210,6,267.332207966865,95.5758643476148
1,7,554.2226757799584,423.50911501203643
2,7,554.2226757799584,423.50911501203643
3,7,554.6478132405749,423.4198403476862
4,7,553.6001577122007,422.4107947876003
5,7,555.4577873489086,425.27335765067744
6,7,556.6258816537222,425.68048455972087
7,7,554.850194848227,428.40710159387527
8,7,554.2759738104811,428.077088535836
9,7,554.604743503887,431.2370519487712
10,7,553.6838556978068,432.44902325672035
11,7,549.8066713951808,436.7931967928153
12,7,543.9588156395399,430.48802100683844
13,7,538.6720080914546,432.520976145284
14,7,538.3069350186652,433.5533665654928
15,7,535.7283071617064,442.9625618510811
16,7,532.0806248743359,444.7536836113297
17,7,526.9436210496776,447.06457737270006
18,7,525.508251601228,447.6560815111534
19,7,519.7337275115673,446.9948777528487
20,7,520.853475453637,448.7347442743708
21,7,518.854637475664,454.67017194786354
22,7,517.1318600572233,467.01988059975565
23,7,508.46376643322014,479.0934699170544
24,7,506.886293297984,481.5959971665478
25,7,507.42013751850595,494.80010441103104
26,7,502.4225472612383,499.77855894795425
27,7,491.5059413984122,517.0010318214722
28,7,487.7913448704675,519.775753808253
29,7,478.2806106835915,530.1483356453745
30,7,481.8744269022783,536.2402847346877
31,7,481.2669003683659,545.338988873464
32,7,468.0406266564305,542.9264218826779
33,7,466.9750837759697,562.2115050866053
34,7,462.160332355404,565.1444703475779
35,7,461.0144873797411,583.5373277920047
36,7,454.7083195841604,582.9567541665546
37,7,459.3294377705606,610.2748000247867
38,7,458.59481281807933,616.2739945624182
39,7,464.99115291065215,632.8830787740065
40,7,460.07913703717963,634.9264340577885
41,7,449.4916437729155,650.194713851486
42,7,442.7851685618302,656.1116017886651
43,7,438.38772877879114,676.3828761969758
44,7,438.2322821757478,683.5191362201119
45,7,443.2082675393148,697.6076115446539
46,7,444.37375829963423,698.393557349492
47,7,440.8861220897861,701.4093342353149
48,7,440.85408019025965,705.126384252772
49,7,432.20615586236937,709.5285264451486
50,7,432.6961436262712,713.3722859894339
51,7,439.92726317682707,732.6096629082572
52,7,441.20516078400556,739.7350062105697
53,7,439.7541750268953,752.0267290702199
54,7,439.24573218741625,753.6137949022345
55,7,440.8786233474666,755.8544713018332
56,7,439.50536617962064,758.0023672879763
57,7,438.67981645580414,757.605314921493
58,7,439.7499432220781,757.8227083087473
59,7,442.58254695416485,754.5494928024248
60,7,442.7828229492632,754.3428315428508
61,7,442.9526006977293,753.486556486205
62,7,443.7539853120549,754.285635307721
63,7,446.13949978978604,758.4410923794054
64,7,445.2770301563607,760.3149871385808
65,7,442.10669228043895,765.0368836441422
66,7,439.34384830698457,766.3659231606467
67,7,447.2418484382811,774.5819353006933
68,7,448.29073097585416,775.9237559484017
69,7,445.22379814451386,779.2696994178463
70,7,443.25778298762367,780.4079010603991
71,7,440.2125919175102,781.4184789454631
72,7,442.1923788426607,783.5969923575745
73,7,459.1795450182274,798.6537929563633
74,7,460.7466998932412,800.4460762736727
75,7,459.2154398004998,800.0787835133274
76,7,462.89933737184407,800.063975510461
77,7,465.11640876329494,801.1608504013128
78,7,462.8483032707315,798.4652757292029
79,7,464.31351349055353,791.7006060950214
80,7,460.3809891936222,788.2199387424984
81,7,457.43301200031476,772.464911298324
82,7,455.3228148041191,760.1311658204197
83,7,458.7123959939399,745.8306208596427
84,7,452.4735067353128,736.9820875810639
85,7,461.494835400282,739.3314948998636
86,7,460.3011868186966,728.0656010047763
87,7,466.58443088412275,725.159979483128
88,7,469.0201827185834,724.9006656596735
89,7,471.8087831223846,725.3239925936952
90,7,471.54563518601736,724.3069565380769
91,7,468.33395314385007,720.3986553969049
92,7,467.94027571100327,719.2103032476165
93,7,462.8906447216137,713.7338887744648
94,7,462.3918900026313,713.1275905462857
95,7,463.16753975053257,712.2493194383395
96,7,458.2485384344381,702.6139185821288
97,7,426.5854147090537,676.427035497394
98,7,431.1020796673306,674.5402067189835
99,7,434.72572929922154,669.0357779147315
100,7,439.0410894645854,660.328770210661
101,7,440.9901517633874,648.2539799554504
102,7,447.6458262105482,648.4490060696714
103,7,467.3975926910222,654.9793791837179
104,7,482.5472869161876,663.2136039407333
105,7,524.3387399106401,684.5030868349304
106,7,567.8392712106762,717.8885608935744
107,7,537.4185640676275,670.8523834320845
108,7,507.4137886417095,636.1629141129879
109,7,515.2338606083373,634.2358623528019
110,7,515.570766398923,635.1266870693713
111,7,515.1661147809144,630.9618060113329
112,7,517.019212601847,631.1467154583883
113,7,517.8412769320604,624.7064413115447
114,7,517.3217506661708,622.2764779088277
115,7,516.8423589489735,618.5689845653333
116,7,519.8296166795752,618.6657635401739
117,7,519.9866483902372,619.6209462049899
118,7,518.5849117465951,618.7031039453993
119,7,517.82301608683,614.7433570829949
120,7,517.6924536460632,615.8400185421605
121,7,513.9320557011993,615.0582318847214
122,7,515.463770311061,621.1447911281756
123,7,453.71650954638073,583.171037595562
124,7,457.4820264189673,588.2111785414103
125,7,454.7505423438389,602.444146586525
126,7,452.2093641613532,604.1525961831018
127,7,436.4395119597537,604.0366112912953
128,7,422.6119398714446,598.8448312160804
129,7,395.6978594521362,581.0037610208575
130,7,408.6181478678763,595.988041396916
131,7,384.9155196631886,595.901224153885
132,7,382.59232158957155,602.3583866928678
133,7,373.82522843300177,612.8008742141072
134,7,368.72253265348195,613.5448709432708
135,7,363.16410525160626,616.145538152193
136,7,352.13397583046896,622.2783400048282
137,7,343.9271275680029,629.6070219440135
138,7,339.989935557722,628.9210850432313
139,7,341.2518442070873,635.7299226061726
140,7,335.0272888656914,633.1554156758358
141,7,335.28846948501706,639.5301915620861
142,7,336.1230387620384,645.3725445237113
143,7,336.9573165289164,652.2687917080152
144,7,336.3204379265688,656.3871022044157
145,7,336.501616988269,664.0348889664392
146,7,337.3365214212652,664.2923110117038
147,7,348.7127384805552,670.8526948513326
148,7,356.02554140883325,675.252739477862
149,7,361.33181742415525,679.2528516268558
150,7,362.8399261435776,679.9512676209912
151,7,362.24487130011397,677.9534402391027
152,7,358.5889225665537,674.4445960926703
153,7,362.1182258157075,664.4167126180267
154,7,357.83320648044315,653.7698205365191
155,7,374.7386904827621,660.9044514723703
156,7,379.7911245033687,668.2684911012065
157,7,383.7315227656016,670.9535386104154
158,7,384.298678658813,669.5538781942511
159,7,388.3049554313512,667.607752423513
160,7,385.91524907145543,662.8086196966733
161,7,391.6656219217817,655.1648167010478
162,7,393.70805048082,651.4396311085874
163,7,394.6847788139705,648.3246485172565
164,7,384.79213646403315,636.0314488325696
165,7,372.77230082171417,602.2138142960475
166,7,374.85268622140205,597.4362570539349
167,7,383.01158461000864,588.2090136235081
168,7,383.28150699867183,582.5497570680012
169,7,375.14585789370614,559.7898584466773
170,7,369.2124170972211,546.8180731640812
171,7,359.74816699036654,520.9768782201007
172,7,313.793945999315,455.3447995391869
173,7,363.43537166900717,488.2327288337778
174,7,360.80794412473256,476.3170259901317
175,7,361.4425656108958,466.478248597138
176,7,351.3249068912496,441.69012233908444
177,7,342.25856149308055,414.6455538142575
178,7,338.20750045456356,399.0627233809997
179,7,341.367334667891,383.61054201434973
180,7,340.4612432113423,375.9073250695489
181,7,335.1362414713637,369.24922636206145
182,7,336.0409687162627,356.18074668727894
183,7,307.8669332626163,315.05076120158236
184,7,305.80282876562234,307.55707436859785
185,7,308.5087322703895,288.212157338749
186,7,310.7044610301658,281.9185948112648
187,7,291.8680838212811,249.98685383791124
188,7,282.692865347567,239.85574611287734
189,7,240.5677348450523,190.77504361848
190,7,236.18318584565378,194.8645407012991
191,7,235.1895532438205,177.69185314290976
192,7,231.82187293191274,167.84317447495783
193,7,232.86342043769577,167.0335487610024
194,7,228.0899875502899,163.00448853557825
195,7,223.07197947931192,159.07344584988718
196,7,220.77061064873268,155.52671475424404
197,7,218.46458287233523,153.73014533075073
198,7,215.94869123491807,150.97739805604309
199,7,194.5886796106287,127.77424721262766
200,7,193.23612773182816,124.68924008659113
201,7,196.15222496080168,127.38771207398557
202,7,192.88377150644868,124.16299091198668
203,7,195.35329911165076,125.701088039058
204,7,194.29443226138306,124.1080569148516
205,7,193.58571670783414,122.86902082683015
206,7,194.22431405034092,123.95465917216767
207,7,194.53240420828553,125.40618353768532
208,7,193.7735381794253,125.1546972195533
209,7,193.81501637429466,123.70717407577855
210,7,193.21405836578643,122.949577303481
