1,1,983.353357453408,533.7229302531854
2,1,983.353357453408,533.7229302531854
3,1,983.3178800864104,533.7348984071554
4,1,982.9311574523435,533.0659716128333
5,1,983.0161404287395,532.8654344408914
6,1,983.2439095815774,532.8244274751901
7,1,983.2987319711805,532.8082637719438
8,1,983.0736124825019,532.9421049128033
9,1,982.4112846393729,532.5881050858673
10,1,981.4346894490204,533.5513208435804
11,1,981.0868480350159,534.3011700368721
12,1,981.2679859909041,533.6680243558144
13,1,981.0147728068171,533.0978902798025
14,1,983.1589057912535,537.5521392226249
15,1,982.4249840673232,537.4707337834913
16,1,978.1361050169462,532.6111056262666
17,1,976.1654825220198,530.5543003693149
18,1,975.4195542069946,534.2359259531369
19,1,975.4897217142453,534.4871228696401
20,1,974.2861298460945,533.2938849037109
21,1,974.4787742022594,533.2798011268889
22,1,975.2139951324149,533.2424334791431
23,1,976.2828266064176,534.7771521266761
24,1,976.8706192219315,535.0293857550515
25,1,976.9935965955276,534.752401131693
26,1,978.3199623926112,536.1162425522896
27,1,978.0186536065447,532.4367765596617
28,1,974.0897584911022,517.3320279363555
29,1,978.263825591294,514.1876232795736
30,1,977.43236608162,500.55188245126027
31,1,974.0452174911934,494.7061223508519
32,1,966.176990818468,484.31664858270625
33,1,967.0639051656792,479.40007320571624
34,1,969.3517245265925,478.3229120553334
35,1,969.3055932284733,477.0831808732783
36,1,967.8675285886268,476.1256228189006
37,1,963.2388547987933,468.03372259905353
38,1,959.7901605178619,458.2517064973895
39,1,958.7365163272843,455.6942604080817
40,1,947.230445481547,432.8175842929467
41,1,945.7429771417278,429.68494074338963
42,1,941.5361059711978,417.59424129984916
43,1,942.3595281134697,416.27426249338714
44,1,935.9941427459809,405.672799134532
45,1,938.3257850418988,401.51197069533055
46,1,940.1646173203397,390.19828906148445
47,1,938.7476095451843,383.6426864474911
48,1,943.1577038429535,384.957460003984
49,1,941.3437617414527,381.2646555484712
50,1,932.4340961748672,369.11998116857023
51,1,923.2697500542544,344.0938230394751
52,1,898.8856715137863,306.033949575816
53,1,901.6654269710795,310.884589418519
54,1,898.5372307702027,316.98435903759446
55,1,894.1119114216796,317.9104406697401
56,1,841.3119019356081,246.2320349685883
57,1,827.5817176691555,233.04651609461533
58,1,807.5217364214191,252.5007087113642
59,1,807.1489378731171,262.66829766520647
60,1,799.8742188198712,269.42599197489966
61,1,757.1837244236051,217.99255543540104
62,1,615.5344860828197,86.12538880213056
63,1,697.3649598733089,227.87698339809887
64,1,703.3333731322723,260.0484700733365
65,1,698.5090997378145,257.6277335883288
66,1,694.6069022801149,281.6577170584696
67,1,660.1118598491457,258.71667445211716
68,1,623.3290286371246,244.82711565139118
69,1,586.5938923860988,217.28559836619723
70,1,589.6448477664159,256.0880965661161
71,1,599.1867524086372,275.0531443018827
72,1,585.552006190164,277.7116931750155
73,1,580.1635049256693,283.49615725832257
74,1,494.89991230868173,243.4989156504193
75,1,542.9438055957072,502.07643067801206
76,1,514.6001636724691,312.2458290944461
77,1,504.05078708612217,372.37506473528833
78,1,493.50141049977526,432.5043003761305
79,1,482.9520339134284,492.6335360169727
80,1,472.4026573270815,552.7627716578149
81,1,486.0889013950339,595.4965986496226
82,1,499.7751454629863,638.2304256414302
83,1,467.04702626691625,616.7065738507877
84,1,434.3189070708462,595.1827220601452
85,1,401.5907878747761,573.6588702695027
86,1,368.86266867870603,552.1350184788603
87,1,336.134549482636,530.6111666882177
88,1,303.40643028656586,509.0873148975752
89,1,270.6783110904958,487.5634631069327
90,1,237.95019189442576,466.03961131629023
91,1,226.87204836569833,477.0842017444003
92,1,234.1771075257892,508.995899082433
93,1,241.48216668588006,540.9075964204658
94,1,251.4218222199171,576.2227115906633
95,1,254.5434879268906,571.5229393039198
96,1,238.79604329539166,588.3481272321187
97,1,223.0485986638927,605.1733151603177
98,1,207.30115403239375,621.9985030885166
99,1,191.55370940089483,638.8236910167155
100,1,175.80626476939588,655.6488789449145
101,1,160.05882013789693,672.4740668731134
102,1,144.311375506398,689.2992548013124
103,1,128.56393087489903,706.1244427295113
104,1,112.8164862434001,722.9496306577103
105,1,97.06904161190116,739.7748185859092
106,1,81.3215969804022,756.6000065141081
107,1,65.57415234890325,773.4251944423071
108,1,49.826707717404304,790.250382370506
109,1,34.07926308590538,807.075570298705
110,1,18.331818454406424,823.9007582269039
111,1,11.155661125797025,828.2434781925376
112,1,3.9795037971876255,832.5861981581713
113,1,-3.1966535314217737,836.928918123805
114,1,-10.372810860031173,841.2716380894387
115,1,-17.548968188640572,845.6143580550726
116,1,-24.72512551724997,849.9570780207063
117,1,-31.90128284585937,854.29979798634
118,1,-39.07744017446877,858.6425179519737
119,1,-21.924307069761085,870.4591004834638
120,1,-21.67930027214011,875.2704215625103
121,1,-34.284138976738895,869.3075273816647
122,1,-24.78213217566538,872.8296140521131
123,1,-26.35325867643202,871.9259096414432
124,1,-23.80123089880714,872.961802701766
125,1,-22.135569929796258,873.4515566965354
126,1,-26.433241125365303,872.337223443401
127,1,-30.57986703358717,871.0595342212915
128,1,-38.79581563654999,864.9405974812843
129,1,-31.88639371630367,867.1619630558263
130,1,-25.767104279927164,867.1561591312416
131,1,-28.747936959687635,864.5420710076146
132,1,-20.794903210935775,865.2029996321982
133,1,-32.03030635427418,852.8010437704062
134,1,-11.179064363116234,863.7369812926428
135,1,-3.517306889952773,867.2743746534412
136,1,14.088204439991168,877.0929112101868
137,1,19.742184983696585,879.9189343392401
138,1,11.319338016621936,877.3734715931338
139,1,21.3285714948155,883.9455159875372
140,1,20.14708173269596,883.9970807549364
141,1,16.434576164217162,882.0330867414235
142,1,56.72565673623822,885.0944106158558
143,1,79.22660737624973,896.2500808059993
144,1,112.02769714580232,922.2767096153304
145,1,108.77763486332752,922.4912589289069
146,1,114.51587566395072,930.4168659734862
147,1,109.54103692600123,930.575667416134
148,1,141.6926647153558,943.1428379067775
149,1,147.98168293381693,946.4641890541982
150,1,186.8037221322554,958.6422358497194
151,1,186.72562581591748,958.6360269180667
152,1,168.5218619992089,962.8148776166116
153,1,166.15171901023058,962.9737735172215
154,1,186.0367183150928,955.5893105170863
155,1,187.16625693873186,955.684915832929
156,1,186.29138305073877,954.8282534454745
157,1,194.73816186231068,963.7437601535137
158,1,215.19245138518565,979.290053194482
159,1,225.99199302341447,983.3009830222852
160,1,230.87773064714872,984.5451377137496
161,1,230.40260213236877,986.4628968319761
162,1,239.04510792913615,980.8314214693149
163,1,240.6558419570511,978.6779858111613
164,1,243.81761713554744,985.2444564322898
165,1,247.75078504506874,989.6260437463906
166,1,258.2362362618519,992.7400036204673
167,1,267.32938546540095,990.901588513162
168,1,261.508382093133,979.1491897082599
169,1,271.47053518185004,984.6813760953769
170,1,279.5560107823772,981.0761841182272
171,1,285.52013591266297,978.1871823177565
172,1,300.0550469427598,968.327466866543
173,1,311.44175532418024,964.5329384349105
174,1,335.8190400838774,968.5142754027472
175,1,341.19388616979984,967.0808762805157
176,1,374.3443708957429,974.2075554393474
177,1,384.0909021334044,974.3550858863999
178,1,399.29870249639777,966.7147046305004
179,1,404.8406230187066,961.8011763515818
180,1,415.19353002485695,954.8459117519175
181,1,425.20877517497865,956.8243183713608
182,1,434.16479714936463,957.4786711232589
183,1,432.5067485582432,954.9002425763439
184,1,438.17704603908703,953.5644327492186
185,1,441.69229415103877,954.1181486165887
186,1,455.1787650157825,960.9972742103321
187,1,465.38216624680837,965.9498171731733
188,1,496.39228871110055,981.2994642934693
189,1,497.16177268442385,980.5671686352417
190,1,501.43523353432556,979.7188779152333
191,1,504.20980128857457,979.3590720286019
192,1,506.72382877560665,977.444104867262
193,1,502.53210792835847,971.3279147752348
194,1,502.17715312244,964.0387166041102
195,1,499.6234045885712,957.6084051059535
196,1,508.76266823826364,959.438672620957
197,1,507.9510606928333,947.5607256145839
198,1,529.1385959174015,940.8552189454784
199,1,530.0323071470915,940.8483709718079
200,1,542.3755812822219,929.6187597027467
201,1,540.6112331965599,926.7003134260706
202,1,545.9323386309869,919.9655768164894
203,1,544.7147588269373,908.1719042644262
204,1,544.6641782096156,895.7540668495207
205,1,548.1760919827856,891.0623853872027
206,1,558.5479758656011,869.900285712636
207,1,557.9589346976775,864.1169987044706
208,1,549.684381809106,845.1472082971335
209,1,549.9962449778442,840.0053489088117
210,1,531.4610036138278,807.3065236478665
211,1,533.3052108436952,800.7955016179224
212,1,537.0249694222921,792.8858788556555
213,1,536.794286758588,787.538336050043
214,1,536.7597460682608,778.2930607543856
215,1,534.6991221024841,772.8148599219671
216,1,519.1301887723761,752.0171566045904
1,2,604.4274065393469,1437.4637965599177
2,2,604.4274065393469,1437.4637965599177
3,2,604.7016079596278,1437.5323068775888
4,2,604.6096381809102,1435.4852794192404
5,2,603.1258498971149,1434.1069433885436
6,2,604.0661318478619,1431.0932770774232
7,2,604.1239001137709,1429.185050078921
8,2,605.4899785400913,1426.6202902070506
9,2,606.0267240798524,1425.695999448932
10,2,607.4737653643014,1424.2198492893774
11,2,608.2063026866907,1424.0403970217033
12,2,611.777484576502,1423.7241434505613
13,2,611.9565028477446,1423.0320510241309
14,2,611.8299768853454,1421.7571524913424
15,2,613.3757106226335,1421.327357942191
16,2,612.4594312429579,1419.9137873572859
17,2,611.8777883698805,1419.5476740811946
18,2,610.8971281522483,1418.8021106862889
19,2,611.1546982177503,1418.420140891566
20,2,611.697154924823,1418.0586600912713
21,2,612.1671799374085,1417.7283344244975
22,2,611.9045608695171,1416.8620234240534
23,2,612.0767472135316,1416.4885165613273
24,2,613.2689952390758,1416.3082837958657
25,2,613.756722363867,1416.1357859919676
26,2,613.9958344542634,1414.9387490696715
27,2,614.5365986895839,1414.3494614646515
28,2,614.9192556337463,1413.5831129135372
29,2,615.249319076411,1413.4765382433334
30,2,616.213237523679,1412.502719761258
31,2,616.3523571724305,1412.57690534786
32,2,616.2894477859281,1410.8967019174554
33,2,619.3819133309195,1407.0524838270774
34,2,621.6868784122743,1405.7965314071803
35,2,621.0812462801017,1405.0650611347544
36,2,621.7999535498162,1404.7743244912726
37,2,622.4823446560716,1405.052588821574
38,2,622.5678058957835,1404.3299492294132
39,2,622.8707388638686,1404.1762128960827
40,2,621.3786089671371,1402.620466916526
41,2,621.3085341806835,1402.4614710419078
42,2,621.4242193916677,1402.2495270261434
43,2,620.9477899412619,1402.0042573965807
44,2,621.7604199833233,1402.053366957251
45,2,622.5830723840862,1402.14101602456
46,2,622.717767666379,1401.6276791498865
47,2,622.5566281646346,1401.473742627883
48,2,622.4075383584662,1401.0004728799897
49,2,623.62924729066,1401.30396485565
50,2,619.4918987046254,1399.0995644990746
51,2,618.6635192501936,1398.4833246244668
52,2,616.2935942133522,1397.027533335423
53,2,615.1768847921406,1395.53201942381
54,2,610.5171090724211,1392.7964605931593
55,2,610.338844035748,1392.2204548582847
56,2,610.4535678674056,1391.238950622827
57,2,609.9382752490471,1390.2571035124445
58,2,611.4927542994146,1389.971698264137
59,2,610.642707899329,1389.8031882778348
60,2,609.8864640827516,1389.118259854113
61,2,610.5728210092749,1389.570304898683
62,2,609.8481696210953,1389.656120117989
63,2,608.575342247836,1389.5686099885281
64,2,604.5564754900429,1389.8595566721715
65,2,601.9072125759823,1390.0088197989828
66,2,597.5314351235514,1389.9719139054828
67,2,591.2494933114633,1387.600310507704
68,2,587.1805615729978,1383.5567696521805
69,2,590.116962547287,1382.6118365693687
70,2,593.1323176351754,1382.0348334317573
71,2,595.1108697484675,1382.0389709743456
72,2,595.4549310400629,1381.6184066088804
73,2,595.3995249905321,1381.4445899447774
74,2,597.1071253610045,1381.6841666870992
75,2,597.4854193753686,1382.7501710185184
76,2,598.7851634804432,1382.9546231457737
77,2,598.492829061311,1384.8830802449263
78,2,592.777251727701,1386.867918884054
79,2,581.8146572226315,1385.1827178056135
80,2,562.808043046418,1386.481760241553
81,2,554.4656879500646,1391.1686805643915
82,2,534.7879403364066,1398.3819264640535
83,2,529.6596921671787,1404.228540620321
84,2,523.8586450506473,1411.414754532941
85,2,519.3197955815097,1413.3286291596262
86,2,490.8683782701845,1415.925739542719
87,2,483.41729336397526,1423.9407651571917
88,2,454.2059234042866,1425.3150267130911
89,2,447.2874088467415,1432.954064662913
90,2,450.9383918881539,1445.5535900228483
91,2,443.58475974501926,1446.1387907468925
92,2,440.0576544390226,1456.5495930166717
93,2,403.8237932450225,1448.8737671508309
94,2,385.0867488105518,1457.9464742406033
95,2,379.976552969495,1459.717135717009
96,2,364.71048543617746,1470.0764094166516
97,2,368.3608099052774,1470.568657922331
98,2,343.5639000778326,1476.8402696635656
99,2,323.55851686738947,1474.8237941190912
100,2,303.82102703724775,1480.8164973088583
101,2,290.66194633083325,1480.4802535756478
102,2,287.0521867467016,1484.3763853472556
103,2,280.3971167165639,1484.1284140205048
104,2,258.90615634377974,1480.4148992695814
105,2,258.9588907846821,1481.3316117808108
106,2,247.03620419492913,1477.0319041278647
107,2,249.07974263538813,1478.5783580482316
108,2,270.70155811739704,1478.895042783117
109,2,267.95665598954986,1477.394854273678
110,2,270.35682181954377,1474.0186963997296
111,2,268.5815382334076,1473.5999243539652
112,2,260.87108157986626,1471.740612095614
113,2,266.2772381491666,1469.959925544213
114,2,274.947305494353,1465.6394425602725
115,2,277.19336312539417,1464.0412912480776
116,2,283.09699669158243,1459.7604329562157
117,2,282.8812733786832,1459.4442383180906
118,2,280.2614507300883,1462.2387258028539
119,2,275.3478222862547,1464.0463345031053
120,2,283.5119530077977,1457.8634571954215
121,2,280.58407989255244,1468.6240992136259
122,2,288.25201092179947,1463.8780057758254
123,2,298.8613696999342,1465.4119004370525
124,2,309.35428890974606,1465.9019376376564
125,2,311.25764586079845,1465.533616878831
126,2,314.525901931398,1460.5792116854718
127,2,311.8654873100963,1458.9666219903895
128,2,315.7751050601655,1447.4746622576163
129,2,311.76308347939244,1456.3363539791749
130,2,308.19459633524275,1453.256586794794
131,2,309.9537792231589,1456.4269399155437
132,2,313.3840429498106,1451.1261707313577
133,2,316.1856376495539,1450.6832715047233
134,2,315.60354851585004,1452.0441378826558
135,2,314.0607879760286,1450.8202693993173
136,2,318.9694394316691,1443.9114066752938
137,2,317.80448389749864,1441.0570254275126
138,2,311.56673035000387,1433.1801686385809
139,2,309.73121860038975,1430.3938264722922
140,2,317.58037348705994,1426.9873238622731
141,2,317.8448855268031,1425.3829074524629
142,2,317.5756386486544,1421.589911369448
143,2,322.9448643155093,1420.9701233201304
144,2,330.153570262568,1419.485209657269
145,2,325.75199027533324,1417.287206998919
146,2,315.7098934321506,1412.0452145077131
147,2,323.90146313636285,1415.4768343783257
148,2,336.9976566561031,1416.678017301983
149,2,367.6050888463588,1426.6734069161046
150,2,375.25237358413256,1421.9757879550014
151,2,378.3779567466774,1419.5815713635054
152,2,388.13801226583723,1416.3108117546483
153,2,393.1311748240719,1411.7319811486107
154,2,395.1226791086034,1402.4211296376423
155,2,392.1753573903094,1397.7334010456461
156,2,386.0942074079159,1387.9659372907502
157,2,375.2734903674592,1380.269763351768
158,2,382.740724142517,1378.2359406112878
159,2,398.4834701398818,1381.4691031403636
160,2,400.94074529503837,1379.517092088825
161,2,408.1103384634362,1380.4257116038725
162,2,406.32177937996903,1380.7588271614059
163,2,395.58118127981135,1378.430844989188
164,2,404.1718229319367,1387.4184475269333
165,2,399.3699599662025,1387.4021000504824
166,2,404.2961604939602,1389.962748205982
167,2,408.78722444931316,1395.6896097906547
168,2,429.0126373881994,1413.9355579909343
169,2,440.8037971309387,1416.6414237397764
170,2,469.33370930681457,1417.2451218775543
171,2,475.33229713871236,1418.1095413866137
172,2,480.0804192404619,1410.5957922107748
173,2,481.6862659899432,1410.727138908609
174,2,487.02497524511375,1406.2962977999337
175,2,489.03831426378923,1403.3560078851876
176,2,493.4222579894124,1397.293400258772
177,2,499.56199288923614,1391.0420042671285
178,2,519.9344331741664,1381.674210520602
179,2,517.66431290685,1379.01001151908
180,2,532.6273668789139,1369.3697271467602
181,2,532.2352163180648,1363.6489007430466
182,2,551.1877232216574,1363.7575013764842
183,2,553.2648376546566,1361.4348420704953
184,2,561.1061300847923,1364.5936322345058
185,2,563.1578184254499,1365.6548713834725
186,2,564.3666765244317,1367.577676643704
187,2,566.3667820384784,1368.2019392206287
188,2,565.2926278450861,1369.5365140354065
189,2,562.0485780350988,1368.4651793189905
190,2,558.8464845681526,1368.4275625662483
191,2,556.3144269136625,1367.5137090642447
192,2,551.9303309872593,1368.8688196655557
193,2,552.7333060148524,1370.3616993133585
194,2,548.3209610486633,1370.2315076015109
195,2,547.1347668727975,1370.8218820478685
196,2,542.5113682453822,1370.3621759371974
197,2,540.3691493006133,1370.1314116756307
198,2,538.9587257829672,1371.6297406120218
199,2,538.9353168264347,1372.3316015936355
200,2,538.3282284650356,1374.2466248466574
201,2,538.9914680196912,1374.6446306212176
202,2,538.661170799225,1375.0974008464907
203,2,537.8277766869996,1374.5752106719376
204,2,535.0671117002507,1373.1152514072805
205,2,535.8975927768907,1372.8599389548156
206,2,534.6767343007762,1370.9074970892348
207,2,532.1922089560886,1368.9201453518913
208,2,531.0351103310019,1365.18275594987
209,2,530.925327899302,1363.8448837973144
210,2,528.8306714203643,1358.5772377282835
211,2,530.2810640991106,1357.8915240788024
212,2,532.4072710575589,1356.5885950311558
213,2,532.1466125574358,1355.6128548045535
214,2,534.2483665328716,1351.1613853605352
215,2,534.7533875637235,1350.2214472809012
216,2,539.7483364485164,1347.9808619851617
1,3,587.636043919216,1102.4773685156729
2,3,587.636043919216,1102.4773685156729
3,3,588.2067426093408,1102.7789941922447
4,3,587.4268145664141,1102.425851674394
5,3,586.531729214157,1101.9354382268803
6,3,584.2220531859612,1100.586089264335
7,3,585.0206112716272,1100.809127434664
8,3,584.0293698121114,1099.9328101734284
9,3,584.9070260413384,1100.3667010080421
10,3,586.3423876682434,1101.113150976107
11,3,587.3079911458215,1101.606683428088
12,3,587.3277280221939,1101.6195755056353
13,3,587.3792343778296,1101.4991918120952
14,3,586.7951457690251,1101.2612970941818
15,3,588.1613014048178,1102.0569990721363
16,3,588.6972843331914,1102.3873551104057
17,3,588.8529367812039,1102.6937270487147
18,3,588.7557996504385,1102.604648617752
19,3,588.8288612131062,1102.5765486174873
20,3,587.7911786814677,1102.2565950755304
21,3,588.2725505269632,1102.5255524630677
22,3,587.8226686479567,1102.5670061577782
23,3,589.615688346204,1103.7698754286496
24,3,588.5420731481561,1103.34490969416
25,3,589.9248157460263,1104.3256319574966
26,3,587.7410679035611,1103.34847958733
27,3,587.3278767091404,1103.4314800007733
28,3,587.5525457168412,1103.8300722140357
29,3,587.59434016793,1103.8228028061276
30,3,590.7562005110112,1106.1215120660443
31,3,588.6793192780917,1104.9406435463366
32,3,588.1996576763833,1105.5733251023614
33,3,584.4061880581144,1104.7347358371508
34,3,585.9959427957438,1107.1909666128383
35,3,585.6902164107424,1107.486593714401
36,3,580.3181973265048,1105.461106480544
37,3,582.8398047958237,1106.5959635263546
38,3,567.9592200424953,1095.538678432475
39,3,557.2779433342291,1088.3611000377534
40,3,543.7027258667083,1078.2830255533318
41,3,543.6547641182922,1077.0809261436784
42,3,540.7244957266269,1071.6188654931154
43,3,541.7343746207572,1071.1158195816647
44,3,547.2829125087624,1072.2205288206662
45,3,547.2798721475426,1070.5756818399796
46,3,541.9891292268667,1063.493285154301
47,3,542.2446441488989,1061.700877857015
48,3,535.7285039255828,1054.7574819719923
49,3,538.2000062116255,1055.978209379811
50,3,517.8416277507562,1040.8025798124258
51,3,516.6674810834328,1039.1216917111142
52,3,516.0573990662178,1038.4541218006862
53,3,512.6295211696712,1034.536313660955
54,3,514.5336110451053,1032.5513155219162
55,3,516.5765004532219,1032.8175178885372
56,3,521.5862146660586,1035.01575735944
57,3,523.0694988391498,1034.3395599015776
58,3,521.8498856723016,1030.7928941303232
59,3,523.2871396212727,1029.7402921965672
60,3,513.944146155368,1013.2191312387987
61,3,505.28221032620013,1004.6047157743495
62,3,494.5831141466787,988.8338642508521
63,3,475.7743166312302,970.9021137111383
64,3,472.5712885368509,960.637669755021
65,3,474.6226958337314,957.7727379568195
66,3,461.8875143895061,939.9905950875893
67,3,437.0189331971683,917.7074616261003
68,3,427.6142423026183,894.0965713436808
69,3,434.07391537918085,895.3086156651292
70,3,430.94453918014983,872.7418640205178
71,3,436.20151988438164,870.2913259715895
72,3,434.1771085633383,856.3420248944409
73,3,394.84053628984657,819.9342824833885
74,3,401.81002838067326,816.7847806651332
75,3,417.28328623266015,819.3313564595827
76,3,416.29195100108535,796.7870854402481
77,3,421.88949433775036,793.5008354075113
78,3,423.73645013434236,782.2831105642109
79,3,433.1565482023737,786.0195797694189
80,3,429.8829538864302,779.9884613946359
81,3,426.69536196722333,778.3727275015893
82,3,380.28614460679574,753.4432054568613
83,3,374.8539802331294,750.3483513099288
84,3,371.829172227694,750.6921897198653
85,3,362.92917376274175,746.7050697982519
86,3,342.8899190550474,740.7516653084459
87,3,330.16308736584494,740.575873705834
88,3,314.8266982822408,736.2655473432205
89,3,321.9284775908091,747.1011399859552
90,3,286.7561199256839,734.3668678771203
91,3,286.27335953319385,740.7494902756019
92,3,285.17457558982716,748.615239385574
93,3,287.3151618266752,757.7082458732093
94,3,281.0770082425602,762.6832322928053
95,3,280.6010456413139,767.813677311258
96,3,285.77474761162733,779.9890397638104
97,3,293.29520641105296,787.653698009711
98,3,285.3897647649547,790.0358243400282
99,3,292.38532120365295,799.6770263977876
100,3,288.87226047964845,808.2777648882836
101,3,286.91132778372634,812.6160086833698
102,3,284.035930933851,825.0075796664738
103,3,274.4158679178834,823.3171771007358
104,3,258.20428860183347,819.460559849575
105,3,279.45057232822097,832.7517787809055
106,3,272.3376605538522,838.555807726261
107,3,247.87361012436256,831.1138461079679
108,3,266.19841076543366,879.2212860954952
109,3,264.5270982020184,881.7250596677172
110,3,255.64195196427968,888.4979372390452
111,3,239.5896898375576,886.7417536006478
112,3,231.29685433899238,907.7090173403316
113,3,223.00401884042716,928.6762810800152
114,3,214.71118334186195,949.643544819699
115,3,222.8170083569196,962.8149237706684
116,3,208.82070364885712,974.2050326246047
117,3,199.3301524054668,983.474109261092
118,3,195.09044435715168,1011.3288239353823
119,3,190.85073630883656,1039.1835386096725
120,3,227.39586244236094,1079.4270696787137
121,3,218.1850321629164,1084.2397536907997
122,3,226.7249515841598,1105.96006345668
123,3,227.33805472736225,1117.1215945368053
124,3,227.26917958197865,1153.8344824445378
125,3,227.83994161248336,1182.5638100709834
126,3,228.9287424043431,1199.4973371562617
127,3,226.86084730893478,1203.73282612183
128,3,234.13884530908356,1224.581978655265
129,3,252.12941388183071,1239.1638946109697
130,3,215.7339895829452,1245.2019156486315
131,3,215.14111537662944,1254.4043935211457
132,3,251.00293750497676,1276.6601104273254
133,3,263.14215059619517,1284.7788077843095
134,3,268.99510186709534,1296.210022645006
135,3,263.97925241400935,1300.8091560858609
136,3,254.0379531275118,1306.3535133029259
137,3,255.5534553757091,1311.8433372026739
138,3,251.76766927335362,1317.1078658739675
139,3,266.3392885753335,1325.1570503892121
140,3,276.1823546655799,1331.4761345149475
141,3,279.8453224695404,1334.0986417331092
142,3,292.53792977886917,1341.819793821528
143,3,293.84399222499906,1340.8714792588573
144,3,292.08865926057655,1337.2128930403107
145,3,293.54314480415604,1337.1475093512825
146,3,301.7655516600464,1332.3100444429926
147,3,303.3408020880192,1328.7052301012197
148,3,319.5780493376561,1325.5663453486636
149,3,339.7078463323153,1312.8937692483767
150,3,346.1318093912266,1307.1136799050698
151,3,346.38475187153983,1305.1587554166435
152,3,351.9470249614018,1299.6802568806618
153,3,347.4807009908882,1292.2751602900519
154,3,347.7297135786057,1280.7963135074742
155,3,343.9944997535917,1272.7131832303312
156,3,341.26333355466556,1257.1164164869344
157,3,317.99126916189044,1235.591471349663
158,3,322.1275995186398,1215.4761446976902
159,3,337.09697280443856,1214.1297322111309
160,3,345.4321053991719,1202.4429668307464
161,3,346.7339119908791,1196.4321183245916
162,3,354.03564221755704,1185.529362177804
163,3,351.799819123595,1177.512095108519
164,3,363.226160123967,1174.5926817957175
165,3,363.16952802143373,1170.3304459534834
166,3,376.1880532357783,1174.8418635298785
167,3,377.46623733859974,1175.5454106193117
168,3,377.0978519772977,1177.6513365976687
169,3,379.5370174867485,1181.8517632185349
170,3,378.52673983548715,1182.7331228061505
171,3,379.74856870258503,1184.2943459547487
172,3,386.8380482892902,1186.4426929741558
173,3,396.453392007981,1189.8994778352471
174,3,409.110672176698,1197.8096677537612
175,3,421.2515290742892,1205.9283415077768
176,3,438.0014963789607,1222.831155043471
177,3,439.9118946195234,1222.1969265087769
178,3,441.25785487633976,1223.4737790731785
179,3,444.16479181193455,1223.900221323796
180,3,435.11742790695064,1212.4175136066597
181,3,441.8535172308677,1213.0808971340223
182,3,467.81803039260956,1219.828635251589
183,3,477.215727062125,1221.0428643285911
184,3,484.64758601253396,1221.065780224765
185,3,487.1340975239543,1220.655445781122
186,3,494.0433268354846,1216.0784241342903
187,3,495.5438183709202,1212.1824180353417
188,3,498.7466971419383,1205.971651286849
189,3,499.17228508246683,1202.3953202120333
190,3,501.33807582096523,1196.2632682252138
191,3,499.37586749127763,1195.1014869060414
192,3,498.6975053579902,1193.2982694311447
193,3,498.77674280167076,1192.9486409836334
194,3,495.70566913863286,1190.307353021458
195,3,492.58107988168496,1188.664080883778
196,3,493.0727855819649,1189.1412412856992
197,3,488.1439822845045,1187.9638764112228
198,3,485.7214605056308,1187.3827569206865
199,3,478.09798697190297,1183.747659708062
200,3,455.3324640846673,1173.0044780480468
201,3,452.045558182081,1171.0258115941892
202,3,449.0682174366108,1170.188185405084
203,3,448.49543136622344,1169.4048219332685
204,3,446.0284649682732,1168.5527371347043
205,3,446.5998969427742,1169.8812660253318
206,3,446.790551416094,1170.9652630573503
207,3,443.67376480069925,1169.5940098392177
208,3,441.16254949582765,1168.14940417108
209,3,443.15069638889474,1168.876496266632
210,3,438.9584650064877,1166.4150950715552
211,3,444.00200225382054,1169.4070681771027
212,3,444.4785640563609,1170.7605657560753
213,3,444.3938326355791,1171.2525796613138
214,3,444.30826233754806,1172.8827050822752
215,3,444.4592842483628,1173.368373973983
216,3,443.85155133466094,1174.3890833424737
1,4,908.0324085632445,559.6265382132523
2,4,908.0324085632445,559.6265382132523
3,4,908.0205957915425,559.2557723031489
4,4,907.2188693753851,561.0103970509415
5,4,906.69848430283,561.2925838900638
6,4,906.9821822316513,561.8626463059569
7,4,908.077854389135,560.6819301023272
8,4,909.3200971877042,559.944852907462
9,4,909.4528924700741,557.8524038502384
10,4,913.873294842705,558.0947615448052
11,4,913.9419929377643,558.270434322929
12,4,914.4921546663834,558.1503583100616
13,4,913.9574262504506,557.8959706693728
14,4,916.2127834482927,556.8332902770514
15,4,915.932195424192,556.7583331691632
16,4,913.9332547155053,557.0438658542503
17,4,910.8827488953034,558.3378395054526
18,4,915.2911018165671,556.5632671878923
19,4,915.378692358397,556.8546498614386
20,4,917.3853788256625,555.1424427163121
21,4,916.5041780020206,555.4413218249439
22,4,916.4713078344296,556.5952803424545
23,4,918.5428239316019,556.6603577946552
24,4,917.5942380381974,554.116607864863
25,4,919.1255102644707,555.2460845439039
26,4,921.0407207613089,558.7023924062094
27,4,921.1168810263101,557.8783020431465
28,4,918.4298608991778,556.8642577738935
29,4,916.07343462511,555.711916659477
30,4,916.9216025587119,553.9804327819799
31,4,915.2535726058086,550.831791999794
32,4,909.5952901486795,537.245088032468
33,4,902.5888067383505,526.9133836232895
34,4,896.7838121527471,520.2112224040665
35,4,898.4099132263373,517.3616724736377
36,4,899.3445377446744,511.6854491557357
37,4,900.0029263347998,511.4906715733577
38,4,903.4022661983329,508.87064946270397
39,4,906.7617282627647,505.42661721199914
40,4,889.1420675843916,471.0626951697778
41,4,886.4719367492675,463.7817471854151
42,4,882.3224157772942,453.9264949769256
43,4,882.8498768734639,454.2406343562114
44,4,890.7877420232329,446.3856761517649
45,4,892.4788419014812,442.530955220632
46,4,898.680438277699,432.0440832070562
47,4,897.8089121341177,424.8613630740473
48,4,890.5690657681829,404.42415647440265
49,4,874.8498355718106,369.0315206883467
50,4,871.3240024883839,365.85394835442395
51,4,874.1731120352416,367.25522466788414
52,4,874.9217258573192,365.85383587172635
53,4,871.2097669505403,358.39977375130917
54,4,859.6843257599604,342.74654816167805
55,4,861.2440108696642,349.2008321104813
56,4,867.4687327834738,367.65850186099976
57,4,845.5410534287583,337.70473317527933
58,4,809.095093031723,300.16565885616797
59,4,800.890582431799,308.8465521538069
60,4,791.8893354871776,329.4335660176639
61,4,789.83077728664,328.0019988520684
62,4,590.1920080582149,109.10725783522639
63,4,693.5240950424071,251.58388656580283
64,4,690.1640444426375,306.84364896524477
65,4,690.8504379483973,318.36568375000235
66,4,678.0977098569094,322.363873152339
67,4,665.2995435724378,311.1595461815794
68,4,602.3455587289076,263.7828007944789
69,4,583.7509937655994,258.18643104668786
70,4,593.8936018229633,310.0674521077503
71,4,592.6147535101659,320.085871540674
72,4,569.749115944979,333.8170810649021
73,4,563.6448394618347,340.50612663262234
74,4,537.8345630559718,336.9306845633189
75,4,534.876409003525,335.7755567389113
76,4,522.6044413577363,347.9053543485697
77,4,510.3324737119476,360.0351519582281
78,4,500.040671433657,357.71102647031324
79,4,468.59551249249034,325.2559726212115
80,4,458.0864062325446,359.7948870166355
81,4,447.57729997259884,394.33380141205953
82,4,424.9587007209464,391.5426693445229
83,4,402.3401014692939,388.7515372769862
84,4,379.7215022176415,385.96040520944956
85,4,328.130572705262,349.6263419456711
86,4,295.9473191710342,377.2018176678151
87,4,304.7106532862731,403.38733720549055
88,4,281.34129858259763,430.4410619228066
89,4,298.5880904205047,453.9509307003641
90,4,263.9272501182798,448.18768879445
91,4,251.79655105632162,458.93497612427683
92,4,239.6658519943634,469.6822634541037
93,4,227.53515293240523,480.4295507839305
94,4,215.40445387044704,491.17683811375736
95,4,203.27375480848883,501.92412544358416
96,4,191.14305574653065,512.671412773411
97,4,179.01235668457247,523.4187001032378
98,4,187.67231288877855,555.1493876605314
99,4,232.66135043703466,595.3244173554045
100,4,211.54513726734328,599.567129273242
101,4,206.7275212098181,606.1164805878858
102,4,197.5222097535824,621.8444944000845
103,4,183.64955374617978,615.1388669925126
104,4,135.96707390911146,589.660238125309
105,4,182.27028904868544,630.6996394710304
106,4,193.7526978162668,652.5743632080976
107,4,170.32897509567354,641.6259069957761
108,4,30.890116933864608,552.7272599518197
109,4,-58.659548595424354,494.08398889753903
110,4,162.17708831764773,665.4139851061757
111,4,159.86131629856615,670.308061630793
112,4,187.66758547711765,703.1456171154385
113,4,192.8442053528975,712.7399937517687
114,4,206.47422456186794,727.1562741430096
115,4,203.83576230132715,726.7525527981965
116,4,200.67199034341172,727.3239443454745
117,4,195.30262147295122,726.0121403820066
118,4,201.13581728992946,735.9703236150484
119,4,204.55459677578756,739.9008402365663
120,4,194.06422140411993,739.8495427321899
121,4,194.41218107978455,739.7712978966706
122,4,265.34817925885835,783.1304092549547
123,4,290.91628467648684,796.1811412686052
124,4,302.90809894916936,804.5855984379809
125,4,305.875024850218,806.2465985514983
126,4,307.2724111341884,806.3418223914904
127,4,323.70981814449453,816.2096188431289
128,4,365.2217834827696,836.0220923122855
129,4,385.4736869498397,844.580029262879
130,4,413.9364483887844,850.6918604560384
131,4,415.55477987431993,848.053314398344
132,4,430.33689186922305,843.4278752983219
133,4,461.6528509040179,861.4959697372983
134,4,488.96688274579657,876.7163437922587
135,4,518.0413729162701,894.9522859475786
136,4,545.5147592283539,904.6902270354443
137,4,545.8657030370789,902.1682293905609
138,4,546.7883425259612,905.2833463038996
139,4,548.3117511600791,901.2397176363571
140,4,555.8512811948056,911.0958932904824
141,4,556.0979979953681,910.2203481605775
142,4,578.798120193266,923.5528259760937
143,4,608.3447251495481,950.9515110087141
144,4,634.8175177772792,961.1279181361216
145,4,634.9880911580464,959.7111756598189
146,4,640.3968301455742,956.283261346295
147,4,647.1503672754478,949.932199827197
148,4,666.9373772245089,961.9678599122944
149,4,684.7042203855672,965.5545715306985
150,4,705.5069239084474,976.7823349943171
151,4,710.2325880827677,979.3214215120059
152,4,712.1624212807233,978.5293339591964
153,4,713.3340917808348,972.7376343146799
154,4,719.6143557401142,962.1663818201205
155,4,722.9904970118663,962.8133860821869
156,4,719.3276834880497,960.2088688383284
157,4,720.4600840507021,958.425798174239
158,4,711.072426830971,943.0468683556213
159,4,712.4571028228005,942.3672236945646
160,4,714.7038805506234,943.3959548267025
161,4,715.6157143145902,943.1819644881988
162,4,715.9062934632713,943.8760134047591
163,4,715.4628049921145,943.218395772011
164,4,715.1348384809019,939.8511040417895
165,4,714.8444214535555,940.1878458054689
166,4,714.0800527027875,941.5729784575769
167,4,713.4285519202963,941.8294204005772
168,4,713.4093289194545,942.7185783860256
169,4,713.1828216622874,944.6024954010958
170,4,710.358833051984,950.904749700045
171,4,711.3245227899982,952.2217179046306
172,4,710.4716600293665,953.7914094719172
173,4,710.0173978559334,955.779499054106
174,4,706.2509166225046,954.9083612505208
175,4,705.5195040422094,954.816335242704
176,4,705.4181958925857,954.8617234968725
177,4,705.0297155747855,955.2129055339127
178,4,705.9436505095227,956.4684573333305
179,4,707.0020927409206,956.126644524165
180,4,705.1527730371208,953.4736118237955
181,4,704.6054513235373,952.9152055904954
182,4,706.2713799781131,953.2235055180081
183,4,706.1254397770674,952.8476443836613
184,4,707.2136426297601,953.0578556733781
185,4,707.2729919059238,952.5019897506909
186,4,708.0148622318293,952.4724138062318
187,4,707.3215296002589,951.4041465464634
188,4,709.0818657017869,951.5295822160615
189,4,710.463993109612,952.739680797025
190,4,709.674214965895,950.5002988507773
191,4,710.647789281947,950.8396784401637
192,4,717.1928709001533,950.5922508744236
193,4,670.1639454352826,900.7280462043785
194,4,713.3458726779988,929.569032747656
195,4,713.9621219307771,924.4616316721684
196,4,726.8275885973327,929.3576140784877
197,4,717.826937337516,918.0933343289706
198,4,740.3749951916766,926.0690555672035
199,4,745.3786459341509,929.8300951719875
200,4,754.3119384224683,934.3635056296383
201,4,754.5780041311735,934.101914535528
202,4,757.2201343854583,931.1687038789252
203,4,756.906503056738,928.5080678531556
204,4,760.1218439393267,922.7084995544108
205,4,760.3404147267565,922.1269076558066
206,4,762.763461036908,920.0668748163308
207,4,766.2106502525306,919.5021393448786
208,4,766.1994115858215,915.9973794802153
209,4,767.2786453303038,913.8908317513016
210,4,768.5516544804104,913.1475756114907
211,4,770.5386417345945,912.9262225851434
212,4,770.5094094032465,914.1686047721938
213,4,771.2121862664849,915.7120213856191
214,4,768.8924691461463,917.5149356500963
215,4,766.9370922027925,919.6143159412273
216,4,764.828812179992,922.748416274455
1,6,571.8099293863401,220.59421536161682
2,6,571.8099293863401,220.59421536161682
3,6,572.0184610211394,220.87025162259633
4,6,572.8891491456579,222.23003889601068
5,6,572.4519939333366,222.15174582452724
6,6,573.9467159839377,223.79178521666495
7,6,573.4877228889993,223.05330385399796
8,6,575.1776798291918,224.67120683139953
9,6,576.0009852118749,225.54566748695666
10,6,572.9393419443325,221.0509919651727
11,6,572.9197651505144,220.91092928894489
12,6,572.2943644099805,220.56253223359528
13,6,572.6105190732025,220.73359304938634
14,6,573.1131421528737,221.66676052377548
15,6,572.9805919813753,221.77383168778158
16,6,570.5282533119599,219.06617420643954
17,6,570.729906733932,220.02632649927062
18,6,569.5416132423691,220.3466677073071
19,6,568.4525925157265,219.57415272953136
20,6,571.893882255754,224.65076337303435
21,6,573.6416012901702,226.82387683089024
22,6,574.0580470823472,225.82215425242407
23,6,584.4049793648551,233.53768104257057
24,6,587.2905392307418,243.04115314898542
25,6,588.2483217257726,243.43725902395212
26,6,597.9700567757561,254.7887159129735
27,6,605.7116413926055,263.2252647352558
28,6,607.7738647035052,254.37284651606734
29,6,607.8987522407084,255.85401440092303
30,6,611.3203906738275,251.15348110864898
31,6,611.9969379357018,252.05041073291824
32,6,612.8038286730532,248.99462032751967
33,6,622.0740780331181,259.47509909011757
34,6,634.8156836426316,273.58947740177354
35,6,642.004655630784,290.01927832619134
36,6,658.983085194866,318.05653312775445
37,6,664.2025195045468,323.6055756895621
38,6,673.5105990803494,329.8106993416159
39,6,672.0867723490423,328.34173292789234
40,6,676.3497316927323,328.14887957723
41,6,680.62403193137,339.6155310892351
42,6,692.3566590727232,349.79556048687385
43,6,699.9030101910895,359.69409640217043
44,6,718.1618038686549,381.67374612758493
45,6,710.2655219472729,392.4229611095322
46,6,721.7602086259404,388.438993400137
47,6,731.2400538027927,399.46753963745584
48,6,732.4211688157263,392.495603743762
49,6,735.5135833265833,392.50620619103904
50,6,737.0556489720848,390.3653936955248
51,6,736.605822261345,391.8185588787835
52,6,728.3983484457266,395.236359778528
53,6,725.4025289840673,397.52112591358673
54,6,729.2036644895835,411.4086799680318
55,6,723.152940373005,416.0961421753007
56,6,717.9733585251971,421.82975545088186
57,6,718.6998324394368,427.94684596591185
58,6,711.8413936013003,436.7650920842253
59,6,708.6414134694177,437.8858479468012
60,6,691.1858505909458,438.57725964394746
61,6,687.8167612422516,438.86591108935477
62,6,657.9419994529898,420.2565378843468
63,6,654.1035969035355,429.13137307557946
64,6,634.5827781068792,430.5163799744026
65,6,615.0717860411344,416.5745582130901
66,6,604.1097171054311,410.6198897767577
67,6,581.5165298988715,412.67618293770784
68,6,563.5926765261904,404.46380080035283
69,6,552.5987634708998,413.19982379324006
70,6,510.21299987818855,387.0841593655659
71,6,502.23175678788505,389.2616028632461
72,6,500.408817963224,408.7602211868071
73,6,495.0530321962642,420.1517790981282
74,6,478.21153307820117,431.0922677799073
75,6,469.7628650386802,436.3652124750776
76,6,463.7922417915417,463.3340583261727
77,6,423.06075265835767,447.3201865420398
78,6,430.70487398848076,486.7164996296455
79,6,425.5546868441984,497.3410902704121
80,6,430.73740523338347,525.2853725509897
81,6,465.40593988840703,579.1930211657292
82,6,500.0744745434306,633.1006697804687
83,6,489.3714866556268,636.3241828258581
84,6,490.21412830734914,670.8375988249887
85,6,430.2264301961038,628.8533979512061
86,6,370.23873208485844,586.8691970774236
87,6,385.1202799696456,612.1378253565966
88,6,264.5487749653059,538.8154938579921
89,6,284.83226109194294,565.851960121155
90,6,265.56875795365863,570.9658800335773
91,6,255.54323443437957,576.6866337772422
92,6,245.51771091510054,582.4073875209072
93,6,235.49218739582147,588.128141264572
94,6,243.60154046653886,613.3655497812067
95,6,229.45996888393154,614.6506989844975
96,6,210.1599790413025,624.9428026249143
97,6,197.33909726256329,627.1399409364151
98,6,192.10119406766847,642.6303316370003
99,6,175.67967220393388,644.2098962826338
100,6,159.25815034019928,645.7894609282674
101,6,161.6898571726389,656.0461356149962
102,6,154.08066315089658,672.5485998292431
103,6,34.738935032062464,598.3648835044397
104,6,77.54963792469295,645.3838039118432
105,6,65.23476778848719,645.7236596095324
106,6,58.054687838169684,652.2211133979904
107,6,50.87460788785218,658.7185671864485
108,6,51.414810815490576,671.9767383634666
109,6,51.95501374312897,685.2349095404848
110,6,52.49521667076737,698.4930807175028
111,6,36.25259207464518,688.3668005096156
112,6,107.79640421153117,764.087153294349
113,6,126.5021856877752,781.8725565173578
114,6,125.3255517274606,783.7178182363778
115,6,128.01906609326758,787.0161693085712
116,6,101.20956760598267,779.381129859714
117,6,99.83122243702724,797.0888181227219
118,6,98.45287726807179,814.7965063857299
119,6,107.43657684066328,826.6551440474866
120,6,141.72643633829088,862.057366091803
121,6,142.9122355778244,868.2839163816707
122,6,155.67433410228801,886.6975908259307
123,6,164.87974597735703,887.7014975492335
124,6,191.10058712816164,905.4279237754757
125,6,192.85701227418258,909.6831249419085
126,6,238.82739035302714,943.5446173367874
127,6,241.02408539554594,946.5818939336198
128,6,244.547635666283,948.4187997361925
129,6,251.7541423537263,951.6137013730639
130,6,293.49948725324657,969.5403051124578
131,6,304.00311503811815,971.6226602377149
132,6,371.1931285070403,1000.4654911545708
133,6,378.6042920016513,1002.2250870558069
134,6,383.8686958573144,997.4906739223483
135,6,381.83565859779446,995.1473380755592
136,6,392.705797290352,992.3011717513871
137,6,402.7939013946247,992.1111469691008
138,6,478.57455338475035,1024.5379600880858
139,6,480.3202035200599,1016.2691147372502
140,6,516.5481831239994,1021.604378682212
141,6,532.1579816990666,1027.8672271832384
142,6,553.4762016432662,1032.906704573917
143,6,555.0743666177322,1028.5753010862513
144,6,562.5855932488757,1034.01007882626
145,6,566.478863038432,1027.9931520503103
146,6,573.5591565780387,1020.1444014042219
147,6,574.2303607929091,1017.98233012033
148,6,569.2446023226219,1007.6118383178851
149,6,568.7175761603635,1003.3516528310619
150,6,572.3035160695383,978.8524790797583
151,6,578.8430233075644,984.9461995940244
152,6,582.3666112222712,971.9772844773689
153,6,576.776603018878,958.9844887831204
154,6,547.5080590654453,933.0431743464695
155,6,531.9202138716266,916.6923953614282
156,6,541.6256828064585,906.6336000085134
157,6,550.0569788476204,908.9291504173154
158,6,548.6447639552116,906.9479768883468
159,6,547.8540050598752,902.6669766009165
160,6,515.5172060393643,879.6924129709803
161,6,505.72453565801294,872.3345239458574
162,6,480.3716161228529,854.4457426601126
163,6,474.5484038729753,848.5188815074217
164,6,462.86566552386483,839.0624083400671
165,6,460.645646288529,838.1458800725889
166,6,455.48591772349704,837.0583476687427
167,6,450.5861461329401,836.091645020198
168,6,418.60740583610465,819.5847430102696
169,6,391.5288645286985,807.5257305962358
170,6,404.2227584826842,825.3873509798237
171,6,395.8554302242102,824.1576031336025
172,6,337.04318351864094,799.0252232989709
173,6,329.61421447224245,795.3939275807955
174,6,331.17619847526686,810.8699568335833
175,6,327.07552677329306,814.2407683579532
176,6,309.7214655730593,809.0079374927396
177,6,307.88195336084607,811.1291796343044
178,6,311.98296372507735,818.613679038516
179,6,302.4319454329333,815.6948307157566
180,6,291.89686696366306,818.529401819974
181,6,291.5391286649969,814.8306839976633
182,6,296.4494460080158,809.0607949560197
183,6,291.15495492817007,805.2906134810245
184,6,294.5539516649447,802.1485444405059
185,6,295.64838060500074,802.0269102433206
186,6,293.8350616751383,803.0545813787357
187,6,295.6669963798268,805.7158424374844
188,6,295.56404361984147,808.4798043360025
189,6,297.9559692936064,810.0048923985543
190,6,311.19735645310215,821.8858584818312
191,6,315.276885055503,823.2972756689222
192,6,348.2381338465343,848.8515874402125
193,6,363.7945888382431,858.9424718585334
194,6,379.35104382995183,869.0333562768543
195,6,394.9074988216606,879.1242406951751
196,6,410.46395381336936,889.215125113496
197,6,426.02040880507815,899.3060095318169
198,6,428.8661850514721,900.5075385785262
199,6,431.54000726620114,901.7360625543214
200,6,430.95857572167574,901.93800919291
201,6,433.490363172967,900.2166837399798
202,6,437.3993299679877,895.4582203768032
203,6,439.648491827814,896.2020652934843
204,6,437.18272399269864,890.2730149608838
205,6,440.14897879508493,888.1385995066622
206,6,439.09848614306827,880.740036808515
207,6,440.21845045112474,874.8370624011094
208,6,439.38230751253025,866.8497663542427
209,6,438.23436173452814,864.1063454684482
210,6,422.5858794200687,830.7281949482754
211,6,426.7158156629835,825.3562578117428
212,6,426.2364148288091,820.7895367056242
213,6,427.0346345360939,824.3512121004165
214,6,427.12655797448014,818.2380926570556
215,6,427.63389936331754,816.7510895548662
216,6,423.37198419275296,809.7996758450214
1,7,593.4094049557829,106.90894936155158
2,7,593.4094049557829,106.90894936155158
3,7,594.1612714536224,108.05323297800209
4,7,593.1636258772551,107.07516260542282
5,7,592.7976399934371,106.6475201816298
6,7,594.1766020451953,110.69939495016017
7,7,593.4146765378274,111.03864595887012
8,7,592.8869559509335,111.53508530579373
9,7,591.5610105965604,110.13423763273512
10,7,581.7552160439694,98.6451380174018
11,7,582.5195040547129,100.61799095618282
12,7,580.3716630109589,97.14861594876352
13,7,581.6023012941802,99.56362630630828
14,7,592.8613085074445,115.94588337642973
15,7,595.3475763877534,119.37958738608492
16,7,597.2679755111702,122.27394854786264
17,7,598.24498910639,123.00744068590271
18,7,598.2672310729503,121.88184984400397
19,7,607.3825654307739,134.9830846245378
20,7,607.3395568172908,138.818083274291
21,7,610.9978304201386,144.98533631164153
22,7,620.8094218546491,159.4925753463194
23,7,633.9965218586735,178.12347113611096
24,7,639.797561551771,180.04194706487888
25,7,659.2061413917029,207.13852360209086
26,7,677.0868049609452,229.18256683449496
27,7,678.8053939739387,231.54591378138608
28,7,701.3029733170783,259.31303760973145
29,7,698.558162518624,252.21154004194932
30,7,718.340916236422,275.5569628972516
31,7,712.227654540143,266.7675775326036
32,7,718.3572478911951,272.66040593117623
33,7,724.4640636860346,282.15184645104176
34,7,715.7904391787183,266.63098143872116
35,7,701.9006853644389,244.31010177088376
36,7,732.5177318916179,285.0061666021143
37,7,749.282103718452,307.1470795121592
38,7,763.4175095669993,323.8639514071741
39,7,779.5515454987444,346.72500915692575
40,7,794.5787062937275,365.6109196646956
41,7,807.9437481151949,380.66643547438434
42,7,794.8168386879048,362.3630089652255
43,7,790.4968662780328,362.9162316861046
44,7,807.0089692461204,387.9460156940811
45,7,808.1218509950355,389.0850076169651
46,7,808.7835296332688,384.0420484140604
47,7,809.0698934281082,382.9918700656664
48,7,811.5392970759381,394.5847656737262
49,7,811.2479558134687,394.6817781777217
50,7,812.8434297813246,386.12180186236003
51,7,812.5748062297824,386.39412272629846
52,7,818.0170610475685,381.3179101035279
53,7,821.5179950138291,383.9135190950425
54,7,820.7798073755869,381.9268224303832
55,7,819.4789194390246,381.63297842982246
56,7,819.4855497009983,386.1264478387165
57,7,822.4876657869384,388.31417127651446
58,7,812.3006917713624,395.9695962186754
59,7,810.1366077293868,396.22248721163055
60,7,793.0335314469133,401.8485193593702
61,7,793.9379457443955,408.28315812151163
62,7,791.1289938490694,419.6101121850761
63,7,776.0864482972609,447.95542898194606
64,7,765.8703799097398,463.87947416402335
65,7,758.6464158320452,478.6626777560214
66,7,751.5982553438973,473.82116736526615
67,7,748.0808958082202,473.52676965572283
68,7,712.2289739418682,482.748446862632
69,7,717.0197993655426,503.08238909190965
70,7,699.864297362984,528.7605224110235
71,7,701.678433324482,540.6057378436751
72,7,684.1779840247129,549.0747244923332
73,7,671.2555909021381,551.2575045396921
74,7,645.4248798508115,561.5492348842066
75,7,624.7678022824958,573.8371645549075
76,7,615.8379405678146,592.9243293910472
77,7,610.3577506568969,608.8001426321551
78,7,457.0411978460988,477.1038281391464
79,7,455.3814155619314,494.61725373962446
80,7,450.442900686465,396.2491019040878
81,7,462.41370013567706,458.06659054570514
82,7,474.38449958488917,519.8840791873225
83,7,486.3552990341012,581.7015678289399
84,7,498.32609848331333,643.5190564705572
85,7,510.2968979325254,705.3365451121746
86,7,487.4298209912107,713.5877534064291
87,7,485.6647443139757,723.2939830655321
88,7,475.8721623747909,735.2481980733395
89,7,483.67517318344676,750.9457500802556
90,7,469.129645088153,761.4513273526607
91,7,460.8720271364351,783.245701710455
92,7,463.19557600639786,797.5582260603875
93,7,471.5807825539125,814.5257888849821
94,7,486.3539744078446,835.664507469571
95,7,491.70314169937836,844.1504598037274
96,7,476.83923215892185,840.4729388349595
97,7,487.5679506881947,856.4764111617702
98,7,532.107521019567,895.0461045823627
99,7,538.8503442042991,902.3696406716512
100,7,545.7277183491152,907.6715326841148
101,7,552.7837423818725,913.63218377498
102,7,574.7395231834887,930.3653164203091
103,7,592.1412836363099,938.607053912642
104,7,594.5396183497712,939.7343608596645
105,7,600.8166656362241,943.2985656105918
106,7,624.5544026960414,951.1093115424333
107,7,646.8323762123712,961.7489534608213
108,7,669.9402646815657,970.0630418940978
109,7,676.9425752303846,975.0431419667325
110,7,696.2438783542548,982.7270413118832
111,7,693.4496514573909,984.2395594392473
112,7,697.0657968445923,981.1850560423438
113,7,702.66441873628,985.1369274193344
114,7,718.1088837556101,987.001429422922
115,7,730.919642263754,993.6857707356834
116,7,747.1473266029997,999.4006022961834
117,7,757.2401378350596,1004.5559471723362
118,7,787.5309799932278,1025.8235920841341
119,7,792.2717646384433,1028.0779208336958
120,7,809.9403552845918,1041.1022410578498
121,7,810.7654431688605,1042.789781878627
122,7,815.1910746662645,1048.4633883128902
123,7,812.6638261698852,1048.8023780988772
124,7,813.234199766406,1050.8703675543907
125,7,816.8362690185502,1054.4194330927285
126,7,826.7627773884832,1062.9429018436117
127,7,829.915937528339,1067.262199945972
128,7,838.9705913063138,1077.9938673185072
129,7,845.7676081771097,1072.7978336453998
130,7,847.1771520558573,1075.2727032052637
131,7,847.1200173036376,1075.6442054912418
132,7,847.758068357254,1076.3647179935413
133,7,847.3499126045343,1076.5169326459381
134,7,845.5396257321556,1080.4151977525437
135,7,845.5502127249642,1074.8968662189409
136,7,848.891040975659,1068.8404401512018
137,7,847.6485431446242,1067.5051000531205
138,7,851.4887488370194,1066.43140538951
139,7,852.6773118797888,1065.7334990387565
140,7,851.388024626783,1063.2393732528055
141,7,850.8308466901653,1060.6858496075274
142,7,852.9150251912594,1055.0102935272755
143,7,849.5558319891973,1046.0643112791213
144,7,838.7824395354783,1024.0764593082288
145,7,839.2001558532805,1018.2284236829423
146,7,835.8310726467952,1001.9196978900655
147,7,841.9804073020448,998.2266029337952
148,7,850.7254267484898,987.5394371502933
149,7,856.9518261854865,983.1308166053396
150,7,860.823826136047,975.7037588663763
151,7,860.0182892083224,973.3157507407475
152,7,854.1458727514606,968.0197416058959
153,7,853.7319695336048,966.9966676811151
154,7,856.4374235527205,971.2483980930743
155,7,856.7796927768525,972.2106929385035
156,7,857.0697413283821,969.9413847880512
157,7,859.2216725085824,969.5496491638924
158,7,859.9243378215044,967.7595059857063
159,7,861.0590418807882,968.294303557413
160,7,859.7947421977934,967.186540245782
161,7,858.859195001837,966.4873455765834
162,7,856.5505160199428,964.5948986092383
163,7,854.6221523935543,964.0017298151355
164,7,851.6259796695892,966.5635031581579
165,7,852.0271123642764,967.1149398073553
166,7,851.9427445007256,966.5883167183364
167,7,851.3958611525242,965.371017677369
168,7,853.0353620590405,962.4348338080249
169,7,854.0759180142304,963.1080996581674
170,7,851.4518921173354,961.4450665585686
171,7,850.898643037642,961.3160795829585
172,7,851.4633177941539,963.9866770829979
173,7,851.5071721329407,963.6616834573592
174,7,851.6992937013479,960.8547607032901
175,7,851.4197621549275,959.2225194211447
176,7,851.2189631687398,958.4562052056109
177,7,849.7912333672369,956.9259063485109
178,7,851.5429313529395,953.4531156187826
179,7,852.2295540324055,949.1145257227857
180,7,854.4653881854732,945.2254275176483
181,7,857.7592981455385,947.6481383416766
182,7,862.1585925505166,953.0787069099104
183,7,862.328352622394,953.4658465280594
184,7,859.6501289834508,951.6348740139789
185,7,860.5585816149901,947.9828419087536
186,7,856.5007405697108,951.3460841415292
187,7,821.3974596460132,919.5292908115127
188,7,804.0322580139144,899.5847475049414
189,7,793.4027371162755,889.8730825214791
190,7,791.5499048329759,890.0331033070654
191,7,790.4839204328011,890.3147148601474
192,7,791.800742590411,894.386588616764
193,7,797.5511479836476,900.6096396688093
194,7,816.2264170739259,920.573966641469
195,7,828.8185446886628,932.449718267067
196,7,831.7312170585611,934.02370662687
197,7,829.7942227570094,930.9364276260678
198,7,828.121537203445,926.8617723517814
199,7,830.2349421943164,926.4976760621583
200,7,825.5123857203226,919.6007203331088
201,7,825.9313360603663,918.7964245760683
202,7,826.0431101716626,913.9982157427424
203,7,827.8368791982367,912.7959116803306
204,7,829.944770515247,910.2182098551893
205,7,830.4617086930538,911.6972170887631
206,7,834.9255557782334,909.8991953042844
207,7,840.0099546749235,908.9092943333653
208,7,847.639524071744,898.2942764363165
209,7,855.3419564942424,893.5527955203103
210,7,861.6092694629309,896.6770933324264
211,7,863.9423461257229,894.2531706683773
212,7,867.006387975552,890.862299082811
213,7,872.3235708696653,888.3574687021771
214,7,880.2494411958603,890.0509633028959
215,7,881.3075169680969,888.5953659099193
216,7,883.9521096547898,884.3691230371109
