1,1,860.1143629539781,563.0231694956343
2,1,860.1143629539781,563.0231694956343
3,1,860.4157712175531,563.2775353259858
4,1,858.0837177682228,561.1314252074909
5,1,857.6376412702424,560.929929856476
6,1,858.0297467083034,561.8507513217844
7,1,856.0202978844318,559.4479583860348
8,1,853.2732284874694,556.3466639789757
9,1,853.0947547023252,556.5847310632906
10,1,854.3352373830223,558.461698904735
11,1,854.0934917536017,559.1265415783934
12,1,853.6261075937869,558.6703086529143
13,1,853.238720482005,558.767940877585
14,1,854.000701982677,560.9982398631519
15,1,853.7833518943992,561.3768142468862
16,1,853.336239426385,562.3699423026701
17,1,853.920738977885,563.2863652706635
18,1,853.6426858763375,565.7700128265217
19,1,852.5549289981124,565.9602208244165
20,1,851.9112887558321,567.0059155062719
21,1,851.8438678243073,568.7573104731729
22,1,850.5342360609446,570.5118727698735
23,1,848.2131332973247,568.8882552060874
24,1,839.9936105797257,561.1909679426279
25,1,836.3984513193539,559.4429421238871
26,1,829.5422279780142,554.2357329911077
27,1,822.4287322236819,546.3210358003685
28,1,815.1941096473072,546.1277503484508
29,1,813.3247153271888,545.443982831732
30,1,804.2656062293878,540.3925947207794
31,1,800.2093039932585,542.73581561195
32,1,798.4581374844227,546.0339605954683
33,1,798.3799569542606,546.0956338518287
34,1,799.0773792373583,547.3604093217851
35,1,798.9038290121391,547.7650148526093
36,1,794.9705228573051,548.2540804561653
37,1,793.0584533337203,549.6508673610549
38,1,794.5267238699709,549.6081669474801
39,1,795.1305037344127,550.3331810878233
40,1,798.8861022798136,542.8339480089269
41,1,792.935696316963,529.7177626364488
42,1,779.941929931434,513.6581309596902
43,1,758.9577826354217,488.69805515648864
44,1,742.8317888852577,480.63270554240717
45,1,741.2993155476112,479.5867362445757
46,1,727.4300954520271,462.4876725298287
47,1,711.7920395467263,445.29101945412015
48,1,698.1265903302137,440.23989927564037
49,1,696.5589039236766,442.2099378965576
50,1,689.5834509387541,433.9638020644722
51,1,686.0746050108237,436.0760611746724
52,1,678.2294903912824,431.1219410976648
53,1,672.9345601321351,426.59677470887283
54,1,653.5771308859563,415.98808265069187
55,1,633.6396509255281,396.51051459947587
56,1,601.5598316842794,363.09296000491884
57,1,617.3564462413221,383.8603538801322
58,1,588.9377204174659,367.3868952176411
59,1,583.3459171666885,365.0020868085705
60,1,564.7214856593268,354.02797235343417
61,1,561.532970250864,364.92379261114974
62,1,558.3444548424011,375.81961286886536
63,1,555.1559394339381,386.71543312658093
64,1,551.9674240254752,397.61125338429656
65,1,548.7789086170123,408.50707364201213
66,1,527.1668651125319,388.9781722981512
67,1,543.7717060816218,411.03051232474553
68,1,521.9047862574405,394.15503584578124
69,1,500.03786643325907,377.279559366817
70,1,478.1709466090777,360.4040828878527
71,1,519.3352959587772,410.02634523038313
72,1,525.346078268596,418.38222220733894
73,1,524.0352329911728,417.0329022728213
74,1,506.58829998643984,372.41617401652655
75,1,529.1402397603565,414.7449107870099
76,1,537.1675358467834,413.0614687807405
77,1,530.8270842359159,409.1385035734104
78,1,535.2094822297593,412.6563050332499
79,1,540.4190082026577,419.76289657237066
80,1,554.9927812419999,438.79381783371065
81,1,563.649189757559,446.4526008032891
82,1,571.2774270721744,436.0609881228805
83,1,587.8873922562877,450.09954833614864
84,1,615.3234437772783,477.3350294353916
85,1,619.158071784882,479.23366055513384
86,1,622.3006101876571,467.13663070909405
87,1,621.6550866143424,459.9289614424897
88,1,631.5145977859327,449.5872462747678
89,1,638.4902574918647,453.8159864511108
90,1,640.5375399353278,454.6786886347098
91,1,643.4022285483703,455.51921314488396
92,1,644.4940984435475,450.66678662699354
93,1,642.7900245049927,453.23500679533214
94,1,631.7934354576458,460.77812906740866
95,1,634.1169208282713,467.66647852311957
96,1,609.1926569720102,445.5163285428473
97,1,615.5429150272988,449.393114804571
98,1,620.0258920593163,471.99004987345097
99,1,614.3869430042977,481.50090937877354
100,1,613.2673145727742,492.5906769520576
101,1,611.7735536580575,495.16110008643517
102,1,609.3359054687686,519.2210136946685
103,1,606.4480930670838,521.8766989931248
104,1,628.975088975164,575.1201060096804
105,1,626.1572975811578,597.7334177274556
106,1,620.3245839008126,606.7361632296793
107,1,622.7855313523345,611.5613054689039
108,1,617.4517399359911,624.1828289180814
109,1,597.1500345382509,619.9958903795913
110,1,579.1002437649174,634.3820661131351
111,1,584.125872096299,636.0785077773035
112,1,564.8074700140231,654.3128165195153
113,1,566.2472331963177,663.5384384705791
114,1,557.6437744819777,677.640412066713
115,1,549.0403157676378,691.7423856628469
116,1,540.4368570532979,705.8443592589808
117,1,531.833398338958,719.9463328551149
118,1,523.229939624618,734.0483064512488
119,1,514.6264809102781,748.1502800473827
120,1,506.02302219593827,762.2522536435166
121,1,497.41956348159835,776.3542272396505
122,1,488.8161047672584,790.4562008357844
123,1,480.2126460529185,804.5581744319184
124,1,471.60918733857864,818.6601480280524
125,1,463.0057286242387,832.7621216241862
126,1,454.4022699098988,846.8640952203202
127,1,445.79881119555887,860.9660688164541
128,1,437.19535248121895,875.068042412588
129,1,428.591893766879,889.170016008722
130,1,419.9884350525391,903.2719896048559
131,1,411.3849763381992,917.3739632009898
132,1,402.78151762385926,931.4759367971237
133,1,394.17805890951934,945.5779103932578
134,1,385.5746001951794,959.6798839893916
135,1,376.97114148083955,973.7818575855256
136,1,368.3676827664996,987.8838311816595
137,1,359.7642240521597,1001.9858047777934
138,1,351.1607653378198,1016.0877783739273
139,1,351.089478500681,1021.9068927020082
140,1,347.6392869311535,1032.1339799792756
141,1,341.9630786072742,1033.3253975787595
142,1,336.0945289489859,1038.0556718359485
143,1,332.69994916255155,1041.2931012478493
144,1,322.9214604429952,1050.0373144242512
145,1,312.9752724654094,1052.7789427408595
146,1,303.696408712962,1055.6198153274875
147,1,312.53624382886807,1068.0060638735013
148,1,292.73507710591593,1067.9729581867653
149,1,288.80827114026096,1068.5607183758436
150,1,296.5123957976884,1080.4600785220287
151,1,284.55332449398844,1078.457725458718
152,1,279.2429697256008,1086.4376745872223
153,1,257.0759663656056,1108.7488062984303
154,1,234.9089630056104,1131.059938009638
155,1,280.28479630087134,1154.6813099800722
156,1,279.9226346717112,1163.5181491072892
157,1,237.9743816148519,1151.3989575693738
158,1,261.86303489926854,1170.285374156095
159,1,270.0042821823877,1178.8202353086754
160,1,258.46996833646034,1180.8459288287859
161,1,245.4034799137218,1182.4093891796344
162,1,225.29539574196625,1184.4385313779082
163,1,228.61207689559052,1189.6980611084302
164,1,262.6168543944927,1209.61647072264
165,1,279.3892031921798,1238.5916484287955
166,1,293.6681236119942,1255.9601070813237
167,1,271.1095905308943,1254.6006838447254
168,1,273.8340493065477,1262.5618069410943
169,1,276.01877941682704,1267.845012170207
170,1,276.66471762475453,1279.1924069430243
171,1,273.6562044798788,1281.1763126758954
172,1,278.9481040264944,1291.442703472199
173,1,296.36233542167224,1298.7395391052567
174,1,341.58335626887146,1317.3040860709616
175,1,340.1948036410927,1318.1203550478845
176,1,358.75405072844194,1328.693554406219
177,1,356.2534398096287,1328.2619226238824
178,1,356.5585848220293,1333.6031489109935
179,1,358.2494425232881,1335.1543619821825
180,1,365.6152497500934,1342.919246162648
181,1,365.9291740795125,1345.4738926659884
182,1,376.4169173773009,1346.364436327752
183,1,375.8862498361302,1346.6163117616109
184,1,429.0218797082301,1360.6289533998265
185,1,419.2293780284352,1358.3009938048938
186,1,451.19182940140763,1363.3605159444176
187,1,445.50837196589407,1355.938151747374
188,1,440.6868292258897,1366.9507473191472
189,1,449.1837867427474,1367.237853474487
190,1,465.0178788038046,1370.2384744286785
191,1,480.85197086486187,1373.23909538287
192,1,496.6860629259191,1376.2397163370613
193,1,500.12868508231503,1377.3427784816204
194,1,511.40883873918244,1364.5167267835277
195,1,522.6889923960498,1351.690675085435
196,1,533.9691460529173,1338.8646233873426
197,1,545.2492997097847,1326.03857168925
198,1,556.5294533666521,1313.2125199911573
199,1,546.5124273702486,1303.243887417404
200,1,536.4954013738452,1293.2752548436508
201,1,510.05919616002086,1274.9263983447638
202,1,522.4156930374497,1242.9778940432864
203,1,534.7721899148785,1211.029389741809
204,1,536.66637720163,1197.2093234432944
205,1,581.8615691221312,1209.760707169552
206,1,588.3977529528566,1197.3617728243714
207,1,589.8533681342581,1190.2873935700661
208,1,540.1041771047268,1137.7613305042178
209,1,528.7728817477683,1107.7197014650158
210,1,517.4415863908099,1077.6780724258138
211,1,525.2784113571256,1071.2881819967793
212,1,541.0207917569813,1068.1620530117602
213,1,520.8842498638005,1040.0288468653125
214,1,461.6196325058107,971.7589577032877
215,1,582.4269789464631,1035.0999704934961
216,1,586.5182129862444,1015.0178982831559
217,1,585.6042895841124,1008.2995617476837
218,1,545.0638346886594,975.0012742666796
219,1,454.7306001434341,894.193742872294
220,1,449.8198110958859,864.1279914901926
221,1,366.0316402804433,801.0892137902074
222,1,508.85181569407496,882.9397270872571
223,1,516.8459405233468,875.5169362026064
224,1,520.3760248957756,871.9970390108581
225,1,518.4772757740991,867.0303127069511
226,1,510.3304442006644,857.7758095121685
227,1,502.1836126272297,848.5213063173859
228,1,494.036781053795,839.2668031226032
229,1,485.8899494803603,830.0122999278205
230,1,477.7431179069256,820.7577967330379
231,1,452.06079299716436,813.972543196934
232,1,441.98183987008116,817.8309391184563
233,1,433.52920331242063,815.11208324933
234,1,424.4692989441798,811.8646204698607
235,1,421.15174870342975,810.5537350491308
236,1,422.7272087516458,812.3520064465233
237,1,420.359340452154,808.9408274566794
238,1,435.8980333428467,813.6445507421813
239,1,428.22199163998766,811.6159211114365
240,1,428.8457540946936,809.083431185516
241,1,431.7179104606941,804.8401501829011
242,1,403.46401403859744,728.7667260495061
243,1,446.5670672131216,782.8526778082788
244,1,517.7674566530968,784.7147445277195
245,1,465.8906510948149,761.2858057112511
246,1,479.5225090619721,753.5920905263588
247,1,467.01526865581064,736.5564443795356
248,1,454.5080282496492,719.5207982327125
249,1,442.00078784348773,702.4851520858895
250,1,429.4935474373263,685.4495059390663
251,1,429.64252582971096,679.0491072961321
252,1,339.6196650591315,598.1464088294049
253,1,249.596804288552,517.2437103626778
254,1,420.46828456416904,661.5934362003776
255,1,422.12734958813127,660.204837911294
256,1,423.7544753688216,665.915350603944
257,1,374.97509229057965,636.8265780283946
258,1,364.229067588566,604.4819316084076
259,1,369.46979623177043,606.3950853855923
260,1,377.59373839719717,620.5813775840664
261,1,376.709168076239,614.2685923510135
262,1,395.8169399526328,617.2284649285259
263,1,390.2174033673285,614.3468169743333
264,1,370.2519143063861,602.1272333467736
265,1,372.6095646534111,601.0598001330388
266,1,371.4211227777171,594.4850569261217
267,1,379.5418635443683,593.3847124931293
268,1,380.53380532592433,576.8253898055185
269,1,354.37861133842233,517.4517670877459
270,1,377.9680962831806,538.1996151663848
271,1,346.3167350784633,494.84150106208176
272,1,359.66731364763575,485.62646911794417
273,1,358.85636954414474,486.8661485537531
274,1,341.01292658297905,430.59173281560345
275,1,323.1694836218133,374.3173170774538
276,1,518.898666858614,447.7554925616749
277,1,491.04449537882573,408.27255434627534
278,1,453.02851205639143,345.1992027313921
279,1,518.582338364937,409.32549062269555
280,1,479.41133952400156,352.7631686740599
281,1,508.39476252215263,380.62600528665484
282,1,522.4313865104014,364.7835111955541
283,1,537.4869093676552,371.45454383572024
284,1,525.9714158038745,345.7965138223211
285,1,530.5657993837716,348.80969980095676
286,1,538.7925912209381,339.96350173384474
287,1,543.4348626002326,332.3576593897551
288,1,546.3961872083271,311.49452732817304
289,1,554.8304299334563,311.49563707245795
290,1,562.7909338094496,297.9050117820653
291,1,559.3243753420943,284.81716280136106
292,1,563.70460236471,281.77684675510227
293,1,565.8395534254163,282.6869153553059
294,1,574.2600094188701,279.366709465491
295,1,578.3344403868175,276.63951290066774
296,1,582.7062349608548,257.24034113155267
297,1,586.4200033704309,251.60886510038736
298,1,586.6361671310846,234.03686324804718
299,1,588.7326762109344,232.36569635793998
300,1,593.1397477265778,229.363491923291
1,2,579.5241535096209,1136.2756711781908
2,2,579.5241535096209,1136.2756711781908
3,2,579.4661484367797,1136.3086944450272
4,2,580.7359900983,1136.9742688748022
5,2,580.8363393901108,1137.0444602613186
6,2,580.6632686480569,1136.9820840920934
7,2,580.840064953194,1137.0148763798495
8,2,580.9156677471277,1136.8617274930634
9,2,580.7705504511651,1136.8768521876375
10,2,581.1476776070975,1136.924971584634
11,2,580.9134222186523,1136.8274943724837
12,2,580.8750205538705,1136.7837078176233
13,2,579.9885343372051,1136.0371731765902
14,2,580.6340200350869,1135.9843559056553
15,2,580.9349271286602,1136.1288913053822
16,2,580.1256999566311,1135.9513365186801
17,2,580.4915713066915,1136.2133859406665
18,2,580.9823354658483,1136.2446657936778
19,2,580.9177006523298,1135.5331556028857
20,2,579.9692219558468,1136.5035378770388
21,2,582.0943684405291,1137.3215570678967
22,2,580.9946114738531,1138.027371113493
23,2,580.4429651785294,1137.4555881306947
24,2,578.8206984169423,1135.3986534635249
25,2,578.139426396424,1133.0408217213371
26,2,567.4694103498814,1126.7218030288657
27,2,556.2407461604865,1118.91561774689
28,2,534.4476334091574,1103.9941513004478
29,2,533.8222136092176,1102.0927413922207
30,2,535.5242970179544,1101.0748461656835
31,2,532.8417568772311,1099.670496633743
32,2,534.5607967637138,1099.599005879492
33,2,537.1440169816199,1097.9066195123928
34,2,538.6136703095974,1096.3268253070526
35,2,541.6114277837345,1095.1233000124887
36,2,502.56834263982824,1058.9914652357058
37,2,467.8760755278237,1032.9928103414961
38,2,472.69032170352216,1021.895259870398
39,2,476.1857762189821,1021.2838609014019
40,2,482.2368582641925,1011.6078616101997
41,2,476.13013780458533,999.7935448156984
42,2,465.3623184325976,972.5476765864486
43,2,458.06321904233374,964.2037153621787
44,2,453.2423011652343,943.9767131565605
45,2,453.3417586935872,934.6197382357468
46,2,465.3776278009635,920.5855801403673
47,2,469.33009349022365,916.9029653416104
48,2,471.3811921832214,910.3384541620957
49,2,472.7959123532806,904.3636178314613
50,2,473.4845292341492,895.7327094801346
51,2,463.9443893659757,887.0217276136361
52,2,456.2314357924094,874.2572311161867
53,2,450.1981249104011,864.3965021089168
54,2,440.80017497339435,852.1406884829129
55,2,440.4360393986002,851.2237931866116
56,2,439.9723192736366,847.6859989896851
57,2,438.26665312991804,845.1519962227521
58,2,439.235192632589,844.7104027119926
59,2,440.0065089677391,844.7708025726206
60,2,441.04200942746917,842.4332416760085
61,2,441.56112494627564,842.2883395912665
62,2,441.15723428979067,841.5094312450641
63,2,440.87723989365185,841.5314510900594
64,2,440.75166143879824,843.9377242260919
65,2,439.7091141120626,843.6025604700098
66,2,442.08831032699726,846.2168396756716
67,2,444.031497543463,847.6369593624487
68,2,440.59987978101276,851.6699718687502
69,2,439.0409999024136,853.0711928073249
70,2,440.65913790208464,857.5803922861985
71,2,437.95574645226,859.5023564507594
72,2,435.5831365979522,865.2601683244168
73,2,439.1523550545498,869.6773003103579
74,2,441.25414044913236,880.9330567873446
75,2,443.60730932687665,884.7215916195125
76,2,448.65539846244593,900.9154849042109
77,2,453.7809918077944,907.6835637774739
78,2,459.7997295845861,916.1660646461769
79,2,459.918831518553,916.7076334260082
80,2,459.33834738033676,916.9485133693158
81,2,457.9267286741909,921.6851053441101
82,2,449.87109188107445,928.5556040291613
83,2,450.2420834593312,931.0779102953477
84,2,454.45987060326553,939.8568148312489
85,2,458.2668247918774,945.6004326605627
86,2,450.67973911930574,946.2647985088149
87,2,451.22484096954946,951.9298835720358
88,2,448.8970467853788,953.039180204552
89,2,448.0467205945676,953.749166486997
90,2,446.19219982480536,953.6530392871525
91,2,448.1727574946653,954.935088396004
92,2,447.9827580949532,956.623127663241
93,2,449.35137057246817,957.8310662857019
94,2,449.6051423770625,958.4986524716093
95,2,451.4635818131855,958.8971070745104
96,2,452.936252915674,956.6026050584273
97,2,453.34367037476613,957.4932171311023
98,2,455.2893907811585,962.5271435944475
99,2,455.2558249377502,965.0627815969461
100,2,456.47149683809647,968.8321474472912
101,2,458.2003050112312,973.326923642623
102,2,452.38773362870876,972.4699394863235
103,2,447.1662050241619,971.4320875996664
104,2,446.20549749657954,980.5443647022241
105,2,439.22746311748284,978.96912285472
106,2,446.8176498184151,990.1323394743058
107,2,473.02536383352145,1017.7545329090998
108,2,477.0733781895483,1031.2575072605568
109,2,474.8333490663576,1035.0099154779582
110,2,476.7088578005041,1043.8857390879448
111,2,479.3825778210122,1045.1001171809248
112,2,477.7880348755152,1048.8194431597863
113,2,467.52006113488045,1055.82099933072
114,2,455.10188013552715,1068.7758804346875
115,2,452.37339788551657,1073.5606374948643
116,2,437.4111693257886,1080.9887276327886
117,2,431.21931337259036,1085.3624111911288
118,2,410.9809674020595,1098.9532650978294
119,2,407.50873968115076,1106.4958107342316
120,2,395.4791106655275,1114.5846089982685
121,2,391.9980899832741,1114.377926373785
122,2,383.29289255390665,1117.9481099705831
123,2,379.9360517679982,1121.942994389538
124,2,362.7128936785534,1139.2263784243933
125,2,355.78019706052396,1141.5585252029198
126,2,351.42161691961786,1141.2915058666906
127,2,334.82137042269153,1145.865596722924
128,2,323.16372585780385,1166.6653119230195
129,2,322.0050217785177,1169.6220252098876
130,2,314.17835420582946,1173.670859957664
131,2,309.799752222712,1173.4870146976566
132,2,306.0664773988773,1176.1394491011902
133,2,307.54004283301595,1177.2182305393412
134,2,301.48594867705754,1174.4353960536696
135,2,302.09759271896075,1173.1741600445532
136,2,319.7331364899855,1174.5221804541259
137,2,314.21712266617976,1170.770442279957
138,2,332.546169045615,1173.2699471607702
139,2,331.64034677093,1169.1252943705604
140,2,328.58655091195567,1167.9287315954698
141,2,348.45457553586,1173.025556784563
142,2,393.27974433716435,1170.634476837464
143,2,394.90331706390816,1166.4659312592564
144,2,396.0949230163131,1181.856059860495
145,2,404.76048273576504,1170.7233719821766
146,2,441.11263654628397,1185.2468126645824
147,2,453.41980226093267,1188.328958227584
148,2,456.89732739459134,1186.5416537014157
149,2,464.2973155499031,1192.1027588838424
150,2,501.50593494996104,1205.1518199514978
151,2,516.6952123372442,1214.0003934196204
152,2,537.293670385861,1219.0321514317886
153,2,537.5126132211126,1218.0907481147349
154,2,532.1270726371431,1227.2590673905302
155,2,530.6342047440078,1228.2487379612683
156,2,529.9380819099906,1228.3861948648153
157,2,529.0224335689151,1229.531081522548
158,2,525.7628303938358,1224.2260849298325
159,2,523.8889669605077,1224.4271053276598
160,2,524.985698557375,1225.7832507160479
161,2,524.0490495630755,1224.5782627504607
162,2,524.8565104058638,1225.765946616065
163,2,526.0444605754261,1223.974910037994
164,2,518.8807583947424,1218.9715906067786
165,2,519.2489465535839,1219.0029939479305
166,2,507.6929997758377,1215.0778467998628
167,2,500.2145141704862,1212.5339804693288
168,2,500.41964920010423,1215.083703371466
169,2,499.01154022152025,1216.3205510297455
170,2,496.3864463925279,1217.5484535814046
171,2,490.3553916905351,1218.3063667810213
172,2,481.7765586391913,1227.5421999940693
173,2,478.34233372665216,1230.941336251442
174,2,479.83973969127777,1245.4843983559501
175,2,475.4516784070911,1245.8791605452286
176,2,479.63730512578803,1260.0956689016948
177,2,479.5398240208835,1261.018460767843
178,2,485.44307981403745,1265.9895861590667
179,2,486.79210023709976,1266.4871374571803
180,2,487.2192242979348,1267.8321835462407
181,2,485.0748300766145,1269.153819818637
182,2,485.38829205019573,1268.6847453736145
183,2,486.21894668298717,1268.4563332250998
184,2,486.6746931882737,1263.5158083774982
185,2,488.5039112306927,1261.5540968158693
186,2,488.0150431952891,1265.3713269354434
187,2,485.9101512902703,1266.2088306404628
188,2,488.4501433746688,1256.587997916079
189,2,479.22302519173894,1260.2426742682733
190,2,473.0561361431199,1254.800848625495
191,2,474.59058173501296,1252.6673311440463
192,2,474.0462523025918,1250.2307157235284
193,2,480.29215266596736,1239.1830486638744
194,2,473.4476188777758,1253.484408105943
195,2,462.89280879042553,1248.4626824870338
196,2,449.7590852641631,1239.792396697374
197,2,438.04412360745647,1234.6835029862566
198,2,404.0040671293529,1219.4992895207893
199,2,401.30705521202674,1211.2269048588482
200,2,440.67402745359516,1227.7204062459946
201,2,415.89406693881625,1211.2088764999096
202,2,410.2034813487043,1196.8972421621997
203,2,436.59927001498244,1205.0042804396417
204,2,400.4874586288687,1174.5846691882496
205,2,391.65706452824736,1174.3995790900935
206,2,365.3893025724757,1163.651617681867
207,2,364.44529839192336,1150.9646249678788
208,2,360.0456329801302,1152.8508806876046
209,2,360.88183125934626,1150.5484786617897
210,2,361.0914563905324,1146.873447688257
211,2,365.20567124063996,1145.120540449722
212,2,367.67148081736707,1143.4427001074248
213,2,368.049267558078,1142.9888431779502
214,2,365.11837915524785,1144.2079283292517
215,2,364.93129190596215,1146.2817986474904
216,2,365.1044483128138,1148.2331530034428
217,2,364.9498197378924,1149.3048658262053
218,2,365.1699716375942,1150.1619047992178
219,2,365.83819107790987,1149.2296141929035
220,2,365.98634573244027,1142.5162955906055
221,2,368.3134059339832,1136.346398468105
222,2,370.5369552556612,1133.7070842917685
223,2,371.64885680479637,1133.493873243115
224,2,371.02056227415505,1131.16342195157
225,2,372.68437985040083,1130.9621815455037
226,2,377.4692750914278,1124.60332474224
227,2,380.3316739638139,1120.893011625252
228,2,409.84411085929975,1121.50185791063
229,2,415.5719297549225,1123.9412584442296
230,2,430.5790030633986,1128.1738327738058
231,2,442.73042608561923,1131.8009486223468
232,2,449.90215388631555,1134.4206493161025
233,2,449.9197231517605,1136.6716536076763
234,2,455.4561759886663,1129.4015945221965
235,2,456.1790070705381,1128.066709388239
236,2,455.76425891733936,1121.9527776021
237,2,454.7258908941617,1118.574041780928
238,2,467.0380782159116,1119.3403112152032
239,2,475.1988981615289,1123.2814722024775
240,2,476.5628322479966,1124.3727833538785
241,2,476.19296578991134,1124.7421114135511
242,2,476.4521054649019,1125.0004625758845
243,2,476.8305366654592,1126.5448011177418
244,2,472.2080544492491,1128.7069105322225
245,2,471.3368910883229,1130.3305089147143
246,2,477.4572184742671,1134.4628380716792
247,2,474.46121809911125,1141.8816595710025
248,2,473.0411932131936,1146.4647713986133
249,2,473.2292820811525,1145.9338997014704
250,2,470.8682893621841,1149.389292044336
251,2,469.5560766821654,1148.857204379743
252,2,467.09801276245605,1143.1011122835307
253,2,464.48947637956303,1140.1455407667004
254,2,448.052375993655,1127.6631961789167
255,2,443.21249512455177,1124.453923411926
256,2,417.16385165918894,1102.6247333364872
257,2,412.1718308575351,1094.2783348605751
258,2,401.6595142613973,1084.3599953942264
259,2,401.6664838393621,1082.7390486329969
260,2,407.67559235768175,1081.184397228881
261,2,409.9394808119074,1081.1953763015472
262,2,412.4205258732484,1077.9644511437477
263,2,412.67806162725304,1077.9953823157769
264,2,414.66817894360116,1073.983016742396
265,2,415.1067903433141,1073.2829676468982
266,2,411.6085336202183,1068.1935813947553
267,2,407.5621955248814,1065.249648384306
268,2,402.46165054548396,1059.4519036825272
269,2,400.5923645247385,1057.816217550853
270,2,394.23844772798185,1052.9395415576103
271,2,393.92509755501845,1050.5451728227747
272,2,394.1704785413526,1046.2410041946782
273,2,393.06590404465317,1045.2568403541072
274,2,390.49937719357786,1039.1270166080146
275,2,389.38718833987224,1037.2116928519588
276,2,389.96697463830947,1034.2267469729638
277,2,392.315266531235,1033.378144613179
278,2,399.70799873448965,1033.4135273916943
279,2,400.34030493716045,1032.562918707066
280,2,407.9671607840396,1029.4365854070645
281,2,399.9755206684776,1023.2741105452069
282,2,414.6381890011369,1026.3711635176337
283,2,417.8151407093456,1028.0550115594292
284,2,422.3214186059281,1029.1367706085105
285,2,422.1183939552077,1028.6691015099018
286,2,424.94908581420674,1024.3522230703263
287,2,425.0653397691015,1022.0691552455635
288,2,426.79316500466535,1019.663663818611
289,2,428.75274128613535,1018.4656580612634
290,2,444.6171316345295,1024.4159551648852
291,2,459.30787157768725,1029.9927311561787
292,2,473.46336527670417,1035.62295688251
293,2,475.147313686281,1039.179678946002
294,2,476.561990997038,1038.8501480825075
295,2,476.8615840719025,1038.590288236427
296,2,480.09394360369015,1033.8322415527975
297,2,479.316109828071,1032.9536825166658
298,2,473.45856219363833,1032.029436784212
299,2,473.16417745522716,1028.8670474269136
300,2,460.79024762061204,1014.2338123010474
1,3,982.296398579791,522.8094953717681
2,3,982.296398579791,522.8094953717681
3,3,982.0477409562401,522.6298734270318
4,3,980.5934507258535,521.9192342559256
5,3,980.485316839586,521.8155422947325
6,3,980.4241652651979,522.0616119543988
7,3,979.8794033509165,521.6074251632804
8,3,979.3412543741861,521.8116670519057
9,3,979.305371068909,521.7196179302792
10,3,979.3864053088371,522.3577318864944
11,3,979.4140284987471,522.8469688888753
12,3,979.0748687160137,523.2764721458175
13,3,979.101571822242,523.5789506371964
14,3,978.0394243654335,524.7639589004511
15,3,978.0884619720354,526.0741938005871
16,3,977.3936471222396,526.2425307485465
17,3,977.8182521504175,530.0005294882329
18,3,975.3517033076546,531.1813434265421
19,3,974.8233422084732,531.2250282247637
20,3,974.128521229222,531.1373114638809
21,3,974.8871305597834,531.226942546228
22,3,976.3369421804813,531.3034426791683
23,3,972.3505638873429,532.114764594433
24,3,968.1119095273676,528.6033877553242
25,3,970.1864714248281,528.0666145232486
26,3,970.5999151133603,526.0137508501566
27,3,967.0836638206737,523.6467289358209
28,3,963.4110930913837,524.2402692674481
29,3,962.6645484632065,526.9047479892365
30,3,962.433419292926,535.2432513189674
31,3,959.9329049280218,534.1554837016162
32,3,959.2806896693695,532.4309303708949
33,3,953.6336902408409,525.6835111998088
34,3,945.3113375458038,526.5610271726038
35,3,924.0271778247733,498.0608344883089
36,3,922.6649065022751,508.14207489085385
37,3,917.430283420965,507.6834044313473
38,3,907.6561207194119,511.4947407401468
39,3,907.2237870314151,510.32577228493193
40,3,869.1641496222686,461.4301872252405
41,3,857.568312334128,450.5215064705742
42,3,849.9965147781818,457.4583937921246
43,3,847.7392268256779,463.3688592779627
44,3,839.458847137073,465.63067080644976
45,3,830.005929380941,458.9684750317932
46,3,768.4719539695999,386.1414503705005
47,3,763.6923867947531,390.8470617773635
48,3,760.3123067442057,401.00669400023844
49,3,758.486080399039,404.60185871998124
50,3,744.0722415804595,397.77000028825665
51,3,724.8366137660214,376.690935271973
52,3,694.0882524332293,352.92227103504416
53,3,686.5016624685899,350.6601467832622
54,3,669.3079490069421,353.65376184979544
55,3,664.1386197311009,354.6611264367911
56,3,645.2432867870839,338.767249982412
57,3,643.2794141871436,347.11617073560194
58,3,610.469324115605,319.8315401933223
59,3,604.2363689956463,324.4213807052658
60,3,597.012579155881,351.71160963124896
61,3,594.6994786025125,350.42513462864287
62,3,591.2112392957,352.02927857019404
63,3,585.9927038186248,352.7634436784768
64,3,556.7536106156283,342.00198067805314
65,3,557.9201672532782,346.5348929044387
66,3,540.4427483195651,339.35691049731565
67,3,519.9432310133529,320.2763164013368
68,3,521.793358847854,334.7628831279343
69,3,509.58736490081316,327.32596790692764
70,3,545.2258544570414,374.5739526708275
71,3,520.8633031376919,355.8796189277684
72,3,505.7889324026001,364.78274123369533
73,3,492.9756834692807,359.0495747468033
74,3,480.16243453596127,353.31640825991116
75,3,467.3491856026419,347.5832417730191
76,3,454.5359366693225,341.850075286127
77,3,441.7226877360031,336.1169087992349
78,3,428.3049531965533,329.5422329461563
79,3,431.78686743950163,341.43708519925065
80,3,435.26878168244997,353.331937452345
81,3,439.3178856751456,355.92103792671
82,3,437.2886844088874,370.82361857179615
83,3,440.6374289812058,370.12524366066685
84,3,421.8775163317101,370.5486240999199
85,3,420.1245914674447,375.83565240876703
86,3,395.06728625832,368.82531786956986
87,3,392.3490150713684,376.10929959476186
88,3,382.3462683619288,368.11082921904836
89,3,381.7964826491464,364.9665613036751
90,3,369.457101228765,367.32857550147145
91,3,365.46378734279597,370.71160788543506
92,3,366.4527098789957,382.4918410224195
93,3,360.9067701583153,390.19200688717564
94,3,355.8668021094726,395.860516018114
95,3,356.03298480577513,397.05366391262163
96,3,356.3908609006482,400.70217332730033
97,3,356.12891253649804,401.04131091168483
98,3,359.1149216288556,401.1114178597034
99,3,362.37124768165677,399.734212011349
100,3,374.4012506180432,405.3664520443443
101,3,375.5308277371974,399.78247396960967
102,3,377.13670593003485,396.51666741434656
103,3,377.2922644968336,393.98614747394606
104,3,391.65581107789853,399.46333908689365
105,3,374.5026527831532,373.7683655319682
106,3,397.60386361675796,361.82758355240077
107,3,423.44048689727316,379.80672653567785
108,3,420.1719782122386,367.26914242524833
109,3,411.49893989944763,348.32332536595686
110,3,403.91601955847557,324.74838855206883
111,3,429.4103868649039,341.9051880119723
112,3,422.4864595661758,322.6714043734829
113,3,427.9913529825379,320.1007428378958
114,3,464.5547852775125,332.9625095801092
115,3,468.2905277150061,332.67680106891373
116,3,474.5225815271712,336.2576488546142
117,3,467.02187991971914,325.16394816808753
118,3,479.99463701374924,312.38707916249604
119,3,487.0566466903432,313.38225287586704
120,3,490.1758129691972,307.5137955136291
121,3,491.5557620796171,307.9481561010671
122,3,499.36531274499976,304.4573196944945
123,3,507.3897731849838,307.6519994073543
124,3,541.3554513438572,325.2158018952193
125,3,547.6198336139408,326.3603559135061
126,3,566.8889549736714,337.56861561339605
127,3,570.2784051584842,337.9997968659385
128,3,572.0874117364943,338.08864402040575
129,3,576.9017042531431,336.95426765260237
130,3,581.6285039760945,324.6547686395462
131,3,583.4255175859722,318.78648698232297
132,3,589.0123579834169,312.94484924370374
133,3,591.2377514561601,311.4512540566265
134,3,610.7692552676594,325.080251587825
135,3,625.9689547366631,338.01896943849664
136,3,639.050363254606,339.0949560951014
137,3,648.4040142470816,347.14260195023996
138,3,651.5724850675316,348.97123537151884
139,3,649.0489915713002,342.4624855876552
140,3,653.9611651996969,344.11788713675526
141,3,653.7921157394454,335.76638979720957
142,3,660.2905514011452,325.171535111668
143,3,663.2515498184868,324.6414615107781
144,3,666.898399522693,323.32243937466296
145,3,667.458216677709,320.5925842666804
146,3,678.9486230766162,328.87255763812567
147,3,689.344020861608,339.56585497420264
148,3,704.9090153314431,354.64511124135885
149,3,706.2383729857846,352.5363175499932
150,3,712.1187786110269,353.58143735317003
151,3,712.8973943730987,350.7353984367583
152,3,716.0375350384197,349.4008253421008
153,3,717.1128228241223,348.5258786233089
154,3,719.3835947161004,347.79361096381956
155,3,718.76311567373,344.33889039563945
156,3,718.8721409195673,341.382148596455
157,3,719.3131786507274,340.3198825856269
158,3,719.8529544809795,338.7793193910922
159,3,720.8651208387864,339.46367716712285
160,3,721.3863397911044,339.55299325020314
161,3,721.1464991623012,338.8091574761785
162,3,721.3699439384734,338.47341488764937
163,3,721.4331940775526,338.4823259917341
164,3,724.6210354505452,341.4539309719241
165,3,724.4311509139787,341.32265263212764
166,3,724.2793400098111,341.118720540424
167,3,721.0671615087009,337.2735328680748
168,3,720.6744846744855,337.1015900651083
169,3,720.8034065033088,336.67188335583717
170,3,720.6454029238846,336.5484831841943
171,3,720.4946643810334,336.3315100963279
172,3,720.5693097969314,336.3645685961936
173,3,720.2741336958647,336.12131631886854
174,3,720.6725042095388,336.7255826628316
175,3,720.799781825869,336.93850055363214
176,3,721.2449630369491,337.07280621535244
177,3,722.7934945543142,338.7489765379245
178,3,727.22298452925,345.09028139820083
179,3,729.7021166249137,348.19908022738775
180,3,733.6722153754907,352.9045823465122
181,3,736.661993970906,356.34136003262614
182,3,749.3428761216896,372.5818459873287
183,3,750.9766655696187,373.97210466799856
184,3,749.6791354528092,376.5052900279177
185,3,750.7123784102158,376.09534830627047
186,3,756.7395818228301,380.4946764978583
187,3,755.9002886463671,374.2916782878971
188,3,765.0373087986932,382.94571498577903
189,3,769.7587901260978,388.2467262951483
190,3,789.6094670520819,414.3231213766157
191,3,797.2525683115766,423.79140466978015
192,3,815.3967445643294,444.50199489931634
193,3,820.7506874248862,449.66020032342266
194,3,822.5199302570566,447.68027732433654
195,3,823.8346961592401,446.9208972243307
196,3,823.9104800117979,443.49930054534906
197,3,825.3579499799057,444.2130699636273
198,3,826.5628186835154,443.66550616513854
199,3,827.1052432091681,443.58408725655715
200,3,827.5444700055932,443.6700698123737
201,3,827.2552284936314,443.2469097241028
202,3,827.3992026122339,442.96174020517685
203,3,827.5563235036717,443.01985673502884
204,3,827.5932608957975,442.1399050717722
205,3,827.2692887411808,441.7923362025041
206,3,827.2668425433509,441.4041986601208
207,3,827.1151628129631,440.83313935690336
208,3,826.7196155314789,439.6217456118411
209,3,826.2845764197042,439.8916187364994
210,3,826.9966920482128,440.8164071715079
211,3,826.9749633128755,445.22705337601235
212,3,825.4217853096578,444.9667857846035
213,3,825.4165387878614,445.32403943583796
214,3,821.5637391641113,438.50347845335733
215,3,820.7547356883643,437.8938890481911
216,3,816.5710939482545,431.97045502128634
217,3,814.9934983599616,430.8995515694924
218,3,815.9376484689644,431.5939724366862
219,3,818.1575184401111,435.147217157461
220,3,819.1609941043322,436.8971146015972
221,3,817.8771629651399,435.34203911000515
222,3,817.1456881763318,436.87792502735954
223,3,817.2606074434465,436.7950768244409
224,3,816.6488116770471,432.6465230226232
225,3,816.7312110555015,432.6628692350456
226,3,816.6786736464811,432.83990874909455
227,3,816.8240629928231,432.5989712324646
228,3,816.5421408661441,431.56662306597036
229,3,816.4127694861486,431.3313834715048
230,3,816.2632862099816,431.6733897619636
231,3,816.2246501373609,431.3486666524839
232,3,816.5645872535179,431.5925370684797
233,3,816.5799188750112,431.65505421558476
234,3,816.8484421069589,433.1502312984523
235,3,816.7751000348276,433.17495576267794
236,3,816.6359847369359,433.3534758058809
237,3,816.4500329550907,433.26567392923346
238,3,815.3644670476667,433.23424084646336
239,3,815.0985661319123,432.9573352058215
240,3,815.5106653898595,433.3336957773762
241,3,816.2446347970338,431.31350308334567
242,3,814.5049483120159,434.42254819263985
243,3,815.0007392667158,435.35787007009134
244,3,815.4906838381136,435.36367604599945
245,3,817.7653637180877,437.6987625708111
246,3,821.3528685762786,438.04430849827685
247,3,821.1572466443481,443.32952545880175
248,3,822.5798735553238,444.34575594660464
249,3,825.2151048598021,447.5381653555461
250,3,826.4653804769612,449.43745735228515
251,3,827.9066938260543,452.75214844934965
252,3,824.9577074805769,456.79226224980266
253,3,822.4434494224873,457.774833407638
254,3,823.5662103527562,467.8384548389317
255,3,817.9660261448441,473.7625089586471
256,3,832.5316921379447,499.13990652055344
257,3,834.5484061613471,510.01645812399806
258,3,821.1211196683357,528.497598663108
259,3,817.6510353294904,530.3838796455852
260,3,813.9756134686844,544.392206647079
261,3,810.0843705399699,550.9155259752526
262,3,796.9126840441759,558.7385365668306
263,3,816.1994890418118,594.8129984946792
264,3,808.4379249853471,612.1165387914913
265,3,795.6242058824412,633.7843449357547
266,3,788.8563757805736,636.3271889284699
267,3,785.0502382115945,646.137821267358
268,3,776.6766267930499,662.0759287373869
269,3,771.1179996455204,667.581787688397
270,3,762.4143557547061,688.5648965864837
271,3,780.73937393318,714.5789139382555
272,3,779.0150613306411,719.0096225525275
273,3,778.8565329487951,721.3030320520289
274,3,783.6666128080856,710.0369833084475
275,3,783.0980153571492,707.7181142454682
276,3,787.421623299815,705.940975910295
277,3,782.8677870345422,703.8575732829814
278,3,764.5445427540252,685.6706361792742
279,3,761.9869857173493,684.5378661230926
280,3,763.2645951130936,681.3690462347272
281,3,765.4497525507804,680.8233258379317
282,3,768.1358335984467,680.4196976781894
283,3,759.9109831815982,669.0836337017823
284,3,712.0682558688077,614.8659192141365
285,3,712.273299336202,615.0002748516979
286,3,709.8452732351359,612.7154321684429
287,3,705.4298029166623,611.7454478408176
288,3,690.3390784134369,606.2152179484046
289,3,676.7568625040834,596.014802705148
290,3,659.6275079648068,585.035379610223
291,3,646.4653996673326,582.4210717541787
292,3,627.3098824621635,569.5517864235197
293,3,616.9870019237414,566.0289408480555
294,3,592.3864463104454,562.2390494010647
295,3,595.450482419389,571.4173887598118
296,3,587.9936377843918,575.5462169327916
297,3,549.4449925975028,541.2440305472028
298,3,515.8738611753362,555.2863377617465
299,3,512.0169824251712,556.7135076950486
300,3,506.98744792112745,566.3680794339883
1,4,611.3730445756916,1425.8177555476423
2,4,611.3730445756916,1425.8177555476423
3,4,611.4276828014017,1425.86953155424
4,4,612.7064709857262,1426.5237801230844
5,4,612.5577366549301,1426.7993248610132
6,4,613.8809268408887,1427.3980060696986
7,4,614.7343678003625,1427.9831176809291
8,4,614.578593887191,1428.1617867399075
9,4,614.9777855559055,1428.544128894902
10,4,614.1352561351282,1428.6216205089513
11,4,613.4915863305406,1428.5647150625045
12,4,613.122534237017,1428.8046727802243
13,4,612.8802650098689,1429.0820400838086
14,4,611.5558895128493,1429.0473787895053
15,4,611.2026756389471,1429.1967045497704
16,4,610.5874244367766,1429.3163813845472
17,4,610.2290285231385,1429.122278002226
18,4,609.5475807141556,1428.1176835663887
19,4,609.916128205389,1427.7541563636546
20,4,611.3650494566472,1426.5592492914795
21,4,611.1659243200586,1426.351002109822
22,4,611.0284005709701,1426.197746666771
23,4,610.9654170047072,1426.0906020776615
24,4,610.1332885005887,1425.1503217484576
25,4,610.0986935415859,1424.9576068237916
26,4,610.3041946657152,1424.57052677833
27,4,611.0194742307718,1424.643741241985
28,4,611.4991521749063,1424.3299929270775
29,4,611.6936890987199,1424.145373960343
30,4,611.9342412977132,1423.5596222041418
31,4,612.0950737762204,1423.5771433950224
32,4,612.1096580963381,1423.1686489362867
33,4,611.8942317316644,1423.0769184119576
34,4,612.3516893188709,1422.9517071432842
35,4,612.2513133978283,1422.9449117548736
36,4,612.2189976919864,1422.6714759899135
37,4,613.606097301593,1422.9646646382882
38,4,612.285634893962,1422.6535535222515
39,4,612.1769150399184,1422.6068326236864
40,4,612.1871597101436,1422.5408506166145
41,4,613.4781844782135,1422.8635098860848
42,4,612.4311279821515,1422.742218190308
43,4,613.6984095845668,1423.0094364357026
44,4,613.0311730016986,1422.9074911682724
45,4,613.1414799921929,1422.9523550388046
46,4,611.9494662391727,1422.7378759447467
47,4,611.8935672312812,1422.8444732851779
48,4,611.9035994876498,1422.8450767324714
49,4,611.9217705086181,1422.8498725426584
50,4,611.6826766290986,1422.7304127004425
51,4,611.8116766877625,1422.7669872050815
52,4,611.7643530751006,1422.7273398456834
53,4,613.1061861296968,1422.9555589158829
54,4,613.4914041918521,1423.0834208678518
55,4,613.4878102882643,1423.083305132136
56,4,613.4059937955362,1423.051041853282
57,4,613.655212498815,1423.1434706964321
58,4,613.5427474677007,1423.0278422573683
59,4,613.5972977157015,1423.0098311865547
60,4,613.4861082722786,1422.8632321880439
61,4,613.5296956590047,1422.835636906036
62,4,613.5114354310776,1422.8192994980802
63,4,613.5312307274276,1422.8030567342303
64,4,613.8156742548533,1422.8863432921457
65,4,613.9345559046434,1422.9452210901586
66,4,614.0405138157054,1422.9908561972106
67,4,614.1089975389335,1422.9771099063003
68,4,614.133417808174,1422.9961765146231
69,4,614.1211116513273,1423.0423374071913
70,4,613.9964864591705,1423.1493181706933
71,4,613.9255417313012,1423.2706986698702
72,4,614.0323104234026,1423.3740243058571
73,4,614.0596750098485,1423.371350242452
74,4,613.70913979484,1423.2499357225925
75,4,613.6589012078713,1423.2428343114257
76,4,613.8701169960538,1423.2758365481163
77,4,614.8942438632439,1423.3696679179945
78,4,614.7875241051104,1423.3537738768036
79,4,614.65814541569,1423.2945457705057
80,4,614.6282596551783,1423.317349317328
81,4,614.760922576972,1423.345790558786
82,4,615.0794655940903,1423.373432130168
83,4,615.0487180164085,1423.3877727578824
84,4,612.5653865438181,1422.592408806271
85,4,612.4808232390056,1422.5542627545203
86,4,612.5902327096978,1422.5813622277774
87,4,612.4840646775167,1422.571176366322
88,4,612.5290291208568,1422.5596451962467
89,4,612.4753683302224,1422.5627681935664
90,4,612.492797488894,1422.5909881676987
91,4,612.4490284804646,1422.7782909631992
92,4,613.3538628353408,1423.3747125485556
93,4,613.1873224470106,1423.4967838314165
94,4,613.6531008791318,1425.4621574365128
95,4,612.6754146368711,1425.66420640533
96,4,611.6834763322404,1426.7903786464788
97,4,611.5327146853706,1427.140235290301
98,4,609.0654796377593,1428.1118286888234
99,4,606.9601057851953,1430.7266960410414
100,4,608.5956671797377,1433.2231548247532
101,4,608.1571735923357,1434.0632606894992
102,4,597.5918594747343,1433.2860932022525
103,4,589.5282875174154,1433.149137365067
104,4,553.3214247675049,1435.8452129668874
105,4,554.9222745188738,1441.1618950673108
106,4,544.4359128476426,1444.9527712817978
107,4,542.7210185006978,1450.235365961213
108,4,522.2913393181655,1449.235340710283
109,4,519.2701318180996,1450.6052599459179
110,4,496.42643004523626,1450.142017654579
111,4,481.1107382193216,1449.506630296205
112,4,463.3122532146025,1452.9602544289116
113,4,455.73649848781463,1456.1936870368174
114,4,433.370299166178,1461.8882139827651
115,4,421.4796413267447,1462.7381206903292
116,4,377.962572244474,1455.9505447497108
117,4,386.36149441531154,1459.5562740954126
118,4,369.28806394395644,1459.4592219501892
119,4,365.2188330566139,1458.2323247141587
120,4,338.61696567116167,1455.3599710045125
121,4,336.64059261619553,1454.861159236547
122,4,338.64384775993597,1458.2788557417027
123,4,347.9455845537937,1461.227648349943
124,4,348.121339245515,1454.050503250936
125,4,367.1454831286924,1453.4000201902384
126,4,390.4935770919055,1449.2439236705513
127,4,388.3693978240641,1442.503597236336
128,4,402.57544338943535,1440.9619696796676
129,4,397.3825603985655,1438.2319306058223
130,4,403.6673871077734,1441.5406864315305
131,4,411.5533999382195,1442.0497812791425
132,4,441.6256766922388,1435.5319288058906
133,4,453.0261751047447,1432.0519915086154
134,4,498.95119203862885,1418.3214834097164
135,4,493.418624814995,1414.2496178089375
136,4,526.3189059869272,1418.902602214479
137,4,533.656295535138,1412.8427532774724
138,4,551.0197684736719,1395.1702442969279
139,4,554.3626307318091,1392.476339845978
140,4,565.9084728460821,1380.9062862636576
141,4,580.3025788217774,1380.9817045498082
142,4,593.4670108775073,1373.36209694464
143,4,606.0674370153074,1378.0907522602442
144,4,621.7822566425668,1379.7750954448452
145,4,624.4242008487702,1379.7453418450434
146,4,630.3898294903153,1379.5298051677814
147,4,631.9403243511503,1379.335416704588
148,4,630.875425030781,1376.3262232614215
149,4,630.1858591461211,1376.0486223206333
150,4,628.406792544354,1374.624927373454
151,4,627.8936198452056,1373.4514697217724
152,4,620.6424280304916,1369.1181390004674
153,4,607.9997573578074,1364.0878291762735
154,4,619.5116576212205,1364.5365069004947
155,4,620.5655811366717,1365.5230686380376
156,4,623.3677540183323,1365.7313271845414
157,4,620.8051182781076,1365.1018820545064
158,4,616.4624047740368,1365.2073803309602
159,4,616.8207140707984,1366.5686368670213
160,4,602.8703477473041,1363.5979928426607
161,4,599.8355444843712,1362.2821411867646
162,4,580.3031187838496,1355.0595271353532
163,4,578.5731449151563,1353.524486882843
164,4,572.5182676662592,1351.0474851153683
165,4,570.0045772457337,1349.5336780296323
166,4,576.7000612458594,1349.503093867211
167,4,577.3994141074478,1350.4206619893996
168,4,582.3395416243563,1351.1640191368315
169,4,580.8107900352638,1349.8165780742481
170,4,573.7058796642913,1343.5046122248198
171,4,569.7277859132515,1342.9180638972737
172,4,525.0470751932564,1322.3954218543158
173,4,533.8054614947936,1325.7998616558211
174,4,515.1109399914645,1319.835659132004
175,4,504.4964640833047,1315.9230542566886
176,4,496.13732748967846,1312.527952425524
177,4,495.32809436769986,1313.2519282651747
178,4,487.3564542099303,1312.1476972110986
179,4,485.78010447559905,1313.367849237211
180,4,458.07501078977924,1310.6472758925975
181,4,459.7420996279551,1316.2805781015136
182,4,456.7689508804832,1317.2738206024922
183,4,458.23467911733934,1317.8692531287027
184,4,446.02218297712665,1319.098559890549
185,4,444.5516957702209,1319.9597000821543
186,4,433.2554980332034,1317.043170306687
187,4,448.2085419758684,1319.8065792538127
188,4,447.9597777846037,1317.8169668977127
189,4,443.2758794209226,1315.9967411216287
190,4,433.4400708362333,1314.5885332824955
191,4,440.81932831714084,1311.2003185955787
192,4,408.9182860167938,1296.8472450077616
193,4,416.21391440550326,1294.3377898691008
194,4,350.80428514075436,1275.8588197889815
195,4,397.97488929955927,1289.1226158979002
196,4,455.2648617746342,1310.5379850191737
197,4,482.6730604888414,1312.3813840701778
198,4,463.79539262905115,1306.1052597541006
199,4,467.9886514722969,1304.2472468663634
200,4,463.5968783703305,1314.1104836083425
201,4,463.9932657711407,1316.3920296268236
202,4,458.6130318465583,1316.7803671229613
203,4,463.351940535962,1314.0763545646191
204,4,458.4477120381301,1315.871630589741
205,4,457.32134535423234,1316.8000126245404
206,4,452.09089559879857,1325.5938372199682
207,4,451.7959601583658,1333.9173072714796
208,4,432.71988975919373,1333.8343605748641
209,4,453.42140160582187,1344.0606365784597
210,4,471.22675917556074,1362.1519994708667
211,4,485.53056550909395,1367.7477194641945
212,4,513.2328055181599,1379.130255242385
213,4,521.5656432612535,1383.6200315669416
214,4,528.6390204869972,1385.7378898258914
215,4,530.928256835403,1388.3011773591672
216,4,531.1790263514049,1389.6870905955368
217,4,531.6472960799077,1391.056809345667
218,4,528.5205260839014,1392.3121834950246
219,4,532.2524747912366,1394.2077865679862
220,4,536.8091105356576,1397.954287078586
221,4,553.038277610559,1402.2911031519243
222,4,567.0614888199383,1406.9174295973476
223,4,572.317705329497,1407.2606766369713
224,4,586.9324880382566,1409.1386628980615
225,4,589.0121610683649,1409.3895343773647
226,4,590.5240224974651,1408.9318871085218
227,4,590.8305082492644,1407.7892385134178
228,4,591.8969977290059,1401.6392023115766
229,4,594.3304630538756,1400.3871767894843
230,4,596.5069744963954,1396.2572108680615
231,4,596.6396290038418,1395.952997970986
232,4,596.100140717332,1396.282815281763
233,4,595.5981565872407,1396.540891147909
234,4,594.5696113834238,1396.93736613034
235,4,594.4560153986937,1397.2217240932387
236,4,594.0397956771075,1397.5524613154855
237,4,593.806706620595,1397.4314655492772
238,4,593.8491462928429,1397.377086031655
239,4,594.1201204621453,1397.4215441899273
240,4,594.0136394677264,1397.2446082397216
241,4,594.3484689191852,1397.1313956208328
242,4,594.5769366157409,1396.9908502268775
243,4,594.7727151843967,1396.864472251376
244,4,593.2132785604364,1396.0889960864986
245,4,593.464576263112,1395.9442515193311
246,4,593.6155432664658,1395.6806311003538
247,4,592.4373706982209,1395.2220069025109
248,4,592.6219419936646,1394.7624598678926
249,4,591.5556212275616,1394.666633847701
250,4,589.5332442799104,1393.1131647129107
251,4,588.071417602171,1392.914689110717
252,4,591.5218786244935,1389.7177103681006
253,4,591.5776917739414,1389.3472493969296
254,4,597.9792749572255,1382.8717705934998
255,4,600.0660935530591,1383.0492289741765
256,4,601.1124283199242,1383.428151791556
257,4,601.5487670933968,1382.3641039162899
258,4,602.2512132404468,1382.5645533214617
259,4,602.7470393678224,1382.576324704527
260,4,604.4884831974465,1380.7722101272327
261,4,605.2694446332277,1379.081745647971
262,4,606.4181502002012,1376.0354696401912
263,4,607.9570886428519,1373.1967401406957
264,4,608.1660412759331,1370.8072942005838
265,4,608.0518173631228,1370.8443038353694
266,4,608.171564148298,1370.8677913409658
267,4,606.5727763147457,1370.403984366204
268,4,604.2323466243337,1370.4674788875784
269,4,602.8540949093763,1370.5586276744093
270,4,598.9301076141155,1369.5389305543697
271,4,598.0651021523814,1369.836414638647
272,4,595.3776495000708,1370.3705918033215
273,4,596.2237573363149,1371.4255960612968
274,4,592.3874999892886,1371.898221311876
275,4,591.6357678372336,1372.1906358950787
276,4,592.5807424652552,1373.4976498877052
277,4,592.7615359556858,1375.420335616485
278,4,590.7868137425512,1376.1410780616354
279,4,590.705194470184,1376.3537378270219
280,4,590.9779546236387,1376.4135276446984
281,4,591.3276774631801,1376.8983857321941
282,4,590.9314776334581,1376.9150422593557
283,4,591.2810227213173,1376.5928388030245
284,4,591.8996334704945,1376.538382020793
285,4,592.4602186470752,1376.3365180623405
286,4,592.5770782357988,1376.223418485727
287,4,593.2126858307746,1375.5258876376392
288,4,593.4540564254536,1376.0595425416245
289,4,593.7328231949507,1375.9010495892683
290,4,593.496057894505,1375.292074456803
291,4,592.8968908436655,1375.00294059877
292,4,593.5562945235669,1374.5879708444268
293,4,594.1126867225614,1374.365870589911
294,4,595.5230201453359,1372.6970204368265
295,4,595.8576232431947,1372.3068189616633
296,4,596.580000296536,1371.4642880775789
297,4,596.5962746393907,1370.8841223237732
298,4,596.2487326129765,1370.467520278337
299,4,596.2618509590443,1370.5788318276166
300,4,595.8533477290822,1370.8763736079025
1,5,526.9617072260688,141.9617076058784
2,5,526.9617072260688,141.9617076058784
3,5,544.7939617180867,176.1288116226254
4,5,544.0423730674553,184.0226088265419
5,5,542.6952074249447,182.76817263336014
6,5,536.783585286836,185.33884678813072
7,5,542.3835580502481,195.42542576438044
8,5,525.5090611823207,181.9284722750019
9,5,514.327660068688,176.14444902701163
10,5,529.3167805679543,205.0356141936421
11,5,538.3774108189685,216.51622277692422
12,5,547.3515809135993,226.79992551521693
13,5,538.8968436309474,216.9596851964224
14,5,552.7007200164932,225.43098177629716
15,5,549.12982028503,222.9769226696393
16,5,559.8809791497586,251.53837419081447
17,5,567.1434036088948,265.3092483693457
18,5,585.2883486552226,296.2736619622361
19,5,585.4076266334048,303.59890515193445
20,5,582.3991273799746,303.934916590681
21,5,585.7450449183921,311.71421942517475
22,5,588.7473290550645,309.55404587353075
23,5,588.9563986405979,308.8097920886982
24,5,493.00090933343887,140.3240251731828
25,5,592.2947722442924,294.27115675037464
26,5,514.060924059686,132.6132621033989
27,5,572.8307760152695,197.44921469822137
28,5,514.9581870451583,78.3187722240539
29,5,538.618674673413,113.602546951316
30,5,630.7606609523162,235.53951227178118
31,5,634.6332883131806,222.33926043272123
32,5,639.139918841134,214.13471615894738
33,5,649.3493931849706,203.8671965425275
34,5,638.4037660301058,179.8470176709457
35,5,633.7349005820447,172.67674944742092
36,5,621.3085326780915,169.459366736624
37,5,613.4311440146679,157.93575772204522
38,5,599.5821816765133,141.2583004556951
39,5,597.8023416542089,138.8869685922131
40,5,572.0842802326389,102.32543202483232
41,5,562.2327119941708,91.75467692767731
42,5,552.3756972533614,86.36184977612555
43,5,560.5024501093204,104.14560971423252
44,5,548.3994209534717,91.24091081405629
45,5,490.2549390949355,15.983647209151027
46,5,531.1937375728405,77.93594294927571
47,5,520.189007466704,64.03662220728359
48,5,515.1863822405764,72.97693703454327
49,5,502.32097374236383,61.611885870512765
50,5,442.4586751413095,-9.666992543668389
51,5,452.9615413344769,9.856697872089693
52,5,538.1058776129073,135.39688334701506
53,5,436.821023553281,2.4963558771455934
54,5,547.6468427279378,158.605363493738
55,5,546.5247275161656,158.18035370120185
56,5,547.7236217883874,163.0871528558372
57,5,546.5266501427411,164.38406941530198
58,5,545.972832258793,169.7136384972698
59,5,542.4203768662983,167.58859180566378
60,5,538.354400824332,175.35860829375488
61,5,535.6350443322101,173.9200178011402
62,5,537.468601206664,180.37298154515025
63,5,541.7520149094895,187.44185283321792
64,5,530.8563802911452,183.04800919900634
65,5,530.2214921162443,182.60420377092268
66,5,538.5922877836431,189.40744053510636
67,5,542.3407002890496,192.34790674641727
68,5,552.0521292670952,191.3465694509336
69,5,555.3758758567673,187.95461485224035
70,5,566.7504843877992,202.49486755057254
71,5,582.9665109003492,224.04283698107412
72,5,581.0904774966887,221.70276435281409
73,5,581.8927523530434,221.3056708882597
74,5,598.7898431114999,220.57409645718135
75,5,604.2733964303176,225.3222237560988
76,5,658.5302146007273,292.72014303063827
77,5,663.3619551522322,297.4969842518845
78,5,670.0685436083248,297.3207092699153
79,5,676.5121676262955,286.87529466754745
80,5,675.3804821564813,278.7267261987395
81,5,675.7568517837765,276.46268371094766
82,5,680.61433904623,277.29935252171106
83,5,681.9758042517992,276.4206062742329
84,5,687.4064149377326,277.947765372882
85,5,694.4141281520714,284.4538167134285
86,5,701.3968170303735,285.7765718813571
87,5,705.6384585571604,294.5461040783024
88,5,711.9491516666749,291.2323846638998
89,5,712.2406826551407,292.9374989113704
90,5,743.7987748534723,342.65767549881167
91,5,743.5250428039271,350.8843311015673
92,5,740.1655473866555,369.31948937874
93,5,738.9016488121233,373.78903037337335
94,5,760.9270108501862,402.33633642027223
95,5,763.9256033612734,404.5741993927145
96,5,751.9274441633177,397.95718439273236
97,5,753.038474642483,404.37470008486866
98,5,760.6038040066405,462.7714018776979
99,5,757.5973217420933,468.40951939461394
100,5,753.852287380178,471.83998683481553
101,5,749.5382774218557,492.6622876029649
102,5,744.0187306488132,513.4073038257485
103,5,738.4672638073496,509.923891413984
104,5,740.820814482554,534.471301312222
105,5,745.3041115484375,549.9614942622474
106,5,746.708118066526,587.2408804285018
107,5,729.7243477151179,613.6080515215203
108,5,720.6132064165604,636.7549701029371
109,5,726.5098593244304,653.4803400765607
110,5,709.4165918723833,650.6852327926844
111,5,696.2540352783399,659.9887173476027
112,5,674.4734444322893,672.307751253942
113,5,660.1605770737528,709.1442977344421
114,5,637.0300344405108,732.3672994157008
115,5,638.7289042611715,739.6584528105849
116,5,623.6615745903653,756.7503339237164
117,5,594.4113140668748,746.8529151149978
118,5,586.6002758722038,814.4077491105123
119,5,584.2202922465791,826.230650187798
120,5,580.2294077104098,848.9769038896997
121,5,564.4260745434825,852.2542022341596
122,5,517.8974031527237,849.6614366524337
123,5,508.44278057449355,862.6998050825465
124,5,492.83049062276353,886.8673545700885
125,5,458.80153522365276,886.1076289988715
126,5,455.1408788398674,900.1539938011977
127,5,463.486833604878,921.7610740804429
128,5,461.36237251535323,937.8130063049841
129,5,451.85216581160273,952.8711444642811
130,5,426.1931136199799,982.0779466659162
131,5,424.1935414640755,982.8550648860665
132,5,429.0635946308994,988.1148898773788
133,5,431.802429780042,990.4409064514201
134,5,415.46483817773736,1003.5187034803927
135,5,407.410197452305,1013.8600349580796
136,5,398.2646909390487,1018.2461859154507
137,5,364.4049745718763,1007.4909692829588
138,5,410.5972137239842,1072.9608470125931
139,5,408.9029502691269,1080.9867250744378
140,5,400.9706356371667,1096.9166640718174
141,5,401.32937462049057,1110.9025032210666
142,5,368.07198287591274,1106.936046899314
143,5,381.92576682275404,1116.7250531397783
144,5,311.1751580137244,1107.9335479510607
145,5,305.5516586233047,1121.639810013423
146,5,299.92815923288504,1135.3460720757848
147,5,293.1551556842553,1141.5015571832992
148,5,328.88845642082987,1173.6830828719067
149,5,265.2537894885565,1156.6441067526982
150,5,278.0519367910752,1193.6292553204974
151,5,156.13483773595902,1159.5110427368968
152,5,279.16374074669363,1228.521612238067
153,5,306.82847748513905,1253.426641387007
154,5,304.34966663503076,1265.264618503533
155,5,301.8708557849225,1277.102595620059
156,5,278.8740679176677,1299.0389812989154
157,5,279.3981983402169,1310.8425683757073
158,5,289.4866463841742,1329.7692509622257
159,5,285.8764200252512,1337.8055880471522
160,5,215.66120369445218,1334.1261866014154
161,5,292.5418132057499,1363.3271768922173
162,5,295.853853055837,1394.6860817008699
163,5,295.580435157481,1405.7393119158507
164,5,309.578282025558,1416.3148950258212
165,5,307.71113126535624,1420.123928495143
166,5,299.11896882240313,1428.0414983710234
167,5,310.851225278766,1423.075163755134
168,5,338.6535679471082,1430.865780203308
169,5,349.3908548502457,1436.1456905855562
170,5,346.73964150632105,1450.7117745052685
171,5,349.02076564633836,1449.80551833416
172,5,353.89352054430543,1448.9752366594853
173,5,353.8568741180602,1449.5401382857217
174,5,364.2534899905236,1448.4842376442975
175,5,374.7260719006541,1449.5810316783507
176,5,409.1718105166158,1454.2778283909258
177,5,415.84742709373967,1451.256880036696
178,5,431.2695482908727,1456.3770809979928
179,5,440.3294938407367,1459.907545962023
180,5,444.4834043117844,1458.8983406302614
181,5,405.29604381335974,1447.5841536309097
182,5,452.6783317716031,1452.3026483936983
183,5,460.3539374621131,1447.7383359872072
184,5,479.0601432069729,1427.603033700099
185,5,479.6503699490178,1426.9270901366074
186,5,481.72321905300566,1420.6772541450866
187,5,497.78984081209336,1412.8760491550306
188,5,503.5272401560224,1405.7310645369062
189,5,505.56237945221284,1411.0402174482695
190,5,533.1768415004639,1410.6923553886484
191,5,539.5266330983388,1400.2159269335057
192,5,559.6431936591947,1374.900848351005
193,5,548.6554535738219,1371.0918151792248
194,5,502.1040219487723,1364.0951266077407
195,5,543.052888758505,1374.0946060055976
196,5,629.4524477005534,1356.094435275645
197,5,635.7904811160367,1343.8867780672003
198,5,651.7554698265658,1338.3393081977374
199,5,653.3130188192647,1331.9200330378226
200,5,654.8419400324482,1323.7771212200594
201,5,655.8295684152826,1309.3551266974223
202,5,677.7304289290345,1270.260445357395
203,5,684.5040239320313,1265.05481568678
204,5,687.392642998418,1249.9109629846191
205,5,689.3395608040825,1245.1528199269333
206,5,647.7458679899679,1201.2843953080353
207,5,651.6571081900127,1188.158536691223
208,5,657.8815542801832,1173.1921352330928
209,5,661.4089808687401,1162.6766043740554
210,5,665.7591300805072,1145.9203351887045
211,5,662.3912773231363,1134.8921783102503
212,5,625.195112016559,1092.0500170081143
213,5,634.2072212039545,1066.1377826994462
214,5,637.5205013385264,1045.899774362054
215,5,642.0393101958973,1039.4070587736326
216,5,644.4135604305952,1016.8417014082971
217,5,589.1828988233282,992.6032659778532
218,5,583.958200985281,960.3383779538932
219,5,586.3874807501826,936.2868979774668
220,5,588.2038457128771,922.6209167025514
221,5,576.3464688709896,914.4635503779677
222,5,590.7061237188899,896.5450093445842
223,5,589.7602143314307,890.5654431465974
224,5,590.7485492279854,891.4207460748723
225,5,590.328492002565,890.8393656871114
226,5,589.4332558488424,889.0069761553024
227,5,588.7190566674602,884.9450216013217
228,5,587.0982148600013,881.9200177078192
229,5,586.5465916134698,881.3736647476037
230,5,584.7949702337982,871.9858417563889
231,5,581.9925871359404,868.0241981347899
232,5,608.0020071642942,886.6258195707961
233,5,613.1263760619596,890.7542490460222
234,5,613.3227904035261,892.062506646225
235,5,614.219227102921,893.8666667613553
236,5,610.0267375713619,891.0124073586175
237,5,602.7918241634956,881.3494007985727
238,5,583.8927708625562,862.0861106234312
239,5,572.5532877001746,849.0718285882217
240,5,562.9180948916272,836.4073842521145
241,5,560.068847218443,828.999627095771
242,5,550.7232173599052,820.2278574763864
243,5,512.212422472967,793.2579285515935
244,5,507.0402397475262,790.3283050621975
245,5,512.8466725931513,778.9652657850918
246,5,472.36817159280304,765.116587846558
247,5,484.87655199733445,760.083960030879
248,5,484.3796319646877,759.397681878893
249,5,482.9952159379222,756.2365334903825
250,5,436.17465697579354,713.8072945617532
251,5,436.33450529810017,715.2327727728235
252,5,447.0088396198392,717.0872443111072
253,5,434.1494688416311,705.1117496192269
254,5,426.3315180981668,700.4466006152498
255,5,421.97956944512435,695.3151034404325
256,5,384.5749550937096,664.2852741746264
257,5,383.26496346292555,664.8873257290174
258,5,383.175483254961,663.4873679929225
259,5,379.6136745544251,658.2914341766323
260,5,384.6365564675824,648.7572563784568
261,5,386.02269437942533,651.5969671783425
262,5,375.0104498146085,609.0780477720826
263,5,393.97181547377045,595.3601476068092
264,5,412.9331811329325,581.6422474415357
265,5,416.2150002604086,579.8668461815954
266,5,426.95468482181946,574.8192375105785
267,5,427.4890963577616,565.5480796880283
268,5,400.90183864164527,512.5929070514202
269,5,403.3566181562422,475.9257899336149
270,5,421.1717833418614,469.11184592336474
271,5,425.18354650060115,464.40034172193606
272,5,450.98458887496975,470.55095504812124
273,5,476.7856312493383,476.7015683743065
274,5,502.5866736237069,482.85218170049166
275,5,528.3877159980755,489.00279502667684
276,5,392.53492220572906,417.0154762256666
277,5,392.7497556501569,408.9108233579151
278,5,389.4908124387631,395.6811829902185
279,5,394.68384070640894,397.6287970705882
280,5,401.35691416688974,382.84303499654635
281,5,432.1324708519881,401.42139938688086
282,5,462.5021875140565,423.7344667092678
283,5,461.3663006770235,420.33924655903354
284,5,468.19428193854975,403.2147053540887
285,5,472.9634299302818,408.89768891529525
286,5,492.89513364237825,407.5182874706087
287,5,482.6583523879083,390.310201659079
288,5,492.9409705860267,383.39560679451074
289,5,483.51512716456244,370.5565896051688
290,5,517.4715312195088,396.69366346457
291,5,512.7032583225146,397.1577517645765
292,5,505.9528206616097,397.3298381226361
293,5,505.1211964133756,394.0928611101646
294,5,507.17723440782817,406.7341257044758
295,5,509.600042090602,412.04918701197437
296,5,508.65427893865586,420.2753432154142
297,5,500.99035760962573,414.0465356318271
298,5,481.55524044974635,412.54868479078937
299,5,474.483903597157,410.6154772071601
300,5,464.9626691745653,410.41801663090376
1,6,496.3966603094953,250.83915626265303
2,6,496.3966603094953,250.83915626265303
3,6,485.67225786000125,243.64471557738162
4,6,515.1445411435714,274.6373348421627
5,6,513.6647584645843,274.8639328462435
6,6,513.1802167396125,280.24667682551893
7,6,511.31661319504536,279.64384025834437
8,6,510.97858622095134,283.9245359449777
9,6,507.70482507676564,282.4017961723826
10,6,502.9937681437027,298.82291358898374
11,6,505.7847544018293,301.78226338457057
12,6,507.61017961852383,315.8680014825005
13,6,509.5080956061155,319.540912517335
14,6,505.19637191799586,329.8823187571146
15,6,502.86640224577377,330.6348418381191
16,6,509.50288301186276,342.29450449706457
17,6,505.8413752508896,339.9237790812517
18,6,503.282980775856,333.63710183697845
19,6,499.9847253178465,332.21266341585215
20,6,496.2373355409022,332.55128923115745
21,6,503.5070503429146,343.3203689057118
22,6,529.3492842008869,377.24215574781175
23,6,529.4489029077863,379.0614200512934
24,6,536.8094401894396,395.74831035377684
25,6,536.7317213327715,400.6785245153203
26,6,537.428884200694,397.8524109278337
27,6,539.7104008279085,400.2721253602838
28,6,529.4598603472314,387.923550418614
29,6,531.7852356140892,389.8708092575643
30,6,540.3950937960946,392.9852819532702
31,6,539.2423065035384,386.30260584294643
32,6,521.1927792603268,348.7957058121114
33,6,508.52527453712895,325.6655211571033
34,6,508.7754799118576,310.1935043005174
35,6,511.8859535689739,310.52957901129713
36,6,515.0596846581955,308.36279804485395
37,6,527.6450431747162,320.5304894095788
38,6,530.8396201878244,309.90436703378487
39,6,534.0844153344824,309.97747539968793
40,6,545.6288013107713,321.8475762005372
41,6,541.9461765254006,318.1131220953626
42,6,529.3025776881296,304.36435508686293
43,6,531.6175384074085,307.1385957013635
44,6,519.9229431353634,292.83035018308226
45,6,515.6944868260712,288.6091532864805
46,6,515.6346271839392,285.26279010531533
47,6,508.9389980659016,272.7105847572005
48,6,517.6381688047786,285.2874250046488
49,6,508.5844858703226,281.3471728239803
50,6,487.769389609045,262.32348233482867
51,6,483.2765773262357,259.92864610183443
52,6,478.11815682819105,263.08281873026317
53,6,463.66004039350685,251.14492837866635
54,6,478.7496504023741,272.1618422018058
55,6,471.2523868687254,266.15577096725383
56,6,460.98496068985065,260.7865951695105
57,6,475.80008506462684,281.061301190131
58,6,476.31089899115636,284.0354171280694
59,6,463.95618167947373,270.77625709311843
60,6,425.59665128636937,229.92248184568794
61,6,455.5785129208939,247.8106533426105
62,6,481.22787596900434,292.5557604369935
63,6,478.9024049463864,302.586441713379
64,6,551.5774506348464,410.7486165144116
65,6,526.6902985224826,387.5022055306189
66,6,501.8031464101189,364.2557945468261
67,6,476.9159942977552,341.0093835630334
68,6,452.02884218539145,317.7629725792407
69,6,457.5380010195436,330.37468573350634
70,6,458.3837314907059,336.85669239404746
71,6,459.22946196186825,343.3386990545885
72,6,460.07519243303057,349.82070571512963
73,6,460.92092290419293,356.3027123756707
74,6,461.76665337535525,362.7847190362118
75,6,460.25731725700524,371.9236499816598
76,6,472.6205522410547,402.8905558190673
77,6,435.92504098974257,367.3140060672093
78,6,404.00918619511924,362.08141760682025
79,6,425.1360144383023,393.6990632183888
80,6,365.4572618043476,358.897627216813
81,6,373.0544925203563,380.16937058496944
82,6,375.24752949645267,400.0232542994032
83,6,359.6130147261569,391.8963089633211
84,6,347.32349660803624,389.37091757190126
85,6,346.9123347603133,398.9603649743192
86,6,358.36210287832256,426.5312662592911
87,6,337.6991439572761,427.4934928704094
88,6,318.30793175005573,416.1849141143555
89,6,342.5239037886908,463.5520189435007
90,6,344.60351549797787,482.4538826141163
91,6,341.3659020035651,483.75526340955946
92,6,343.15290447024165,487.26781947284854
93,6,343.0422373089475,483.8337559995969
94,6,336.92161161447046,489.35503262216605
95,6,336.7883777281958,489.3197713037126
96,6,344.08558967079756,499.03118067126695
97,6,342.54743449730177,511.79859397633106
98,6,348.10430284766335,520.8447711043681
99,6,348.50986843227224,523.3923070611382
100,6,355.2425925568391,536.61407603285
101,6,350.74495700454617,537.3890272523062
102,6,350.25823443039974,537.344513256639
103,6,352.99314202333954,548.0441621124492
104,6,348.08334727374574,555.6247929298555
105,6,344.0990295166852,557.1934171465849
106,6,331.4497240079228,556.6592586013572
107,6,316.6241680755737,554.3200525716783
108,6,298.8751123706931,557.8203293703207
109,6,323.4395523552448,587.793232138527
110,6,331.2029181847512,595.7321464182476
111,6,331.24964318150234,599.0476379557031
112,6,329.75889912599257,597.2609157785538
113,6,334.48535651013384,598.9934451443847
114,6,342.9254658758404,584.0907972067762
115,6,338.01292227791083,583.7966541971233
116,6,363.7664608556464,596.3484586538137
117,6,264.2571549876514,479.6950505562869
118,6,316.8704284118103,516.869284430744
119,6,329.4957413648165,524.2649552120888
120,6,374.65451720711906,554.046554739597
121,6,383.80679548266056,554.6861309259534
122,6,391.23311106226606,543.5368419205244
123,6,395.7661890585304,542.0577104388274
124,6,396.0220848182656,535.2482266900802
125,6,402.9557772240248,536.9532372072138
126,6,407.40686843672154,535.7825169345149
127,6,405.8277302797914,525.1568562050065
128,6,413.456973294513,515.5746170243748
129,6,423.0364843525056,514.2947154950907
130,6,435.0471132140785,511.7229134398344
131,6,450.80646680400895,514.1286320439242
132,6,458.5000234098248,508.0048028874172
133,6,468.3868181105447,518.0546662206074
134,6,477.37542453553255,516.5083802157761
135,6,475.6404301296535,512.151293717024
136,6,489.5673499783092,539.0962483841341
137,6,499.9560724722082,530.9622375495161
138,6,497.89557341295233,540.9011954730719
139,6,505.753376128663,526.4150047812059
140,6,503.7014343077039,531.6381003049714
141,6,506.5784384892867,519.2071192614703
142,6,519.2448068249656,527.3390242688206
143,6,524.5083105665828,535.5442837575478
144,6,541.2163381479007,545.091618633233
145,6,540.0747742868311,546.4031108876594
146,6,540.3899159309292,543.7200546864931
147,6,540.2995750622747,547.0072877528773
148,6,540.1463372618856,547.2988684961963
149,6,540.9740442927401,547.7564591364162
150,6,540.4622379832985,546.5940956233962
151,6,540.4705624210525,545.3572624885694
152,6,543.8384159070572,543.696326969259
153,6,543.9096418709877,542.249561474486
154,6,546.0663015971769,540.5265117743248
155,6,545.6359751315482,540.492120494373
156,6,544.9213314735877,537.0864972816819
157,6,542.4822571880416,533.1414420037726
158,6,542.4448202982634,532.2099623865407
159,6,540.315709680756,530.7780066626387
160,6,538.3371697233151,532.7981710905962
161,6,548.2523056915826,546.5482276776694
162,6,546.3640551837302,547.0998187976523
163,6,543.1977764197129,546.712502191925
164,6,544.0187877571642,550.3465280663017
165,6,543.3817408100875,550.551737670461
166,6,541.055242641998,549.5182364439052
167,6,538.5585506972185,549.7374374880022
168,6,539.8208779147316,551.6296543085357
169,6,539.792540013996,551.6688390246367
170,6,538.2981635701551,551.8994095191778
171,6,538.8549906092289,550.2321384880499
172,6,538.6553054018997,552.7319949322756
173,6,539.3365752958327,550.6504826341423
174,6,545.9385324318341,555.8136293796034
175,6,546.0096401095748,555.8929969877025
176,6,546.6680753947547,556.1243389345406
177,6,545.6741290815984,556.0796912299393
178,6,544.3271755256983,554.8796032558967
179,6,544.3876204969112,555.0382188790248
180,6,545.4294675632506,555.3543827634879
181,6,546.6795913002688,556.9458525318665
182,6,546.5280689426022,556.2578236865706
183,6,546.6375396421066,556.3038985178711
184,6,544.0093544591938,553.385286074027
185,6,544.0341271240595,553.9270316100684
186,6,545.6193365640617,557.1851460680418
187,6,549.0505241527887,561.1879746107783
188,6,548.657285687316,566.012884514627
189,6,553.5268033971854,572.9267204526835
190,6,548.178626118768,594.1627862013152
191,6,556.3505424225041,596.862909561524
192,6,547.0738358498666,599.2517384390699
193,6,547.5697079298501,600.3862541344065
194,6,552.4641744013297,594.6575664532812
195,6,552.1962798718394,595.5160186545286
196,6,560.7032236291352,604.094263682564
197,6,574.5761469081165,614.5873282852314
198,6,600.8997692124598,637.9715037067913
199,6,603.9125939788729,641.1151823436963
200,6,604.885641979872,644.0346898430371
201,6,604.4603528271523,644.9356024122669
202,6,603.360708711582,644.4059525697205
203,6,602.6252692251031,642.3680005173952
204,6,603.1591994534735,641.8058980961434
205,6,606.364143442551,642.5991260371758
206,6,606.2101250065258,638.574362747455
207,6,609.550996145093,638.3802216472282
208,6,609.8675133931811,637.6245197684938
209,6,608.7270317285528,634.0467382529672
210,6,615.4025779881935,626.339161177576
211,6,616.7043938721296,620.4053089673637
212,6,611.5454423850961,603.3558233948479
213,6,614.0062590753172,603.9317459989479
214,6,615.5023636663018,599.7789700046166
215,6,617.5855349311352,597.3373679227492
216,6,619.6422432909192,591.5955683898626
217,6,621.9828669144775,593.5342909254734
218,6,626.2274729544226,591.7262637882462
219,6,622.6722757412149,583.314938729678
220,6,610.4419330259276,566.1373684116489
221,6,586.4333230793175,533.111424111413
222,6,601.1400342440251,540.9389785177115
223,6,601.8068945464418,538.4100341475458
224,6,586.3742712128471,513.5300764208718
225,6,559.6513101840782,481.2362239068057
226,6,609.7582465317928,527.8217881459004
227,6,611.7708405927547,523.3003615308942
228,6,618.5797556650183,521.7515080910363
229,6,620.0893618669147,527.5648875499792
230,6,623.6643835009712,519.615254311368
231,6,623.5744455747999,512.8079328962351
232,6,629.1230569682244,517.1948709921221
233,6,629.3601478265034,516.8022955217633
234,6,638.3653518910123,526.2348496885845
235,6,639.5981795692501,527.7055457615926
236,6,640.270748627065,528.6063900164183
237,6,640.3857262228057,528.2745895592053
238,6,639.2340571244463,526.3043266367312
239,6,639.3196621955643,525.183886072027
240,6,639.8127226842475,524.3122276331729
241,6,640.5431051722032,523.7509308693998
242,6,643.2708339354336,522.2895386927113
243,6,645.0401166996745,521.841699766276
244,6,644.7910349847928,516.8089798145942
245,6,645.3674488361233,516.3801648942708
246,6,647.3499281173602,516.0030290705566
247,6,645.8847728301358,518.4469467378229
248,6,650.11453815184,515.1590025938024
249,6,641.6271999305528,517.9052739657112
250,6,635.4812664549055,507.9685858602868
251,6,637.106118990045,500.24766054822095
252,6,620.419353640759,496.5939441201404
253,6,628.7969516879065,494.9614503736794
254,6,625.7595037472206,500.72299969026943
255,6,625.9129529538233,501.8305525439828
256,6,615.9626834141304,509.64986075057834
257,6,628.0901692236007,522.6778704535309
258,6,633.6786787406045,534.2596547533544
259,6,632.6959600685439,538.9052933979634
260,6,626.0232286314059,545.8261029076895
261,6,624.4699703194054,548.9852380852728
262,6,620.2148024267914,556.9569685654947
263,6,622.1785826492277,561.1289804302621
264,6,623.5351521312278,578.3477665570291
265,6,621.5066645499408,582.7321608055288
266,6,621.2926008049297,596.9653425593785
267,6,620.9288817291647,595.63858235355
268,6,622.5146862960133,600.2545105118496
269,6,619.0661111747769,603.7670333601068
270,6,611.7907553058743,606.61949363465
271,6,598.7969986098153,613.6851505055232
272,6,616.8189532690697,629.6475935481031
273,6,611.2667548785638,628.4396078223007
274,6,610.544174165242,661.7658953877274
275,6,601.6026917755688,658.0836044111737
276,6,615.7114051285212,677.4114729699133
277,6,614.6036397296764,679.2632144245193
278,6,603.6648265951908,675.4699060275685
279,6,608.5040177759249,681.5328924874501
280,6,618.2342847161192,693.7724331161232
281,6,620.6449416479835,706.0806487822794
282,6,640.2684999445065,715.3942303881207
283,6,651.0786000451748,725.2399072948849
284,6,653.6859987017673,733.6961333907097
285,6,653.258839685315,736.1197030849287
286,6,650.3641381568601,739.3253418147672
287,6,647.9859855341248,742.201701840801
288,6,651.7586219607877,738.128985833418
289,6,647.1114588419277,736.0779157655147
290,6,621.9163005510879,717.6955286873844
291,6,599.1832445855442,701.4822654081541
292,6,584.7689051016491,695.0851861004302
293,6,582.6858671288711,697.367328410223
294,6,554.428400803078,674.0257856859478
295,6,545.2093310106503,666.320950429188
296,6,533.8065858566248,669.5612890507255
297,6,527.9239632517879,670.4325859174435
298,6,518.1955804296156,675.5305634507888
299,6,510.73448151044437,671.6507639276176
300,6,460.5570257392881,643.2234750407296
