1,1,611.9971642374721,1420.5028667270233
2,1,611.9971642374721,1420.5028667270233
3,1,612.3564429922714,1420.216809721594
4,1,610.7191484511876,1417.3183194979747
5,1,610.2291482373619,1416.1186824964113
6,1,613.1829330487026,1413.5076183938481
7,1,614.4291712582352,1411.87331001813
8,1,618.1687715553709,1409.440564804375
9,1,619.4661194867975,1408.282927678875
10,1,623.8646750561147,1405.0367048840537
11,1,623.8861292603564,1403.9502273851008
12,1,626.6554982349876,1400.5908597604353
13,1,627.2367304988502,1400.6707436794206
14,1,629.1860354148919,1399.8369396780752
15,1,629.571487823478,1399.2074963381506
16,1,630.0019298047878,1397.999562478036
17,1,630.8725335080331,1395.2372330458074
18,1,631.9688430551058,1392.890243098114
19,1,632.5574759160912,1392.5912252582498
20,1,635.5152644515629,1388.3641989680332
21,1,638.239178400161,1385.467113552463
22,1,642.0967781882166,1376.0747190200402
23,1,643.9034516039609,1372.8313927530228
24,1,649.0170712436114,1367.8139977119906
25,1,652.1150139554629,1365.1581442489066
26,1,658.0028244926274,1358.5848585775932
27,1,659.6952007002692,1357.1413850086183
28,1,660.5779184218545,1353.1137816928735
29,1,661.1314436905227,1351.9821602746154
30,1,659.915003779936,1348.4025581110095
31,1,662.7132549117737,1346.7315815874747
32,1,655.5401149865506,1337.654442376377
33,1,652.0318395133203,1332.5668556927753
34,1,663.3170006511932,1323.123736623196
35,1,669.9615460224692,1322.5462947344674
36,1,674.9680058593675,1317.5477695863194
37,1,678.0450612018147,1310.4651401726508
38,1,676.3140504111263,1304.0163063186988
39,1,678.1756747777694,1304.6457702191965
40,1,679.7128789362094,1302.0434822105417
41,1,680.3987883603818,1300.7294632044843
42,1,680.7390595970736,1297.7809094239722
43,1,682.7658699488268,1294.9295852104494
44,1,689.0776292062244,1284.315991361896
45,1,693.4619087949793,1281.4132357459807
46,1,692.8153674714699,1277.1903151246154
47,1,695.4759821782284,1274.273725984571
48,1,702.9411100958054,1265.9385194110268
49,1,701.8541688498537,1261.9642620491845
50,1,699.3016349763648,1256.1292525418019
51,1,684.5703479268869,1242.663654907358
52,1,688.56267566107,1238.756929274847
53,1,702.5875290760811,1243.7447326485965
54,1,694.0676624305312,1235.5146735037154
55,1,692.5818400256303,1233.2481347908722
56,1,699.749356218538,1233.0487289468435
57,1,703.4901824342404,1233.2610433423108
58,1,704.1624913238236,1231.8762443194669
59,1,704.4318149927816,1230.9233011256078
60,1,705.1958565415105,1228.476278576033
61,1,705.5136946458806,1227.8593759343198
62,1,706.6417635255438,1226.048951479618
63,1,707.1245193312682,1225.4626486015711
64,1,708.9346806610679,1223.5576480582222
65,1,709.0564213093456,1223.139798806935
66,1,709.2900513336509,1223.11739232509
67,1,709.1169886412717,1223.0398388530284
68,1,708.9433898175414,1223.0419518907852
69,1,708.6954630244495,1223.1205974335783
70,1,708.4916228515818,1223.5919731519919
71,1,708.383602693383,1223.6757451204112
72,1,708.0877165129145,1224.0227860284356
73,1,707.7981636909967,1224.1212851206321
74,1,708.0081408750244,1224.892430759665
75,1,707.7575092403509,1224.9720648935104
76,1,707.1401999111268,1225.6235363824
77,1,706.7239995833212,1225.9919570979428
78,1,706.858883547343,1226.5195915181164
79,1,706.922430003608,1226.8158177985217
80,1,706.6461926604545,1227.2117241188948
81,1,707.1487212871343,1227.609352165627
82,1,706.9436747968057,1227.6244964645427
83,1,706.8999835422746,1227.9557430504244
84,1,705.6339538868214,1228.088444797174
85,1,705.6190389610215,1228.0913969621092
86,1,705.4779357297745,1228.1787158228772
87,1,705.390900310302,1228.3813645163702
88,1,705.2842908216662,1228.3680468376758
89,1,705.2289723849383,1228.5278302567422
90,1,705.4324174742286,1228.6462256865657
91,1,705.3869624924973,1228.7058552548892
92,1,705.3440966965294,1228.6600942103478
93,1,705.3321129649914,1228.6635598165847
94,1,706.2045316781746,1228.8257899657458
95,1,706.0898344943713,1228.7320167030073
96,1,706.1654180304629,1228.3897864817407
97,1,706.2060322578363,1227.81948501617
98,1,705.4699882032162,1227.0948272072667
99,1,705.4521756780342,1227.0266835128189
100,1,705.8030999852252,1226.5076498683256
101,1,705.6601154200355,1226.2178540080702
102,1,705.8733373856076,1226.5488496801343
103,1,705.511866096009,1226.997897081174
104,1,706.2611004066824,1229.1300052699837
105,1,705.1949486984738,1230.7499682095433
106,1,702.9802500797176,1234.4660225344066
107,1,700.4572671489611,1236.4745513947069
108,1,696.3075376824289,1244.4029551999267
109,1,693.0681764288172,1246.4651373185268
110,1,689.7552906280447,1250.5962909888392
111,1,687.579978087377,1255.827603671646
112,1,687.1656535190153,1256.8607101131502
113,1,686.1245683217431,1255.7234473885123
114,1,680.4461828184853,1255.9744659867654
115,1,675.8542791366906,1260.0050511977192
116,1,659.5486920663535,1269.6075830587868
117,1,651.3309861869441,1275.883565207844
118,1,639.4665017632706,1290.7592065247297
119,1,626.9385415047319,1291.7240650893623
120,1,624.8797830137389,1305.804476218199
121,1,613.421597241663,1309.4259185233248
122,1,583.7265663555661,1316.7238386993808
123,1,577.2626600715574,1329.5525714203654
124,1,563.4104992135229,1340.6234555007984
125,1,554.5740455018624,1341.8194226732867
126,1,513.2856390330385,1340.9820873833914
127,1,525.0781144730466,1351.648679189926
128,1,507.2285009944897,1363.1151919566794
129,1,494.700319292599,1365.7664203582674
130,1,478.6612118141052,1368.083381956506
131,1,461.75659012028825,1370.9465751522841
132,1,434.7325361428514,1384.542387159898
133,1,431.46693337538704,1393.255783420249
134,1,418.16481060620384,1406.8773991195712
135,1,415.21673622484974,1410.1278628683074
136,1,400.97643051621566,1410.7210421247996
137,1,396.4916045390353,1413.3192058586426
138,1,374.60361827195095,1413.793549290376
139,1,382.1170133051364,1418.8108784940816
140,1,329.345620612995,1411.332470845883
141,1,338.30247848133814,1418.160731008102
142,1,351.134172870972,1432.294536824553
143,1,351.52731338905704,1435.5149976153186
144,1,347.70820158858976,1439.2659586597322
145,1,341.6882399441051,1437.1239116553388
146,1,357.6490756136823,1440.7850523967631
147,1,360.90015742020233,1436.0799700455505
148,1,397.3442748880576,1439.923510227279
149,1,401.74036472087164,1440.8465456518772
150,1,383.6780606416686,1434.3109274319877
151,1,416.8723533683605,1443.037001440377
152,1,417.65675377082744,1436.8338840601818
153,1,442.0003735403614,1440.7595032729087
154,1,426.2267679094535,1421.7364371397903
155,1,433.0150644162463,1419.7654109819864
156,1,455.1029794598422,1418.4978172516041
157,1,479.5056624277857,1418.3196189794153
158,1,484.5160930285536,1413.030651086292
159,1,493.52067505893837,1410.5042374033328
160,1,507.2154440832391,1403.510214963967
161,1,533.4407806179356,1400.6900031409361
162,1,536.5054042233012,1397.1646879548894
163,1,539.4673657832233,1396.2520117130248
164,1,543.5596761020154,1393.8101511556554
165,1,542.5725368819232,1392.0357486552361
166,1,536.6952200641198,1389.3179895941794
167,1,535.7436895699672,1388.1518916443752
168,1,535.7307178163271,1387.212063002346
169,1,536.4156944871335,1387.8219070512246
170,1,541.6145006821376,1389.4539781888868
171,1,541.5170975305623,1388.7671070106437
172,1,540.6418605829712,1387.4180259590044
173,1,537.2409588736406,1385.611855387799
174,1,530.6176577296643,1377.7242618996465
175,1,511.98334336482594,1377.1231921910112
176,1,472.03910420867845,1364.7278762166882
177,1,455.8529591536915,1358.1820549597219
178,1,444.5960210387399,1363.6298190520351
179,1,440.6722050840948,1361.3503930280806
180,1,457.7286410815916,1356.0622882037921
181,1,474.0683093723375,1360.9938389020733
182,1,484.5737219949044,1363.9845001340225
183,1,504.1245450010917,1377.798716804811
184,1,509.1990188977803,1365.7747189650927
185,1,506.69420379660085,1363.439844405027
186,1,499.4452687994576,1363.3559986778419
187,1,493.8058083324499,1361.4862095004414
188,1,492.84952993805405,1363.0092704016288
189,1,487.6635804052156,1361.4270327075276
190,1,490.40100832084323,1362.570058194645
191,1,485.3782181259705,1363.2139667960394
192,1,486.20979104020506,1367.0851609404758
193,1,484.38145651746964,1367.3744801136004
194,1,479.056509518862,1370.3105710460748
195,1,476.6632580565526,1370.9619621081133
196,1,474.12125511840213,1373.1978188550115
197,1,474.28069225810816,1374.5481500960561
198,1,476.0137514579405,1374.716274637707
199,1,475.20980798501046,1376.2330568563996
200,1,476.55741082822317,1375.461502384387
201,1,479.80693141735736,1376.7815015118247
202,1,494.85171326808364,1385.581218560607
1,2,602.851749575801,1121.6510022330515
2,2,602.851749575801,1121.6510022330515
3,2,603.3620051290479,1122.3259239884512
4,2,602.0364459434336,1124.3626374609162
5,2,601.8561843861005,1124.1663708103292
6,2,601.900575853741,1123.632633411818
7,2,602.463663479841,1123.9060599624363
8,2,601.8518936766847,1123.5061523645106
9,2,602.8375679708369,1123.4002241276123
10,2,603.1093839356071,1121.2331861877594
11,2,604.0873815715372,1119.879000920815
12,2,596.7406609928809,1114.1228371245597
13,2,591.3865254306469,1109.9794041963235
14,2,574.3523564871766,1098.4350492761994
15,2,569.0819628047974,1094.1005623309934
16,2,564.5863564897243,1086.2996809647348
17,2,564.6597886821571,1083.7677858184793
18,2,565.3405287451207,1078.7153769778804
19,2,566.3357269719054,1078.7254347373055
20,2,564.970973576684,1076.874410337336
21,2,563.6302864251242,1075.588064876794
22,2,562.8228909277257,1072.0204881869342
23,2,561.6977716442259,1070.484044554404
24,2,554.5547595138036,1062.5153423959805
25,2,553.6111578448857,1060.7519001746928
26,2,554.6840154375177,1057.7639058025238
27,2,554.4219928606896,1057.423731450472
28,2,553.8091987444545,1056.751760961584
29,2,554.116313792322,1056.896124482504
30,2,554.8706325684574,1057.375908004866
31,2,555.7376146260918,1057.6857503280005
32,2,556.8145295510734,1057.4438331868628
33,2,556.7231757242516,1057.2250841762636
34,2,550.9504548153803,1051.979289946681
35,2,551.5981463516614,1051.3732518085465
36,2,538.1334050206609,1041.552735828569
37,2,536.7077170050859,1039.7249747018218
38,2,545.4905374914349,1042.1003015180004
39,2,545.8352438594084,1041.707270428835
40,2,549.4532521834168,1035.7584069173415
41,2,551.3456967980169,1033.800374413088
42,2,549.9927365580681,1032.199463787355
43,2,550.5040793813893,1032.203625364251
44,2,554.0559630193126,1027.90606994013
45,2,549.3870645199197,1019.7776951694677
46,2,539.9459323721383,998.6163295589583
47,2,507.55548713592816,973.6935140800055
48,2,516.8530525672841,956.5777280969629
49,2,511.64085776053093,947.4572257626941
50,2,514.7579470515852,945.3827711327451
51,2,513.0547313618105,934.8212926828078
52,2,520.8101497689137,929.2222808563735
53,2,523.6916252329639,925.8002098264332
54,2,524.1527962351147,917.9351902598227
55,2,523.3120487576442,914.944972738999
56,2,524.5004691198454,907.2711808523474
57,2,528.2796957565646,905.647782633928
58,2,524.0325100683448,898.2758550875869
59,2,518.8482955918042,893.7757134095227
60,2,482.780281474774,866.539004377291
61,2,499.0056970268395,873.8825715757753
62,2,497.3011783736591,871.6947917124974
63,2,497.3590578389284,870.9148201682927
64,2,502.3118748513852,872.134469337391
65,2,502.16070139798916,871.3283289608108
66,2,502.10103849879977,870.3083413579374
67,2,503.2811603396508,870.0247057440766
68,2,509.49342040680006,872.3740087317298
69,2,512.0530480033941,873.7832069840554
70,2,514.6331186391891,875.0930305564689
71,2,514.6367645563148,873.4907116168092
72,2,513.029695628423,873.6280944140786
73,2,512.4976128625572,874.2440626567924
74,2,509.61716869075974,871.7092103267967
75,2,512.0743054339532,873.5506032530183
76,2,515.6961743274067,877.2123994943804
77,2,519.8755864974339,884.1967492824266
78,2,526.1770458315771,892.3610800198912
79,2,528.2415757990454,896.6677105315335
80,2,527.453334985959,900.5017381160658
81,2,529.5437332532044,904.1484815378061
82,2,527.1194057677646,904.8930740509592
83,2,527.0407044422185,905.666299567752
84,2,528.9300173196295,909.5707722070622
85,2,529.4434381949371,909.7512327094792
86,2,528.1304993316558,913.0039166187381
87,2,529.5255131769659,914.9998280727626
88,2,535.0243273490105,923.6963665303575
89,2,540.9754733463867,926.0437749173045
90,2,541.9143874683748,930.6755487508841
91,2,538.0352569001421,937.1841689011269
92,2,536.1144232109635,940.2495347291863
93,2,537.15801529821,941.2645194776162
94,2,535.0815130662959,941.6329016502578
95,2,534.6447620859236,942.1105749722302
96,2,531.3112369277159,943.7262665872582
97,2,533.6423722293613,946.2384797309592
98,2,533.6546402679472,949.410634110416
99,2,532.6905635746693,950.6361644456113
100,2,535.0342743124122,955.3643792749192
101,2,535.7453754869654,955.94449372034
102,2,530.9207026021375,953.880102013447
103,2,529.4862889396726,953.7333015729374
104,2,503.28621924791855,938.017826528002
105,2,504.4027443350484,939.1463503206387
106,2,488.4697346926356,930.1002012583427
107,2,487.12008511647224,930.6135587270363
108,2,488.49595143973943,934.3364840898965
109,2,488.1673463773829,934.2155754422323
110,2,486.09298852258024,935.5703622342323
111,2,485.541432212291,934.7411979441048
112,2,482.32817126613736,934.8243318927978
113,2,483.45246410747507,936.3844829481357
114,2,490.1497973565546,942.932506624686
115,2,487.9603241557911,943.0031546888819
116,2,501.65291280095397,954.189289169525
117,2,503.5379618838357,954.5073492227816
118,2,505.7697846884409,956.7000416777876
119,2,506.04633062173707,957.3142144950191
120,2,503.92947441198413,959.4773319103186
121,2,497.13728938178093,959.6903335360761
122,2,485.85041413347545,955.6018914512028
123,2,474.55768175270924,954.4486540240181
124,2,472.16232559312124,966.3579018783033
125,2,468.84021519061815,965.8505497227892
126,2,466.36574632582585,965.9255727028772
127,2,462.8607231123646,965.0856306331463
128,2,455.0436519065952,972.3146124522729
129,2,451.58793546836256,976.3204522017846
130,2,439.8321109932891,988.2926965774627
131,2,444.8863949054928,993.2480547561313
132,2,438.33430367522175,998.0106917051116
133,2,437.53262547736267,1001.9553899709919
134,2,433.1519136253483,1013.3690334275367
135,2,428.85036720071366,1013.6795191752515
136,2,418.08788224771905,1030.5189599660112
137,2,419.78498213775543,1030.7893997461601
138,2,392.9545851316226,1025.4197326850704
139,2,388.0573395020664,1027.3764710607818
140,2,342.98160913072735,1009.4198387430113
141,2,336.9081562694564,1016.186606400741
142,2,311.37175923699226,1018.5875911344746
143,2,307.81287482599026,1022.310699626865
144,2,305.97071356179816,1034.691523481005
145,2,303.3460183493384,1034.5727727051114
146,2,316.7628413695298,1046.3815301669422
147,2,308.8700155365931,1046.034350094958
148,2,300.70967801119235,1052.4421535647803
149,2,292.93256755834443,1054.9236782510543
150,2,281.92470541264055,1085.6186831178152
151,2,283.68542057050377,1087.9789431791621
152,2,288.506856941548,1099.763155985775
153,2,294.8141658336747,1107.2915130583808
154,2,304.56010787534905,1126.2952760069008
155,2,303.1502180061222,1135.5534324812747
156,2,310.23825676044686,1134.6258561725963
157,2,309.2089854245507,1122.734714387315
158,2,301.43232260641196,1136.2710838823357
159,2,303.5486086623206,1138.7842581176455
160,2,305.99436891654835,1144.5593448262239
161,2,309.251475809092,1144.8927751857823
162,2,314.73461236229787,1149.7255844700592
163,2,317.5974520631535,1153.2486033595917
164,2,363.71326200314127,1187.2255886417151
165,2,375.84935217419087,1192.929334928728
166,2,396.03259493565906,1203.5852238476048
167,2,395.5739019839239,1203.4004543846813
168,2,404.29402210430834,1204.5025521093462
169,2,412.66913680012607,1207.8565857294445
170,2,438.2743639830856,1219.5585347723763
171,2,435.4443751025204,1222.0570980843881
172,2,453.28381939305257,1234.718450772208
173,2,459.86699440757667,1239.8534416429932
174,2,483.7348745946431,1259.8078433708777
175,2,487.2078002590666,1265.9318252567577
176,2,513.6234828469997,1289.0504464108537
177,2,513.0632396630682,1295.974410120512
178,2,511.7605082492532,1305.8250233867266
179,2,510.8239036506313,1309.364185689978
180,2,503.6484252340758,1313.8732463251897
181,2,499.16364822300415,1317.3847706379765
182,2,498.81966265072833,1318.5676871101075
183,2,494.7109208054387,1317.7006099071107
184,2,502.78088854624986,1322.2647646469136
185,2,502.54611950294986,1322.997548301721
186,2,497.88096115842757,1321.5168563571972
187,2,495.2996678934169,1320.6320256570377
188,2,497.6500104429009,1320.6450352791283
189,2,496.3169827805837,1320.0208616966106
190,2,495.46442767868956,1319.8304093576946
191,2,495.9263794619473,1319.5567889273157
192,2,498.10306371098727,1320.2101775284018
193,2,497.9174252677969,1320.087914347839
194,2,498.6335354046929,1320.3570414066096
195,2,498.3908298145714,1320.2313130666137
196,2,497.83154704632983,1319.0918875525779
197,2,494.4004094847777,1316.922285349336
198,2,493.74639749374313,1315.7149613342838
199,2,492.0337740224707,1315.3568577528479
200,2,490.7931961341799,1313.4894749333034
201,2,488.41859588807205,1311.590510350798
202,2,486.23730836921345,1309.2768798721481
1,4,1002.5837419681532,562.1273688665289
2,4,1002.5837419681532,562.1273688665289
3,4,1002.3283570966831,561.9836810358696
4,4,1003.2901238474133,561.8868529195574
5,4,1003.2060585292784,561.7437665348308
6,4,1002.6979407465763,562.1136793162846
7,4,1002.1571901516127,563.2598165767137
8,4,1000.508073066983,561.9520555048576
9,4,999.7625404756718,561.8511874045727
10,4,998.3341760923225,561.3247494461261
11,4,998.76306989905,561.3169000752483
12,4,997.5829707399971,561.3138616372793
13,4,996.6085872903603,560.4891288683098
14,4,993.4328896185461,556.389797868355
15,4,987.9191792905415,548.4949836796285
16,4,982.7228316468835,542.0165215398977
17,4,983.700784887795,544.4724117132397
18,4,986.3091642192506,552.1838277590392
19,4,986.6330343757483,554.104656875311
20,4,987.6527961927588,558.9387416125444
21,4,986.5195660684368,559.5845390615888
22,4,985.9512425755529,560.4540420389332
23,4,986.6384500215264,561.9211604217114
24,4,982.6603629368924,558.1573697963797
25,4,982.0648269508072,556.336879571343
26,4,981.8843763947102,559.2176601202458
27,4,980.6595624463243,556.5207438125185
28,4,977.8767513849662,556.3794178874908
29,4,977.6072332181748,557.6266115491483
30,4,966.505246392598,543.4812232885004
31,4,965.3977370433344,541.6574958673715
32,4,960.7600542551609,539.5984953403698
33,4,958.4469906133331,538.9492321642077
34,4,960.2186637424348,542.9177374533999
35,4,961.8545917645237,544.1981769589689
36,4,962.6059709878245,551.3307003196365
37,4,964.0827333794009,561.3613097044395
38,4,960.1901110817391,562.7268598232938
39,4,959.3890451786576,562.7964774958205
40,4,951.99786863489,565.9259078897239
41,4,939.9750902068906,554.5917549835087
42,4,912.3545950453104,523.4768589597337
43,4,911.5758702743996,523.5770667375209
44,4,904.6870068471602,521.6251945656564
45,4,904.5034695262386,522.7985725389827
46,4,890.3606792451699,511.12543879228735
47,4,869.368729717613,484.4478830122246
48,4,849.0593705792385,474.2134754578011
49,4,846.305264931308,472.829461779943
50,4,845.2007146944572,473.74549444973644
51,4,838.779729879433,468.6109519734597
52,4,829.6072022617213,470.63814376968065
53,4,821.7588631136263,466.8856321238152
54,4,786.3107209530034,423.9031261126176
55,4,770.5746255448983,403.33494581296657
56,4,757.310017368252,390.2819423030681
57,4,770.7335325744866,413.99620944196425
58,4,745.0389570378496,407.8248174859212
59,4,741.8239286657624,413.4995178260136
60,4,733.0329397332404,410.28496919565464
61,4,720.3938047229929,405.16582955919546
62,4,686.732927458753,372.2492518708996
63,4,684.0168733255151,371.72478547647023
64,4,666.0206038715658,364.2109625154814
65,4,657.6277299722021,358.06930406578863
66,4,646.007083649559,357.4115458650581
67,4,643.5772709914794,359.80467250602
68,4,624.0179629314024,344.6966718163271
69,4,621.919214930553,345.00649000273035
70,4,621.5741685110731,370.0674363994173
71,4,624.43578305418,375.99055300088554
72,4,611.7085556059551,365.7363999973253
73,4,616.0839974044638,377.2629510907514
74,4,559.4422107080071,391.15062691289324
75,4,555.3977560650715,385.7454909511277
76,4,551.3533014221357,380.34035498936214
77,4,538.3997551249682,381.5181679233316
78,4,525.4462088278007,382.69598085730104
79,4,512.4926625306332,383.87379379127043
80,4,499.5391162334657,385.0516067252399
81,4,480.68835840128446,392.0320300824468
82,4,461.8376005691033,399.0124534396537
83,4,442.9868427369221,405.9928767968606
84,4,424.13608490474087,412.97330015406754
85,4,429.85199454973844,427.98374224626707
86,4,435.56790419473595,442.99418433846654
87,4,441.2838138397335,458.00462643066606
88,4,439.322452740907,465.47168391036433
89,4,437.3610916420805,472.9387413900626
90,4,422.7945849360953,491.81534976079246
91,4,420.8376637239713,499.9932450992046
92,4,358.769854429131,512.2591631090261
93,4,359.47374240500136,530.6294643047888
94,4,342.4269646690616,546.939431752684
95,4,336.83328813529573,546.1836548841212
96,4,341.4426967803369,556.6978521318695
97,4,339.10220044581973,563.9400947211924
98,4,333.2490315141908,566.8880281231425
99,4,327.7864595014986,561.45933132363
100,4,329.5470310826947,572.9961444664349
101,4,335.6038582122679,582.0794942050961
102,4,345.1161060300339,604.7491469758063
103,4,343.48467254691917,608.173713218784
104,4,343.1523199259398,614.5249471834771
105,4,344.40933999783334,615.3396404015955
106,4,340.971704129055,623.1029153796192
107,4,329.720339996195,619.9906925621991
108,4,338.7125381967174,638.1366594406478
109,4,317.9154443526455,632.7478958196219
110,4,346.4255265403597,672.9855867864017
111,4,347.47077218833584,681.0464268808306
112,4,345.8438028102995,682.7053532997027
113,4,346.6967572758552,685.0106742835471
114,4,347.1401769248382,689.5328105121188
115,4,347.7647078520562,692.9639882038003
116,4,354.5406162404307,705.1974882186406
117,4,364.98068670718055,717.6267089458797
118,4,365.8551838311848,719.9972590690535
119,4,369.0274174988312,723.3671939465178
120,4,364.6023483902176,723.362239510948
121,4,362.95780285539087,722.6108477273182
122,4,368.7731568532104,731.0177178669015
123,4,374.9519893439584,736.7514708860978
124,4,374.9560951304181,742.4130577240201
125,4,374.7927648272676,741.4795974290884
126,4,374.4081752456639,744.6253390481775
127,4,379.2624793055579,749.0340181288714
128,4,378.1097179527702,748.6702420607538
129,4,380.6154786911989,751.5173053262538
130,4,377.4990456712996,752.3239454889205
131,4,372.934029585483,751.5122580999221
132,4,361.078144006489,752.9550036325804
133,4,365.3743843288952,760.1272276868021
134,4,364.93957309749146,767.4812532342711
135,4,365.7680418919927,770.3256635903751
136,4,355.6614559833291,785.3030911577818
137,4,377.4410966112608,809.782526295707
138,4,379.8325720564231,820.5759662800416
139,4,376.00436308872474,822.263525821993
140,4,376.38223108921363,833.4152082331941
141,4,372.8267936153404,836.2236409322691
142,4,363.84835964931057,843.9491733998307
143,4,319.48510573276366,822.8350699131223
144,4,345.67993921320357,858.6942258612451
145,4,346.46418885385106,863.6789370824545
146,4,342.0913655016198,863.2220335626556
147,4,346.5931047201696,867.0802400637846
148,4,340.8685720863045,862.755194132737
149,4,348.18879125885854,867.6663789451231
150,4,362.9646018008016,873.948339080357
151,4,387.6710939122988,882.6806021758621
152,4,404.80427728675505,885.7202365446714
153,4,413.3594319482099,890.2057706857167
154,4,414.22828328416523,890.7549696905679
155,4,416.8646754176175,894.4908159749951
156,4,415.12230466780153,896.2181718751914
157,4,411.8498210857508,898.1182762400691
158,4,416.4123886093906,895.5580890217749
159,4,408.648536548919,897.7792923582946
160,4,412.8343175812964,901.5318566095661
161,4,412.63440957172577,905.6143353273095
162,4,420.58944042957705,905.1999385785558
163,4,428.5444712874284,904.7855418298021
164,4,436.4995021452797,904.3711450810484
165,4,437.0761570153738,904.7563539354223
166,4,434.35377778944064,908.7753014269771
167,4,432.54151818373606,910.7454241154845
168,4,412.91703519489334,914.8898700059905
169,4,364.4016816757599,897.9710386260213
170,4,400.30050429794926,930.4038544974574
171,4,395.27850215550376,929.6241886596888
172,4,397.73903669015095,935.563859324116
173,4,392.65342604499756,934.9890487727073
174,4,388.77571551592837,936.5885910861131
175,4,388.2752663127192,936.7150326681214
176,4,396.2325229548053,945.5687194317866
177,4,400.0649560899266,953.4300083474478
178,4,402.81909790813046,965.4991087783454
179,4,404.80101597408947,968.6451148158023
180,4,408.63963702066445,976.9301816563951
181,4,419.395750064157,982.8041922098311
182,4,424.53624391793414,984.7106945013071
183,4,421.1193034110124,982.6524074711409
184,4,420.9827736477506,980.336951593794
185,4,420.4328902604335,979.1825183183951
186,4,427.4219304536214,988.8405495236044
187,4,429.3322762420464,988.6063997467012
188,4,415.33171522726207,974.6674396283241
189,4,420.43951468956163,975.429384489666
190,4,415.09321925921193,969.9143021148595
191,4,417.9904430711868,966.8878610337349
192,4,328.559697264928,911.2198442916311
193,4,385.8631198818733,940.8506774479321
194,4,420.07208070315244,960.5058234061815
195,4,421.0317847281915,962.3683631341319
196,4,419.36969632720053,959.2025236544932
197,4,416.4025259191675,956.3458679140664
198,4,419.83288131716154,954.2323708141748
199,4,417.3083373690529,953.6542112800034
200,4,410.021972079537,946.9971023830276
201,4,410.21593861148807,947.4225900644216
202,4,399.7636431482618,940.1308978490987
1,5,870.5466530695577,576.1920772426573
2,5,870.5466530695577,576.1920772426573
3,5,870.2240789317864,576.8076633695716
4,5,868.7407160575831,576.8790341471713
5,5,868.4430613445625,577.1252042714162
6,5,866.8673854874352,576.8021824288415
7,5,866.5465594234576,576.7041685493316
8,5,865.8085893671621,576.8627499000432
9,5,865.5181584622825,576.4910614905727
10,5,865.2005276006267,576.0797065203705
11,5,865.2914198607522,576.3920818764814
12,5,866.3177901739166,578.7938244930854
13,5,865.5521406374855,577.9632164360486
14,5,865.1024033403019,578.3054904786235
15,5,864.7920098386064,578.8559842377995
16,5,864.1352318284104,580.5825400150181
17,5,864.7674871080676,582.1292925423472
18,5,863.3180943883153,583.8475456666798
19,5,859.8711476193052,580.7812985154153
20,5,858.79855294678,582.8528762077863
21,5,854.2826138270749,578.3380310850417
22,5,844.7808151373177,573.6136163717155
23,5,843.9877635459711,576.6961256015945
24,5,844.0886005706321,581.6130834374966
25,5,844.6062514087644,582.7232354718702
26,5,843.3925096953358,582.5421345219256
27,5,844.0283724789589,585.0118815879378
28,5,842.6160587022275,586.2703907978249
29,5,841.2274900291114,585.348268921354
30,5,840.4038212678862,585.182146802786
31,5,837.7775678825412,580.803636175613
32,5,834.8542871372199,579.617979579927
33,5,823.2049681692773,572.7984976161305
34,5,807.367487975172,569.1787608149656
35,5,805.9711343122447,569.2437185636129
36,5,797.204685876812,569.4210282962474
37,5,797.2165690252076,570.6043691850374
38,5,800.3109508307922,570.346714129554
39,5,800.0801491286395,572.583813263823
40,5,795.4022242976439,574.8801547354843
41,5,796.0820784963357,584.1887439747129
42,5,793.9318509681082,583.9759113137571
43,5,794.3440083515673,585.4655770068106
44,5,793.112875089713,589.759615472228
45,5,792.7077340191956,591.5468438804303
46,5,790.8620564590391,589.0191140923548
47,5,784.7048230685444,580.9117584742647
48,5,769.2301608360386,561.861132054228
49,5,753.3475583615982,541.5885916950657
50,5,734.3398891589092,515.9930631417658
51,5,733.5855583250003,512.9679020820238
52,5,732.3806951560213,505.76810586892884
53,5,730.8377417517468,503.45295764460286
54,5,705.6392934272609,470.60137987159055
55,5,696.212422029414,458.7617693255442
56,5,698.5301599579954,458.41187907801907
57,5,700.6044024430428,460.6214395414197
58,5,697.9207200110935,459.1131954688427
59,5,696.3923050749211,458.7158375972397
60,5,694.0215960496547,454.6429772763982
61,5,689.7783152162854,452.70702192665425
62,5,676.7757242003421,442.19609547906117
63,5,672.169511238828,440.86322924463445
64,5,651.7447941073516,427.1592296028497
65,5,645.9617493759022,423.8909837350904
66,5,632.8541692263433,416.46687927719717
67,5,627.4859571278915,414.47010380510653
68,5,611.2126266629695,412.2258543492906
69,5,612.1460501745601,422.91423284937866
70,5,585.1596525462668,411.98716959776084
71,5,596.244203447319,427.26726113282643
72,5,590.6512045383728,425.4979843384875
73,5,590.2458457127709,427.5084237026064
74,5,621.3595965981472,400.31158580623617
75,5,559.6535199583068,385.68086812450707
76,5,620.8927172954114,440.8556902246083
77,5,624.1218277361405,434.4730770943165
78,5,631.9829732317443,433.9525913082886
79,5,636.2575482343282,438.2945610092915
80,5,648.5793515319124,447.9409941610877
81,5,656.9649225078173,455.914120532645
82,5,679.8019690770426,481.303855516785
83,5,685.8811446389004,488.1962871185295
84,5,690.6396859925645,490.46255707543406
85,5,688.915997262559,492.52401626299115
86,5,692.7749581998542,493.4589664329535
87,5,688.9348591100057,494.2507233765531
88,5,681.467336695631,494.9055658921314
89,5,680.6386481856155,496.643463720317
90,5,681.2690604647953,500.43929123748205
91,5,685.4061261533479,504.2952456269045
92,5,682.2716394043156,513.238557780844
93,5,684.5144607048256,508.8393229177567
94,5,679.7048291013872,515.2999651690127
95,5,681.4428219053337,515.2407645662067
96,5,676.6036156858341,524.7094629000852
97,5,675.216032313098,526.3033478453024
98,5,665.9541380704777,529.5860294408142
99,5,664.3881356209108,528.7512653038116
100,5,656.8120653280315,515.4241418015308
101,5,648.0022643059057,511.18987863891584
102,5,637.5637492739207,498.0610686160265
103,5,639.7782754554858,500.32385245134316
104,5,638.1910599495329,497.5399994532759
105,5,638.0501415169027,497.99296196677585
106,5,638.3932070476353,499.58617868154835
107,5,637.0500123543669,497.7713079557386
108,5,634.6086350203185,496.04690954216625
109,5,633.2460781006944,495.9986259860523
110,5,633.8429507296437,498.99601213154284
111,5,633.8660561811647,500.8508522433101
112,5,632.4729152266038,504.76602338187155
113,5,632.6961868126763,506.9813466795621
114,5,627.2052327326141,516.1367188819753
115,5,625.0636254875901,517.427605400423
116,5,620.8466130897111,520.9559310545388
117,5,619.8326334956193,519.2010880793208
118,5,609.0904424209095,511.48207039525505
119,5,604.0567213438119,509.28894480103116
120,5,578.4592838817446,495.80386723687633
121,5,566.0850087065744,488.3198535523134
122,5,536.178503163074,466.36057054348464
123,5,526.1085290104929,461.12632583257613
124,5,506.9031187415708,456.87438247438206
125,5,508.98566487617063,463.36107067280216
126,5,498.74889695560864,462.1695129615589
127,5,490.1573101881736,472.18667845888973
128,5,488.2615452614839,482.6023698704048
129,5,481.7854977335249,485.14893592530865
130,5,475.35228921048605,482.95678183159043
131,5,430.9477357649637,445.5418786699414
132,5,425.10584164985596,466.58795000526703
133,5,424.85435901679426,454.63234249945924
134,5,395.1005323800825,435.7952431977103
135,5,394.5815716872483,439.0433419310405
136,5,380.66956664295543,437.83646957719293
137,5,379.5734214348419,443.7686272188688
138,5,368.75685433836367,439.79444212477944
139,5,364.20708271816767,439.2621667138508
140,5,357.92237433921775,440.2576320951093
141,5,342.05032581814197,428.4685850676098
142,5,331.63045240672477,422.16685775909275
143,5,329.0988962488052,420.3107531656916
144,5,315.62944338705046,409.25548983326036
145,5,317.0702727434337,410.0591264976048
146,5,315.776327985333,411.3213742699262
147,5,317.2237263141633,414.49566244638726
148,5,295.653741436315,397.1500877599812
149,5,284.27938915376654,388.13772097074775
150,5,293.3369951807593,402.6772961559187
151,5,286.5539286403757,397.31005464306685
152,5,277.0456157205836,403.7116953289775
153,5,279.46342973526583,409.32453540009436
154,5,278.419774917643,403.2089538285341
155,5,281.7739742872159,404.1602691740743
156,5,286.50479214864583,406.1175730828074
157,5,285.09437918315723,403.0792422289904
158,5,282.8555700381804,400.6241750509668
159,5,283.86703600330117,398.0779540237189
160,5,288.1368759378854,391.73673451474775
161,5,287.52027050370594,389.405815877144
162,5,285.6737040860067,375.22175500578
163,5,289.0250052698237,374.01013227619194
164,5,295.34649232199797,373.18050408012806
165,5,297.52110066274014,368.73894860426725
166,5,295.73438446985176,363.8467971413513
167,5,295.4860463064195,363.0743272852389
168,5,289.7852895217208,356.71978537402674
169,5,287.5339548262751,354.60375236116886
170,5,279.5382313252892,348.69564192397894
171,5,276.5282313371816,346.90752518077403
172,5,276.3971124741588,346.89713670011173
173,5,276.8007924644035,347.41312251641574
174,5,278.0043171813549,347.0545391165028
175,5,279.37068428090254,348.5009895396244
176,5,281.37093378492347,348.68260849842375
177,5,284.36492523569274,352.4749517627108
178,5,284.85164903698313,352.2686623629135
179,5,286.08975907278597,353.54528844314245
180,5,288.11301760063174,356.5598500675604
181,5,288.4703665139771,358.8210093003361
182,5,285.6044911277343,359.56043537993764
183,5,284.2466664610636,361.7965537165912
184,5,280.59710709860576,364.5530913931622
185,5,278.364151444524,365.37659398752385
186,5,272.53437294854876,364.26434956721886
187,5,270.4815512804495,365.14778037637353
188,5,265.2989323607582,368.66397548634325
189,5,263.8451875292291,373.7352871780843
190,5,256.75472302396713,382.9407047279591
191,5,256.7430430154752,386.60259055056855
192,5,260.71144691061926,395.17169992927734
193,5,260.5635588155994,396.95687699045556
194,5,251.94060735305558,398.0182386059844
195,5,247.1211006279524,406.4802489668262
196,5,238.00385212399138,418.9794476592854
197,5,243.0675164658268,427.6723379659774
198,5,237.5238559249358,431.04170177728776
199,5,239.23956287564883,436.35175195080416
200,5,239.86175636167113,449.59465454163194
201,5,239.69414602999717,456.63649189079945
202,5,241.130416083267,466.53123501174395
1,6,549.0580457776184,261.37522015427726
2,6,549.0580457776184,261.37522015427726
3,6,549.8544742112811,262.8821289341377
4,6,547.6610316720167,264.4406115755946
5,6,547.4879962522218,267.5105465598199
6,6,545.5928325182775,267.15867775937016
7,6,547.2794936006163,267.830932149779
8,6,546.7467255697654,267.52459168540327
9,6,544.1652561595195,264.71311392651984
10,6,546.738273310727,268.9677059741862
11,6,548.5156073626703,273.6433143309428
12,6,549.082421548469,277.6062462938044
13,6,546.6276661224667,276.4609615284406
14,6,544.665169251078,286.3695403001942
15,6,545.2607771268621,287.09968685018305
16,6,543.993790398119,282.49892502414536
17,6,546.8310602619043,284.6811867605885
18,6,546.7455415783153,281.55958004324964
19,6,541.1297984470233,277.91838934851603
20,6,530.9003124716172,268.8836955662537
21,6,535.5860493760733,275.6193189780472
22,6,551.7494208825779,295.2036305390431
23,6,551.0943769135308,293.35070469548975
24,6,552.6372791381218,292.8886933101345
25,6,550.3523047516317,290.76183671272145
26,6,560.0406528500987,301.7452303222701
27,6,572.3258324370659,317.09129975498024
28,6,587.4301629755175,338.1568895663159
29,6,591.7575769392957,342.9193951492329
30,6,591.0316628215317,340.44571703415204
31,6,593.0522542852877,338.10378447948784
32,6,592.4757173450562,341.56661232194153
33,6,591.4825479459789,340.211738539415
34,6,599.4404714093062,338.1721202079829
35,6,596.1815761974118,331.97972675626124
36,6,547.4065882519435,264.1442378922821
37,6,563.6788804802673,284.7567437974357
38,6,618.2124553570435,333.5850414148385
39,6,618.9580134373808,328.5347962772746
40,6,630.9517085095857,339.10253696560335
41,6,627.5275103434088,332.94497626921213
42,6,624.454371855982,329.1125976719727
43,6,622.2005317948724,326.1829523888774
44,6,618.8681548996705,321.8872512096671
45,6,621.1685785496463,323.4867826464574
46,6,617.3992978652029,324.0354069080566
47,6,609.6309734770825,317.04362804061145
48,6,602.0689960456664,311.3000677715642
49,6,597.2159651401444,306.985889595295
50,6,601.7952292318112,312.30254302759846
51,6,597.8984263736797,312.72801121675076
52,6,590.4471194369423,306.43929046372585
53,6,582.9958125002049,300.150569710701
54,6,575.5445055634676,293.8618489576761
55,6,568.0931986267302,287.57312820465125
56,6,560.6418916899928,281.28440745162635
57,6,566.6473414539998,288.1520129699427
58,6,571.6152482591926,298.4270555051668
59,6,576.5831550643853,308.70209804039087
60,6,581.5510618695781,318.97714057561495
61,6,586.5189686747709,329.25218311083904
62,6,591.4868754799637,339.52722564606313
63,6,596.4547822851564,349.8022681812872
64,6,601.4226890903492,360.07731071651136
65,6,606.390595895542,370.35235325173545
66,6,611.3585027007348,380.62739578695954
67,6,616.3264095059275,390.9024383221836
68,6,621.2943163111203,401.1774808574077
69,6,613.7086298095204,397.89613846909697
70,6,596.6236774850695,386.4284780138428
71,6,579.5387251606187,374.96081755858853
72,6,562.4537728361678,363.4931571033343
73,6,545.368820511717,352.0254966480801
74,6,528.2838681872661,340.5578361928259
75,6,511.1989158628152,329.09017573757166
76,6,494.1139635383644,317.6225152823174
77,6,477.0290112139135,306.1548548270632
78,6,462.76490787684276,328.0253223199726
79,6,455.75659959346007,326.93059604438474
80,6,444.7973904412796,357.30996379086145
81,6,497.6571056119475,405.7924930147076
82,6,494.08029069703343,423.8090952443696
83,6,488.90314142210036,428.2452735767699
84,6,474.81407991865365,432.067628362709
85,6,471.35391886398685,438.8782689014471
86,6,483.71687284920176,477.79690098196147
87,6,409.7126230611933,467.125217943479
88,6,422.89545392326374,484.57214982168705
89,6,360.6399375030916,447.65741955274507
90,6,260.30447239525324,377.3878206571807
91,6,283.76393334443065,413.1590957508211
92,6,404.2266779503679,504.342174828378
93,6,400.02688571430593,504.8295656529548
94,6,382.41138643352247,507.5250774493396
95,6,380.09230689325966,515.0734920362378
96,6,371.9307902218116,523.5553718204585
97,6,368.44261660271377,528.1445747101218
98,6,370.5581405864891,530.6299089201335
99,6,368.269724436827,532.8030217310177
100,6,370.20589205540375,545.3618484939673
101,6,378.4348756687651,552.755837287262
102,6,374.44981088666884,554.4509719183092
103,6,368.1010366115604,553.4699742390947
104,6,365.3291408761405,566.3632401130844
105,6,372.11399121952905,568.0013234705443
106,6,362.73259688104065,576.1147535544916
107,6,366.712645062987,581.7285400950333
108,6,373.40279188117137,590.3570083916725
109,6,370.5903604169538,589.2002502938853
110,6,381.45283575733407,611.1537498649797
111,6,387.70396636076623,621.2202577762363
112,6,390.96531733900764,631.4131658170787
113,6,390.0724693415748,631.4104115382218
114,6,382.2370893796226,631.0226518707356
115,6,384.613675067763,638.4328691433243
116,6,398.5467186334115,659.0675848884943
117,6,411.21934373933107,673.8496977296475
118,6,407.5139930902471,677.0555276748952
119,6,408.1836399298331,677.4225591623647
120,6,406.5845587721452,676.1719438088093
121,6,411.40000031204346,670.1108777387029
122,6,405.54691469128954,672.7294193461498
123,6,406.3575812121803,672.8321029980114
124,6,425.55632436039747,684.368681403264
125,6,426.67421264314936,683.0781260941001
126,6,429.7176635976435,682.7598197457322
127,6,431.9095224625882,689.574554548785
128,6,427.7235676031906,697.9148942675741
129,6,430.3231634560955,697.4668461293567
130,6,424.62564427166933,704.2435948168381
131,6,425.7220019144223,712.1747278524373
132,6,425.1328886402535,723.7265672965502
133,6,419.8088268554251,731.751860913456
134,6,463.8496619096312,763.0076661415757
135,6,455.9588144452453,775.4568381942648
136,6,455.13807156181196,802.7882843805934
137,6,452.56648215394205,803.0927056075584
138,6,442.21401852910634,810.3115841677803
139,6,444.0573849567892,818.9349186243951
140,6,437.4627072085379,824.669541345827
141,6,434.21599265045177,826.952365777547
142,6,472.83040869695566,868.0302541427229
143,6,479.5747776611449,877.9210584716001
144,6,511.962568213643,903.616168797343
145,6,511.4910458571471,904.216000401993
146,6,511.4179619997191,904.2216568694953
147,6,510.53086352375243,905.3598099614095
148,6,514.0210647140287,908.1894846051808
149,6,514.3841396071667,907.9695682381747
150,6,514.9772120001096,911.2456652367915
151,6,512.9431751684403,910.9242734045316
152,6,512.5098596385051,917.252337193087
153,6,512.1012416560696,914.5185762649916
154,6,508.4752246938278,922.0794278062003
155,6,507.482234054419,926.0918354942384
156,6,505.40667809107634,927.5884537454269
157,6,507.5148142609389,937.0374992806262
158,6,515.5054285388459,939.3282187188117
159,6,516.2991835059398,942.3347429496303
160,6,516.2591469033522,949.3682835525578
161,6,527.8012800951986,955.239202524098
162,6,524.9784160339126,961.8848535297939
163,6,532.6101633166231,970.3995742194513
164,6,529.9939425174324,980.8256185560261
165,6,527.7623875406615,986.4460401607564
166,6,524.391327248897,996.0984217560322
167,6,510.48514796364486,992.684647347764
168,6,504.58442574254536,1003.2463787877238
169,6,514.1180378182638,1009.3760698147505
170,6,525.8895781188811,1028.8905555061556
171,6,523.8836037949085,1042.448412455676
172,6,518.3012980904238,1044.0169015712358
173,6,519.7866552910593,1047.4022878494413
174,6,511.83582575250966,1045.571837824802
175,6,511.6530047378677,1046.84007238453
176,6,506.47672505939113,1046.1410548344056
177,6,498.7589128383677,1041.4125434915054
178,6,499.63805207807803,1044.6929957442105
179,6,499.0058424972274,1045.5810778137397
180,6,498.52628563754234,1049.0339198383608
181,6,495.9810186468928,1049.308354925
182,6,495.6777382191844,1049.4290990211884
183,6,494.56906316669017,1048.9926539885676
184,6,494.37608132089406,1047.1561936889786
185,6,494.98608574900015,1047.1195194058698
186,6,495.456164110508,1049.3750899067675
187,6,494.50708419915685,1046.6677346575236
188,6,497.0268468711946,1045.2548060772679
189,6,495.4228139422399,1043.913997653574
190,6,497.1056669642905,1042.3485504297869
191,6,494.59278191587475,1039.2889037601296
192,6,500.0519055009372,1026.514452586247
193,6,504.9859581108076,1017.5346960494244
194,6,518.6098097493938,997.4697501499152
195,6,518.854176790989,993.4914178144066
196,6,520.1028678594462,983.389455011771
197,6,525.0750898473362,980.2084518369396
198,6,501.34976594230744,949.7644606151121
199,6,503.84433658238174,944.4804193095139
200,6,514.2727690494715,932.788151443953
201,6,515.2168548433963,926.5164790988939
202,6,516.8312343132934,915.6765452448132
1,7,565.2507706682429,113.72003759589487
2,7,565.2507706682429,113.72003759589487
3,7,563.723742729213,112.60791790383396
4,7,546.437749116297,93.2307355741917
5,7,541.4045590441559,87.27997327310442
6,7,539.3163249268815,89.36792421927484
7,7,537.3532960169113,93.60047544179945
8,7,537.9994070722391,101.82357320533305
9,7,534.6840118161194,101.03785885172206
10,7,541.1603339469102,121.33487845106251
11,7,522.6410856960094,98.98970534592122
12,7,539.5311335163449,129.90038365237896
13,7,551.5344137856993,151.03241931616893
14,7,541.6677306678944,151.769267822271
15,7,543.0958880730825,155.84487512139455
16,7,555.0748440718336,188.49792706140008
17,7,553.0259371377596,191.14905635326087
18,7,553.6983160980693,197.85910570220878
19,7,552.9160801862126,199.36573214363924
20,7,548.7485822190625,188.05514502642671
21,7,533.9211995649111,168.31547858844664
22,7,565.6536785162104,218.3637094006002
23,7,568.3208587025584,230.74652997350654
24,7,586.5044333066884,258.75440700172703
25,7,588.0022100333622,261.8463908783425
26,7,593.6148079609823,276.32878657655294
27,7,602.3748078682787,291.93267675023213
28,7,609.666285772434,297.2496391461806
29,7,611.1080321891333,294.7341965787857
30,7,610.3877968227581,284.4882492084324
31,7,603.619302947851,272.5727640198367
32,7,609.0220721759765,260.9223329429742
33,7,608.5368611401344,254.442350646512
34,7,612.9081840560914,246.243477575083
35,7,613.6282690366329,243.7513083273697
36,7,613.4471496771816,240.15838183455492
37,7,611.6157779261846,239.70472199486935
38,7,617.9434307013636,239.20945489914004
39,7,619.611573843514,235.45892104925213
40,7,625.5413248422428,224.49179689808605
41,7,626.7593286827138,212.7827317099031
42,7,632.920124336419,211.1195446769869
43,7,630.3313605507926,208.1966346898152
44,7,640.6119146972763,208.29850784204007
45,7,586.1421801337245,119.73406996433886
46,7,605.3837044000381,148.8851836369906
47,7,600.5460445194643,152.72473443133924
48,7,596.1275199834947,149.59291066131524
49,7,600.8359355510477,151.9947745897869
50,7,599.4568494549821,154.43692585227475
51,7,604.4357507828269,154.95930782387768
52,7,596.4355957397445,141.45411283799686
53,7,630.8553997665687,189.39815174981362
54,7,640.8544103928381,206.8273469761055
55,7,636.2660936383936,203.02214954355875
56,7,640.6959716781237,212.80346517637068
57,7,642.6410658437269,216.0069654728912
58,7,642.5525408923219,213.45894886196885
59,7,636.3314092305806,209.6681640211051
60,7,637.4752553905805,215.03778512023277
61,7,636.1711123916651,216.17473478204673
62,7,636.1554863844465,210.46825602188704
63,7,641.157579659345,214.66408855981146
64,7,641.956905874788,213.38277104749977
65,7,641.7484448179265,211.43545760877163
66,7,641.8287435471636,204.75438432441305
67,7,642.4409860914649,205.99717633300062
68,7,642.7238025344889,201.29433637620872
69,7,649.864895533921,208.6360326333096
70,7,659.1311349614622,218.97065069102788
71,7,683.3433701894039,247.41759074347576
72,7,696.280818559352,258.01299509657
73,7,696.4540686528729,260.41514913745556
74,7,726.7248532608247,311.2645723861081
75,7,734.9705316445827,320.2493204074496
76,7,751.0118487115377,339.65599390305664
77,7,754.9065897643196,342.17895340495534
78,7,751.5076828429035,335.67778787795373
79,7,749.441034503796,337.34455252628175
80,7,754.8890909879947,343.8784361230799
81,7,751.6375395929645,340.4905718047894
82,7,753.0281389944563,346.1882583845692
83,7,759.2528656708397,356.7009458671333
84,7,768.0678884794502,376.58438203910384
85,7,772.4771527591286,386.5752642713345
86,7,780.2564332882108,401.90532690253696
87,7,782.7947862981954,407.2285878862753
88,7,782.6646767501668,410.6531389358652
89,7,782.4316751509016,411.4323701681163
90,7,778.7155340986624,411.729834425651
91,7,777.4801773706199,410.8532557939329
92,7,775.5208843290767,414.0054767440775
93,7,772.860055895227,411.8413925479755
94,7,764.7901540563678,408.37251369299565
95,7,761.0322371304012,407.6500852514355
96,7,747.8497158040598,388.3302616356135
97,7,748.4956653327623,397.5647154262924
98,7,735.0645406105809,391.51556636050714
99,7,734.6525731839735,394.712887877346
100,7,734.7380794174644,397.1425582993612
101,7,740.3476634392052,391.9014306184343
102,7,738.7788506045941,390.33184638715863
103,7,736.1757347563412,388.3649545778138
104,7,735.7459398221313,406.0922675829978
105,7,737.7064817072516,409.05439744325736
106,7,736.4462858833057,409.6888613399246
107,7,738.9808789772268,411.20645132807914
108,7,740.6248599272443,413.44417269782747
109,7,738.4125888118367,409.82733047161366
110,7,735.4590471437917,409.3858006223338
111,7,733.8266592249095,410.2652989098048
112,7,690.7573153596687,354.61907240013727
113,7,688.8745465184293,351.3919823762447
114,7,680.7157350501785,341.1673877419241
115,7,671.1808154125714,330.64678153202743
116,7,665.943730478879,327.1732447142377
117,7,624.3768572405472,276.1488053888863
118,7,613.0602979318484,266.9034795058111
119,7,610.8628610444968,266.98101037134643
120,7,603.9966163961539,281.12256108663433
121,7,595.1675490023912,272.4868462245532
122,7,560.3500983483708,239.26262260717388
123,7,539.1785307304382,219.279102472898
124,7,519.5365583659141,208.399298442111
125,7,519.5458643465254,215.05827853435045
126,7,427.75006503910436,110.80938842517719
127,7,492.5107169462491,197.15329997900983
128,7,478.1592160267548,193.22473879546212
129,7,449.6126587955419,162.5103674151643
130,7,418.98474269834173,136.2338874868021
131,7,397.520790061298,120.31004184662906
132,7,386.93968809150016,136.34486239857793
133,7,380.85756635784134,137.9906196647578
134,7,372.6296041892307,141.62855123275227
135,7,368.1768502723078,138.92437950586267
136,7,360.4742950383169,133.4742697021663
137,7,347.6442883531503,129.90352722881852
138,7,337.4441910869191,134.97973092709105
139,7,323.5187009346691,123.35757392444734
140,7,315.9490775871269,120.36844757438583
141,7,305.33118928798035,116.236103385293
142,7,284.66647681848264,97.79835553620968
143,7,271.07050277060665,86.64129266540567
144,7,256.96386097496037,76.41269864524709
145,7,256.43385769634784,76.64174241465206
146,7,258.89931578805897,84.86519831543815
147,7,251.2371510971963,77.90811089077121
148,7,253.4435718846281,80.12232422511367
149,7,250.55606622505422,76.081650676476
150,7,252.52476874380233,77.3450790552084
151,7,245.51545123343956,71.14367954704127
152,7,225.31613878465382,50.312216771987636
153,7,224.1836744667616,49.504433282161706
154,7,219.16841734208418,55.03150988913185
155,7,222.06459034428568,55.52344447101182
156,7,215.68322036213607,64.12126116684097
157,7,213.31419845560433,70.3246651227349
158,7,209.1540486911182,71.0799534634247
159,7,205.3158135136977,68.7763132030331
160,7,205.48178434936014,71.10697369700917
161,7,205.82352303038087,74.2892499059861
162,7,201.51527777437005,71.56160228817062
163,7,201.32699928697383,72.65396143862843
164,7,209.68652287621714,84.76573318423245
165,7,211.24768913522033,86.98177540684033
166,7,217.68417602964854,96.16689963349944
167,7,231.0315647879389,114.3053317513877
168,7,237.25052616639968,117.9529907806175
169,7,238.32758867615894,116.96325429162465
170,7,235.55490329834805,114.06324330847546
171,7,232.3607250176908,110.09701515250785
172,7,234.64792927815344,109.61790333505407
173,7,234.93310371430806,110.83074904049852
174,7,235.09060793903777,111.91364876018801
175,7,234.31906497742852,110.84469990628958
176,7,238.8914376268778,117.30217186398123
177,7,241.06877967919647,122.94973364564156
178,7,234.99138391752598,131.68006339727995
179,7,236.1011726740774,136.71189128760815
180,7,233.50826783802125,139.43620982607698
181,7,237.55855830907052,145.7435663191592
182,7,235.15570815849242,149.54477427442674
183,7,237.07522439893856,154.0052435001493
184,7,237.42469122305098,160.24166232454448
185,7,234.87696866518658,162.49691931037842
186,7,233.19713260027024,167.90388476079875
187,7,239.70742956534102,180.65457255893563
188,7,243.98600233032093,191.40922772685653
189,7,247.4269218335003,198.30627171674513
190,7,252.74458052268432,210.3585665632482
191,7,251.61965527116826,217.83989140622742
192,7,254.62890317181973,228.54610627298933
193,7,255.91534587149062,233.938141696951
194,7,249.96650465971632,227.85072790419105
195,7,251.2925583731943,231.5593323283772
196,7,248.83127210189232,236.19955694791665
197,7,250.67154293831913,242.14902221281847
198,7,242.99283098485253,243.35736957531998
199,7,250.01316408748843,254.27171395946473
200,7,243.1188678579187,259.49370170065066
201,7,243.275253223868,264.6427281767095
202,7,246.474284450888,273.379905166748
