1,1,975.13076749053,523.4994204956829
2,1,975.13076749053,523.4994204956829
3,1,974.479674157719,523.6165150213986
4,1,972.8789447031382,521.3322694380139
5,1,972.5674878059305,523.2185171591464
6,1,971.4080539424074,522.5191844196913
7,1,970.9323897893688,523.8461125854476
8,1,966.8899006433514,519.5748349251701
9,1,965.9283994856696,521.2410376836418
10,1,963.8415657933862,518.7131918405216
11,1,956.7069590057359,512.6523740240325
12,1,956.6445427077869,512.7868071354327
13,1,958.1990655190317,513.1631135649335
14,1,958.4715698714048,511.28351208384373
15,1,959.4674583660832,507.46782596715974
16,1,960.6665714532306,505.70744269874433
17,1,961.4566702565951,501.32131623214525
18,1,962.9228441609117,500.4029922786528
19,1,961.4513074714506,489.2148193726639
20,1,962.1621032688462,483.1961840169655
21,1,963.3466070308568,467.22457277247884
22,1,961.7365109452135,461.69029982301595
23,1,959.3037395727246,447.7779856791581
24,1,955.5943197330004,438.7408538910991
25,1,960.6087823748966,444.32416773510073
26,1,962.0329952433233,446.21630575158485
27,1,960.5915572712214,444.2163687868211
28,1,959.2415271582123,445.75113367970204
29,1,952.410026510934,437.9889742835175
30,1,952.1286930849022,440.9704958012008
31,1,944.613465047099,426.3282644435703
32,1,941.6667338030339,421.83966775881896
33,1,929.4503495457892,403.1647553823944
34,1,928.9926387394398,401.00073116083075
35,1,926.8463067511935,397.37225664231227
36,1,926.5533640087244,395.9289841325535
37,1,921.4945888458936,389.0637407492161
38,1,900.9027164417598,357.9978148567049
39,1,879.9911837569518,338.627142714025
40,1,875.2229659863393,339.43773937636126
41,1,866.2710517914445,339.76222804027856
42,1,860.2023770515107,334.2298559253157
43,1,858.3326623046498,329.4903581037546
44,1,854.2020518756929,337.5981845698412
45,1,849.109166095076,337.6920553366433
46,1,849.8824618132686,339.21559702918245
47,1,842.6331174303189,335.87082954847637
48,1,834.7354995576075,336.2865533065988
49,1,830.9776543388315,343.8202630113608
50,1,828.768023810857,343.40074464600457
51,1,826.784867655884,346.5942105067967
52,1,829.101072171852,353.3843600149992
53,1,823.7762273895885,358.46224763657534
54,1,825.889455636203,370.89676514541355
55,1,835.4877262587675,390.30400829522
56,1,837.1824669503801,391.54148938101235
57,1,835.2364769180037,392.7241706502807
58,1,831.8298261298482,395.01536061618015
59,1,827.3293719710433,400.5113773671228
60,1,827.8753777198731,401.24044063085614
61,1,826.6659450705861,397.4099017385673
62,1,824.8392244860687,394.96176149574245
63,1,822.3135558722877,387.87986813940836
64,1,821.3298185745913,386.42969332604616
65,1,821.3077134265931,383.5038649362216
66,1,823.8804599040615,387.72060594273427
67,1,820.472070130275,386.44916433802314
68,1,817.259393482553,384.0935666190259
69,1,813.592618341568,382.5460275997422
70,1,809.5335225549852,380.5711614029929
71,1,787.923518130359,356.3305893487196
72,1,781.9406928263913,351.51994100730263
73,1,771.3070078693156,354.74932286912104
74,1,765.9631686677336,358.5122793065507
75,1,750.2330566471254,370.29386569853983
76,1,743.837187626782,364.20202500661964
77,1,714.2697732449998,313.5509173227573
78,1,704.1636373354984,305.3521346698644
79,1,693.5447090105898,313.9040872886639
80,1,688.9533546144269,313.40157478991193
81,1,669.8459935269714,307.6977819337459
82,1,665.0196357553065,309.339808258614
83,1,648.9576453045871,304.65562196095107
84,1,655.7410969158932,317.4168659639963
85,1,641.4619349139231,308.55011876707175
86,1,637.6907695248211,308.81457167992545
87,1,631.0721198208439,324.35405990065794
88,1,629.3827357288246,327.1821779886257
89,1,622.4079103933217,324.3434160581344
90,1,620.8929343486335,325.3646580350048
91,1,614.3102026866491,322.5762922270656
92,1,612.7932731631519,321.623307726316
93,1,606.9729014592433,316.07580757633656
94,1,599.3894486661617,306.16945325927776
95,1,588.5204150773706,292.14877126132126
96,1,586.9193091020753,290.197621496096
97,1,585.1722155848645,286.2707720995906
98,1,584.9990446593283,287.0225748089548
99,1,582.7656889538879,282.35022641471176
100,1,584.19942282161,283.0711993538948
101,1,587.3121868717757,284.9136989008075
102,1,584.5736783866387,281.51790982900377
103,1,580.2400109778918,276.3351773216496
104,1,574.5190162233323,268.33689380744073
105,1,555.9013754068775,243.17838244199208
106,1,548.1203106864195,232.67451278594862
107,1,551.2616591540014,229.45810740349816
108,1,547.673134057622,222.48289581086271
109,1,549.819494460643,222.98409387931102
110,1,549.3593507568372,222.17423126540038
111,1,549.1433915028425,221.64304648428006
112,1,549.3333880482398,221.32124865323027
113,1,548.7371310831684,219.70153561082194
114,1,550.1046342599162,219.78185385283967
115,1,548.6092477491238,217.75377266204674
116,1,547.7120779285456,216.81861170613954
117,1,547.2513910537474,216.44734046513136
118,1,548.1197758287618,217.79355673523605
119,1,547.960088446887,218.82319001772987
120,1,547.4142534885457,219.26055127096353
121,1,549.7281088846355,222.26734570429966
122,1,549.6858052428562,222.83468540785748
123,1,550.1755196129086,224.24875116711559
124,1,549.2459912915949,223.01738348494754
125,1,548.8130181987303,222.22610898092745
126,1,551.2026045226696,225.89005941333383
127,1,558.8656872622194,235.99080856521212
128,1,558.5804020832301,235.82704235270285
129,1,558.0957058113547,235.84350364731998
130,1,557.0528102237879,235.39603159908992
131,1,553.368473078352,234.2140242482854
132,1,552.7004232453188,234.47902299054005
133,1,550.9594753282271,234.02105051022951
134,1,550.3943643179634,232.61518830299505
135,1,556.7424735369125,236.92407674702974
136,1,558.4837937152507,238.823819289576
137,1,574.1812459535756,260.4946557804831
138,1,577.5171971884257,264.9486815622341
139,1,578.9165140126244,265.52498511832505
140,1,579.5330558788213,264.99069695048
141,1,579.3001186484123,264.3742850782928
142,1,578.2589056936167,262.87945965025506
143,1,579.5893083924066,265.5433170199948
144,1,576.6247527979624,263.26766559071694
145,1,582.0445590050861,272.96088117813457
146,1,586.3745298327216,280.49138886632187
147,1,605.4085281857625,309.19525321850836
148,1,613.0315742633816,321.9556290168717
149,1,615.2312758102455,329.0224501103838
150,1,615.8835803405703,333.3771964261339
151,1,615.5969295088125,344.28332662010246
152,1,622.8876924477074,358.4467212960894
153,1,648.7427111492901,403.1439663415513
154,1,651.9789606732762,414.128440768361
155,1,652.1888364191847,426.01434504290603
156,1,647.9431512280257,422.8902200051481
157,1,648.0129619914572,430.91245796038595
158,1,649.874265536134,438.5274393586702
159,1,652.3326846952843,462.32846459117366
160,1,652.56967121077,471.2850195567667
161,1,654.8496563859744,488.0812507897811
162,1,648.1286786077246,495.7393503337471
163,1,641.4409571041537,517.6421793417103
164,1,635.2931135679797,522.9942342301098
165,1,631.8606989043597,539.6066177188975
166,1,635.6057026445212,557.0812280755842
167,1,636.4192349925237,582.1115164079375
168,1,628.6046640107855,598.2188953791621
169,1,617.1373976185365,608.9106888127774
170,1,613.1994909250966,622.0636067641022
171,1,593.2349392837598,626.5378684221071
172,1,576.0388061650957,620.8923442834883
173,1,574.7517681191879,652.0685011314599
174,1,578.2346112129243,666.6928157445865
175,1,569.4422882207863,698.4769286261136
176,1,560.2076720368036,699.9477116496535
177,1,561.9946420278372,723.5132285060898
178,1,551.4814044650755,729.4319620454237
179,1,535.5300494729698,737.4729236786227
180,1,535.125649424542,747.3601619402671
1,2,882.2058629075256,569.1768622476172
2,2,882.2058629075256,569.1768622476172
3,2,881.7600183556972,568.2426709326746
4,2,880.5049763999958,566.1706674833742
5,2,880.7724745912391,566.0491806587926
6,2,880.7405782926267,565.8964774289495
7,2,881.0729076124209,566.1679089114847
8,2,881.8901767233804,566.6185063883032
9,2,882.2626637538117,565.733038109779
10,2,881.9425539492352,565.6262325247471
11,2,882.082120000739,566.325180206556
12,2,881.7338683780457,566.575447883246
13,2,881.067937252071,568.5498411055008
14,2,880.8032996176023,567.4042865655305
15,2,879.5725029872673,569.846999367743
16,2,877.8455744831805,570.5073788837398
17,2,876.9247463300115,570.5324337168861
18,2,875.6204292733672,569.2543411806685
19,2,871.4788901148966,565.0336385676447
20,2,869.2722813156902,563.9995907093348
21,2,858.1601561336636,549.7462966670715
22,2,853.6859187650133,543.6033583295407
23,2,840.809613014213,526.7743303430365
24,2,834.0190658411848,517.4662160057777
25,2,827.0658556628449,508.7188798638539
26,2,826.8619531932045,509.3067344759223
27,2,825.7584141425217,509.7848017904344
28,2,824.4816803169051,508.34069329420623
29,2,824.1605615330514,510.5248089101645
30,2,823.739755814918,510.91037204554766
31,2,822.3070337962273,511.6390728947333
32,2,821.6141564567703,512.2558994517208
33,2,814.7583301158131,506.46431544920137
34,2,808.6844223421643,498.8161580065347
35,2,797.3696187918262,484.35071585507666
36,2,792.7496857828033,479.1119565248102
37,2,773.496494601927,454.7892109170825
38,2,770.3637933258248,452.1040118494572
39,2,765.4347070482066,451.0525415454888
40,2,766.2283953364263,452.75597928648114
41,2,763.0131039544852,448.66104336067906
42,2,762.2237324997513,449.4257156784474
43,2,762.4341273001195,451.92664134466673
44,2,759.4765643757768,451.9691518216803
45,2,742.3167159333578,434.13525625125357
46,2,737.4845531846044,431.8221770176669
47,2,730.4686053556894,431.25916434949
48,2,721.713519019279,420.87138650487867
49,2,722.1331810685881,426.8610229232345
50,2,723.3751492618007,430.89235516957564
51,2,729.3795040544163,443.6667774299704
52,2,730.3597383420192,448.2633807752686
53,2,725.7929413791185,448.51790846094235
54,2,724.9434345606353,449.7592220528169
55,2,726.2621084118455,456.9698970249389
56,2,723.1036589507921,457.71514560495893
57,2,719.8280015148353,461.8898671686571
58,2,717.1253669883248,463.3333352881984
59,2,718.2209395360529,476.93730478315877
60,2,719.0814855537748,479.69591958406926
61,2,714.0884627110352,476.8657632323101
62,2,714.5441512461857,480.3389234819922
63,2,714.7386232956046,486.287715316169
64,2,711.5429540523746,485.22374595113416
65,2,708.1660274966807,489.1295129307955
66,2,710.840236754401,495.6188750882981
67,2,710.5262057985202,503.7794743832646
68,2,707.5427246873656,505.6891704540538
69,2,705.0270942199073,517.5830246054873
70,2,703.4314588174033,513.1388084879169
71,2,696.8128826730391,513.0889522578822
72,2,696.134855983762,512.6385954307548
73,2,686.6895233492438,507.5656533662896
74,2,676.5030374556535,501.4989754506354
75,2,647.6603637300404,477.37253911243477
76,2,645.7419599486183,479.8840638071379
77,2,623.7983696550243,468.47191464164047
78,2,618.3408422795661,466.5676968029402
79,2,614.2431424685387,472.64582021418494
80,2,614.2482284696474,474.443195433852
81,2,611.4761408870105,483.8241424994875
82,2,607.8687155273707,484.72642531455244
83,2,601.8480738114405,488.92411921178854
84,2,598.7312896237398,489.63566970542564
85,2,572.1130121086197,466.8870770736064
86,2,557.9993996025498,455.1548996252651
87,2,548.8727810522953,459.27064767472905
88,2,534.6843118960595,457.2907014976002
89,2,521.7846181071835,460.6884797924632
90,2,519.0621923507296,466.69419517787287
91,2,512.4844756256284,471.0559818798439
92,2,511.79516442910153,473.17275308938247
93,2,512.9619653326795,477.63085574014184
94,2,515.3515623484676,483.7990375952394
95,2,516.6573250752277,485.10962263545423
96,2,515.9851441151645,488.74216472845995
97,2,514.3650443256886,494.00319251745276
98,2,513.6830933227277,495.0202849646579
99,2,512.2805149240862,494.78047220424907
100,2,511.3145566366535,493.3062981291406
101,2,502.32404826665993,483.708579331664
102,2,502.06222879212805,484.0748931185645
103,2,490.9479003754244,474.5958661097155
104,2,487.24245206273923,472.11103554210973
105,2,486.11730458721445,469.4600460987461
106,2,486.69348224603647,470.69503498461586
107,2,485.6646716785184,467.4511212053839
108,2,484.3165990821695,465.7164419544873
109,2,481.7532334929282,464.06869524902163
110,2,481.40460154621275,463.7624845854237
111,2,466.5763487573488,451.09625679635553
112,2,466.61545170786627,451.3096935329805
113,2,464.6830705728807,450.3573041780539
114,2,463.2083623019095,449.4073226835744
115,2,464.7140139669976,452.45952970909906
116,2,462.2701863286401,450.3030746528491
117,2,457.58949833239234,451.28798847405045
118,2,456.24395456759714,452.2407241284906
119,2,462.93145421307133,459.88227987410477
120,2,463.65281976774486,459.0887936274986
121,2,452.4174043762676,447.54627863301073
122,2,452.6183237854011,448.61097437837844
123,2,451.6494202167881,451.69554361838806
124,2,452.16553435760574,452.6921596131539
125,2,452.3027553558707,454.1432637091233
126,2,454.0782091677806,455.98502326303606
127,2,451.8139489556037,454.1675584293096
128,2,452.8205187351927,455.56362156663124
129,2,449.1105809136684,455.1022688769389
130,2,448.7809275623054,455.4733908878866
131,2,444.60459824659114,453.2508920428028
132,2,444.0447750149515,452.70772688417725
133,2,444.34013962049846,452.51495799862926
134,2,444.08951880085243,451.1897599951865
135,2,448.0326726539629,445.4355293119422
136,2,448.03005309001196,447.85274662209116
137,2,445.4172915182333,449.6144077154034
138,2,447.97541688316585,452.57208393577235
139,2,445.99479413091393,451.76716941361667
140,2,445.9325771802922,452.99769329337187
141,2,447.1274859196512,456.7214707107847
142,2,448.0259569546216,458.6044234739803
143,2,449.8577087703625,461.57116075576516
144,2,445.04963120640014,460.012390292825
145,2,445.72308313561564,466.10640407581514
146,2,447.400722497364,471.46287370376535
147,2,436.08475595055387,475.5939748980038
148,2,439.33456098978473,482.308271207955
149,2,434.94578636930885,488.5496366683762
150,2,431.8374468448556,489.42353965638114
151,2,441.6428699400065,508.21943708563117
152,2,437.8835824958392,509.1801858343846
153,2,431.0825186982433,517.3628063313014
154,2,427.817511183242,519.5833979418876
155,2,432.1238018017151,539.1577537697468
156,2,431.46955187026265,543.2699044361447
157,2,429.26863351315836,547.6867925747856
158,2,428.67958231721684,549.4945962347176
159,2,426.9876861916671,555.8823978893868
160,2,424.4302129275967,556.9829007511838
161,2,425.37010333722714,574.5239210433551
162,2,423.5647559705366,581.1393120098583
163,2,430.9454035432096,597.3963691908938
164,2,425.683954921925,599.5272593163002
165,2,434.3630587610597,621.2884080413164
166,2,437.0549243928415,626.5194712273536
167,2,437.792662127035,632.1009726918599
168,2,437.09044776479783,636.941716539711
169,2,428.3932857652369,642.8373518131623
170,2,425.13759809813877,645.4850076488083
171,2,422.6880430516608,653.1038091900638
172,2,421.5237007786677,656.6143420561222
173,2,414.4177952919558,666.396659142209
174,2,411.71536938618306,667.9613507582588
175,2,410.23731430054266,671.7452827446704
176,2,404.7279710584101,671.1257466236784
177,2,383.88840249979575,661.0677297767364
178,2,373.438774153723,657.9642952204686
179,2,373.0268563962495,674.7894111695975
180,2,369.1849506041871,674.832440747633
1,3,607.8697894800657,1416.502363845913
2,3,607.8697894800657,1416.502363845913
3,3,607.8280338897495,1416.5223535835826
4,3,607.6937546979904,1416.4917633307757
5,3,607.7560288994363,1416.2824824191885
6,3,607.8411971025085,1416.3264855639304
7,3,607.6949365207638,1416.3420103102687
8,3,607.7855202748971,1416.2871442438598
9,3,608.1589509880201,1416.2849719545543
10,3,608.1720509893688,1416.2942146149078
11,3,608.4874047397802,1416.1052617094751
12,3,608.4582997436419,1416.0939076458055
13,3,609.2947076732975,1416.4953819529733
14,3,609.0905996610906,1416.2591341181003
15,3,609.3423117682087,1416.822342127265
16,3,608.8829513510167,1417.1457867921094
17,3,608.2947044449455,1418.072625272307
18,3,607.8012541055375,1418.325154086956
19,3,604.7666513357034,1420.139797882736
20,3,605.1454715311547,1421.8177336575213
21,3,605.4684333972954,1424.2980741408016
22,3,605.2657059351902,1424.579420659266
23,3,602.8367929307346,1425.6612304206546
24,3,600.8479318608287,1427.563414558914
25,3,595.2876622875312,1429.5115712876473
26,3,590.7430996923243,1429.9585712164617
27,3,579.9971230108137,1431.7013637740747
28,3,575.1748372926501,1435.9409367824771
29,3,536.6555041280046,1438.220059460948
30,3,535.2231250680796,1442.2908925725071
31,3,522.6000239785178,1449.193857127991
32,3,520.4816867307717,1451.741212441269
33,3,520.0022989290404,1457.4931732210655
34,3,515.9591007063635,1458.3067913015798
35,3,510.12578373505966,1459.3492230548436
36,3,506.02215468930603,1459.1543495841865
37,3,502.8229187869469,1460.7225138536546
38,3,500.9359043045812,1462.23931532244
39,3,461.08601421845356,1457.6018927385876
40,3,455.24548890899155,1459.395802048814
41,3,446.8325219920233,1468.6484325885783
42,3,441.1019832011188,1468.9310274134948
43,3,436.18838909647513,1473.921359148399
44,3,435.0577044171368,1474.6471076253083
45,3,425.5540946298482,1474.9665945308086
46,3,417.61912962825943,1476.1879605161469
47,3,394.00412342353155,1476.0416747764443
48,3,385.4112445821647,1478.458885867412
49,3,381.1699772591322,1481.894993695954
50,3,380.8298150049916,1481.2232442210423
51,3,375.2094017631616,1480.4929451881114
52,3,371.834918377591,1481.0127381796967
53,3,346.59766925758123,1477.1752883828315
54,3,326.6608072073984,1472.1677587745558
55,3,317.9003258871592,1468.886807369105
56,3,314.6694124620596,1469.0952044922672
57,3,319.48974484174556,1472.147830670883
58,3,314.5351091171803,1472.3591634574116
59,3,313.03286193403176,1474.216849654578
60,3,310.9456051673464,1473.6339428465722
61,3,306.80926223340845,1474.7383530870147
62,3,304.8858572500459,1474.684783687122
63,3,299.2426023401915,1475.8040299763134
64,3,298.3186872448401,1478.213751762578
65,3,279.68035297689084,1480.2059750264398
66,3,271.4678450491604,1478.7667315139383
67,3,261.6848098155865,1477.4133978860154
68,3,255.393559369624,1477.2966939748076
69,3,249.52821431304613,1476.727458307479
70,3,244.06845006261372,1476.350129962529
71,3,236.62867695679773,1473.9126011682147
72,3,237.00023078358947,1473.6002296671868
73,3,235.79023745862528,1473.5488462822213
74,3,237.52583668448833,1473.4821805015745
75,3,237.61904767821218,1474.0243940098437
76,3,238.19419585155723,1473.7785903240404
77,3,235.39775360322488,1473.3357465943134
78,3,234.04736009629167,1472.4486219823434
79,3,233.98955476600554,1471.7502213516946
80,3,233.40035769041637,1471.573555043493
81,3,236.4247077703032,1471.7344058385559
82,3,237.0066871968514,1471.6454767322916
83,3,236.00194095800578,1470.893839474645
84,3,235.50905719195998,1470.862594344762
85,3,236.1523540344864,1470.5438492976434
86,3,236.38656267182142,1470.1836405834706
87,3,236.41006409759993,1469.9205649842002
88,3,236.1116187939826,1469.7535128652648
89,3,237.9632273578434,1470.073160163594
90,3,238.27266354382903,1469.885404947355
91,3,237.66101871341465,1469.301109873547
92,3,237.74680313629534,1469.3459349956559
93,3,238.14482461793696,1469.201962195983
94,3,237.94417986788773,1469.2854738433157
95,3,237.8024917455241,1469.0949168867953
96,3,237.5806738889865,1469.0941405854549
97,3,237.4583730151797,1468.8091687522938
98,3,237.60154825826464,1468.8529125196007
99,3,237.2207922016137,1468.4774681944973
100,3,237.2518050671151,1468.556267612424
101,3,236.1921167630057,1468.286473759792
102,3,236.18453761459767,1468.3265085100882
103,3,236.4688766797041,1468.046669671742
104,3,235.96107383030204,1467.9730849006523
105,3,236.6051870555277,1468.077455737459
106,3,236.18275364359044,1467.9040028052345
107,3,236.32740194535052,1467.7834776964212
108,3,237.2467329254506,1467.6113955936435
109,3,240.85797551194491,1468.5099563983492
110,3,245.05304725414362,1469.1976914905072
111,3,260.1262885365509,1470.9754566077602
112,3,264.88562318848307,1470.8595978912879
113,3,273.62690555261446,1471.3123612629759
114,3,282.3468601045284,1472.0204883387153
115,3,290.2791990810996,1471.1153672787825
116,3,298.52630677904824,1472.747685937355
117,3,308.00866195504017,1470.1729888480734
118,3,308.36098419447114,1468.5650523904123
119,3,319.9681906926075,1458.2795363701166
120,3,329.37695014745225,1457.8222489826212
121,3,342.8995031281085,1458.6031110616607
122,3,351.2874584066568,1460.0616223701343
123,3,356.7202900517211,1460.355724942024
124,3,360.6681371056533,1458.3004305781521
125,3,361.8885482309326,1460.3789603580453
126,3,361.4837612320692,1461.2356556080497
127,3,364.04825453890214,1456.772332042246
128,3,365.3074771846532,1453.6717835395891
129,3,364.19825018511773,1450.1546112405126
130,3,368.46073676560223,1449.5862192357401
131,3,372.2796355172937,1446.367782969875
132,3,372.67251849109044,1445.8740845192547
133,3,378.81972976150547,1453.6473224442584
134,3,384.58166997445744,1452.55298860438
135,3,390.3747092383883,1450.7466547576903
136,3,383.3401193210807,1463.8841195118673
137,3,389.58829619964513,1456.9246925684388
138,3,387.3523954626533,1457.4755565617443
139,3,387.15422346318604,1459.1703468514772
140,3,386.9632333830568,1458.1559491184657
141,3,382.6467634200947,1458.3769445749513
142,3,378.9984631448454,1456.235069241497
143,3,362.8281207857169,1460.3236156254325
144,3,363.9113004296442,1453.7602773903882
145,3,353.86463458734187,1451.0785114318167
146,3,349.8637110186917,1450.389095290052
147,3,346.5130668980541,1450.8306703608546
148,3,346.0064811539121,1451.974880826811
149,3,344.15866113438216,1451.5644458185718
150,3,341.61320143341374,1450.3135668496614
151,3,341.3536220747139,1446.6787794091526
152,3,341.1401697585013,1444.5142448825104
153,3,282.48567301141276,1432.8090140473191
154,3,243.89669558807006,1416.7665574714765
155,3,240.15710742741757,1423.5406240184454
156,3,243.34109535267422,1424.2639960034376
157,3,236.0144185960524,1411.7763158620485
158,3,280.14968080774526,1425.5106356291915
159,3,260.3925757483881,1421.903688823707
160,3,308.93618138807193,1432.5696562249288
161,3,311.7374207979688,1419.623345329698
162,3,310.6927685034565,1419.5867864978236
163,3,309.8598146428875,1420.162017515425
164,3,307.01973663710265,1419.205632069636
165,3,307.9771196514094,1421.202935649752
166,3,307.1526436478093,1421.0957248114585
167,3,310.22379487198384,1420.7729584426543
168,3,310.9209898077157,1421.2112652360054
169,3,308.403379589417,1420.2146419319004
170,3,306.5301960086403,1419.5922525497347
171,3,305.12606886631,1417.602590845402
172,3,304.1714921409022,1417.435417142432
173,3,307.452042008475,1419.0763154083972
174,3,305.1867262710752,1419.1984749901749
175,3,309.7866749560385,1423.0504914799578
176,3,310.32293913954135,1423.7435222224972
177,3,300.366192759508,1423.2140312156012
178,3,303.778485638677,1425.1135321491129
179,3,303.6975015040066,1426.849963230573
180,3,304.3436668736108,1426.8202627229396
1,4,598.6825942377706,1127.0833816143643
2,4,598.6825942377706,1127.0833816143643
3,4,598.3672602289224,1126.2532178388672
4,4,599.3453037433682,1126.5784486376315
5,4,600.0437661993566,1127.3879621301703
6,4,599.8000705666293,1127.629743576688
7,4,598.8354700903003,1128.48890733814
8,4,597.9612834256174,1129.1567181543546
9,4,596.074617450209,1129.0952684458316
10,4,595.1302028754696,1128.61564628644
11,4,589.2194114666563,1125.5097859973002
12,4,588.6024892767225,1124.8919691306658
13,4,584.104571031078,1120.8289280260658
14,4,578.6242493755582,1115.2204428043867
15,4,578.9265827742056,1110.9332704905687
16,4,578.4264668436903,1108.622098259865
17,4,580.8654870462776,1106.612284407855
18,4,581.2359195295622,1105.7476922623807
19,4,580.713423198713,1104.7307594809383
20,4,581.1195299453257,1104.6245848615915
21,4,582.3908425552289,1102.6799708580813
22,4,582.7267438309964,1101.9136726038912
23,4,582.7173646963123,1099.4543435252401
24,4,583.9624367411826,1099.9342831983115
25,4,582.3908501612298,1100.7208311759855
26,4,582.7903569142213,1100.8335678069348
27,4,584.012285943798,1104.793246168064
28,4,583.9544734199927,1105.9961473418393
29,4,582.5899701406973,1105.1644045338574
30,4,584.4710870197729,1100.7189767803482
31,4,568.5760962674216,1097.0732250634649
32,4,561.0587064617039,1091.8318380958299
33,4,537.5793280708345,1078.216965251063
34,4,528.904151858507,1070.101203484553
35,4,525.7848993878167,1068.8288132045304
36,4,526.5355661669367,1067.1450017332866
37,4,528.474949572205,1063.7886860078702
38,4,528.9020113538791,1063.1514705724146
39,4,529.4090296791258,1059.6708453755782
40,4,525.1275614660038,1055.343342941951
41,4,501.4143455674111,1041.463401270918
42,4,481.1548755239509,1027.3199103913744
43,4,463.3992494187246,1014.5808294978823
44,4,455.4257165968951,1007.8655106557876
45,4,454.5101449247717,1000.9702564804026
46,4,452.33931720022474,997.9393200084104
47,4,451.46035314014546,996.4114498913074
48,4,446.4711003338797,998.2693388540721
49,4,449.48284733098177,993.0088410066054
50,4,452.09089488438957,989.7934789969881
51,4,445.4305841286455,988.7189944001392
52,4,440.0151360983075,987.3521197300892
53,4,427.45462087556524,981.9488866171439
54,4,418.70601365439614,979.8390922944241
55,4,409.08136842908124,981.6130488909089
56,4,401.70281863525526,979.6730614322986
57,4,398.47440348110035,984.3049438896713
58,4,393.61861154495926,982.6863480388187
59,4,393.1418810734072,983.1946677151271
60,4,390.1528202868688,982.8765030295019
61,4,384.99597773215277,984.3609005680948
62,4,381.9713437672543,990.7736165815861
63,4,375.8268444611955,999.4620396373055
64,4,375.7036231665634,1007.2081833691968
65,4,363.5496953924424,1010.9726374342007
66,4,359.5405973657625,1013.8413319654474
67,4,352.51731566525933,1018.5204399303589
68,4,368.3378052637041,1039.422529967923
69,4,374.11179730802365,1054.64691758329
70,4,378.0591077389298,1060.9372579852045
71,4,380.8252901550042,1065.373122360015
72,4,380.9244065916766,1066.5245470248951
73,4,379.30767357401,1066.7946741153273
74,4,374.0609898308987,1069.753539030057
75,4,367.41265413369524,1076.8062288398844
76,4,366.3541864040747,1080.229545565102
77,4,364.3000752028102,1093.1137933622
78,4,375.6651968650474,1102.1289864683533
79,4,385.042711131846,1111.298022079769
80,4,382.8735780770393,1111.0851606375209
81,4,379.31908343508303,1127.2255437440585
82,4,377.6229605448405,1128.3627645593233
83,4,378.26083260576155,1132.1475265601828
84,4,376.07803004638396,1132.3571740300251
85,4,372.02712637865216,1133.9013004318174
86,4,368.90394551838017,1133.99192708014
87,4,373.1255137364716,1137.0195068221378
88,4,375.49822934960076,1139.374461752819
89,4,373.3938572513755,1142.2958067906034
90,4,372.0388212661203,1142.3834216179969
91,4,368.9600007018489,1140.0306808963837
92,4,367.85134881828316,1139.5123852438294
93,4,361.22340606790266,1137.9272441278881
94,4,342.49739780452535,1130.476575357665
95,4,346.7854106747872,1130.729541739297
96,4,348.2469523633593,1129.5541922779423
97,4,347.4801199546909,1127.9149897393768
98,4,347.61228934696527,1127.545865492339
99,4,344.919742513014,1120.6747613287619
100,4,345.2446903344255,1119.4612299522248
101,4,323.63390425153335,1103.7683531477594
102,4,323.6046923236699,1103.8683356542672
103,4,323.5349842927314,1099.8161884437618
104,4,324.49735034358076,1098.5574983312486
105,4,327.5028331315537,1093.8352167063813
106,4,326.1228098189927,1091.6778112382756
107,4,325.1991099381127,1093.033896963614
108,4,324.89185612617365,1087.3179773622333
109,4,325.55668257721237,1080.4209290932251
110,4,328.3535061614898,1077.09063188419
111,4,332.7265550356252,1069.0375421282572
112,4,334.04915036912104,1068.6634447880092
113,4,332.1106920486699,1065.453815943714
114,4,332.47019078221024,1066.2950416911742
115,4,327.31348292411286,1058.1261646311175
116,4,324.4768070481506,1051.5982825827814
117,4,322.22386832058606,1026.8275756312928
118,4,320.6647014897066,1001.9164363535474
119,4,203.08991588143064,939.5697362414893
120,4,182.4208363125254,918.640958869675
121,4,347.07775635877096,994.873904641805
122,4,346.1459595300141,991.4864876932002
123,4,345.24982219284976,988.7704295708088
124,4,345.5635592264514,987.5517525850083
125,4,336.7812281120146,981.1554852463779
126,4,331.9461428495033,980.6369111957517
127,4,312.63767025060355,970.3173991337791
128,4,321.2626119510828,977.2067509003131
129,4,315.4325408576651,975.9842801538819
130,4,314.7407020283444,976.0530926533188
131,4,323.35917845501393,987.7569622981551
132,4,326.1566383549069,992.5906133561579
133,4,327.9235893343822,989.9657751717992
134,4,323.70439075076445,992.6973166438619
135,4,322.34194678298536,998.8704715811652
136,4,320.3870925165847,1002.4388498890486
137,4,322.2314989127871,1014.9917551926986
138,4,316.7926487406015,1026.6195499740256
139,4,314.31029325755463,1034.9554849920335
140,4,343.09146396197974,1054.6907889572487
141,4,359.0437946949357,1074.2712942006167
142,4,366.32593880247947,1082.5906607505444
143,4,361.88654115981586,1118.3208504144277
144,4,360.61038700346927,1120.3262271161714
145,4,357.1794695337979,1127.950104768762
146,4,355.64326414473715,1137.74623043242
147,4,374.1632622348859,1166.5166034690028
148,4,376.4919361221227,1179.519238993723
149,4,353.8427459047004,1231.5049717412958
150,4,347.0556961227095,1246.3964177694788
151,4,335.34700233248765,1265.6761004325185
152,4,330.91620604770003,1265.5605215727862
153,4,322.5655466984501,1269.3201779316757
154,4,276.18425296956957,1274.331686251658
155,4,263.2446706532293,1283.57696559616
156,4,253.23556365013025,1290.6563139144712
157,4,312.1367025853612,1341.6984956784024
158,4,313.35987449367667,1348.2015537688005
159,4,286.8022782317903,1359.9908922959519
160,4,319.2179245766186,1372.312199741694
161,4,307.80283089264753,1370.968330890463
162,4,307.8888889307937,1371.9216227074455
163,4,289.97837639328804,1378.4804323184862
164,4,286.13079700122074,1382.9328393575424
165,4,276.5733337449419,1385.1633229370495
166,4,274.5551486121317,1386.6813827114488
167,4,272.2923142082336,1387.4509513490405
168,4,269.33227081047085,1387.496196837372
169,4,271.66012075253053,1389.8105268646736
170,4,237.80797209676538,1381.315201042212
171,4,306.4494139689929,1400.8566716712064
172,4,299.1575464008468,1398.6595077335335
173,4,304.8011325938868,1401.4149700283506
174,4,257.4254659508884,1388.5439976808232
175,4,233.6982228676867,1381.2610267304879
176,4,237.72988794688752,1381.2235760082392
177,4,243.4246844044266,1384.4765887520425
178,4,242.02364454718116,1385.7823768104195
179,4,241.69254002967966,1388.8082545105804
180,4,240.49490713589466,1387.3090480389633
1,5,535.8756908904779,247.54436499404264
2,5,535.8756908904779,247.54436499404264
3,5,534.0929081199528,254.3850687797577
4,5,532.714459335611,256.1986333695808
5,5,529.7128532332141,264.84822286163757
6,5,529.0905441861516,266.07047477288245
7,5,516.0908963003999,259.1144159773927
8,5,510.2175791160315,251.6778183627182
9,5,496.4681335733123,241.48187724789275
10,5,495.3898929377005,243.5174206441738
11,5,507.32858569099585,267.70229157399706
12,5,506.06425667628906,271.04023854875345
13,5,500.74895482526034,278.58373189253234
14,5,499.496284124815,280.5187174188133
15,5,498.2439523258426,287.2617662651132
16,5,493.03651918109904,283.90215748298886
17,5,491.27420433810363,276.04764243255573
18,5,494.86322727762905,295.95691629905895
19,5,492.48658317121743,296.95922761617817
20,5,486.11220550740046,293.99446098141846
21,5,459.07953808428624,276.33636493752476
22,5,464.1815478417027,285.1608632765828
23,5,459.01270090174097,284.51147670058333
24,5,453.53116994500465,290.5822563708156
25,5,443.6279987836127,294.00792140750116
26,5,442.37432970660655,296.9186186991817
27,5,438.55869350756905,296.9282477761993
28,5,437.13662887743357,297.5632983556545
29,5,437.2555338929222,298.7038192485896
30,5,438.3727295031072,297.6641500952587
31,5,411.16769687904934,265.2227155843213
32,5,432.71426092415766,292.7112113378787
33,5,453.60598230204437,316.5612396732763
34,5,452.439649286798,318.20625493819347
35,5,451.72543614330164,321.0321339909542
36,5,450.30802400971174,323.88588280369606
37,5,456.741159817133,338.679516666856
38,5,470.00129431896295,360.7968927278938
39,5,470.7169875800773,368.72463348560535
40,5,472.6046058843345,375.7106194851128
41,5,474.2974886820339,389.80663457752513
42,5,484.1106121755748,401.5286231689084
43,5,486.9867330891325,415.18473065440287
44,5,524.8015786256268,455.28558439726936
45,5,481.4949486791577,420.6993731794133
46,5,499.7188972792492,440.44219442365187
47,5,536.2887540376238,507.74553730504033
48,5,541.1649569862072,514.1090512297415
49,5,537.2631862997569,517.4267563796275
50,5,541.8892127821862,524.0764074611146
51,5,483.21046212784967,467.11637956880105
52,5,487.38315571479404,476.2170598091929
53,5,557.7755493789383,569.7578042240485
54,5,557.3161390531903,574.243471997388
55,5,556.7656073705841,582.0271219523987
56,5,556.8813758652827,582.8418414575611
57,5,558.8158104349928,584.8325691446372
58,5,588.5751989078342,613.7998244406749
59,5,603.8200279517059,621.019968236624
60,5,604.9313645732866,614.2751325701728
61,5,632.7074597557659,622.1623999705406
62,5,642.5070414743309,632.3861270778702
63,5,684.717299296943,672.0499869467573
64,5,680.3036625215193,662.3218169442962
65,5,682.4550921003768,662.6283687664311
66,5,683.8790247962977,663.4520927299682
67,5,710.2360208755706,685.5370145531796
68,5,725.7322015535182,703.2874366330291
69,5,725.9282390547928,710.2451462324989
70,5,725.566960505757,713.9265610280809
71,5,736.7811145848096,731.1563247444102
72,5,741.3699427191721,735.8615949901522
73,5,734.3079593599696,742.4059599089741
74,5,731.6569195134325,747.5026031275678
75,5,727.4915333011804,758.6836490948045
76,5,728.15722516994,765.5558183389445
77,5,730.0423572111544,788.1504266602511
78,5,728.7488174539459,796.7229369325545
79,5,732.9629656897679,814.6609435327144
80,5,735.4725566084089,824.4281579452518
81,5,732.176146188545,831.3656646356818
82,5,729.2301409706427,832.5182545619743
83,5,724.7453022627282,829.1904364682325
84,5,721.0627829664037,832.3216020001032
85,5,707.8685284295293,845.4284413584045
86,5,707.6081647636097,850.2530167510969
87,5,702.972527876455,857.3111887727192
88,5,702.1224848751015,856.9457304525977
89,5,699.7493036532911,863.433190217053
90,5,698.9744742768006,864.3693899812178
91,5,701.3700239258526,862.9682786895654
92,5,699.8126780228182,864.437660981726
93,5,699.2232136385156,861.8352197837843
94,5,699.5455954617017,862.4610938999458
95,5,676.7992667171791,820.4520127481044
96,5,657.9571062048483,808.3936335775287
97,5,658.9359709361167,805.6324777810153
98,5,648.7795490843849,793.6377186158396
99,5,630.2818760858023,776.5584093429113
100,5,619.6120173027663,762.4792850203545
101,5,600.5012691652697,740.1668632046296
102,5,583.5967905988757,724.0752882021641
103,5,596.0667595832886,731.9083666442777
104,5,550.7386671230826,708.4943484612263
105,5,477.710249353921,643.6330970388674
106,5,525.0887496954515,683.1756872621793
107,5,566.6304241842475,735.9727268604958
108,5,562.9203724271565,731.7254837117205
109,5,554.7052084094793,742.9438260149781
110,5,543.0533238741666,744.1309560421748
111,5,534.4475866402729,739.5924442697968
112,5,532.1683190431067,743.8356538314935
113,5,477.22066420901587,733.6971974405682
114,5,491.23788426359283,749.0801794185583
115,5,464.4644219302241,744.5890087445239
116,5,463.5227060355714,752.0474707728789
117,5,446.9990865683851,778.0574477762636
118,5,439.43362383522077,785.02000880534
119,5,435.36210069315086,792.9375486972838
120,5,428.25510711747785,793.4472629391589
121,5,405.7904965153529,813.5276074883594
122,5,403.2473800803592,817.1292805549912
123,5,300.79132252558844,759.4281379054946
124,5,340.98977279247157,798.4696434830405
125,5,298.48016496328756,795.826203508784
126,5,282.34386321972227,793.5186996019564
127,5,252.7891199604012,797.7496894434859
128,5,303.38479517488554,836.6841252598634
129,5,300.0288337750468,851.8980837181715
130,5,293.4583427056002,855.3254038770597
131,5,290.78284521107025,862.8438288377797
132,5,288.10734771654023,870.3622537984998
133,5,280.0553077051457,874.2118500107917
134,5,272.0032676937512,878.0614462230837
135,5,263.95122768235666,881.9110424353757
136,5,255.89918767096214,885.7606386476677
137,5,247.8471476595676,889.6102348599597
138,5,239.7951076481731,893.4598310722517
139,5,231.74306763677856,897.3094272845436
140,5,223.69102762538404,901.1590234968356
141,5,215.6389876139895,905.0086197091276
142,5,207.586947602595,908.8582159214196
143,5,199.53490759120047,912.7078121337116
144,5,191.48286757980597,916.5574083460036
145,5,179.0202791984656,912.6306072342568
146,5,183.45801235755707,912.4789256009992
147,5,173.4910674288582,912.0341861061476
148,5,159.16128757437096,910.6320673168758
149,5,156.79577836703385,915.0040646244672
150,5,157.38659470845477,915.3491121111399
151,5,151.46858603591596,922.8938208544904
152,5,155.73801230139998,925.2331938103815
153,5,153.19155579097077,924.3018072228401
154,5,145.92323109933872,920.8061927969186
155,5,138.07172228705087,917.561848860534
156,5,138.0627014710802,917.2390034880558
157,5,139.7043727305384,918.5036005866506
158,5,145.64341195982817,920.066031761207
159,5,139.90309383287664,919.1322910264846
160,5,135.06886876144537,917.1070895153339
161,5,131.83121110499522,918.8809014126834
162,5,133.94781448767506,918.9925638242854
163,5,143.05731538693718,920.0694391619022
164,5,139.5793066010089,920.7026189271887
165,5,156.96806417950566,923.6564348713756
166,5,157.84503234680716,923.9272273651477
167,5,157.92761760394168,922.5761711842059
168,5,161.928046555588,924.0749886282787
169,5,155.23325793350685,920.7947385334315
170,5,153.6797274240899,919.874337704302
171,5,155.85790738041612,920.2494358611357
172,5,159.6385324397452,920.4967465309009
173,5,158.92139525721308,919.2796357901378
174,5,160.36853752012124,920.1009918942607
175,5,160.41341017600763,919.7769418325945
176,5,159.68653801449207,920.1156558971761
177,5,161.16710343918584,922.3992079632288
178,5,161.9656272338166,923.0365734117513
179,5,160.8891848509792,922.6792885674746
180,5,162.23703109913902,924.3167812245341
1,7,559.4321273228644,138.1039487100438
2,7,559.4321273228644,138.1039487100438
3,7,554.4139718731283,138.88505147633623
4,7,555.927158661621,144.4821866422852
5,7,552.712023907131,149.01695860743595
6,7,553.7919915202084,155.75568270516652
7,7,545.9349813333671,156.2745625263697
8,7,548.0774418276694,168.04149179252283
9,7,529.9887885902348,161.63347115628937
10,7,535.5967408443678,183.70572871936812
11,7,532.7893798351369,198.27051007699575
12,7,531.7612844444334,203.48171171383922
13,7,527.508862092192,206.0554468674955
14,7,528.8319125707407,211.10193989775428
15,7,527.1846319454794,218.83462915726648
16,7,529.1949611314545,225.55800571669621
17,7,520.7170664186693,228.83553091053022
18,7,499.9245171820229,209.6265731073369
19,7,497.016254919745,217.68636883095505
20,7,488.18590851241765,208.56498459040006
21,7,486.09253725795253,223.53924731092576
22,7,483.1953419690156,226.66167934486415
23,7,479.40248911046945,229.6127972611577
24,7,487.45394865994393,249.58118202209783
25,7,476.87297221580053,243.7757859759497
26,7,481.55016925549086,246.59805872479953
27,7,481.57334882569006,241.5650403519366
28,7,484.44112451257564,241.3141746747236
29,7,485.16899628355867,239.83121213176847
30,7,484.59869171550616,241.81528965544828
31,7,498.60131197358476,257.00193133067864
32,7,504.2955936315952,264.11905544962923
33,7,532.5229848416699,298.1821962543739
34,7,539.4894882071691,318.5773600251945
35,7,534.2728985063101,310.96473710233016
36,7,534.3931926716821,314.72688929744453
37,7,533.0616309570038,338.16630444877234
38,7,557.6695107968396,370.99281470074595
39,7,525.6732519049899,342.90792434842774
40,7,574.5528663453457,405.7631096922006
41,7,573.9498534932802,423.9295768631581
42,7,570.8986827099953,428.41920201310126
43,7,567.6056653515735,440.73055952995026
44,7,544.4992535970048,443.05316443499476
45,7,562.540296583679,484.825701317826
46,7,524.7950834672719,438.89908610037713
47,7,579.1240749705283,536.2894784154379
48,7,590.4683248792894,546.9874898547903
49,7,614.9823517259117,555.2297172430366
50,7,617.9344793329623,558.7873810867989
51,7,619.3730336119086,573.3232392051882
52,7,622.3158740957022,571.1272430993664
53,7,627.6546685255555,572.3358706568388
54,7,646.3725722368496,582.4347057584699
55,7,675.2888383226847,599.4116349202956
56,7,693.548982995118,613.1057179641195
57,7,712.7770383261069,632.565594504622
58,7,713.3983878374638,630.8273543095697
59,7,754.7682003615449,669.194300378423
60,7,718.8648812411793,626.3994460051648
61,7,770.2968425916945,673.766889307344
62,7,780.9768662712638,679.2425273220434
63,7,787.7415797672613,675.5864294177865
64,7,806.5457995401425,689.4262909685334
65,7,799.3975454383567,677.5153169046359
66,7,860.8415915283458,748.0754883173544
67,7,871.8771333355035,763.0089120507354
68,7,874.7007384903109,759.9891922227865
69,7,868.8675840749609,768.878496929496
70,7,869.0721062374579,774.174869710261
71,7,862.6075480247553,788.4760613926144
72,7,865.6054498254633,798.0829539042962
73,7,868.1753812383882,818.3125541116405
74,7,874.5056179075019,833.3559968099632
75,7,879.4136397983694,845.6307303830407
76,7,877.3199964584221,850.734554604881
77,7,865.3959177003792,866.5285081277773
78,7,863.8709243313588,871.0264649618713
79,7,861.2131980787864,878.5966579393387
80,7,875.1653274565579,900.8331903033367
81,7,883.7970674294429,919.7244103328816
82,7,881.7494599310046,922.4937677607195
83,7,880.210620476301,927.7976612687598
84,7,878.7770696289477,928.3868460953885
85,7,875.2423635372713,925.2834538670396
86,7,874.8179694450043,923.20591019162
87,7,853.4170779601648,892.1698896296036
88,7,838.6925694752913,874.1709022990353
89,7,836.1395471562854,871.3866034184646
90,7,832.2902033598933,868.022204015997
91,7,801.7375713682443,838.6026940363066
92,7,781.0629939413265,816.0433687078049
93,7,774.6623343290568,807.3280942095139
94,7,774.4545270378352,803.6585831450751
95,7,762.2981456553227,792.0325626041595
96,7,749.5881486712648,782.6433027211812
97,7,736.3031174963577,780.5380734985005
98,7,732.6758632082357,783.533176122272
99,7,726.4673558189966,779.8497308222821
100,7,726.0909248134133,780.1373646355942
101,7,723.7130827346042,783.5648596445541
102,7,724.7671184942543,784.519404579267
103,7,717.443526305193,790.5935327886424
104,7,692.3645176100041,829.6216910909619
105,7,689.454370812687,844.8122249807659
106,7,685.8963581054393,849.0768243632394
107,7,679.0064275536839,853.0017398034698
108,7,668.5384615148,850.5431799266114
109,7,612.2154980050112,831.3752498067797
110,7,608.2787940192529,847.1540187091314
111,7,593.7793955691569,869.5597502609326
112,7,585.7260223335114,873.4629775954332
113,7,578.5220338617883,886.051086171098
114,7,559.9960127012426,894.8606371127009
115,7,503.06470560506074,872.4281836035972
116,7,501.5303064585937,881.1375907196527
117,7,465.35208902715544,892.7950350983324
118,7,461.85424453673545,894.5282631442986
119,7,437.29979630538605,892.06345714454
120,7,416.13749801732786,885.2700441021994
121,7,401.7239306285035,894.7740314233896
122,7,395.3155546684813,894.9437324615462
123,7,385.4588817138909,900.4485932927021
124,7,381.0460409701273,904.312855681033
125,7,372.5722832370687,909.6727180444758
126,7,370.57133039217064,914.1204984113217
127,7,363.40454167716837,922.3631409325747
128,7,357.68667451271926,929.0040374030287
129,7,342.22615305375655,925.9922586438284
130,7,333.09642626589476,924.369673264896
131,7,302.64686726814574,879.6544454593057
132,7,293.3378339122994,877.5300229495285
133,7,284.0288005564531,875.4056004397513
134,7,278.7732942230228,873.410537628573
135,7,270.2097421417743,883.364495044347
136,7,258.8143361800416,880.3744388432017
137,7,256.5722890170017,910.4388533069382
138,7,254.08919429347984,909.6345822509542
139,7,225.96305143474586,900.7234469399368
140,7,222.6331217332047,900.7809385180749
141,7,206.6886772632481,895.1647550619476
142,7,210.41311961212898,897.7272427694294
143,7,191.85180004222315,912.6901506171803
144,7,197.01561375798022,890.5672212277875
145,7,194.41764899292852,892.8387880153758
146,7,198.12841988799107,895.9900056805463
147,7,194.03926601413633,897.3617631190598
148,7,195.57943619087908,898.7296395269182
149,7,190.58993189652873,897.5387149743189
150,7,188.12118195961602,896.5290221025355
151,7,182.9408935853893,894.9212070000015
152,7,178.76624491831816,891.3498843012126
153,7,186.93665068701685,895.210803443912
154,7,183.95267348886813,892.8131765249318
155,7,180.5864719701518,890.2630213301886
156,7,178.85925067892947,887.6821128042843
157,7,179.35801393451953,880.5983442785081
158,7,171.63317672001574,875.3828615182456
159,7,155.54095476751314,861.3407532318313
160,7,156.61556384262565,860.9051067220021
161,7,183.03309091353864,881.4780127182739
162,7,177.30930284337177,877.789621826329
163,7,162.475573886932,867.1142645244237
164,7,159.4259669758426,868.5186654847835
165,7,144.4939295002262,864.1426656099636
166,7,142.57257742007064,863.300241908579
167,7,145.82784664582886,867.4586097093168
168,7,138.86332436772747,864.5151378210513
169,7,142.36788371735787,866.7564035823248
170,7,142.65518138657794,867.0717921185467
171,7,153.94838006117186,873.4985061447125
172,7,153.60581736733886,873.0816591651109
173,7,149.81019955210547,870.7222471653413
174,7,150.31904083468166,871.4632154585889
175,7,147.7718001448922,869.5475422741303
176,7,146.64508283973964,869.4257994445168
177,7,149.63249662816068,871.2173017192084
178,7,150.11115908090767,871.5063117686556
179,7,146.48797998503392,868.9243842450354
180,7,152.00833731243242,872.7514541044295
