1,1,831.9856606837595,1017.4463787665476
2,1,831.9856606837595,1017.4463787665476
3,1,832.2154879220537,1017.7344992464634
4,1,832.1376352438217,1017.4452209345467
5,1,832.8219742360712,1016.9574895066598
6,1,832.9701882219799,1016.7047747097535
7,1,833.9168170762254,1016.5643220468177
8,1,833.2547930708937,1015.6276125604539
9,1,834.2233725600972,1015.3537255879635
10,1,834.1527243485968,1014.6606347034407
11,1,834.6789766132433,1015.9667214980745
12,1,834.9741029568064,1016.6824515656991
13,1,830.4347762147636,1018.9485569226894
14,1,828.5455673638621,1019.14335386911
15,1,826.9168694953031,1019.9840090660127
16,1,828.0617324535643,1022.2414887184885
17,1,815.7443594045028,1013.6434472136106
18,1,814.1526478561047,1014.2838002759197
19,1,807.5790183304731,1022.546575524962
20,1,803.1439366692772,1027.5681879438407
21,1,792.3834820459863,1035.8033524316097
22,1,792.9644779398877,1038.116940922052
23,1,790.2705165408894,1040.8909704164005
24,1,788.6900715997203,1043.7209297579022
25,1,783.3178761901036,1044.1895342797225
26,1,783.6576738693752,1050.1342021634293
27,1,759.6814143126862,1052.7588132333913
28,1,776.8493156146801,1065.539419444111
29,1,777.639649170169,1068.2714257911211
30,1,771.1964001812767,1063.1711434857991
31,1,765.5165796463006,1074.6700163026528
32,1,747.9053290466328,1097.6496980638017
33,1,738.4735929822701,1100.2650983483006
34,1,720.5516765387347,1099.9900827987751
35,1,676.0143547964748,1084.6641598750432
36,1,678.932491542005,1098.6042213668159
37,1,681.8506282875352,1112.5442828585885
38,1,684.7687650330654,1126.4843443503614
39,1,687.6869017785955,1140.424405842134
40,1,690.6050385241257,1154.3644673339068
41,1,693.5231752696559,1168.3045288256794
42,1,674.8801326849701,1164.3283792754535
43,1,645.977823351051,1160.955633766531
44,1,635.6781414759946,1162.9287956043277
45,1,610.7097299409809,1157.1812846913351
46,1,607.8803530679207,1160.87409780735
47,1,591.5239516951004,1158.1495352771838
48,1,585.7374029783948,1158.6219231295559
49,1,581.915174473009,1163.8031289814999
50,1,579.2315307907704,1166.7070801474306
51,1,574.1784809467523,1172.4936541641514
52,1,560.3352974546702,1166.6278680885757
53,1,535.0318273954191,1160.9082876446512
54,1,507.517585305015,1142.1632660194393
55,1,490.49381605752956,1143.1070359978105
56,1,486.55712393810364,1142.087774019654
57,1,471.9701492008272,1135.8882617052884
58,1,461.61578563866254,1132.1871506076418
59,1,459.56105041559994,1131.7471019372185
60,1,449.6673198773182,1139.6377506593205
61,1,442.775930492243,1128.7803326541555
62,1,437.5218531610337,1144.292882821284
63,1,439.73156097824074,1145.6156810934774
64,1,439.29063109818577,1144.7285952689342
65,1,425.9604687589658,1123.6103932114756
66,1,423.27839532997336,1121.0616300010604
67,1,411.198759329591,1121.4785358205052
68,1,418.7008842333371,1115.3154845057886
69,1,432.75787576127584,1131.757787070543
70,1,432.65511766527544,1135.0671329232562
71,1,441.5672965016586,1144.6138387482822
72,1,452.41755789587967,1152.6527086232677
73,1,449.82787627033696,1161.9823996925222
74,1,449.33526261727263,1166.4309879256275
75,1,443.71809099218876,1181.5794967601814
76,1,438.344485280229,1185.019237233552
77,1,461.5890501171032,1201.1709078153986
78,1,481.7829633851708,1216.2570680408237
79,1,483.2106014879211,1229.2121361074546
80,1,498.98671051584296,1241.0569972904195
81,1,527.6255642842455,1257.641415720231
82,1,527.5908492951513,1254.1409343661055
83,1,529.2272711774402,1250.4171012658599
84,1,533.7055078550306,1253.2043974973155
85,1,529.4567269573322,1235.6200308546383
86,1,528.1987577738505,1236.2725124009075
87,1,535.9456153501002,1223.2913999671507
88,1,539.1267343485787,1211.4989925449972
89,1,545.124188647178,1206.6189828062475
90,1,550.7205674179155,1193.6774603204476
91,1,548.3301409447325,1189.256445025294
92,1,611.7288731482267,1211.3609233660359
93,1,602.1315774009446,1179.1417272309438
94,1,563.7101111441164,1144.7273301195341
95,1,607.9242665743725,1144.2564256638773
96,1,608.9613403232792,1132.0675603629195
97,1,617.5212739357085,1130.601053330527
98,1,614.4612081495645,1121.8706663584817
99,1,612.3300719620054,1118.6337997292108
100,1,616.5907196100829,1119.1285743134797
101,1,548.6164406636011,1072.9295924645041
102,1,654.4498786622812,1099.5197859044856
103,1,610.0016834391374,1094.6086341499185
104,1,609.9103907662773,1092.7032347165737
105,1,616.4128026339167,1083.1362482236518
106,1,613.6232412570242,1078.134485173161
107,1,574.032873001205,1030.3962739389797
108,1,582.8953838208927,1013.8026189229454
109,1,590.9455074815245,1002.0983831727962
110,1,592.459704216323,993.7065909762961
111,1,589.3806027285995,986.5535423166391
112,1,590.766788886107,978.997272826635
113,1,557.176369053502,915.3546775935255
114,1,610.0244181445775,923.571670651079
115,1,623.292187393232,905.0023739743893
116,1,626.4571541997346,895.9300647215837
117,1,643.6924797187131,889.9525558486446
118,1,633.5213668381898,893.2283054434691
119,1,641.1864007337851,873.5426559086965
120,1,606.8979597169824,845.5079368844873
121,1,575.5647699721658,814.0234029957376
122,1,580.5289005250837,810.34290661603
123,1,586.8388379044695,800.8792030599443
124,1,580.6670383679141,794.1329000313917
125,1,555.9960144120181,765.71917735123
126,1,554.1630624563932,762.5092615674773
127,1,487.46273576870465,700.5391547383662
128,1,490.7093113653144,705.8617162700823
129,1,489.7245204808216,698.2557521212904
130,1,491.01208597441587,694.4343162941062
131,1,488.2522461104977,684.6099568880696
132,1,488.68784182498445,679.7621218167412
133,1,489.43048939351854,672.3775129218848
134,1,480.6874751399168,661.3765700820877
135,1,461.31585380236834,646.06855081931
136,1,457.12721032541486,641.5804308572393
137,1,431.8768172744099,617.4140515220494
138,1,421.451932343327,607.2397021918005
139,1,421.59279284699545,605.5739516211293
140,1,416.83490046217355,602.504945628812
141,1,421.38634174482763,606.7178529485836
142,1,419.9752774148464,601.1909181681406
143,1,421.5780400715139,593.2134760102498
144,1,412.6652001548721,595.5024216089662
145,1,400.0599401532317,576.4319311784008
146,1,385.34290458450687,561.7618407178024
147,1,369.2587893820504,536.3498584633212
148,1,362.39563922737875,528.2995611174148
149,1,345.24103308076775,513.9911463188189
150,1,320.66739049834325,492.46055244784276
151,1,321.77135145300434,491.7725453006543
152,1,338.9494357873275,486.9409493875235
153,1,373.5890614571357,529.4101272089349
154,1,402.5396389289953,560.8772048373044
155,1,410.0770218327778,566.6848549078903
156,1,408.13929706151043,566.1686927568657
157,1,330.97821750259385,495.63457186254334
158,1,347.9700629751223,500.1561119960892
159,1,336.5092678592145,488.57489656757724
160,1,336.62356259023227,488.4296496257534
161,1,381.7464631398495,532.5064810287408
162,1,389.46230486365573,537.0959313098081
163,1,388.7128640827443,538.1341961653076
164,1,363.0745794744992,514.7049440426575
165,1,384.703333480975,534.4722554719391
166,1,390.16553461678075,542.1119603153496
167,1,392.2183109323118,543.5638904297092
168,1,390.5518811456393,545.8031893842325
169,1,387.5982960308158,551.7276401711906
170,1,392.9002048624417,561.7017329308968
171,1,409.99166995247595,571.0179879738108
172,1,411.89182903185383,573.0446854598083
173,1,411.9426472985165,575.6692394449555
174,1,415.86555195833245,580.5288730122525
175,1,419.84393443995424,575.92797062965
176,1,419.01648501495873,576.7297900453209
177,1,413.92612612832204,575.6080300881034
178,1,416.9169176551475,582.8346799359591
179,1,424.73956498362156,587.2104660160302
180,1,420.4234869211938,585.1549927316471
181,1,432.1417524485735,601.0381513857509
182,1,434.68871862441927,601.8126973661034
183,1,437.5214280625288,609.7173392045348
184,1,436.3570950912613,610.5694195120407
185,1,425.1119550793061,605.9503500372832
186,1,413.25288365716585,603.6682417781094
187,1,387.1544720535495,591.4204749101176
188,1,393.8859033100596,600.8534344340354
189,1,360.6190311470829,580.26054362798
190,1,346.99052590182663,569.8991116695479
191,1,333.05724991933386,570.0033365529896
192,1,341.0109681715384,586.3651443859313
193,1,336.8697617276188,590.8088124807548
194,1,337.6726386048736,594.0907535095879
195,1,333.7940797672571,595.5111850938196
196,1,329.1663645161654,592.3656044646905
197,1,333.85946671834694,572.9891330062932
198,1,313.919178570075,583.3838012676708
199,1,298.58672891426914,571.2238241375886
200,1,291.6670985847381,564.5332421127989
201,1,245.27080431629707,528.4541367090482
202,1,273.67041888638266,546.829583471981
203,1,269.1539457532341,534.7020248519942
204,1,268.93896075886227,533.7989511413493
1,2,969.4823437573413,1033.9423757104025
2,2,969.4823437573413,1033.9423757104025
3,2,969.0045577946507,1033.8460821301899
4,2,969.1228720088814,1034.1223124356188
5,2,969.2155756321771,1034.4983440582137
6,2,969.0164763373404,1034.631333358937
7,2,967.2404881886594,1033.5571334319889
8,2,967.3649714234513,1033.7249887341727
9,2,965.0644450325533,1032.2631304539443
10,2,964.3844592085198,1033.172277499701
11,2,963.5638483832781,1035.2979327600424
12,2,965.1508889068566,1039.707074268751
13,2,962.1341582822831,1041.9584221182517
14,2,960.1121601467906,1042.469721006328
15,2,958.548353938205,1045.054977946253
16,2,946.7810276781503,1059.9069604345718
17,2,943.5206558101555,1064.1081577651034
18,2,951.1936806278475,1057.1320927915938
19,2,944.9350335595129,1061.9522475012232
20,2,946.3826715638612,1061.6926123486646
21,2,945.2299492871172,1069.6164570708643
22,2,943.2462454076157,1075.9351041014413
23,2,941.9139022605297,1085.0196301073845
24,2,940.1611903711138,1088.7948583616103
25,2,935.2480854723499,1091.1445386170851
26,2,928.5001888073338,1093.1160004890742
27,2,913.527358301853,1109.6789715986909
28,2,906.4645273857362,1118.9538446079168
29,2,892.9913432541891,1137.7897291666482
30,2,887.283473337154,1141.8620183817632
31,2,861.389083559185,1133.3875439544877
32,2,820.9258091879419,1113.5248482497163
33,2,801.5826098478817,1128.3058877650756
34,2,794.7387573098049,1137.4016397402831
35,2,786.5060535255957,1147.8423780185185
36,2,778.669557068488,1155.176723493991
37,2,730.0590102522107,1142.9613836696035
38,2,711.311820431133,1148.6385957967118
39,2,704.2265248872292,1171.7788166837129
40,2,707.0901553848703,1175.218484333991
41,2,695.1702432345766,1189.3074063445654
42,2,690.2130544132259,1201.8697067194635
43,2,682.766867771992,1210.5342929990354
44,2,627.0319130232799,1196.2306182813857
45,2,613.6382364515795,1204.4038241973387
46,2,602.4043193440268,1199.294115960626
47,2,591.5422661017411,1206.7426344637945
48,2,596.6787732482289,1218.5659131673287
49,2,568.3956336340121,1218.175405842223
50,2,542.7645968701931,1212.0765852838001
51,2,535.885271059173,1223.708595803717
52,2,523.472270013055,1224.5129192349286
53,2,516.682334785544,1225.8349172548053
54,2,511.6669449499209,1229.0522284338706
55,2,505.7485180068872,1229.5916937552126
56,2,501.38652932451106,1228.4024385072785
57,2,501.04056312099567,1231.8957507336002
58,2,500.97240454465094,1241.4097235874467
59,2,495.3378727776929,1261.8117301963243
60,2,488.6558329983793,1265.0015730603357
61,2,512.8976027269783,1291.0464460652688
62,2,513.9944003715906,1302.6897689461905
63,2,504.81963147368776,1316.3921236981812
64,2,497.30261368306236,1319.080771009706
65,2,535.0901313521827,1340.9528015423975
66,2,540.1078811717599,1345.9512970269166
67,2,554.6697437820933,1358.9102907350903
68,2,554.3363263813975,1362.646097942488
69,2,555.5086059008817,1366.510467279786
70,2,552.4183440637288,1368.946196213604
71,2,559.6086406511637,1378.853184089347
72,2,563.9467217526092,1382.2171555254713
73,2,607.5624943010492,1403.8553870547887
74,2,617.011588668116,1408.4438335661587
75,2,618.9159892043359,1406.7129022676734
76,2,616.6758392512413,1405.9600129592286
77,2,622.5974339494427,1403.5538578888054
78,2,627.9911703989952,1403.4625019240725
79,2,661.3325652396073,1408.3820043485828
80,2,667.7619104077457,1406.9371394447971
81,2,675.9925484197673,1396.6784018373262
82,2,682.8482927840639,1388.7670229384614
83,2,685.681288101679,1385.2414768578822
84,2,688.0977171118117,1381.1053093402659
85,2,683.9970466418486,1355.9454797582077
86,2,692.3886119198805,1348.1724222487844
87,2,703.8690995037972,1332.3445697045113
88,2,718.1505859927386,1322.1836551000695
89,2,724.9434193176864,1315.845271460062
90,2,724.2167313733502,1316.242275525505
91,2,734.5814722055563,1304.4937985743227
92,2,736.3960942823843,1300.650140731543
93,2,722.5652747158779,1278.6879562859708
94,2,710.6510650377062,1265.3357404390827
95,2,723.2755049581294,1251.1083195854176
96,2,739.1689735213655,1251.5034609711681
97,2,749.5103374665259,1248.2427249621117
98,2,752.1470745132748,1242.3173477439818
99,2,737.2763514015502,1209.170906062247
100,2,737.6709963566689,1206.835439294402
101,2,747.7937636530357,1195.767265118512
102,2,751.1719239576463,1192.7894238443707
103,2,744.4858560637695,1169.5056319208704
104,2,759.014141232449,1163.7949942481046
105,2,787.4089153467119,1120.681238117695
106,2,789.5710517102099,1113.0597177974741
107,2,786.1354191319358,1110.6715206954132
108,2,774.7659415233644,1082.987398382536
109,2,756.9240725956348,1039.4607934261926
110,2,759.261124019773,1029.6819327983535
111,2,763.5571725184406,1011.4262262621603
112,2,764.4284282876105,1005.5524542880679
113,2,760.7914410460992,983.7071996254933
114,2,722.5214175599106,948.6211132455771
115,2,705.6519371768152,919.8008580285808
116,2,708.844118446299,915.3546117627199
117,2,713.8648787530283,900.1736332937785
118,2,713.5446973293502,899.4618402312999
119,2,672.6061601690521,846.3359888140493
120,2,641.5792130773058,820.1115589455959
121,2,634.8009481831726,809.9542356679686
122,2,635.9122925150739,804.8090434719678
123,2,628.1746359771364,776.5220623387941
124,2,623.3830779910674,776.2366356254388
125,2,598.516715281409,739.262574756223
126,2,605.0857089983936,740.9997547714661
127,2,584.6449655212277,715.1538237510631
128,2,582.1880186695596,707.7561627620864
129,2,574.3026849090585,696.5762099731229
130,2,575.8346673553917,693.6502586435341
131,2,569.7655798867581,676.2296978440813
132,2,564.6042286907813,667.6294969168232
133,2,558.7861474524444,653.0857283043869
134,2,550.8945880069142,643.2453949816803
135,2,523.9343857043705,613.7228710822518
136,2,515.2552450824242,602.5043965619317
137,2,503.85372173302136,587.1995311703472
138,2,498.075237957221,581.1198967445767
139,2,495.45220742047724,573.7072768563322
140,2,493.54840503381376,570.1174373210397
141,2,487.57290446675574,561.602931562358
142,2,476.65407165100777,551.2929987666879
143,2,467.2797478699565,542.7096107164817
144,2,465.99168832001135,541.6819174368046
145,2,452.26048430478517,531.6687860916127
146,2,451.7996861083301,532.185960291167
147,2,453.31465638052947,534.8658365732252
148,2,452.9196691407455,534.789574764836
149,2,451.6112680649414,532.9734706058182
150,2,451.87090383043534,533.2353163080971
151,2,452.97052084724544,537.122222629708
152,2,456.35544306593147,540.3375745933555
153,2,454.1345983912367,537.6998720882127
154,2,452.8604772101441,537.4784635571906
155,2,451.8981038776644,536.081652226501
156,2,452.7431189887592,537.5406626879225
157,2,449.4604002188785,537.8259254115054
158,2,450.3193055954662,538.4756949875759
159,2,450.0716151667175,540.5248961416144
160,2,450.0846063270782,540.5492965587932
161,2,451.521262816985,537.6771476313907
162,2,453.2998311527823,539.7902253240753
163,2,456.27783214632075,539.8290273572717
164,2,455.2678967663775,540.4844129668911
165,2,454.3939899523177,538.0021123342098
166,2,454.1221897186046,537.8898112216142
167,2,458.9839251398862,532.4793604941893
168,2,458.66293938903186,537.60290216834
169,2,470.993406697458,539.6933097965294
170,2,466.018109561568,538.0410257653197
171,2,468.2438589406985,540.6353971484696
172,2,479.53010779726156,555.9668110699155
173,2,514.4023455032476,582.8848573071821
174,2,513.5577789842896,584.0192054678212
175,2,513.7465161710616,581.6925608221669
176,2,513.9445844563984,583.2212702150282
177,2,475.7848927789531,550.0972152176694
178,2,464.31270756517796,546.3047847227582
179,2,466.06113862605946,547.3469909900506
180,2,460.89101057577926,543.3838214962275
181,2,456.4057591430516,543.4101541645782
182,2,455.82291201508906,548.6064485922313
183,2,451.3491111810272,550.217175476778
184,2,419.1868583814686,531.8485833846872
185,2,411.923894630225,535.0873416385057
186,2,406.84564797718235,537.0844276871925
187,2,410.028587585523,548.9112735869414
188,2,401.9681283989624,547.3661853186134
189,2,375.83711809348506,535.344586609823
190,2,371.3340795177178,533.7565076903086
191,2,348.6906469369061,519.0005167648903
192,2,347.0227677077409,523.8052888032765
193,2,340.64223456816717,519.5787505531114
194,2,330.2188936877519,509.653699843646
195,2,312.2907343585088,502.32380133426165
196,2,309.8913490918917,503.07037413655235
197,2,286.0714739901536,486.39140078082823
198,2,274.55322644158105,480.39921927462586
199,2,267.37286549171284,472.1477461845829
200,2,263.39876844699137,465.80753447893284
201,2,263.8643432404418,455.084941414628
202,2,263.1750853153712,449.56753831812006
203,2,232.86460256644241,418.16208108722407
204,2,227.39196924075526,411.1439745293579
1,3,597.5158077765639,498.91667812756526
2,3,597.5158077765639,498.91667812756526
3,3,596.4843673953709,498.16754918478347
4,3,596.145247211818,497.2310214569316
5,3,593.4233750169384,493.4592817346229
6,3,593.303075288134,493.1421249211034
7,3,593.5906223505316,494.194192053301
8,3,593.2799736987887,495.06571909452737
9,3,591.9266829709413,498.34170084438205
10,3,591.5509943318497,498.5078847052077
11,3,591.1435305032902,504.6388748501726
12,3,590.5045155457404,507.2567091541343
13,3,587.1030013513223,505.45767718296594
14,3,586.2501549852676,504.9725463735896
15,3,582.0208048575231,505.0360239025213
16,3,583.3762149229336,509.58055473331456
17,3,569.8928033148878,504.5451752931221
18,3,580.6781802899238,521.4546868234474
19,3,557.7902324812567,507.1715696287374
20,3,554.0934609461655,511.5592755594767
21,3,548.2517026569597,526.675612049741
22,3,544.8815282441764,529.0782844226893
23,3,536.7662807925252,532.0428583334251
24,3,534.7846663902753,538.783810519571
25,3,537.5797322262575,543.301657263385
26,3,533.1459148480034,542.0465177123548
27,3,529.836247318635,544.8777826388168
28,3,520.6226491655843,548.3219375866075
29,3,512.5814988959754,556.4770250373381
30,3,510.2625278013844,560.5794596402179
31,3,506.80855976622274,573.3233529768296
32,3,507.559401333124,579.6607145424327
33,3,518.7263831654727,604.3272187114967
34,3,514.3947072376036,604.139518957365
35,3,499.5826764120637,624.3365012733648
36,3,496.6624289759449,631.4737014722211
37,3,490.4665503968665,650.8213052601327
38,3,481.034369963272,650.5802219976106
39,3,478.0034250481761,650.1251884254738
40,3,479.45502447481704,653.0245547638846
41,3,468.4034030338033,656.6274588671012
42,3,452.19700078551466,662.0243260702629
43,3,442.99460281838054,672.8806725749946
44,3,435.1720985522206,675.7087832390747
45,3,434.7491600547901,688.9875485516784
46,3,433.51663185943664,694.0641587515851
47,3,431.3166283453558,713.0166035986664
48,3,423.1599161536007,716.134161722224
49,3,416.17402855569804,733.9677815571478
50,3,413.48220207558353,736.6479657920216
51,3,408.2460463403445,739.9936392039251
52,3,396.77769577913034,735.4554196879909
53,3,362.1989794410146,724.8502303970155
54,3,349.61614682437636,724.1147330299182
55,3,344.5257029849012,730.3597927585098
56,3,344.37253115996396,733.4932665326274
57,3,333.28568996434944,743.2618146728659
58,3,329.0506710471109,744.2980998899053
59,3,321.22335682719853,757.33475795794
60,3,319.17770631946746,759.2839275218056
61,3,316.7192282607103,758.877442298308
62,3,309.654293743188,751.7752494028803
63,3,300.14101415604205,748.7380803916745
64,3,300.6921094290059,749.6286159637089
65,3,285.9387792569423,735.8057151262095
66,3,279.72448709146215,729.7117405638596
67,3,278.1909885057934,721.924701604225
68,3,281.22770355266334,721.1636633763289
69,3,284.96948373995406,723.7051265862534
70,3,281.7942822058654,722.5975886998524
71,3,282.40460898485367,715.1208373066605
72,3,302.01976219630063,694.6004733232076
73,3,309.1443353923315,693.4462899910021
74,3,315.1925075176493,682.7575558762207
75,3,335.3820782395861,688.2125278686124
76,3,217.28333378124518,577.98013200734
77,3,361.08587003044045,687.221628699727
78,3,374.65089419754946,689.6064916306718
79,3,386.98293338175375,680.8667139891037
80,3,392.5360970731731,674.0196308251805
81,3,404.0586861635028,657.7400712811977
82,3,409.18534248673797,655.4669089385317
83,3,425.8534120483501,656.3283464725694
84,3,425.73132809389904,645.748856049066
85,3,480.84518198457823,677.8994598952229
86,3,485.0167793298813,675.4648956358232
87,3,492.9055619835475,670.4490812899114
88,3,509.53856317059416,678.5766545695164
89,3,531.4056900995524,685.0366728820372
90,3,533.2242113369424,682.4044372959285
91,3,536.302694389088,676.908793121763
92,3,538.5100867871836,675.7135030419367
93,3,542.6500663622622,676.9785735798539
94,3,542.2338545479524,674.6959418245555
95,3,545.064021196676,667.9027942944111
96,3,541.8020432114897,661.7657146291825
97,3,515.0780260163355,631.2469961264051
98,3,522.6669107128388,618.1679657412041
99,3,526.1464948153463,613.958907415255
100,3,526.0227987870728,610.764903784475
101,3,531.8396300320602,610.7272819537521
102,3,533.8773643108548,606.5894907813966
103,3,534.3415223226904,602.521720133827
104,3,538.0112332639477,605.1350293090203
105,3,538.0366558646524,603.6469226523584
106,3,537.0886261161615,599.8193450673122
107,3,523.6443091316695,583.7080424997548
108,3,511.46583974054687,570.8496504360871
109,3,504.5252858296298,564.1048008355658
110,3,505.0579606680573,564.8715217859158
111,3,505.1376471391485,563.2616317609077
112,3,505.6896472530864,564.0689484329499
113,3,503.2157555273839,561.9288761181355
114,3,504.60399674508466,562.3327934114915
115,3,499.870062136534,553.9416672983108
116,3,497.8096543247453,551.9603244666989
117,3,489.81962320154094,547.5907898786043
118,3,488.01012416392075,546.5307756164443
119,3,488.1719697770279,547.0287607971031
120,3,486.98799839956445,546.5952926561994
121,3,482.22647069993843,542.1488099906824
122,3,481.77150531238146,535.273235685831
123,3,481.2712303003253,530.9250029931345
124,3,482.3844008652434,531.8668762193284
125,3,483.89349128250484,530.572628005231
126,3,484.3056529012126,528.7690954198854
127,3,471.322628908243,505.08208497422396
128,3,470.4603645225612,491.5108901819381
129,3,472.8622554283813,474.7698873548964
130,3,474.92123160114687,477.7802991488417
131,3,482.88748651624024,482.1299803180259
132,3,487.87476810919355,484.01919626672776
133,3,493.2786845814413,485.04745993809223
134,3,490.5634750590268,479.39713837999057
135,3,481.3849965285092,465.5567195674374
136,3,476.48162767425976,460.5783791539747
137,3,445.6552029171546,412.5941767905295
138,3,439.67010983659276,417.7630974323417
139,3,433.4614089645073,399.88908114433684
140,3,433.42842314218854,401.3566164265294
141,3,420.8523453199256,402.6673609897849
142,3,425.51746200571716,402.700598310801
143,3,406.2166565511852,381.86735881935704
144,3,398.6833404739094,374.0781677410396
145,3,379.41196856933044,356.1703503484907
146,3,379.0934890651912,356.464211730212
147,3,378.43613151774827,358.6605163711159
148,3,382.3506394123718,361.8305948478984
149,3,379.2639407105649,357.8967620503295
150,3,376.4504099096151,355.14013071244113
151,3,361.3612635852984,344.34250114563264
152,3,307.48760461992475,290.9554636144317
153,3,303.2919621125668,292.3496754999576
154,3,302.8116264723699,296.00168977595615
155,3,297.5548161223519,307.2163638264999
156,3,295.397879090633,309.0272921200145
157,3,287.2580974530681,312.28662387351335
158,3,277.37016775271775,307.99169717104513
159,3,264.5798669251499,301.594949393082
160,3,260.0999252886112,298.72365880801186
161,3,254.4464213870816,291.5849352661693
162,3,250.55607655302433,285.8854525559193
163,3,256.7211898994675,283.2155664839768
164,3,254.1428896559158,282.788304988107
165,3,244.60082340547845,269.4061757937376
166,3,241.4192669654285,265.4024261524509
167,3,254.2584419390562,275.9502104990472
168,3,264.65451664187566,283.1558760100324
169,3,268.21441288675777,283.11763597187735
170,3,269.1162763440099,280.79951337884313
171,3,271.3023647924727,275.29079760794417
172,3,275.8457676316411,274.5363585473607
173,3,271.1811933840459,260.1931663054478
174,3,268.78067740723657,258.63950820235584
175,3,284.7512877629913,274.451654807332
176,3,287.3986047213385,274.75583023268325
177,3,296.0638421218648,281.06668764818556
178,3,313.3965209007029,299.5757325619855
179,3,339.6389418409452,318.23399154969627
180,3,349.94679940815087,328.4914770405352
181,3,351.0333078705989,329.49523637353803
182,3,358.60054389428956,335.24584695324324
183,3,371.8124690566605,343.72703087433223
184,3,369.2339850279609,346.4514688491271
185,3,378.2220759638777,351.1971147672784
186,3,389.59595598290576,369.41791701147764
187,3,399.78178959342347,381.50652406666165
188,3,418.28554308983763,399.45034336183807
189,3,414.0600168570392,405.7760976894023
190,3,417.8589004107773,413.22837511541576
191,3,425.3563927831527,428.27406591550323
192,3,434.2433156809351,440.5215974682847
193,3,437.89278498226184,453.22659440579724
194,3,446.98188670321065,464.9364663740463
195,3,465.00847143361824,492.0655433942946
196,3,465.25332265183107,498.01972193241545
197,3,459.81664166652956,502.54177854137095
198,3,464.1372748982945,506.3665304354258
199,3,485.1487603798393,536.9031609052519
200,3,498.4404407271702,553.2283694430093
201,3,507.8575137990585,573.0851560387005
202,3,514.6331308668073,585.2762742443307
203,3,512.26699382944,591.1288990981294
204,3,511.1630417948422,594.4095038935009
1,4,568.7386531848795,1307.645286871919
2,4,568.7386531848795,1307.645286871919
3,4,572.5835780521116,1307.2604428190875
4,4,572.0713309756758,1306.5649507922149
5,4,573.1112635114109,1299.2948486394437
6,4,571.8720699830945,1298.5284556367235
7,4,548.0311105497499,1284.4886804596526
8,4,569.5309908786185,1288.8812062860015
9,4,563.2437766067661,1274.6670451023106
10,4,583.6389070318684,1275.5696187642552
11,4,569.4089995085168,1265.276693890555
12,4,571.4069279632337,1261.9289266033086
13,4,568.5443272642717,1254.4561466683635
14,4,565.045408278184,1251.6464062308678
15,4,537.1752990288988,1228.8188891011694
16,4,525.6351433313829,1219.0762873141603
17,4,536.579654260317,1215.1199621363462
18,4,554.9082981096459,1222.905050582367
19,4,561.7924729205594,1220.6497101464124
20,4,561.8795542928697,1221.12030789222
21,4,561.6828246776574,1222.5437750992203
22,4,562.7361714126719,1223.4780520841455
23,4,559.6449729094661,1226.3163824600415
24,4,556.8350906899983,1225.2139878697126
25,4,563.8202079028936,1235.1296089603254
26,4,566.4196800383367,1235.1807033959335
27,4,569.1449590901497,1235.7714436847461
28,4,570.6406470022524,1240.5015603828901
29,4,566.4502652786367,1259.1709886994813
30,4,556.676477079229,1257.9957774001
31,4,561.9669453117194,1272.405139163283
32,4,568.9290634194214,1279.1076480433878
33,4,565.1405302598961,1277.0037993409985
34,4,560.8838470582821,1276.2791517526812
35,4,545.3593814233976,1280.4079394397854
36,4,536.4949684295666,1282.781449512008
37,4,489.19801707549055,1272.0460718868762
38,4,499.01407745311496,1275.9617401885803
39,4,497.37728905270876,1280.6420109585176
40,4,497.72658947396087,1281.6743543891798
41,4,493.13441708002813,1280.1361818512855
42,4,493.9006756858584,1280.5716822086606
43,4,470.5435491045626,1278.9453730306655
44,4,460.51732140071096,1281.7085727279077
45,4,423.51444722869286,1276.4694085456138
46,4,409.83867037083274,1271.9047771448613
47,4,406.89095278771856,1271.2613780334011
48,4,405.3720249985297,1272.614032397654
49,4,406.7673713591796,1269.8086465454555
50,4,402.9390690020928,1268.2230369337872
51,4,320.542484692718,1228.8353787739077
52,4,316.48168269146396,1226.6195549072347
53,4,308.7542727732288,1223.4502954378036
54,4,301.8582532436934,1220.5984200203432
55,4,270.9584081597867,1204.766601451213
56,4,187.21099926240387,1167.0139569550952
57,4,194.63098230207638,1163.3357618785344
58,4,211.27222510147232,1169.088935444485
59,4,182.43489909075674,1161.0358432256253
60,4,195.68116720866024,1162.5505418510522
61,4,148.8499919812062,1139.167118588586
62,4,138.79241411946504,1133.874949492519
63,4,149.1189191877642,1136.037392596108
64,4,152.32170942207148,1131.0144816999336
65,4,153.71992841622694,1129.0303467342196
66,4,128.32110837368973,1119.4852892175888
67,4,106.74058871459819,1105.1386293913756
68,4,140.2501609564617,1129.6254235615843
69,4,161.9293889663216,1132.248715173348
70,4,172.65604559909275,1101.8180965160525
71,4,158.04667838588992,1115.3937353997396
72,4,149.56927755493393,1111.2255145233014
73,4,131.97194254997353,1105.785174981783
74,4,182.99823307631337,1126.226515190173
75,4,187.7704972400704,1121.7462435432737
76,4,211.35361699096674,1128.3129682505808
77,4,231.79635196494527,1141.3548636791443
78,4,247.64417606232195,1148.5398419725816
79,4,249.04585526933826,1153.3992696909
80,4,248.95672711129785,1156.6250725391308
81,4,244.23290300891634,1163.3520166247781
82,4,250.44328865180736,1165.600489199281
83,4,197.38104471393848,1144.6727959726186
84,4,200.55638045828204,1153.6695127490104
85,4,217.27831217988322,1156.4294307785751
86,4,271.87118800437577,1177.486638486422
87,4,271.5452121366651,1177.2099838802365
88,4,270.6209576698043,1178.549084936584
89,4,268.74702972338685,1182.8917973219518
90,4,270.5643515431257,1186.2845353680277
91,4,268.34020259221074,1183.6177288892889
92,4,273.60442607603807,1181.5597427871687
93,4,274.94353536190204,1175.2154859177215
94,4,277.79307372212173,1173.7733727968123
95,4,275.6104432039787,1165.689093043593
96,4,279.0138274140682,1165.8222109727888
97,4,276.51535517964993,1163.3091653115105
98,4,279.7732181540093,1164.7692846757818
99,4,283.8692017497301,1158.0226192375087
100,4,284.7597822862956,1159.1819326731834
101,4,290.5327676993237,1159.3774538709508
102,4,295.8494094486471,1160.2260655933949
103,4,304.79462462164366,1159.2409369144661
104,4,307.49979078446523,1158.3029953511248
105,4,314.92258519659254,1151.5067744098242
106,4,316.91926408987206,1149.1722046269797
107,4,328.46195319841814,1151.3937610125986
108,4,316.8667935212572,1145.7234894440553
109,4,312.08555892483554,1141.777297131659
110,4,311.85157059531986,1138.867875178168
111,4,283.0647617305882,1110.441807079952
112,4,296.91306823437003,1101.6272609567848
113,4,310.1044630818425,1092.537317387186
114,4,315.0773640328315,1088.7148898417113
115,4,318.0923880684057,1078.297093438527
116,4,319.84268079627736,1075.6770908346607
117,4,328.0721473293451,1063.0449496275714
118,4,334.56676818033117,1058.6098863124862
119,4,333.71075854705805,1054.5394073026616
120,4,333.39463106822086,1051.6347188419425
121,4,333.9223254065728,1051.0481246141837
122,4,329.47177657656766,1045.4244411357583
123,4,333.0291468854192,1038.9018439380593
124,4,336.29032917172015,1038.2142493623721
125,4,348.5841382717546,1035.5221988750052
126,4,352.48523953902884,1037.712946150318
127,4,360.1598098484478,1036.0535044259143
128,4,364.55127923887494,1034.6975421486652
129,4,374.11078010445317,1031.536737763297
130,4,372.13219659190383,1040.3473585585689
131,4,370.94944253117467,1044.2719381395675
132,4,371.3007461495862,1045.731433845724
133,4,371.8841500500897,1048.766991861159
134,4,373.5916097222743,1049.0589427441641
135,4,391.70298352380104,1044.2854390915686
136,4,404.8543963362988,1052.020523883832
137,4,414.30889845236,1062.3709976785601
138,4,416.4721064778427,1062.3771058737557
139,4,424.2022350406647,1051.6784096470794
140,4,419.4352273158429,1062.123481583654
141,4,422.268839841657,1058.7343072444205
142,4,421.9829859305468,1057.4865012680914
143,4,417.7121065227176,1056.5270232212267
144,4,418.3462231106319,1054.8143395302836
145,4,416.9878032854371,1052.0976234592686
146,4,420.67876213252833,1052.1794329457284
147,4,421.9022823761176,1042.7887944658617
148,4,426.5100492956753,1041.4519126095677
149,4,424.89992107128626,1040.5935328608243
150,4,428.8277392193225,1042.0025623265246
151,4,429.6032736729846,1032.3815132961158
152,4,430.79147713712956,1032.6139341895143
153,4,426.34677935017487,1042.582800775036
154,4,431.06428167570937,1036.9352600691063
155,4,430.24230625373343,1037.7452233630177
156,4,426.2049098154217,1042.9147013182373
157,4,429.4270491433591,1033.2478857534873
158,4,431.02165451779007,1033.4826234578488
159,4,415.7967626093694,1024.599192612511
160,4,392.5091676065659,1009.2341514393685
161,4,393.3417413239952,1002.2314664338503
162,4,387.9677011084456,999.6706662619744
163,4,364.37730649972997,986.9840632324607
164,4,344.12190654208996,969.8559545020485
165,4,338.83151173778094,962.9552515884824
166,4,175.5078003882988,862.4459899098279
167,4,104.35331485270783,817.2023891085726
168,4,123.03729466701708,823.9479243151892
169,4,404.6670958295563,986.0013914608012
170,4,378.03262562891183,967.517984512337
171,4,389.1863066851379,976.1946384299029
172,4,411.1484467093483,982.9194753374194
173,4,411.37740732887073,976.4627329895053
174,4,425.31208882412926,983.1224603543105
175,4,423.8035210248138,974.1287022514235
176,4,432.2216538682719,981.1105296279062
177,4,438.8052592511192,977.4382739226832
178,4,445.3888646339665,973.7660182174601
179,4,451.97247001681376,970.0937625122369
180,4,458.556075399661,966.4215068070139
181,4,465.13968078250826,962.7492511017908
182,4,471.72328616535555,959.0769953965678
183,4,482.48983897982475,947.347740970514
184,4,495.03711047091264,964.2823370273733
185,4,531.1743750490998,964.8428241679223
186,4,521.1418799843071,960.1467001102387
187,4,531.9930585962007,963.1515764854828
188,4,537.598276214297,966.8281554525001
189,4,538.3510131087376,962.8294971471915
190,4,538.9049869166439,962.5313491946096
191,4,541.1829747223923,960.8908450311059
192,4,542.3393180890306,957.7299727962626
193,4,544.648103386764,957.5070020916097
194,4,537.8036052177719,953.7448899742543
195,4,502.7669126409164,929.8641336466227
196,4,487.28082506272773,920.7602079044749
197,4,447.3498640397407,906.4891878201174
198,4,460.27217054447675,909.5034459736439
199,4,455.52418035791203,917.1833997236259
200,4,451.60401041675374,919.5906029404194
201,4,448.19083713892786,925.5535013047172
202,4,442.963664806208,924.0586061959038
203,4,419.2712116942509,925.4049231761551
204,4,406.84412436011877,924.0957961627466
1,5,627.3103808135887,1383.9915429579312
2,5,627.3103808135887,1383.9915429579312
3,5,645.2742097818749,1359.9294014229565
4,5,643.7933657931915,1360.7265285047888
5,5,649.1344941083171,1351.4940781154176
6,5,650.4453779921015,1351.0941577385142
7,5,651.8541565862806,1347.6614997146405
8,5,654.6008223600116,1345.5131617462232
9,5,660.0098953324172,1338.4526085205634
10,5,664.0466926174024,1335.0203180781396
11,5,661.3005969977602,1326.9313965754484
12,5,659.3918551098926,1325.7679357214533
13,5,652.035154906035,1314.958440027153
14,5,651.0416861537248,1312.4453614857928
15,5,664.8567008298724,1297.2127473174337
16,5,669.9104213274331,1291.5831350760668
17,5,671.3596284549749,1285.2207880524243
18,5,670.1508364385242,1284.061432516068
19,5,669.2457273839394,1284.1952044933055
20,5,670.2627901127597,1287.53171250397
21,5,669.3500833155795,1289.3861131263927
22,5,668.4814189508703,1289.6632076369676
23,5,666.0305483960531,1301.056207436603
24,5,665.9635296196415,1305.0317469357328
25,5,657.1051735550187,1326.2416596813416
26,5,657.4483490974529,1328.3678215506065
27,5,650.2601484161316,1336.1571143221474
28,5,646.7734909916041,1340.4019842559724
29,5,632.559239124263,1340.0906800945368
30,5,620.2120994965478,1337.3370275939494
31,5,603.4494542998794,1338.5433289000584
32,5,601.0767857571636,1341.4810844110893
33,5,580.8690096238588,1344.2118631799613
34,5,574.6318539676419,1349.855175018404
35,5,590.3944220083586,1366.8218699737324
36,5,587.7756718664466,1371.6042762568675
37,5,585.1044123129548,1376.3429604154348
38,5,577.337938267982,1376.7952504557982
39,5,546.011664844081,1375.568713426594
40,5,507.0305630046076,1364.5324068854304
41,5,500.3378840273163,1364.0173042541157
42,5,492.076842887784,1360.0827452723215
43,5,489.4655016553551,1356.5290559545006
44,5,486.9425546238382,1360.4119416256422
45,5,457.8453814384405,1350.6612069063256
46,5,395.9813053863492,1329.9622869517675
47,5,382.0519757745715,1323.9572079314682
48,5,378.89070779184857,1321.4606921864622
49,5,379.1909161161604,1313.898183121084
50,5,373.68219867194153,1310.489413705651
51,5,365.1780214887313,1302.1527422370093
52,5,263.9311962945582,1264.9521364700288
53,5,297.61028727928465,1272.1858081863527
54,5,293.30459750667904,1268.6991153731285
55,5,251.64176103851756,1250.6324331613348
56,5,226.49916741304037,1242.5025349687041
57,5,215.4831533188993,1238.2834942141278
58,5,214.44697586576837,1232.2382315683778
59,5,175.3544346223377,1224.2205349832143
60,5,191.43271564480963,1219.3446494777572
61,5,166.23473323931,1224.7640776656747
62,5,162.02021167949306,1226.867926533801
63,5,86.392634244889,1204.560048924186
64,5,34.137181581247354,1193.2337503370773
65,5,218.49539162204798,1256.2502092616528
66,5,216.8414504803397,1262.1959448813184
67,5,218.1659947388969,1271.9253878350935
68,5,212.39328111536395,1274.7734845990285
69,5,224.57311165090152,1283.864407340292
70,5,233.4495652991181,1289.357507039119
71,5,229.8413040804792,1297.2522203753806
72,5,232.37345767498184,1301.0072114860598
73,5,225.44368221272572,1307.1137091120156
74,5,230.0276886119075,1307.7197943410606
75,5,224.13046202848872,1313.9616705530434
76,5,226.17123716211367,1317.567107796192
77,5,220.84447402947342,1323.2674226353333
78,5,218.2832366312866,1325.7719236150942
79,5,213.50576988377514,1333.5045590119978
80,5,229.4240618531319,1340.8429613989567
81,5,245.46664695924463,1353.7255827860627
82,5,248.09137770847815,1355.815204672921
83,5,247.21036410965203,1358.5620963537226
84,5,245.86742417441948,1360.666362604323
85,5,242.41844869087998,1369.0665151307019
86,5,238.99836998367,1373.835717554357
87,5,230.72837932514176,1384.8174701072364
88,5,245.03008852854833,1396.504530659026
89,5,252.26046986391236,1407.728843634761
90,5,243.23855026862864,1404.2663669851067
91,5,236.81664936990475,1418.4982334077101
92,5,284.22070302415045,1425.546059485837
93,5,276.88958426488114,1427.8545832797233
94,5,274.6193182839976,1434.3227350886534
95,5,280.8753903361238,1433.6643077795757
96,5,281.30102378798256,1435.663586539345
97,5,286.85112081692427,1443.8056870392775
98,5,300.00295007088255,1447.7438333400655
99,5,323.2911294891514,1452.3640002586576
100,5,322.5596203150684,1452.6290822726862
101,5,331.86158964814,1456.067035493683
102,5,334.263786789902,1455.349788690129
103,5,335.5866402077855,1457.155855636585
104,5,337.1861145148737,1457.6671721702392
105,5,332.5493253863602,1458.3626729776427
106,5,334.6045374568589,1457.7481907280508
107,5,350.6032728534266,1446.8462733210881
108,5,362.7362416254838,1442.5706745150355
109,5,370.5704540974716,1434.3582984276775
110,5,381.4370288898332,1436.9178604707204
111,5,392.7914846189481,1436.2741454981463
112,5,393.0925892423745,1434.7425728697344
113,5,395.2299929367785,1431.1233347469222
114,5,397.581107060262,1430.4009163838427
115,5,407.90756769887446,1419.9660105825087
116,5,412.53508876964315,1418.977067472024
117,5,417.6429424493657,1417.3123369519712
118,5,427.29484441477524,1417.037937250309
119,5,412.95460300815927,1405.8609627608625
120,5,422.55368711397034,1402.8647359405911
121,5,434.97287118610654,1403.6963495247426
122,5,446.2159079850103,1401.0882245054217
123,5,451.95826575475496,1394.7129565015211
124,5,455.78300717655827,1392.2600366320632
125,5,468.7634858976836,1379.9547459210885
126,5,469.88440116206056,1373.2231009926204
127,5,474.9371660705884,1372.0998361776403
128,5,480.19980527076405,1368.280776954887
129,5,481.7670948071944,1354.5910383890603
130,5,481.1635785615212,1349.2929948753751
131,5,496.45691201181654,1346.4504647179406
132,5,497.7758536227249,1345.7479068731116
133,5,501.67830304694286,1340.444870155771
134,5,502.23494423085566,1335.9579947782545
135,5,507.77483254948964,1329.8739561935342
136,5,509.6928804898354,1327.1476088372003
137,5,473.6886675373111,1302.7595998833604
138,5,537.8241361961268,1315.132815061699
139,5,542.2517459647743,1298.1364682699489
140,5,538.9890803962659,1293.233849437034
141,5,551.1052379766406,1290.6562056975843
142,5,553.7196661805849,1287.9175120101443
143,5,557.7740323617138,1282.9496927642563
144,5,558.7285693317815,1276.7177982821827
145,5,565.8706212464175,1267.5351301567284
146,5,569.3188886954545,1265.136909049192
147,5,572.9301087163749,1252.4385042529461
148,5,577.342154231873,1246.472103082735
149,5,588.8038360023006,1237.9165084826604
150,5,589.4358969266665,1234.910069455571
151,5,593.3771748812001,1229.2104963394886
152,5,594.4276342551213,1225.2761039590143
153,5,590.8368892671976,1216.1267680337469
154,5,591.1039980435766,1215.492533398288
155,5,590.9118772586351,1199.6589186725828
156,5,591.6485687051114,1190.6367836488048
157,5,606.3913684078703,1186.273693948002
158,5,604.4547550848506,1180.3466035018298
159,5,612.6178536927226,1170.436356232898
160,5,613.0949625523765,1164.4781170808044
161,5,613.7504805825978,1160.7165003242594
162,5,613.1471990971311,1157.3600798676873
163,5,616.9595209792046,1155.3265425993895
164,5,616.108280376514,1153.140328944489
165,5,612.8484495983574,1142.8784323144425
166,5,615.6174129859929,1141.4413898338553
167,5,615.1250898642099,1136.4405349591275
168,5,616.8136571969245,1134.7874696555139
169,5,623.8929759720587,1124.7811894981346
170,5,625.7626979709526,1120.40693533188
171,5,631.0851296853198,1116.661199062104
172,5,630.237047890803,1111.9858722862468
173,5,631.2346428890032,1104.5838737751217
174,5,630.6012483470186,1102.9952106793498
175,5,617.2180673976568,1095.0932253822223
176,5,628.240996948968,1093.4399369407683
177,5,626.7197723252625,1080.8764162986456
178,5,646.0877225266646,1088.5387343645311
179,5,648.4139929205382,1088.0351091726877
180,5,649.9251532947501,1087.045448026917
181,5,650.4336221953199,1081.504568657551
182,5,657.4771021331657,1082.4377680456366
183,5,659.0148842575458,1079.46047791914
184,5,659.588335241577,1079.0969400520364
185,5,652.3079329305065,1074.910883962132
186,5,653.7538277167761,1077.0123624634964
187,5,645.030692705715,1086.0137662128489
188,5,632.4670850658317,1089.067607113646
189,5,599.2602342873811,1076.296856246809
190,5,587.8914715841848,1086.347637555373
191,5,582.1609607447958,1103.7584346500614
192,5,579.2205402292508,1110.8357387470699
193,5,535.9034630713734,1096.0243117593238
194,5,515.3180535750294,1088.6539239096471
195,5,495.22964122366085,1093.7349750601795
196,5,494.6910208093906,1097.0141199788623
197,5,484.84389572816633,1092.5378684633881
198,5,460.4038843523325,1081.20009947923
199,5,404.5921241455464,1057.5212569290775
200,5,399.94318751081823,1056.0571170562225
201,5,394.9103785432852,1046.7998562218502
202,5,388.65889136782647,1051.094178379512
203,5,314.68452397770574,1009.6816983547905
204,5,324.4454955804135,1017.2939826048101
1,6,608.9958257710956,111.04669620007026
2,6,608.9958257710956,111.04669620007026
3,6,607.5828447378287,109.17861416288022
4,6,607.6240549236828,109.2375810113363
5,6,605.8881095238273,107.72381692374876
6,6,605.9984882326218,107.88530677185996
7,6,605.332096703724,107.09267702558496
8,6,605.5328024347376,107.64610693333915
9,6,605.172123640516,107.70238689087837
10,6,605.2223781250558,107.8597748247956
11,6,606.1072235325082,109.39579077587484
12,6,605.9875646212435,109.0121313248581
13,6,606.4220183320937,109.91023426913641
14,6,606.5324390635335,109.94654704109499
15,6,605.8159886360287,109.92438139251225
16,6,605.6976222830949,109.75631377874758
17,6,605.6659516397928,109.75513692042566
18,6,605.8377806638341,110.04029233487395
19,6,605.455466730374,109.73960918497232
20,6,605.0022505252845,108.89176533349726
21,6,605.331703719956,109.25583007569712
22,6,605.5337191457502,109.81196877336512
23,6,605.3811931277075,109.76444677642539
24,6,605.6560000580259,110.23569118846426
25,6,604.8374920287781,109.62998111288152
26,6,604.3087131639996,108.73897286359585
27,6,604.9914137839324,109.86796202572586
28,6,605.1023510832465,110.31087973808249
29,6,605.156560866732,110.39819398448955
30,6,605.3593902795708,110.82977937580951
31,6,605.4564342585375,110.85203276203472
32,6,605.2153426811876,110.78800291385924
33,6,605.1587835706276,110.88506362240189
34,6,605.0055717308232,110.66239332325534
35,6,604.581696456438,110.65011643285767
36,6,604.6112937065983,110.68111247608653
37,6,604.6513676416573,110.70471439966178
38,6,604.6117630929516,110.55039725058141
39,6,604.4816889739002,110.33877835719278
40,6,604.6477931212486,110.64531365433064
41,6,604.4757171445378,110.42728194740481
42,6,605.0240488521965,110.88163802213703
43,6,606.7233343506317,113.53556480986751
44,6,605.8838243215242,112.25192210832792
45,6,606.0834280095866,115.6240227918365
46,6,606.7046093502541,116.4888596691606
47,6,606.0954925171249,114.15017260879507
48,6,608.3717231443235,120.77927117264386
49,6,611.3081869573779,129.0231800905048
50,6,616.8516899123455,135.86335922657412
51,6,632.5107799029366,164.44195230734417
52,6,636.0394211223804,169.82104568023857
53,6,643.4481702580922,176.5103964391803
54,6,641.5822081850313,174.28586948770055
55,6,646.6616576232038,179.26958780505194
56,6,645.0361881385526,178.783583393705
57,6,647.9724785202264,189.63592107502154
58,6,647.5849252862886,189.83093575606497
59,6,643.1427060403893,185.68251245986224
60,6,646.434238846122,191.1599175342517
61,6,652.6693518265265,201.36500616861426
62,6,662.3383939642181,218.7225799902501
63,6,669.8494775919338,238.72786002803784
64,6,673.2152375504892,244.5741201913177
65,6,691.0625004315464,274.5648453251939
66,6,689.0728970592552,269.2803358848084
67,6,718.9263261882354,310.10889585572727
68,6,719.3529008615392,312.526719381554
69,6,719.7002303863595,317.0613577541044
70,6,717.9863682010186,316.6387601575459
71,6,717.5690146794452,316.1851162695292
72,6,717.1854358094589,314.42467635344724
73,6,716.8199089115424,314.972585278413
74,6,716.7660682286412,314.47480459768786
75,6,715.1724433815739,317.10399460994256
76,6,715.6730697389854,318.5535012499855
77,6,713.4668824656476,319.6798659595355
78,6,714.3430353997477,321.1021610834414
79,6,712.8769246666355,316.8484821018467
80,6,713.3455951176499,315.6349303298929
81,6,699.92202822967,289.1317684832426
82,6,693.530845772251,275.7382851990416
83,6,687.3318653074386,260.7709393504127
84,6,683.0446547910391,252.28871046180024
85,6,678.5207300645421,242.88247276631938
86,6,680.1942246404585,243.26789667320017
87,6,676.5109849402571,238.0026133197104
88,6,677.2439869224629,238.0443477523625
89,6,671.6131774743116,226.5988154060082
90,6,670.3632915110778,223.65473330164923
91,6,665.2526656432462,211.48622286863022
92,6,662.1356089066593,203.714517941048
93,6,660.0027877021153,198.3426804461162
94,6,660.7476090148833,199.2454755463819
95,6,661.5198875548256,199.40340164364432
96,6,661.8934962141874,198.73761198992426
97,6,660.8369320280265,197.73113605119448
98,6,657.3193912097522,195.28570954679873
99,6,653.4952710402115,191.87078679134544
100,6,649.7304883912722,186.8583712198559
101,6,646.4654643630627,180.53666001462247
102,6,643.6127101707712,176.19798077891843
103,6,635.9042769197871,170.3314326594503
104,6,630.024450493518,161.57036931896016
105,6,623.4836312484774,155.98711179354697
106,6,623.6881848282079,156.41469472313074
107,6,623.9434765738998,159.04333214223308
108,6,622.3372725461178,155.8479709856157
109,6,623.0176129464264,154.8665576337032
110,6,624.0360209283322,156.07021698067396
111,6,623.661164126773,156.01500518606522
112,6,624.2828581716377,155.52276020504897
113,6,626.8840832871042,158.28384694357757
114,6,623.8163920995119,155.00068120431186
115,6,625.6590997741565,157.56024266830815
116,6,622.8052071748688,153.9292265453305
117,6,625.2530825879247,158.47744182590841
118,6,622.6412530144534,155.6622463945126
119,6,622.3688987877589,158.19007890191108
120,6,622.5935192314031,158.44064799583643
121,6,623.0933301261185,160.90504726806495
122,6,624.2387805378493,160.82042886651703
123,6,630.8508605206126,171.04020997004946
124,6,625.2860063297195,166.22065283066343
125,6,626.920380265991,180.75171484007444
126,6,627.2413287016745,183.12634479223888
127,6,624.7119817694786,179.40268019226247
128,6,626.2383678247757,182.40096044554465
129,6,592.146867391556,147.56033650929533
130,6,569.9269173902911,129.24816252555507
131,6,552.2282330836764,138.88492976737254
132,6,544.4140471855919,131.14586638696198
133,6,537.4766672504941,136.14372391604502
134,6,531.2685354912544,131.40215899208673
135,6,483.16004079106347,93.13536258993423
136,6,478.9425919544605,94.60543246001656
137,6,477.1612409027137,122.9007828886261
138,6,471.5661394288994,124.60068107729835
139,6,452.299598604373,122.60817122114925
140,6,444.6145143680502,118.09298698643785
141,6,354.3886082700983,29.725668654826944
142,6,381.3200945589429,72.39748594791551
143,6,376.23979906217915,115.7519517010077
144,6,370.01324414998896,116.82660387002984
145,6,316.06125432349194,60.84627864560058
146,6,307.93317543978173,60.44073759168398
147,6,266.9405425780994,22.791609100077594
148,6,282.0185866555784,64.61549719971954
149,6,288.5644196012812,95.24394301157265
150,6,266.3960533015336,71.89095631184227
151,6,283.2148830087637,106.97623654499685
152,6,279.04935310286265,117.03020904040807
153,6,264.8509823300828,121.48729200278964
154,6,259.2449549852013,119.14036108261013
155,6,254.42387535216992,125.5513002514165
156,6,247.55475235531262,139.4468488361383
157,6,236.60816345111635,121.26217761304221
158,6,238.3927525221069,124.91813564862433
159,6,225.40489167885323,118.46477338216219
160,6,221.70459965063685,116.16940851856243
161,6,229.0319263555146,131.85384152331852
162,6,232.3960322325549,132.8334833492463
163,6,224.84338704126276,127.27306085770016
164,6,221.99853844545825,123.54009328879296
165,6,217.2839468749403,113.08896190758712
166,6,222.42368900819037,116.95306665133481
167,6,225.66950574151755,114.60495145234982
168,6,226.93579674432237,111.24358772736815
169,6,237.53834524934368,113.10141939045317
170,6,243.94937525433124,116.51597457678015
171,6,267.25303286759146,126.83700698148441
172,6,296.0842252637533,159.6375170129235
173,6,306.5067667250025,168.20757754822137
174,6,307.4706678118763,173.0152964157973
175,6,300.13920112169995,159.59728399590824
176,6,317.25076391757796,178.1224094002563
177,6,325.8458257474622,184.6995148793653
178,6,330.99958072485,191.4595709000491
179,6,371.4115857100628,243.70464311852163
180,6,375.1502115147715,249.99385724512626
181,6,378.5635209612813,256.2813561146067
182,6,390.36665635376085,269.043781007644
183,6,396.0511036034969,275.3406133732196
184,6,402.9663355799382,280.4882301916715
185,6,445.6677006790713,330.3670098851779
186,6,453.8988008998238,342.9357324500315
187,6,465.4771577862163,355.8454161334813
188,6,460.2368216701305,344.74903772036333
189,6,472.2761177045104,375.7510191788258
190,6,471.84154789193695,376.7873659524681
191,6,497.90349737279405,410.2674124855832
192,6,511.54092970320875,428.11480197856974
193,6,512.1815088386509,435.90974448586473
194,6,507.4993493967192,430.5596002879337
195,6,479.0045530388836,406.4847178469265
196,6,466.9995937485963,394.98263484575244
197,6,483.88037809936503,436.2811753305355
198,6,490.3731098417646,443.1240765089746
199,6,558.0878069745522,513.2603184087856
200,6,567.1238255187347,519.20338533384
201,6,598.8296292363997,547.6045371982528
202,6,599.487479762446,550.1241350844886
203,6,626.8349045937815,583.0061226441242
204,6,639.9320259830707,598.1143770376118
