0,1,1621.40,1052.67,63.40,182.53,-1,-1,-1,-1
0,2,2415.10,1380.40,81.00,264.40,-1,-1,-1,-1
0,3,2109.90,1505.77,88.40,271.03,-1,-1,-1,-1
0,4,1984.90,1183.60,72.90,186.10,-1,-1,-1,-1
0,5,2043.90,1086.30,97.60,180.30,-1,-1,-1,-1
0,6,2070.50,1065.30,75.60,177.30,-1,-1,-1,-1
1,1,1620.30,1052.67,62.30,181.43,-1,-1,-1,-1
1,2,2414.00,1386.40,80.70,273.80,-1,-1,-1,-1
1,3,2108.00,1510.80,106.00,266.00,-1,-1,-1,-1
1,4,1987.09,1183.60,71.51,195.80,-1,-1,-1,-1
1,5,2048.30,1088.10,99.80,179.50,-1,-1,-1,-1
1,6,2070.50,1065.30,72.20,179.40,-1,-1,-1,-1
2,1,1618.50,1053.40,61.90,179.60,-1,-1,-1,-1
2,2,2410.90,1393.30,82.90,271.70,-1,-1,-1,-1
2,3,2106.10,1517.10,119.20,259.70,-1,-1,-1,-1
2,4,1989.30,1183.60,71.50,203.50,-1,-1,-1,-1
2,5,2057.50,1086.30,96.40,181.30,-1,-1,-1,-1
2,6,2068.65,1066.50,70.25,178.75,-1,-1,-1,-1
3,1,1615.90,1052.00,61.20,179.10,-1,-1,-1,-1
3,2,2408.30,1398.89,87.70,267.01,-1,-1,-1,-1
3,3,2103.60,1519.00,111.60,256.50,-1,-1,-1,-1
3,4,1989.70,1187.20,71.80,205.90,-1,-1,-1,-1
3,5,2064.40,1086.30,94.60,187.90,-1,-1,-1,-1
3,6,2066.80,1067.70,68.30,178.10,-1,-1,-1,-1
4,1,1615.30,1051.70,57.90,179.80,-1,-1,-1,-1
4,2,2404.40,1404.10,89.80,262.10,-1,-1,-1,-1
4,3,2099.30,1519.00,112.80,258.10,-1,-1,-1,-1
4,4,1991.00,1192.21,72.20,206.40,-1,-1,-1,-1
4,5,2072.10,1090.30,91.60,189.70,-1,-1,-1,-1
4,6,2066.80,1065.80,51.00,179.50,-1,-1,-1,-1
5,1,1613.30,1049.20,57.00,183.30,-1,-1,-1,-1
5,2,2402.97,1410.56,93.91,255.14,-1,-1,-1,-1
5,3,2096.20,1519.00,116.40,258.10,-1,-1,-1,-1
5,4,1993.20,1195.50,70.00,205.70,-1,-1,-1,-1
5,5,2076.10,1090.30,91.60,195.20,-1,-1,-1,-1
5,6,2064.20,1066.80,47.50,179.40,-1,-1,-1,-1
6,1,1611.45,1048.10,53.05,184.40,-1,-1,-1,-1
6,2,2403.70,1413.40,95.00,252.70,-1,-1,-1,-1
6,3,2094.10,1519.00,116.90,256.50,-1,-1,-1,-1
6,4,1993.20,1200.70,73.10,201.00,-1,-1,-1,-1
6,5,2080.80,1092.90,91.60,195.70,-1,-1,-1,-1
6,6,2062.90,1066.80,48.80,176.80,-1,-1,-1,-1
7,1,1606.77,1047.00,52.93,185.30,-1,-1,-1,-1
7,2,2403.30,1414.12,97.90,252.08,-1,-1,-1,-1
7,3,2093.10,1519.00,113.70,257.40,-1,-1,-1,-1
7,4,1995.80,1203.30,71.80,199.40,-1,-1,-1,-1
7,5,2084.40,1094.40,90.90,195.80,-1,-1,-1,-1
7,6,2059.00,1066.80,50.10,179.90,-1,-1,-1,-1
8,1,1604.20,1047.00,54.40,185.40,-1,-1,-1,-1
8,2,2401.80,1414.63,101.00,262.37,-1,-1,-1,-1
8,3,2089.50,1519.52,110.45,261.18,-1,-1,-1,-1
8,4,1995.80,1207.60,70.10,195.40,-1,-1,-1,-1
8,5,2088.80,1099.10,91.20,193.30,-1,-1,-1,-1
8,6,2054.30,1067.20,54.80,179.50,-1,-1,-1,-1
9,1,1601.45,1047.40,56.05,184.20,-1,-1,-1,-1
9,2,2400.70,1415.35,103.20,275.85,-1,-1,-1,-1
9,3,2087.40,1521.62,109.38,275.88,-1,-1,-1,-1
9,4,1995.80,1209.90,69.20,192.30,-1,-1,-1,-1
9,5,2092.40,1100.60,90.50,194.70,-1,-1,-1,-1
9,6,2046.90,1066.80,64.40,177.70,-1,-1,-1,-1
10,1,1599.70,1046.00,56.40,186.30,-1,-1,-1,-1
10,2,2398.80,1419.06,108.50,286.24,-1,-1,-1,-1
10,3,2085.00,1525.10,107.50,286.20,-1,-1,-1,-1
10,4,1997.50,1211.24,63.60,191.26,-1,-1,-1,-1
10,5,2096.00,1104.20,92.40,191.10,-1,-1,-1,-1
10,6,2043.40,1067.60,68.80,179.30,-1,-1,-1,-1
11,1,1596.90,1045.20,58.30,187.10,-1,-1,-1,-1
11,2,2396.20,1422.68,114.00,291.82,-1,-1,-1,-1
11,3,2080.40,1529.50,109.50,286.00,-1,-1,-1,-1
11,4,1997.50,1211.24,62.30,197.46,-1,-1,-1,-1
11,5,2100.00,1104.20,92.80,191.40,-1,-1,-1,-1
11,6,2039.90,1066.30,72.30,180.40,-1,-1,-1,-1
12,1,1595.40,1043.70,59.10,188.60,-1,-1,-1,-1
12,2,2399.60,1431.30,118.90,286.30,-1,-1,-1,-1
12,3,2078.70,1534.30,108.10,287.70,-1,-1,-1,-1
12,4,1997.50,1213.00,62.30,205.10,-1,-1,-1,-1
12,5,2103.30,1107.10,92.10,189.90,-1,-1,-1,-1
12,6,2034.20,1065.90,75.40,180.30,-1,-1,-1,-1
13,1,1593.20,1043.70,61.30,188.60,-1,-1,-1,-1
13,2,2403.90,1435.60,116.40,282.50,-1,-1,-1,-1
13,3,2077.40,1540.00,106.80,284.50,-1,-1,-1,-1
13,4,1993.54,1217.50,66.70,208.60,-1,-1,-1,-1
13,5,2108.40,1107.50,90.60,189.10,-1,-1,-1,-1
13,6,2032.00,1065.90,75.80,180.90,-1,-1,-1,-1
14,1,1593.20,1043.70,60.40,188.40,-1,-1,-1,-1
14,2,2413.80,1439.90,106.70,277.10,-1,-1,-1,-1
14,3,2077.40,1544.40,103.70,282.90,-1,-1,-1,-1
14,4,1990.90,1220.90,68.00,206.50,-1,-1,-1,-1
14,5,2114.20,1109.00,86.60,187.00,-1,-1,-1,-1
14,6,2027.20,1065.40,80.60,180.80,-1,-1,-1,-1
15,1,1593.20,1043.70,59.50,188.20,-1,-1,-1,-1
15,2,2426.70,1442.48,94.20,274.52,-1,-1,-1,-1
15,3,2075.70,1548.80,101.50,280.70,-1,-1,-1,-1
15,4,1989.60,1223.70,69.30,209.60,-1,-1,-1,-1
15,5,2121.50,1111.20,80.00,185.90,-1,-1,-1,-1
15,6,2022.44,1065.40,79.80,180.80,-1,-1,-1,-1
16,1,1593.20,1041.30,58.60,190.10,-1,-1,-1,-1
16,2,2440.00,1445.49,80.50,271.91,-1,-1,-1,-1
16,3,2075.70,1546.60,97.10,283.30,-1,-1,-1,-1
16,4,1985.70,1227.40,71.50,212.60,-1,-1,-1,-1
16,5,2128.80,1113.40,77.10,183.50,-1,-1,-1,-1
16,6,2017.83,1066.13,79.80,180.80,-1,-1,-1,-1
17,1,1593.50,1042.50,57.40,186.80,-1,-1,-1,-1
17,2,2439.60,1450.22,80.90,267.48,-1,-1,-1,-1
17,3,2076.10,1545.70,91.90,281.90,-1,-1,-1,-1
17,4,1984.40,1232.60,71.90,207.40,-1,-1,-1,-1
17,5,2138.60,1113.80,67.30,182.60,-1,-1,-1,-1
17,6,2015.80,1065.40,72.80,176.40,-1,-1,-1,-1
18,1,1594.10,1041.90,56.80,185.30,-1,-1,-1,-1
18,2,2437.90,1454.52,82.10,262.88,-1,-1,-1,-1
18,3,2076.10,1541.80,88.80,282.90,-1,-1,-1,-1
18,4,1982.70,1234.80,74.00,205.70,-1,-1,-1,-1
18,5,2138.10,1116.00,69.30,183.30,-1,-1,-1,-1
18,6,2011.00,1065.40,68.80,174.70,-1,-1,-1,-1
19,1,1593.50,1040.08,57.10,185.30,-1,-1,-1,-1
19,2,2435.90,1454.09,84.19,263.21,-1,-1,-1,-1
19,3,2075.20,1541.10,89.70,282.30,-1,-1,-1,-1
19,4,1979.20,1237.90,76.60,203.80,-1,-1,-1,-1
19,5,2138.40,1118.90,72.30,184.80,-1,-1,-1,-1
19,6,2007.90,1065.00,61.80,175.10,-1,-1,-1,-1
20,1,1594.10,1038.90,55.00,186.48,-1,-1,-1,-1
20,2,2429.10,1454.10,90.99,263.90,-1,-1,-1,-1
20,3,2074.55,1540.15,91.00,283.35,-1,-1,-1,-1
20,4,1978.30,1237.90,78.80,203.40,-1,-1,-1,-1
20,5,2138.00,1118.90,83.60,188.50,-1,-1,-1,-1
20,6,2004.80,1065.00,55.30,175.10,-1,-1,-1,-1
21,1,1593.80,1036.71,54.00,185.29,-1,-1,-1,-1
21,2,2419.90,1453.80,100.30,266.70,-1,-1,-1,-1
21,3,2073.90,1539.20,92.30,284.40,-1,-1,-1,-1
21,4,1979.20,1240.10,75.30,202.20,-1,-1,-1,-1
21,5,2138.90,1122.40,89.60,186.60,-1,-1,-1,-1
21,6,2003.10,1065.00,55.00,175.10,-1,-1,-1,-1
22,1,1593.30,1034.90,53.00,185.30,-1,-1,-1,-1
22,2,2416.29,1455.87,103.21,265.43,-1,-1,-1,-1
22,3,2073.90,1539.60,93.60,283.80,-1,-1,-1,-1
22,4,1982.80,1241.90,71.70,198.50,-1,-1,-1,-1
22,5,2140.20,1123.50,90.50,188.00,-1,-1,-1,-1
22,6,1997.90,1064.60,59.10,175.50,-1,-1,-1,-1
23,1,1592.70,1034.30,52.10,184.40,-1,-1,-1,-1
23,2,2409.40,1457.40,109.40,263.90,-1,-1,-1,-1
23,3,2074.30,1541.30,96.30,282.10,-1,-1,-1,-1
23,4,1987.50,1244.50,75.70,197.70,-1,-1,-1,-1
23,5,2141.20,1126.60,90.60,191.30,-1,-1,-1,-1
23,6,1993.10,1062.40,63.20,177.00,-1,-1,-1,-1
24,1,1592.10,1032.50,52.70,184.30,-1,-1,-1,-1
24,2,2389.80,1457.90,129.40,265.60,-1,-1,-1,-1
24,3,2074.30,1542.20,100.70,282.10,-1,-1,-1,-1
24,4,1990.40,1244.50,75.70,206.90,-1,-1,-1,-1
24,5,2141.90,1129.70,90.70,189.70,-1,-1,-1,-1
24,6,1988.70,1059.80,67.90,178.10,-1,-1,-1,-1
25,1,1590.00,1031.60,52.40,182.90,-1,-1,-1,-1
25,2,2378.20,1462.90,139.70,260.60,-1,-1,-1,-1
25,3,2076.00,1542.20,102.50,280.80,-1,-1,-1,-1
25,4,1990.40,1244.50,77.50,216.10,-1,-1,-1,-1
25,5,2144.90,1129.70,91.80,189.80,-1,-1,-1,-1
25,6,1980.00,1060.70,74.40,177.20,-1,-1,-1,-1
26,1,1584.80,1030.70,56.10,180.40,-1,-1,-1,-1
26,2,2371.32,1463.50,147.88,260.20,-1,-1,-1,-1
26,3,2080.40,1544.40,102.00,275.60,-1,-1,-1,-1
26,4,1990.40,1249.20,79.70,219.50,-1,-1,-1,-1
26,5,2151.10,1131.80,90.20,187.60,-1,-1,-1,-1
26,6,1974.80,1059.00,77.90,178.90,-1,-1,-1,-1
27,1,1581.20,1030.40,57.60,178.40,-1,-1,-1,-1
27,2,2371.32,1464.20,147.98,260.40,-1,-1,-1,-1
27,3,2080.00,1544.40,107.60,273.70,-1,-1,-1,-1
27,4,1989.30,1253.60,79.70,222.90,-1,-1,-1,-1
27,5,2157.20,1131.80,89.60,188.40,-1,-1,-1,-1
27,6,1973.50,1060.50,75.30,177.50,-1,-1,-1,-1
28,1,1576.90,1028.90,60.10,177.80,-1,-1,-1,-1
28,2,2374.30,1465.90,143.70,259.10,-1,-1,-1,-1
28,3,2081.30,1545.30,109.40,268.10,-1,-1,-1,-1
28,4,1988.20,1260.52,84.40,223.78,-1,-1,-1,-1
28,5,2166.60,1133.20,84.80,186.80,-1,-1,-1,-1
28,6,1971.30,1059.00,73.60,179.20,-1,-1,-1,-1
29,1,1574.10,1028.90,60.90,177.80,-1,-1,-1,-1
29,2,2370.40,1465.00,146.90,261.60,-1,-1,-1,-1
29,3,2081.30,1546.60,114.20,267.00,-1,-1,-1,-1
29,4,1988.20,1265.30,84.40,220.90,-1,-1,-1,-1
29,5,2174.50,1133.90,81.80,186.10,-1,-1,-1,-1
29,6,1966.50,1060.70,71.80,175.90,-1,-1,-1,-1
30,1,1571.70,1028.90,60.50,177.80,-1,-1,-1,-1
30,2,2367.80,1462.00,149.00,262.70,-1,-1,-1,-1
30,3,2083.00,1547.50,115.10,265.80,-1,-1,-1,-1
30,4,1988.20,1271.10,87.30,215.50,-1,-1,-1,-1
30,5,2174.50,1133.30,85.70,187.30,-1,-1,-1,-1
30,6,1960.40,1059.90,70.00,174.10,-1,-1,-1,-1
31,1,1567.30,1028.00,63.80,179.30,-1,-1,-1,-1
31,2,2363.10,1460.71,152.80,264.39,-1,-1,-1,-1
31,3,2085.20,1547.50,113.40,265.80,-1,-1,-1,-1
31,4,1990.00,1278.00,88.40,208.30,-1,-1,-1,-1
31,5,2174.50,1136.00,88.70,192.20,-1,-1,-1,-1
31,6,1954.30,1060.30,68.70,173.70,-1,-1,-1,-1
32,1,1565.78,1027.10,63.32,179.60,-1,-1,-1,-1
32,2,2357.00,1459.20,156.10,266.50,-1,-1,-1,-1
32,3,2087.80,1547.50,111.60,265.10,-1,-1,-1,-1
32,4,1990.00,1282.90,88.40,203.90,-1,-1,-1,-1
32,5,2173.90,1136.90,91.70,197.10,-1,-1,-1,-1
32,6,1947.70,1060.30,65.20,173.70,-1,-1,-1,-1
33,1,1564.80,1027.10,62.90,179.60,-1,-1,-1,-1
33,2,2350.20,1456.10,155.20,267.80,-1,-1,-1,-1
33,3,2089.10,1549.20,108.10,262.50,-1,-1,-1,-1
33,4,1991.50,1284.20,84.70,201.10,-1,-1,-1,-1
33,5,2173.00,1139.30,96.50,200.50,-1,-1,-1,-1
33,6,1942.90,1058.10,60.40,175.90,-1,-1,-1,-1
34,1,1564.90,1027.10,62.80,179.60,-1,-1,-1,-1
34,2,2336.00,1454.25,157.64,266.35,-1,-1,-1,-1
34,3,2093.50,1549.20,102.40,263.00,-1,-1,-1,-1
34,4,1991.50,1284.20,78.90,202.80,-1,-1,-1,-1
34,5,2173.00,1141.10,95.80,205.00,-1,-1,-1,-1
34,6,1938.10,1056.40,61.70,177.60,-1,-1,-1,-1
35,1,1564.60,1028.40,64.10,177.30,-1,-1,-1,-1
35,2,2329.50,1450.68,148.40,265.92,-1,-1,-1,-1
35,3,2093.50,1546.60,98.90,266.20,-1,-1,-1,-1
35,4,1991.50,1285.70,74.20,201.10,-1,-1,-1,-1
35,5,2173.60,1142.90,98.80,205.80,-1,-1,-1,-1
35,6,1935.90,1056.40,63.50,176.30,-1,-1,-1,-1
36,1,1564.30,1027.70,63.00,177.60,-1,-1,-1,-1
36,2,2319.70,1448.10,138.20,262.70,-1,-1,-1,-1
36,3,2093.50,1544.40,91.90,268.40,-1,-1,-1,-1
36,4,1990.77,1284.20,67.30,201.70,-1,-1,-1,-1
36,5,2175.10,1148.00,98.00,203.50,-1,-1,-1,-1
36,6,1932.00,1053.80,66.50,178.50,-1,-1,-1,-1
37,1,1564.60,1030.40,60.00,171.70,-1,-1,-1,-1
37,2,2310.90,1441.90,125.50,265.40,-1,-1,-1,-1
37,3,2094.80,1544.80,89.10,268.20,-1,-1,-1,-1
37,4,1988.20,1282.40,68.60,204.40,-1,-1,-1,-1
37,5,2176.20,1149.80,97.90,203.40,-1,-1,-1,-1
37,6,1928.50,1053.80,68.60,177.90,-1,-1,-1,-1
38,1,1564.60,1030.40,58.50,168.60,-1,-1,-1,-1
38,2,2302.60,1436.74,108.90,264.86,-1,-1,-1,-1
38,3,2095.20,1544.80,83.70,268.10,-1,-1,-1,-1
38,4,1988.20,1280.20,66.60,206.10,-1,-1,-1,-1
38,5,2178.75,1153.76,95.95,199.54,-1,-1,-1,-1
38,6,1919.80,1050.30,73.90,181.10,-1,-1,-1,-1
39,1,1564.60,1029.20,58.80,167.50,-1,-1,-1,-1
39,2,2296.41,1431.07,112.19,263.63,-1,-1,-1,-1
39,3,2094.80,1544.80,85.40,269.10,-1,-1,-1,-1
39,4,1986.40,1278.00,68.40,209.20,-1,-1,-1,-1
39,5,2182.80,1156.30,93.00,197.00,-1,-1,-1,-1
39,6,1915.00,1051.60,76.20,180.10,-1,-1,-1,-1
40,1,1564.60,1025.54,59.00,169.56,-1,-1,-1,-1
40,2,2288.70,1424.66,117.40,262.74,-1,-1,-1,-1
40,3,2094.80,1539.97,85.40,273.63,-1,-1,-1,-1
40,4,1985.30,1275.10,68.00,211.80,-1,-1,-1,-1
40,5,2185.00,1158.10,90.60,194.70,-1,-1,-1,-1
40,6,1913.20,1051.60,72.20,178.90,-1,-1,-1,-1
41,1,1564.00,1025.00,57.90,170.60,-1,-1,-1,-1
41,2,2283.10,1417.20,117.00,268.50,-1,-1,-1,-1
41,3,2094.80,1539.10,85.80,274.10,-1,-1,-1,-1
41,4,1985.30,1272.20,66.50,214.80,-1,-1,-1,-1
41,5,2189.00,1159.20,88.10,194.30,-1,-1,-1,-1
41,6,1908.80,1051.60,70.00,175.70,-1,-1,-1,-1
42,1,1564.00,1022.30,55.50,173.90,-1,-1,-1,-1
42,2,2267.11,1414.62,126.69,269.68,-1,-1,-1,-1
42,3,2093.10,1537.80,86.20,275.70,-1,-1,-1,-1
42,4,1983.80,1270.00,67.30,215.90,-1,-1,-1,-1
42,5,2192.60,1159.20,83.80,194.90,-1,-1,-1,-1
42,6,1903.10,1051.60,67.40,173.00,-1,-1,-1,-1
43,1,1564.00,1020.20,53.10,176.10,-1,-1,-1,-1
43,2,2253.50,1410.20,130.28,273.80,-1,-1,-1,-1
43,3,2090.90,1535.20,89.30,278.10,-1,-1,-1,-1
43,4,1983.80,1266.70,67.30,218.20,-1,-1,-1,-1
43,5,2199.20,1160.70,77.20,192.80,-1,-1,-1,-1
43,6,1896.10,1050.70,66.10,171.90,-1,-1,-1,-1
44,1,1564.00,1018.40,52.80,177.70,-1,-1,-1,-1
44,2,2242.30,1408.70,132.30,264.50,-1,-1,-1,-1
44,3,2089.60,1531.30,90.60,281.20,-1,-1,-1,-1
44,4,1983.80,1265.24,68.80,214.16,-1,-1,-1,-1
44,5,2204.30,1162.90,76.80,191.90,-1,-1,-1,-1
44,6,1894.80,1048.10,57.80,173.60,-1,-1,-1,-1
45,1,1564.00,1016.30,53.70,179.00,-1,-1,-1,-1
45,2,2238.40,1407.60,124.10,258.70,-1,-1,-1,-1
45,3,2087.40,1531.30,91.10,279.70,-1,-1,-1,-1
45,4,1982.30,1262.70,69.50,211.60,-1,-1,-1,-1
45,5,2207.20,1165.50,78.70,194.70,-1,-1,-1,-1
45,6,1893.50,1048.10,49.00,174.20,-1,-1,-1,-1
46,1,1564.00,1016.30,54.00,179.90,-1,-1,-1,-1
46,2,2236.30,1407.20,109.72,256.60,-1,-1,-1,-1
46,3,2087.40,1529.40,90.20,279.20,-1,-1,-1,-1
46,4,1981.60,1259.80,71.70,210.70,-1,-1,-1,-1
46,5,2209.00,1171.30,80.70,193.10,-1,-1,-1,-1
46,6,1891.30,1047.20,49.90,174.00,-1,-1,-1,-1
47,1,1563.20,1016.30,56.00,179.90,-1,-1,-1,-1
47,2,2217.81,1404.62,111.49,257.98,-1,-1,-1,-1
47,3,2086.10,1526.49,91.10,283.01,-1,-1,-1,-1
47,4,1980.50,1257.20,73.90,207.90,-1,-1,-1,-1
47,5,2211.90,1172.10,79.90,192.60,-1,-1,-1,-1
47,6,1886.50,1044.20,54.90,176.30,-1,-1,-1,-1
48,1,1563.09,1015.69,56.70,180.31,-1,-1,-1,-1
48,2,2203.60,1402.04,117.10,260.96,-1,-1,-1,-1
48,3,2086.50,1522.60,89.00,284.69,-1,-1,-1,-1
48,4,1982.30,1256.10,74.30,202.10,-1,-1,-1,-1
48,5,2214.50,1180.10,77.20,183.90,-1,-1,-1,-1
48,6,1873.40,1044.20,66.50,173.60,-1,-1,-1,-1
49,1,1563.09,1015.69,58.21,180.71,-1,-1,-1,-1
49,2,2194.90,1395.90,112.70,265.70,-1,-1,-1,-1
49,3,2085.20,1519.50,89.90,287.00,-1,-1,-1,-1
49,4,1983.00,1256.10,73.60,196.80,-1,-1,-1,-1
49,5,2214.90,1183.00,77.40,181.90,-1,-1,-1,-1
49,6,1861.20,1042.00,78.70,175.80,-1,-1,-1,-1
50,1,1563.09,1015.55,60.16,180.45,-1,-1,-1,-1
50,2,2190.20,1390.00,112.70,267.70,-1,-1,-1,-1
50,3,2083.50,1516.40,92.90,287.20,-1,-1,-1,-1
50,4,1984.09,1253.50,76.91,198.40,-1,-1,-1,-1
50,5,2214.90,1188.00,75.70,176.40,-1,-1,-1,-1
50,6,1856.40,1043.70,83.50,174.50,-1,-1,-1,-1
51,1,1563.09,1015.40,61.21,181.40,-1,-1,-1,-1
51,2,2186.40,1384.80,112.70,271.30,-1,-1,-1,-1
51,3,2083.50,1511.60,92.90,290.00,-1,-1,-1,-1
51,4,1987.40,1252.40,81.30,198.70,-1,-1,-1,-1
51,5,2214.90,1189.10,75.50,176.30,-1,-1,-1,-1
51,6,1852.04,1044.16,85.66,173.20,-1,-1,-1,-1
52,1,1563.60,1013.90,62.50,182.20,-1,-1,-1,-1
52,2,2183.80,1380.40,108.90,273.55,-1,-1,-1,-1
52,3,2083.50,1506.80,94.70,291.80,-1,-1,-1,-1
52,4,1987.40,1252.40,86.80,198.40,-1,-1,-1,-1
52,5,2212.40,1189.10,78.20,175.70,-1,-1,-1,-1
52,6,1852.04,1044.16,82.16,171.44,-1,-1,-1,-1
53,1,1564.10,1010.64,63.76,184.26,-1,-1,-1,-1
53,2,2182.90,1375.67,102.10,275.73,-1,-1,-1,-1
53,3,2083.50,1502.40,94.70,293.60,-1,-1,-1,-1
53,4,1987.40,1252.40,91.90,199.10,-1,-1,-1,-1
53,5,2209.70,1189.10,80.50,176.00,-1,-1,-1,-1
53,6,1850.30,1044.16,77.80,171.44,-1,-1,-1,-1
54,1,1565.80,1010.30,65.20,180.20,-1,-1,-1,-1
54,2,2180.80,1371.45,97.80,276.45,-1,-1,-1,-1
54,3,2083.00,1498.70,94.20,294.10,-1,-1,-1,-1
54,4,1989.60,1252.40,94.50,198.30,-1,-1,-1,-1
54,5,2199.70,1187.90,90.70,176.90,-1,-1,-1,-1
54,6,1850.30,1043.30,70.40,172.30,-1,-1,-1,-1
55,1,1566.70,1008.20,65.40,178.40,-1,-1,-1,-1
55,2,2176.10,1366.72,96.10,272.98,-1,-1,-1,-1
55,3,2083.00,1494.50,93.70,289.50,-1,-1,-1,-1
55,4,1988.90,1252.40,97.00,199.70,-1,-1,-1,-1
55,5,2190.60,1187.10,99.60,177.90,-1,-1,-1,-1
55,6,1852.90,1042.00,59.50,173.60,-1,-1,-1,-1
56,1,1569.00,1004.56,66.90,177.64,-1,-1,-1,-1
56,2,2171.37,1363.28,93.93,267.92,-1,-1,-1,-1
56,3,2082.00,1491.40,94.70,279.80,-1,-1,-1,-1
56,4,1988.90,1251.30,97.00,200.90,-1,-1,-1,-1
56,5,2183.90,1183.40,106.70,181.60,-1,-1,-1,-1
56,6,1847.70,1039.40,56.40,176.20,-1,-1,-1,-1
57,1,1571.80,1001.80,68.00,175.10,-1,-1,-1,-1
57,2,2168.40,1360.70,91.70,261.90,-1,-1,-1,-1
57,3,2083.00,1487.20,94.20,273.00,-1,-1,-1,-1
57,4,1989.23,1248.70,96.67,204.20,-1,-1,-1,-1
57,5,2177.80,1180.70,111.70,184.70,-1,-1,-1,-1
57,6,1847.70,1038.90,47.20,175.80,-1,-1,-1,-1
58,1,1575.30,1000.00,67.00,171.70,-1,-1,-1,-1
58,2,2165.00,1355.54,88.70,254.96,-1,-1,-1,-1
58,3,2083.50,1481.40,93.70,265.70,-1,-1,-1,-1
58,4,1989.23,1249.40,97.07,202.80,-1,-1,-1,-1
58,5,2172.60,1177.70,116.90,188.40,-1,-1,-1,-1
58,6,1846.00,1035.90,44.10,178.80,-1,-1,-1,-1
59,1,1578.60,997.00,66.80,168.70,-1,-1,-1,-1
59,2,2162.30,1349.96,85.90,250.34,-1,-1,-1,-1
59,3,2088.20,1478.30,89.00,268.80,-1,-1,-1,-1
59,4,1991.10,1249.40,101.40,200.23,-1,-1,-1,-1
59,5,2165.90,1173.80,120.50,190.10,-1,-1,-1,-1
59,6,1841.60,1035.90,46.30,176.60,-1,-1,-1,-1
60,1,1580.10,997.90,68.30,162.70,-1,-1,-1,-1
60,2,2159.70,1343.51,82.50,249.49,-1,-1,-1,-1
60,3,2094.00,1475.20,83.20,270.30,-1,-1,-1,-1
60,4,1994.70,1248.30,101.80,197.70,-1,-1,-1,-1
60,5,2156.20,1170.50,125.30,191.90,-1,-1,-1,-1
60,6,1835.00,1034.20,49.80,178.30,-1,-1,-1,-1
61,1,1581.90,997.30,69.72,160.70,-1,-1,-1,-1
61,2,2158.40,1336.63,80.40,249.49,-1,-1,-1,-1
61,3,2094.00,1471.00,83.70,273.98,-1,-1,-1,-1
61,4,2000.20,1245.70,100.30,197.00,-1,-1,-1,-1
61,5,2150.70,1167.20,123.20,191.90,-1,-1,-1,-1
61,6,1831.10,1034.20,50.60,178.30,-1,-1,-1,-1
62,1,1583.10,998.50,71.60,158.90,-1,-1,-1,-1
62,2,2154.10,1330.18,78.70,252.92,-1,-1,-1,-1
62,3,2094.00,1467.30,85.80,275.60,-1,-1,-1,-1
62,4,2006.00,1241.30,97.40,197.90,-1,-1,-1,-1
62,5,2143.40,1162.90,120.80,192.30,-1,-1,-1,-1
62,6,1824.10,1033.30,54.10,179.20,-1,-1,-1,-1
63,1,1583.40,999.71,75.20,157.99,-1,-1,-1,-1
63,2,2150.84,1326.43,78.70,252.17,-1,-1,-1,-1
63,3,2095.60,1464.70,84.20,275.10,-1,-1,-1,-1
63,4,2015.20,1239.90,92.40,194.80,-1,-1,-1,-1
63,5,2140.80,1157.70,111.30,194.90,-1,-1,-1,-1
63,6,1819.30,1033.30,57.10,179.20,-1,-1,-1,-1
64,1,1582.81,1000.60,78.49,157.10,-1,-1,-1,-1
64,2,2145.80,1322.49,78.70,253.91,-1,-1,-1,-1
64,3,2097.70,1463.70,84.20,269.80,-1,-1,-1,-1
64,4,2026.70,1237.20,85.80,193.60,-1,-1,-1,-1
64,5,2135.00,1153.40,101.40,196.20,-1,-1,-1,-1
64,6,1817.10,1032.90,58.90,179.60,-1,-1,-1,-1
65,1,1582.81,1003.30,90.29,154.40,-1,-1,-1,-1
65,2,2140.10,1318.90,79.40,256.80,-1,-1,-1,-1
65,3,2099.30,1462.70,84.20,266.10,-1,-1,-1,-1
65,4,2032.40,1232.90,81.60,193.30,-1,-1,-1,-1
65,5,2135.00,1150.10,84.30,197.30,-1,-1,-1,-1
65,6,1813.20,1032.90,61.50,179.60,-1,-1,-1,-1
66,1,1582.81,1002.70,99.09,155.30,-1,-1,-1,-1
66,2,2135.80,1318.54,79.80,249.96,-1,-1,-1,-1
66,3,2095.60,1461.10,89.50,263.00,-1,-1,-1,-1
66,4,2039.10,1230.80,76.70,192.10,-1,-1,-1,-1
66,5,2131.00,1147.60,78.20,195.90,-1,-1,-1,-1
66,6,1809.70,1032.90,61.50,179.60,-1,-1,-1,-1
67,1,1582.81,1002.10,102.09,155.30,-1,-1,-1,-1
67,2,2129.40,1317.83,82.62,243.17,-1,-1,-1,-1
67,3,2091.40,1457.40,93.70,261.50,-1,-1,-1,-1
67,4,2041.50,1230.80,75.80,190.90,-1,-1,-1,-1
67,5,2127.35,1146.50,76.10,180.74,-1,-1,-1,-1
67,6,1808.40,1029.40,58.90,178.30,-1,-1,-1,-1
68,1,1584.90,1002.10,100.00,155.00,-1,-1,-1,-1
68,2,2122.59,1315.32,85.85,233.88,-1,-1,-1,-1
68,3,2082.50,1454.80,103.60,252.00,-1,-1,-1,-1
68,4,2043.30,1228.70,75.50,194.40,-1,-1,-1,-1
68,5,2127.35,1146.50,70.65,174.90,-1,-1,-1,-1
68,6,1808.40,1027.70,57.20,173.40,-1,-1,-1,-1
69,1,1591.30,999.40,97.30,156.50,-1,-1,-1,-1
69,2,2120.40,1312.10,86.20,228.10,-1,-1,-1,-1
69,3,2074.60,1450.10,111.00,244.10,-1,-1,-1,-1
69,4,2045.70,1230.50,75.20,190.30,-1,-1,-1,-1
69,5,2125.20,1146.50,69.90,192.40,-1,-1,-1,-1
69,6,1807.50,1027.70,57.20,170.80,-1,-1,-1,-1
70,1,1598.60,999.10,97.00,155.30,-1,-1,-1,-1
70,2,2118.61,1306.36,86.89,225.94,-1,-1,-1,-1
70,3,2070.90,1444.30,114.70,249.90,-1,-1,-1,-1
70,4,2047.80,1231.10,77.40,187.80,-1,-1,-1,-1
70,5,2122.30,1146.50,69.90,192.40,-1,-1,-1,-1
70,6,1807.50,1025.10,56.80,169.90,-1,-1,-1,-1
71,1,1608.62,997.30,95.18,152.55,-1,-1,-1,-1
71,2,2116.19,1300.58,87.31,222.70,-1,-1,-1,-1
71,3,2069.30,1441.20,117.30,253.00,-1,-1,-1,-1
71,4,2049.30,1233.50,86.40,183.70,-1,-1,-1,-1
71,5,2116.10,1152.40,71.70,186.50,-1,-1,-1,-1
71,6,1806.20,1025.10,57.20,165.10,-1,-1,-1,-1
72,1,1620.16,997.00,91.54,147.38,-1,-1,-1,-1
72,2,2116.20,1294.30,87.30,221.58,-1,-1,-1,-1
72,3,2067.20,1437.00,116.30,255.10,-1,-1,-1,-1
72,4,2053.90,1236.50,88.10,177.90,-1,-1,-1,-1
72,5,2113.20,1152.80,70.60,186.10,-1,-1,-1,-1
72,6,1802.70,1025.10,60.70,164.60,-1,-1,-1,-1
73,1,1634.12,997.60,86.68,141.90,-1,-1,-1,-1
73,2,2119.60,1288.28,82.20,213.02,-1,-1,-1,-1
73,3,2066.20,1437.00,117.30,255.10,-1,-1,-1,-1
73,4,2056.00,1237.40,82.90,170.50,-1,-1,-1,-1
73,5,2108.80,1153.10,68.40,185.80,-1,-1,-1,-1
73,6,1794.40,1023.60,68.60,163.00,-1,-1,-1,-1
74,1,1650.51,995.80,82.99,144.91,-1,-1,-1,-1
74,2,2119.90,1281.60,80.10,213.01,-1,-1,-1,-1
74,3,2064.10,1431.80,116.80,259.30,-1,-1,-1,-1
74,4,2060.20,1240.40,80.80,166.20,-1,-1,-1,-1
74,5,2104.80,1154.90,67.70,184.00,-1,-1,-1,-1
74,6,1791.80,1025.00,71.20,162.50,-1,-1,-1,-1
75,1,1655.67,995.20,88.73,143.70,-1,-1,-1,-1
75,2,2120.30,1277.38,79.00,213.02,-1,-1,-1,-1
75,3,2063.60,1428.70,115.20,260.80,-1,-1,-1,-1
75,4,2062.60,1243.10,83.90,164.40,-1,-1,-1,-1
75,5,2101.90,1154.60,68.00,184.30,-1,-1,-1,-1
75,6,1791.80,1026.30,71.20,161.20,-1,-1,-1,-1
76,1,1659.01,992.80,95.99,145.80,-1,-1,-1,-1
76,2,2119.40,1275.53,79.80,211.77,-1,-1,-1,-1
76,3,2064.70,1425.60,112.00,261.80,-1,-1,-1,-1
76,4,2064.10,1244.90,83.01,162.30,-1,-1,-1,-1
76,5,2099.40,1152.70,65.00,186.20,-1,-1,-1,-1
76,6,1791.80,1026.30,74.50,161.20,-1,-1,-1,-1
77,1,1666.30,991.59,95.10,145.21,-1,-1,-1,-1
77,2,2119.00,1272.09,79.30,211.77,-1,-1,-1,-1
77,3,2064.20,1423.00,109.90,260.70,-1,-1,-1,-1
77,4,2064.10,1246.70,83.01,160.50,-1,-1,-1,-1
77,5,2095.76,1153.06,66.04,186.21,-1,-1,-1,-1
77,6,1791.80,1026.30,75.60,159.40,-1,-1,-1,-1
78,1,1673.58,991.90,98.12,142.50,-1,-1,-1,-1
78,2,2116.40,1270.54,80.90,209.56,-1,-1,-1,-1
78,3,2063.70,1422.00,108.80,259.10,-1,-1,-1,-1
78,4,2064.10,1247.90,83.01,159.30,-1,-1,-1,-1
78,5,2056.40,1151.60,101.40,164.40,-1,-1,-1,-1
78,6,1791.80,1026.30,80.00,159.40,-1,-1,-1,-1
79,1,1679.30,991.10,115.19,143.10,-1,-1,-1,-1
79,2,2118.10,1265.73,77.50,205.17,-1,-1,-1,-1
79,3,2068.40,1419.40,101.00,258.00,-1,-1,-1,-1
79,4,2064.10,1249.10,83.01,159.00,-1,-1,-1,-1
79,5,2055.30,1152.70,98.10,163.30,-1,-1,-1,-1
79,6,1791.80,1024.10,83.60,161.60,-1,-1,-1,-1
80,1,1689.60,991.40,120.69,142.19,-1,-1,-1,-1
80,2,2118.50,1262.67,76.20,204.83,-1,-1,-1,-1
80,3,2068.40,1414.10,97.80,257.00,-1,-1,-1,-1
80,4,2061.70,1252.40,80.20,156.00,-1,-1,-1,-1
80,5,2055.30,1151.60,94.50,164.40,-1,-1,-1,-1
80,6,1791.80,1019.70,88.30,163.40,-1,-1,-1,-1
81,1,1702.60,993.50,121.96,138.90,-1,-1,-1,-1
81,2,2116.80,1256.11,75.28,208.29,-1,-1,-1,-1
81,3,2066.30,1411.00,98.90,255.40,-1,-1,-1,-1
81,4,2054.40,1252.40,87.50,158.40,-1,-1,-1,-1
81,5,2055.30,1151.60,87.90,164.40,-1,-1,-1,-1
81,6,1793.30,1017.90,92.30,161.90,-1,-1,-1,-1
82,1,1717.20,996.20,113.20,135.90,-1,-1,-1,-1
82,2,2115.10,1252.62,73.50,208.68,-1,-1,-1,-1
82,3,2066.30,1408.40,97.30,245.40,-1,-1,-1,-1
82,4,2045.60,1253.90,96.30,158.10,-1,-1,-1,-1
82,5,2055.30,1150.50,84.60,165.50,-1,-1,-1,-1
82,6,1802.00,1015.00,88.70,162.60,-1,-1,-1,-1
83,1,1733.90,996.20,96.50,135.90,-1,-1,-1,-1
83,2,2108.98,1248.70,78.28,214.80,-1,-1,-1,-1
83,3,2064.78,1404.09,96.30,238.00,-1,-1,-1,-1
83,4,2035.30,1256.59,113.60,157.81,-1,-1,-1,-1
83,5,2056.03,1149.04,81.27,167.36,-1,-1,-1,-1
83,6,1806.00,1012.10,88.70,158.90,-1,-1,-1,-1
84,1,1743.30,996.20,84.30,136.60,-1,-1,-1,-1
84,2,2106.80,1247.82,77.40,213.08,-1,-1,-1,-1
84,3,2066.80,1400.10,93.70,238.50,-1,-1,-1,-1
84,4,2025.60,1258.10,124.50,158.10,-1,-1,-1,-1
84,5,2056.03,1147.20,76.57,169.20,-1,-1,-1,-1
84,6,1806.00,1010.60,93.80,156.00,-1,-1,-1,-1
85,1,1754.40,995.90,77.00,136.90,-1,-1,-1,-1
85,2,2098.10,1246.07,83.00,208.23,-1,-1,-1,-1
85,3,2066.80,1397.00,91.60,241.60,-1,-1,-1,-1
85,4,2017.70,1260.20,134.20,158.70,-1,-1,-1,-1
85,5,2056.03,1145.40,72.57,171.00,-1,-1,-1,-1
85,6,1811.50,1009.10,91.90,153.80,-1,-1,-1,-1
86,1,1764.50,996.90,67.10,135.90,-1,-1,-1,-1
86,2,2096.40,1245.20,82.95,201.20,-1,-1,-1,-1
86,3,2066.80,1393.30,91.60,245.30,-1,-1,-1,-1
86,4,2011.60,1259.90,143.10,162.90,-1,-1,-1,-1
86,5,2050.60,1142.10,76.50,174.30,-1,-1,-1,-1
86,6,1811.50,1009.10,95.20,150.90,-1,-1,-1,-1
87,1,1770.30,996.90,68.60,136.20,-1,-1,-1,-1
87,2,2096.00,1244.10,80.70,199.70,-1,-1,-1,-1
87,3,2065.70,1390.20,90.60,248.40,-1,-1,-1,-1
87,4,2005.80,1260.80,148.30,166.20,-1,-1,-1,-1
87,5,2048.10,1143.30,75.00,173.10,-1,-1,-1,-1
87,6,1815.10,1010.90,94.90,149.79,-1,-1,-1,-1
88,1,1775.60,997.20,71.90,136.20,-1,-1,-1,-1
88,2,2092.90,1242.58,84.70,199.02,-1,-1,-1,-1
88,3,2060.50,1386.00,94.70,252.10,-1,-1,-1,-1
88,4,2003.10,1261.10,151.00,166.80,-1,-1,-1,-1
88,5,2044.10,1142.10,76.40,174.30,-1,-1,-1,-1
88,6,1821.30,1012.70,102.50,148.40,-1,-1,-1,-1
89,1,1778.90,997.20,74.40,136.70,-1,-1,-1,-1
89,2,2091.20,1240.83,87.30,201.17,-1,-1,-1,-1
89,3,2057.40,1383.90,97.80,253.20,-1,-1,-1,-1
89,4,2003.10,1262.30,147.70,165.60,-1,-1,-1,-1
89,5,2040.50,1139.50,78.90,176.90,-1,-1,-1,-1
89,6,1821.30,1014.90,106.50,145.80,-1,-1,-1,-1
90,1,1783.30,997.90,72.50,135.90,-1,-1,-1,-1
90,2,2088.10,1238.64,90.40,202.46,-1,-1,-1,-1
90,3,2048.50,1380.20,106.20,255.80,-1,-1,-1,-1
90,4,2003.70,1264.10,141.00,163.20,-1,-1,-1,-1
90,5,2038.70,1140.40,79.65,176.00,-1,-1,-1,-1
90,6,1825.70,1014.90,99.60,144.40,-1,-1,-1,-1
91,1,1784.60,1000.50,72.20,134.70,-1,-1,-1,-1
91,2,2088.10,1239.52,89.10,198.98,-1,-1,-1,-1
91,3,2036.40,1380.20,116.70,253.70,-1,-1,-1,-1
91,4,2003.40,1265.90,133.70,160.80,-1,-1,-1,-1
91,5,2036.90,1141.30,80.40,175.10,-1,-1,-1,-1
91,6,1830.10,1014.90,95.20,145.90,-1,-1,-1,-1
92,1,1787.10,1004.50,70.90,132.20,-1,-1,-1,-1
92,2,2085.00,1236.46,94.40,196.84,-1,-1,-1,-1
92,3,2035.30,1379.20,117.30,250.50,-1,-1,-1,-1
92,4,2004.00,1265.90,131.00,161.10,-1,-1,-1,-1
92,5,2033.60,1143.70,80.70,172.70,-1,-1,-1,-1
92,6,1832.70,1014.90,93.70,147.30,-1,-1,-1,-1
93,1,1786.20,1007.00,73.10,131.70,-1,-1,-1,-1
93,2,2091.10,1233.39,87.90,196.01,-1,-1,-1,-1
93,3,2031.70,1375.00,119.30,251.60,-1,-1,-1,-1
93,4,2003.40,1269.20,138.90,156.90,-1,-1,-1,-1
93,5,2032.40,1143.70,81.90,172.70,-1,-1,-1,-1
93,6,1832.70,1014.90,92.20,146.20,-1,-1,-1,-1
94,1,1784.90,1008.50,74.40,131.50,-1,-1,-1,-1
94,2,2092.00,1232.96,89.60,190.34,-1,-1,-1,-1
94,3,2027.50,1371.90,122.40,250.50,-1,-1,-1,-1
94,4,2002.80,1268.60,145.90,158.40,-1,-1,-1,-1
94,5,2032.40,1143.70,80.10,172.70,-1,-1,-1,-1
94,6,1830.90,1014.90,94.00,146.20,-1,-1,-1,-1
95,1,1783.40,1008.20,76.60,131.40,-1,-1,-1,-1
95,2,2090.70,1231.60,89.15,184.30,-1,-1,-1,-1
95,3,2026.50,1367.70,124.40,247.90,-1,-1,-1,-1
95,4,2003.10,1268.29,118.20,157.81,-1,-1,-1,-1
95,5,2030.30,1145.50,79.20,170.90,-1,-1,-1,-1
95,6,1829.10,1014.90,95.80,146.20,-1,-1,-1,-1
96,1,1781.60,1007.40,78.40,133.70,-1,-1,-1,-1
96,2,2088.51,1232.04,85.19,190.76,-1,-1,-1,-1
96,3,2026.50,1363.50,124.40,243.20,-1,-1,-1,-1
96,4,1997.30,1272.50,150.41,153.30,-1,-1,-1,-1
96,5,2028.10,1145.50,78.70,170.90,-1,-1,-1,-1
96,6,1826.20,1013.80,100.50,146.90,-1,-1,-1,-1
97,1,1778.80,1007.40,79.40,134.50,-1,-1,-1,-1
97,2,2089.00,1232.47,77.30,196.13,-1,-1,-1,-1
97,3,2028.60,1358.80,120.20,238.50,-1,-1,-1,-1
97,4,1998.80,1273.70,148.91,151.80,-1,-1,-1,-1
97,5,2025.70,1145.50,79.00,170.90,-1,-1,-1,-1
97,6,1826.20,1011.30,100.50,149.40,-1,-1,-1,-1
98,1,1777.00,1008.00,81.20,133.20,-1,-1,-1,-1
98,2,2089.22,1232.91,77.53,196.49,-1,-1,-1,-1
98,3,2030.70,1354.60,116.50,235.90,-1,-1,-1,-1
98,4,1999.40,1274.90,148.31,150.30,-1,-1,-1,-1
98,5,2024.50,1145.50,78.10,170.90,-1,-1,-1,-1
98,6,1826.20,1011.30,98.70,151.20,-1,-1,-1,-1
99,1,1774.00,1009.50,73.10,131.70,-1,-1,-1,-1
99,2,2089.44,1235.10,77.36,196.00,-1,-1,-1,-1
99,3,2032.30,1351.50,114.40,232.70,-1,-1,-1,-1
99,4,1999.40,1278.20,148.31,154.20,-1,-1,-1,-1
99,5,2025.10,1147.90,76.30,168.50,-1,-1,-1,-1
99,6,1826.20,1008.40,98.70,154.10,-1,-1,-1,-1
100,1,1771.00,1011.60,76.80,128.50,-1,-1,-1,-1
100,2,2090.30,1235.10,74.80,201.80,-1,-1,-1,-1
100,3,2036.00,1349.40,109.10,231.70,-1,-1,-1,-1
100,4,2002.10,1281.50,145.61,153.70,-1,-1,-1,-1
100,5,2024.20,1147.90,75.40,168.50,-1,-1,-1,-1
100,6,1826.20,1008.40,94.00,154.10,-1,-1,-1,-1
101,1,1770.10,1015.40,67.80,125.20,-1,-1,-1,-1
101,2,2090.30,1233.79,73.90,207.01,-1,-1,-1,-1
101,3,2039.60,1344.20,102.90,234.80,-1,-1,-1,-1
101,4,2000.90,1280.30,146.81,158.20,-1,-1,-1,-1
101,5,2022.70,1147.90,74.80,168.50,-1,-1,-1,-1
101,6,1826.20,1006.60,86.30,155.90,-1,-1,-1,-1
102,1,1769.20,1019.20,63.90,121.50,-1,-1,-1,-1
102,2,2093.35,1233.13,70.85,207.67,-1,-1,-1,-1
102,3,2031.80,1346.30,108.10,228.50,-1,-1,-1,-1
102,4,2001.80,1280.30,129.50,159.40,-1,-1,-1,-1
102,5,2020.30,1147.90,76.00,166.70,-1,-1,-1,-1
102,6,1826.20,1007.00,74.30,155.50,-1,-1,-1,-1
103,1,1768.60,1022.30,55.80,118.00,-1,-1,-1,-1
103,2,2096.40,1232.47,67.80,208.33,-1,-1,-1,-1
103,3,2031.80,1350.00,106.50,228.50,-1,-1,-1,-1
103,4,2001.80,1284.90,127.70,154.70,-1,-1,-1,-1
103,5,2019.10,1147.90,77.20,166.70,-1,-1,-1,-1
103,6,1824.70,1008.50,60.50,154.40,-1,-1,-1,-1
104,1,1769.10,1023.40,53.80,121.10,-1,-1,-1,-1
104,2,2095.96,1229.41,69.14,216.59,-1,-1,-1,-1
104,3,2031.80,1352.60,106.50,227.50,-1,-1,-1,-1
104,4,2002.10,1283.40,121.00,158.70,-1,-1,-1,-1
104,5,2017.60,1147.90,76.90,166.70,-1,-1,-1,-1
104,6,1821.90,1008.50,58.60,156.90,-1,-1,-1,-1
105,1,1768.60,1024.70,52.60,130.40,-1,-1,-1,-1
105,2,2095.96,1229.41,71.34,216.19,-1,-1,-1,-1
105,3,2030.59,1355.70,113.80,223.40,-1,-1,-1,-1
105,4,2003.30,1283.40,118.30,163.50,-1,-1,-1,-1
105,5,2016.70,1147.90,82.40,166.70,-1,-1,-1,-1
105,6,1819.70,1011.40,60.80,155.10,-1,-1,-1,-1
106,1,1768.10,1028.20,49.60,135.50,-1,-1,-1,-1
106,2,2098.10,1229.41,74.90,213.99,-1,-1,-1,-1
106,3,2031.80,1355.70,122.70,222.40,-1,-1,-1,-1
106,4,2007.20,1283.40,114.40,169.80,-1,-1,-1,-1
106,5,2015.80,1147.90,85.40,166.70,-1,-1,-1,-1
106,6,1819.70,1014.70,56.40,155.40,-1,-1,-1,-1
107,1,1766.30,1030.50,48.90,141.50,-1,-1,-1,-1
107,2,2096.79,1227.23,82.31,215.27,-1,-1,-1,-1
107,3,2031.30,1357.30,132.60,218.20,-1,-1,-1,-1
107,4,2016.90,1287.30,104.70,166.60,-1,-1,-1,-1
107,5,2015.80,1147.90,91.50,166.70,-1,-1,-1,-1
107,6,1817.90,1016.50,54.90,158.30,-1,-1,-1,-1
108,1,1757.90,1032.30,54.80,148.10,-1,-1,-1,-1
108,2,2100.70,1226.40,80.60,217.00,-1,-1,-1,-1
108,3,2029.20,1358.90,139.90,216.60,-1,-1,-1,-1
108,4,2028.10,1292.50,93.50,158.10,-1,-1,-1,-1
108,5,2015.80,1147.90,92.40,166.70,-1,-1,-1,-1
108,6,1815.00,1017.60,52.70,159.80,-1,-1,-1,-1
109,1,1753.30,1037.20,56.70,145.70,-1,-1,-1,-1
109,2,2098.10,1226.40,84.10,215.70,-1,-1,-1,-1
109,3,2030.20,1358.90,143.60,216.60,-1,-1,-1,-1
109,4,2033.00,1298.10,88.60,157.40,-1,-1,-1,-1
109,5,2015.80,1147.00,92.10,167.60,-1,-1,-1,-1
109,6,1812.10,1018.30,53.00,161.30,-1,-1,-1,-1
110,1,1753.30,1040.10,54.30,143.40,-1,-1,-1,-1
110,2,2098.97,1226.40,84.13,215.70,-1,-1,-1,-1
110,3,2030.20,1358.90,143.60,212.90,-1,-1,-1,-1
110,4,2039.40,1299.80,88.90,168.80,-1,-1,-1,-1
110,5,2016.41,1147.90,96.40,166.70,-1,-1,-1,-1
110,6,1812.10,1018.30,49.40,161.30,-1,-1,-1,-1
111,1,1750.40,1043.00,57.20,140.50,-1,-1,-1,-1
111,2,2098.50,1225.10,83.30,215.30,-1,-1,-1,-1
111,3,2029.70,1354.70,154.10,212.90,-1,-1,-1,-1
111,4,2047.30,1303.10,97.30,166.70,-1,-1,-1,-1
111,5,2016.40,1147.75,96.85,166.85,-1,-1,-1,-1
111,6,1812.10,1016.50,47.20,163.10,-1,-1,-1,-1
112,1,1744.94,1047.00,62.26,137.20,-1,-1,-1,-1
112,2,2099.40,1225.10,82.80,212.70,-1,-1,-1,-1
112,3,2029.20,1353.22,165.60,210.58,-1,-1,-1,-1
112,4,2047.90,1303.10,107.50,167.30,-1,-1,-1,-1
112,5,2019.44,1147.60,98.50,167.00,-1,-1,-1,-1
112,6,1809.75,1016.50,49.55,163.10,-1,-1,-1,-1
113,1,1739.07,1048.80,67.03,135.00,-1,-1,-1,-1
113,2,2108.27,1225.48,68.80,210.50,-1,-1,-1,-1
113,3,2038.10,1341.00,165.60,220.30,-1,-1,-1,-1
113,4,2047.60,1303.10,119.90,167.30,-1,-1,-1,-1
113,5,2020.10,1149.70,97.84,164.90,-1,-1,-1,-1
113,6,1807.40,1016.50,51.90,163.10,-1,-1,-1,-1
114,1,1732.90,1051.00,71.90,131.70,-1,-1,-1,-1
114,2,2108.60,1227.30,67.50,209.20,-1,-1,-1,-1
114,3,2055.90,1341.00,156.20,214.00,-1,-1,-1,-1
114,4,2047.20,1303.10,127.60,167.30,-1,-1,-1,-1
114,5,2021.30,1149.70,96.64,164.90,-1,-1,-1,-1
114,6,1804.80,1016.50,54.50,163.10,-1,-1,-1,-1
115,1,1731.40,1052.10,71.30,140.10,-1,-1,-1,-1
115,2,2110.80,1228.16,65.30,207.90,-1,-1,-1,-1
115,3,2069.50,1333.10,153.60,211.90,-1,-1,-1,-1
115,4,2047.90,1299.60,155.20,171.10,-1,-1,-1,-1
115,5,2021.30,1150.30,102.40,164.30,-1,-1,-1,-1
115,6,1803.30,1014.37,56.00,164.50,-1,-1,-1,-1
116,1,1731.40,1052.10,72.10,151.20,-1,-1,-1,-1
116,2,2110.80,1228.60,67.90,197.00,-1,-1,-1,-1
116,3,2086.80,1331.00,146.30,198.80,-1,-1,-1,-1
116,4,2048.70,1298.30,162.80,172.00,-1,-1,-1,-1
116,5,2021.90,1148.80,101.80,165.80,-1,-1,-1,-1
116,6,1803.30,1014.37,56.00,163.73,-1,-1,-1,-1
117,1,1733.20,1053.10,70.00,159.80,-1,-1,-1,-1
117,2,2110.80,1234.30,68.30,191.40,-1,-1,-1,-1
117,3,2110.93,1327.90,146.27,202.43,-1,-1,-1,-1
117,4,2050.70,1290.40,160.10,180.20,-1,-1,-1,-1
117,5,2019.80,1146.70,108.50,167.90,-1,-1,-1,-1
117,6,1796.40,1016.90,64.40,162.70,-1,-1,-1,-1
118,1,1734.40,1054.90,68.80,165.60,-1,-1,-1,-1
118,2,2107.30,1237.80,81.47,199.80,-1,-1,-1,-1
118,3,2132.40,1325.70,141.19,203.60,-1,-1,-1,-1
118,4,2056.20,1283.40,156.40,186.00,-1,-1,-1,-1
118,5,2020.70,1144.60,110.60,170.00,-1,-1,-1,-1
118,6,1792.00,1018.40,71.70,163.40,-1,-1,-1,-1
119,1,1733.20,1058.00,69.10,167.70,-1,-1,-1,-1
119,2,2103.37,1241.30,76.63,197.30,-1,-1,-1,-1
119,3,2136.80,1321.30,151.00,207.60,-1,-1,-1,-1
119,4,2064.10,1278.20,150.40,189.90,-1,-1,-1,-1
119,5,2021.60,1144.60,115.20,170.00,-1,-1,-1,-1
119,6,1789.80,1022.70,77.50,167.80,-1,-1,-1,-1
120,1,1731.10,1062.70,69.90,171.40,-1,-1,-1,-1
120,2,2100.31,1243.48,80.19,194.32,-1,-1,-1,-1
120,3,2137.20,1314.70,159.00,214.60,-1,-1,-1,-1
120,4,2074.70,1274.30,130.80,190.90,-1,-1,-1,-1
120,5,2028.00,1143.10,113.70,171.50,-1,-1,-1,-1
120,6,1789.80,1023.80,77.20,173.60,-1,-1,-1,-1
121,1,1729.60,1066.00,72.10,178.30,-1,-1,-1,-1
121,2,2100.74,1242.17,81.46,196.53,-1,-1,-1,-1
121,3,2139.70,1308.50,164.90,220.40,-1,-1,-1,-1
121,4,2091.00,1269.50,122.80,191.20,-1,-1,-1,-1
121,5,2038.00,1143.10,106.13,171.50,-1,-1,-1,-1
121,6,1789.80,1026.50,78.20,172.10,-1,-1,-1,-1
122,1,1728.87,1070.04,73.93,174.66,-1,-1,-1,-1
122,2,2099.43,1238.67,92.87,200.03,-1,-1,-1,-1
122,3,2144.40,1301.90,166.80,226.30,-1,-1,-1,-1
122,4,2110.30,1269.10,112.70,187.80,-1,-1,-1,-1
122,5,2049.80,1140.40,97.40,173.30,-1,-1,-1,-1
122,6,1789.80,1028.60,78.80,173.60,-1,-1,-1,-1
123,1,1729.60,1073.30,73.90,171.40,-1,-1,-1,-1
123,2,2096.80,1233.87,99.40,203.93,-1,-1,-1,-1
123,3,2157.50,1294.20,158.10,232.20,-1,-1,-1,-1
123,4,2130.10,1269.50,99.90,183.70,-1,-1,-1,-1
123,5,2062.90,1141.30,86.10,172.40,-1,-1,-1,-1
123,6,1789.80,1029.80,80.60,175.70,-1,-1,-1,-1
124,1,1735.80,1076.20,71.70,168.50,-1,-1,-1,-1
124,2,2093.74,1225.56,107.26,213.54,-1,-1,-1,-1
124,3,2171.70,1288.70,148.30,218.10,-1,-1,-1,-1
124,4,2155.30,1269.50,79.90,179.40,-1,-1,-1,-1
124,5,2073.80,1141.60,76.40,172.10,-1,-1,-1,-1
124,6,1789.80,1031.90,82.10,176.00,-1,-1,-1,-1
125,1,1738.74,1076.90,70.90,168.10,-1,-1,-1,-1
125,2,2092.43,1219.00,118.17,218.80,-1,-1,-1,-1
125,3,2191.80,1284.30,134.80,208.10,-1,-1,-1,-1
125,4,2165.60,1271.70,76.20,177.10,-1,-1,-1,-1
125,5,2078.70,1141.60,72.40,172.10,-1,-1,-1,-1
125,6,1789.80,1033.10,82.10,175.10,-1,-1,-1,-1
126,1,1740.20,1076.90,73.80,170.60,-1,-1,-1,-1
126,2,2093.30,1210.70,113.40,225.40,-1,-1,-1,-1
126,3,2212.80,1280.80,116.40,201.50,-1,-1,-1,-1
126,4,2173.20,1272.10,74.70,175.50,-1,-1,-1,-1
126,5,2084.80,1143.40,69.60,169.40,-1,-1,-1,-1
126,6,1789.80,1033.10,80.30,175.10,-1,-1,-1,-1
127,1,1739.50,1076.90,77.80,178.60,-1,-1,-1,-1
127,2,2082.81,1205.01,110.29,226.29,-1,-1,-1,-1
127,3,2238.20,1277.30,95.40,204.60,-1,-1,-1,-1
127,4,2181.10,1269.90,73.40,179.90,-1,-1,-1,-1
127,5,2087.80,1143.10,69.00,169.70,-1,-1,-1,-1
127,6,1789.80,1034.62,80.30,174.48,-1,-1,-1,-1
128,1,1739.80,1076.90,80.40,184.80,-1,-1,-1,-1
128,2,2074.50,1198.46,114.70,223.24,-1,-1,-1,-1
128,3,2245.20,1272.90,95.80,208.10,-1,-1,-1,-1
128,4,2189.40,1266.00,71.70,184.20,-1,-1,-1,-1
128,5,2090.20,1144.90,68.10,167.90,-1,-1,-1,-1
128,6,1801.30,1035.80,68.80,172.40,-1,-1,-1,-1
129,1,1740.70,1079.90,81.60,187.30,-1,-1,-1,-1
129,2,2067.07,1193.65,109.43,214.45,-1,-1,-1,-1
129,3,2251.30,1269.00,99.30,208.90,-1,-1,-1,-1
129,4,2197.70,1263.40,86.60,186.40,-1,-1,-1,-1
129,5,2092.60,1147.60,69.90,160.90,-1,-1,-1,-1
129,6,1808.60,1033.10,63.60,175.10,-1,-1,-1,-1
130,1,1741.90,1082.30,82.80,190.40,-1,-1,-1,-1
130,2,2062.26,1191.02,95.84,203.98,-1,-1,-1,-1
130,3,2259.20,1264.20,103.20,208.90,-1,-1,-1,-1
130,4,2203.40,1259.90,90.10,189.90,-1,-1,-1,-1
130,5,2109.30,1150.90,54.40,154.60,-1,-1,-1,-1
130,6,1812.20,1033.70,61.20,174.50,-1,-1,-1,-1
131,1,1744.90,1087.46,82.19,191.94,-1,-1,-1,-1
131,2,2059.20,1184.90,96.30,205.30,-1,-1,-1,-1
131,3,2264.90,1258.10,107.60,215.00,-1,-1,-1,-1
131,4,2209.20,1255.10,84.30,195.20,-1,-1,-1,-1
131,5,2109.30,1150.90,59.60,129.40,-1,-1,-1,-1
131,6,1817.70,1034.90,55.70,173.30,-1,-1,-1,-1
132,1,1750.50,1092.32,81.75,187.08,-1,-1,-1,-1
132,2,2057.01,1180.10,95.89,208.30,-1,-1,-1,-1
132,3,2270.10,1253.30,111.60,218.90,-1,-1,-1,-1
132,4,2210.80,1249.40,82.70,200.90,-1,-1,-1,-1
132,5,2112.30,1153.00,65.70,124.00,-1,-1,-1,-1
132,6,1817.70,1037.30,58.70,170.90,-1,-1,-1,-1
133,1,1759.60,1093.80,76.30,186.40,-1,-1,-1,-1
133,2,2054.39,1173.97,93.71,210.03,-1,-1,-1,-1
133,3,2270.10,1247.00,118.60,220.00,-1,-1,-1,-1
133,4,2213.90,1244.10,95.30,205.70,-1,-1,-1,-1
133,5,2114.40,1153.00,73.00,124.90,-1,-1,-1,-1
133,6,1822.30,1037.30,57.10,176.70,-1,-1,-1,-1
134,1,1770.80,1095.60,69.70,184.00,-1,-1,-1,-1
134,2,2053.52,1167.85,90.68,213.05,-1,-1,-1,-1
134,3,2274.00,1244.30,118.60,218.30,-1,-1,-1,-1
134,4,2220.90,1235.80,89.60,209.20,-1,-1,-1,-1
134,5,2111.70,1153.00,79.90,125.80,-1,-1,-1,-1
134,6,1825.30,1037.30,56.80,176.70,-1,-1,-1,-1
135,1,1779.60,1098.60,66.36,188.60,-1,-1,-1,-1
135,2,2054.83,1163.04,86.27,216.06,-1,-1,-1,-1
135,3,2282.30,1239.90,110.30,208.30,-1,-1,-1,-1
135,4,2227.00,1231.10,98.40,207.00,-1,-1,-1,-1
135,5,2111.70,1153.00,82.30,128.80,-1,-1,-1,-1
135,6,1825.30,1039.10,60.70,181.60,-1,-1,-1,-1
136,1,1781.30,1099.51,68.60,193.69,-1,-1,-1,-1
136,2,2048.71,1159.11,87.99,209.09,-1,-1,-1,-1
136,3,2291.00,1238.20,105.10,199.10,-1,-1,-1,-1
136,4,2236.20,1227.60,96.60,200.90,-1,-1,-1,-1
136,5,2101.10,1152.40,91.40,130.60,-1,-1,-1,-1
136,6,1831.10,1041.20,56.70,179.50,-1,-1,-1,-1
137,1,1783.80,1100.10,70.90,196.20,-1,-1,-1,-1
137,2,2043.02,1155.61,87.98,198.19,-1,-1,-1,-1
137,3,2303.70,1235.60,92.40,189.46,-1,-1,-1,-1
137,4,2244.50,1220.60,93.50,196.40,-1,-1,-1,-1
137,5,2101.10,1148.80,88.70,133.60,-1,-1,-1,-1
137,6,1831.10,1041.50,59.10,179.50,-1,-1,-1,-1
138,1,1787.00,1103.30,82.50,196.60,-1,-1,-1,-1
138,2,2043.02,1151.24,82.28,191.16,-1,-1,-1,-1
138,3,2315.90,1233.80,80.20,185.60,-1,-1,-1,-1
138,4,2254.30,1216.70,88.90,189.70,-1,-1,-1,-1
138,5,2101.10,1144.60,88.70,169.40,-1,-1,-1,-1
138,6,1831.10,1042.40,60.90,183.20,-1,-1,-1,-1
139,1,1792.10,1106.90,89.40,196.30,-1,-1,-1,-1
139,2,2049.10,1148.18,74.00,195.52,-1,-1,-1,-1
139,3,2321.10,1233.80,84.20,184.70,-1,-1,-1,-1
139,4,2257.10,1211.50,84.80,184.10,-1,-1,-1,-1
139,5,2101.10,1141.30,88.70,170.90,-1,-1,-1,-1
139,6,1834.70,1044.20,59.40,183.20,-1,-1,-1,-1
140,1,1797.20,1109.40,90.10,197.80,-1,-1,-1,-1
140,2,2049.10,1144.25,76.19,198.15,-1,-1,-1,-1
140,3,2324.20,1230.30,90.30,186.00,-1,-1,-1,-1
140,4,2260.20,1208.40,82.60,177.00,-1,-1,-1,-1
140,5,2108.70,1140.40,81.10,168.80,-1,-1,-1,-1
140,6,1837.40,1045.70,58.20,181.70,-1,-1,-1,-1
141,1,1805.20,1115.30,83.90,193.00,-1,-1,-1,-1
141,2,2049.10,1139.88,79.70,200.72,-1,-1,-1,-1
141,3,2325.90,1229.00,99.10,185.60,-1,-1,-1,-1
141,4,2261.90,1208.40,79.20,167.60,-1,-1,-1,-1
141,5,2115.40,1133.40,74.40,169.70,-1,-1,-1,-1
141,6,1842.00,1047.50,56.90,179.90,-1,-1,-1,-1
142,1,1812.80,1118.60,76.30,189.70,-1,-1,-1,-1
142,2,2047.80,1134.20,82.70,202.50,-1,-1,-1,-1
142,3,2327.21,1225.50,114.39,186.90,-1,-1,-1,-1
142,4,2268.00,1204.90,76.20,164.50,-1,-1,-1,-1
142,5,2115.40,1128.20,74.40,165.80,-1,-1,-1,-1
142,6,1847.50,1047.50,49.90,179.90,-1,-1,-1,-1
143,1,1822.60,1119.70,67.60,188.60,-1,-1,-1,-1
143,2,2047.40,1128.08,83.54,205.12,-1,-1,-1,-1
143,3,2329.40,1223.30,124.40,187.80,-1,-1,-1,-1
143,4,2269.30,1202.70,78.00,164.50,-1,-1,-1,-1
143,5,2115.40,1124.90,74.40,159.40,-1,-1,-1,-1
143,6,1849.15,1047.50,48.05,178.10,-1,-1,-1,-1
144,1,1832.60,1119.70,58.70,188.90,-1,-1,-1,-1
144,2,2050.00,1123.27,79.19,207.73,-1,-1,-1,-1
144,3,2333.80,1222.00,129.20,185.60,-1,-1,-1,-1
144,4,2274.10,1200.50,79.80,166.90,-1,-1,-1,-1
144,5,2115.40,1118.20,74.40,163.10,-1,-1,-1,-1
144,6,1850.80,1047.50,46.20,176.30,-1,-1,-1,-1
145,1,1844.30,1118.30,52.50,190.30,-1,-1,-1,-1
145,2,2051.70,1118.46,75.74,196.34,-1,-1,-1,-1
145,3,2340.80,1218.90,129.20,183.50,-1,-1,-1,-1
145,4,2277.20,1197.40,74.50,170.00,-1,-1,-1,-1
145,5,2115.40,1115.10,73.20,163.50,-1,-1,-1,-1
145,6,1855.20,1047.50,45.40,176.30,-1,-1,-1,-1
146,1,1850.51,1118.19,48.80,191.50,-1,-1,-1,-1
146,2,2046.00,1114.53,80.56,188.07,-1,-1,-1,-1
146,3,2352.20,1218.90,124.80,180.40,-1,-1,-1,-1
146,4,2278.50,1194.30,69.70,173.10,-1,-1,-1,-1
146,5,2115.40,1110.80,70.30,162.00,-1,-1,-1,-1
146,6,1857.90,1047.20,46.30,176.60,-1,-1,-1,-1
147,1,1854.40,1115.00,51.90,194.10,-1,-1,-1,-1
147,2,2044.30,1112.78,80.52,174.92,-1,-1,-1,-1
147,3,2360.50,1218.50,120.90,177.70,-1,-1,-1,-1
147,4,2280.70,1189.10,64.00,177.90,-1,-1,-1,-1
147,5,2111.80,1109.00,71.70,156.10,-1,-1,-1,-1
147,6,1861.80,1047.80,46.30,176.00,-1,-1,-1,-1
148,1,1856.70,1114.70,62.70,195.50,-1,-1,-1,-1
148,2,2038.20,1107.53,83.99,168.37,-1,-1,-1,-1
148,3,2360.50,1216.30,127.00,176.80,-1,-1,-1,-1
148,4,2280.70,1184.30,64.00,178.30,-1,-1,-1,-1
148,5,2111.80,1108.60,68.40,149.60,-1,-1,-1,-1
148,6,1864.80,1047.20,46.60,176.60,-1,-1,-1,-1
149,1,1861.25,1115.00,66.65,195.70,-1,-1,-1,-1
149,2,2032.40,1102.67,89.19,166.53,-1,-1,-1,-1
149,3,2360.50,1215.00,136.60,175.10,-1,-1,-1,-1
149,4,2279.80,1181.90,65.80,173.50,-1,-1,-1,-1
149,5,2111.80,1106.00,64.40,152.80,-1,-1,-1,-1
149,6,1866.90,1046.90,45.40,176.90,-1,-1,-1,-1
150,1,1866.00,1115.40,63.00,197.80,-1,-1,-1,-1
150,2,2029.70,1099.30,88.85,167.20,-1,-1,-1,-1
150,3,2361.40,1210.20,150.60,175.90,-1,-1,-1,-1
150,4,2279.80,1176.00,63.80,174.20,-1,-1,-1,-1
150,5,2109.20,1106.50,62.30,152.00,-1,-1,-1,-1
150,6,1862.70,1044.50,64.80,178.60,-1,-1,-1,-1
151,1,1869.90,1117.60,58.73,200.50,-1,-1,-1,-1
151,2,2032.10,1093.57,84.93,171.73,-1,-1,-1,-1
151,3,2360.09,1205.40,159.30,175.45,-1,-1,-1,-1
151,4,2278.50,1171.60,65.40,173.40,-1,-1,-1,-1
151,5,2109.20,1102.60,57.70,156.00,-1,-1,-1,-1
151,6,1864.00,1048.00,71.00,173.40,-1,-1,-1,-1
152,1,1874.50,1119.30,54.70,202.60,-1,-1,-1,-1
152,2,2037.00,1087.49,80.03,176.91,-1,-1,-1,-1
152,3,2362.30,1205.40,165.80,175.45,-1,-1,-1,-1
152,4,2276.80,1166.30,68.00,171.30,-1,-1,-1,-1
152,5,2109.20,1099.60,55.70,158.35,-1,-1,-1,-1
152,6,1865.10,1049.80,69.50,171.70,-1,-1,-1,-1
153,1,1875.30,1120.00,54.30,206.40,-1,-1,-1,-1
153,2,2044.05,1083.20,70.30,181.20,-1,-1,-1,-1
153,3,2363.60,1201.50,169.70,182.00,-1,-1,-1,-1
153,4,2275.10,1163.20,69.70,166.50,-1,-1,-1,-1
153,5,2107.90,1098.80,60.00,160.40,-1,-1,-1,-1
153,6,1862.30,1049.80,72.30,172.60,-1,-1,-1,-1
154,1,1876.85,1121.40,51.45,206.70,-1,-1,-1,-1
154,2,2044.30,1079.20,69.30,185.20,-1,-1,-1,-1
154,3,2371.90,1198.90,166.60,184.60,-1,-1,-1,-1
154,4,2273.80,1160.10,71.00,161.30,-1,-1,-1,-1
154,5,2107.90,1095.00,60.00,162.70,-1,-1,-1,-1
154,6,1860.50,1050.20,75.00,171.90,-1,-1,-1,-1
155,1,1876.80,1123.50,51.80,205.80,-1,-1,-1,-1
155,2,2041.90,1074.60,70.80,189.20,-1,-1,-1,-1
155,3,2385.90,1199.40,152.60,184.10,-1,-1,-1,-1
155,4,2274.70,1158.30,68.80,157.40,-1,-1,-1,-1
155,5,2106.90,1091.20,61.00,165.70,-1,-1,-1,-1
155,6,1864.40,1048.00,73.20,177.20,-1,-1,-1,-1
156,1,1877.80,1123.50,50.80,205.60,-1,-1,-1,-1
156,2,2041.90,1072.50,70.20,191.30,-1,-1,-1,-1
156,3,2403.40,1197.40,135.10,186.10,-1,-1,-1,-1
156,4,2272.50,1157.00,70.10,153.90,-1,-1,-1,-1
156,5,2104.90,1087.60,63.00,163.20,-1,-1,-1,-1
156,6,1865.60,1049.20,71.40,172.90,-1,-1,-1,-1
157,1,1877.10,1124.20,51.70,204.70,-1,-1,-1,-1
157,2,2044.00,1069.50,67.20,193.10,-1,-1,-1,-1
157,3,2424.80,1194.40,113.70,188.30,-1,-1,-1,-1
157,4,2264.60,1157.00,76.30,151.70,-1,-1,-1,-1
157,5,2104.90,1081.80,63.00,165.00,-1,-1,-1,-1
157,6,1868.90,1047.40,68.10,173.80,-1,-1,-1,-1
158,1,1877.20,1124.20,51.90,204.90,-1,-1,-1,-1
158,2,2046.70,1066.80,64.50,190.40,-1,-1,-1,-1
158,3,2448.50,1192.00,90.00,189.30,-1,-1,-1,-1
158,4,2259.50,1157.00,78.80,149.70,-1,-1,-1,-1
158,5,2104.90,1079.50,63.00,165.00,-1,-1,-1,-1
158,6,1871.60,1047.40,64.80,172.90,-1,-1,-1,-1
159,1,1871.90,1124.20,57.80,204.90,-1,-1,-1,-1
159,2,2046.70,1062.55,63.30,186.95,-1,-1,-1,-1
159,3,2460.60,1190.00,78.80,190.00,-1,-1,-1,-1
159,4,2257.30,1159.20,78.40,144.60,-1,-1,-1,-1
159,5,2104.90,1076.70,62.20,164.30,-1,-1,-1,-1
159,6,1874.00,1047.40,62.40,172.90,-1,-1,-1,-1
160,1,1873.00,1123.80,60.60,205.30,-1,-1,-1,-1
160,2,2045.20,1057.70,63.90,183.30,-1,-1,-1,-1
160,3,2467.20,1188.03,75.26,190.17,-1,-1,-1,-1
160,4,2256.20,1161.70,75.50,141.40,-1,-1,-1,-1
160,5,2104.90,1072.70,60.20,162.70,-1,-1,-1,-1
160,6,1891.00,1046.50,46.30,172.60,-1,-1,-1,-1
161,1,1871.93,1123.34,61.00,205.80,-1,-1,-1,-1
161,2,2045.20,1057.90,63.90,178.40,-1,-1,-1,-1
161,3,2467.20,1186.30,75.26,191.90,-1,-1,-1,-1
161,4,2255.10,1162.45,78.95,140.65,-1,-1,-1,-1
161,5,2104.90,1074.60,60.20,160.80,-1,-1,-1,-1
161,6,1890.50,1047.10,46.80,172.00,-1,-1,-1,-1
162,1,1872.30,1125.00,63.70,204.30,-1,-1,-1,-1
162,2,2045.20,1052.80,63.90,178.80,-1,-1,-1,-1
162,3,2473.30,1188.40,77.90,190.70,-1,-1,-1,-1
162,4,2254.00,1163.20,82.40,139.90,-1,-1,-1,-1
162,5,2104.90,1073.40,58.40,156.40,-1,-1,-1,-1
162,6,1891.30,1045.90,46.00,173.20,-1,-1,-1,-1
163,1,1874.70,1124.60,64.50,204.40,-1,-1,-1,-1
163,2,2045.20,1047.30,62.40,175.20,-1,-1,-1,-1
163,3,2479.90,1188.10,82.20,201.50,-1,-1,-1,-1
163,4,2254.00,1165.00,98.40,138.10,-1,-1,-1,-1
163,5,2101.60,1069.80,58.70,154.20,-1,-1,-1,-1
163,6,1894.00,1048.40,43.30,170.70,-1,-1,-1,-1
164,1,1878.60,1123.90,62.90,204.40,-1,-1,-1,-1
164,2,2045.20,1042.40,62.40,168.90,-1,-1,-1,-1
164,3,2484.70,1189.80,91.40,203.60,-1,-1,-1,-1
164,4,2253.60,1163.20,112.60,139.90,-1,-1,-1,-1
164,5,2100.59,1066.26,58.21,154.20,-1,-1,-1,-1
164,6,1894.00,1048.30,43.30,170.80,-1,-1,-1,-1
165,1,1878.50,1124.80,64.80,203.40,-1,-1,-1,-1
165,2,2044.30,1038.90,64.30,163.30,-1,-1,-1,-1
165,3,2489.50,1192.00,97.50,203.80,-1,-1,-1,-1
165,4,2254.00,1160.70,121.30,143.20,-1,-1,-1,-1
165,5,2100.59,1067.50,56.41,151.20,-1,-1,-1,-1
165,6,1896.10,1048.60,47.00,170.50,-1,-1,-1,-1
166,1,1875.90,1126.10,70.20,201.70,-1,-1,-1,-1
166,2,2044.30,1035.40,66.30,161.90,-1,-1,-1,-1
166,3,2493.00,1196.40,99.20,200.60,-1,-1,-1,-1
166,4,2255.80,1156.50,119.50,147.20,-1,-1,-1,-1
166,5,2102.60,1068.50,55.70,150.20,-1,-1,-1,-1
166,6,1897.60,1048.60,49.70,170.50,-1,-1,-1,-1
167,1,1874.90,1131.70,74.50,194.80,-1,-1,-1,-1
167,2,2046.30,1032.40,66.10,162.40,-1,-1,-1,-1
167,3,2497.80,1199.50,101.40,198.10,-1,-1,-1,-1
167,4,2260.20,1153.40,115.80,151.00,-1,-1,-1,-1
167,5,2102.60,1067.70,56.70,150.70,-1,-1,-1,-1
167,6,1898.80,1049.40,51.90,169.70,-1,-1,-1,-1
168,1,1874.50,1133.70,77.90,192.00,-1,-1,-1,-1
168,2,2046.20,1032.10,67.50,160.40,-1,-1,-1,-1
168,3,2500.42,1198.19,103.98,199.31,-1,-1,-1,-1
168,4,2262.70,1147.50,121.10,156.90,-1,-1,-1,-1
168,5,2102.60,1069.80,57.30,148.70,-1,-1,-1,-1
168,6,1899.55,1049.80,51.15,169.30,-1,-1,-1,-1
169,1,1875.20,1139.90,82.00,186.90,-1,-1,-1,-1
169,2,2046.50,1032.80,67.20,158.30,-1,-1,-1,-1
169,3,2505.60,1196.20,103.20,200.80,-1,-1,-1,-1
169,4,2264.40,1135.00,137.30,169.40,-1,-1,-1,-1
169,5,2102.60,1070.80,58.80,147.60,-1,-1,-1,-1
169,6,1900.30,1050.20,50.40,168.90,-1,-1,-1,-1
170,1,1874.57,1142.03,88.13,184.80,-1,-1,-1,-1
170,2,2046.40,1032.86,80.50,159.44,-1,-1,-1,-1
170,3,2511.40,1193.60,97.40,201.20,-1,-1,-1,-1
170,4,2267.90,1124.30,147.80,180.10,-1,-1,-1,-1
170,5,2102.60,1070.00,57.50,145.20,-1,-1,-1,-1
170,6,1900.30,1050.90,48.60,168.20,-1,-1,-1,-1
171,1,1874.60,1144.70,99.40,182.80,-1,-1,-1,-1
171,2,2046.50,1033.40,83.20,158.86,-1,-1,-1,-1
171,3,2514.50,1192.50,96.50,198.40,-1,-1,-1,-1
171,4,2274.50,1114.90,142.90,189.50,-1,-1,-1,-1
171,5,2102.60,1069.20,58.10,142.60,-1,-1,-1,-1
171,6,1900.90,1051.50,48.50,177.90,-1,-1,-1,-1
172,1,1875.20,1144.30,111.80,184.70,-1,-1,-1,-1
172,2,2045.90,1032.65,84.01,160.40,-1,-1,-1,-1
172,3,2518.00,1188.80,93.00,198.50,-1,-1,-1,-1
172,4,2281.90,1103.50,138.60,199.20,-1,-1,-1,-1
172,5,2102.60,1068.00,57.00,143.60,-1,-1,-1,-1
172,6,1901.50,1051.90,47.40,179.30,-1,-1,-1,-1
173,1,1875.90,1145.40,124.40,184.00,-1,-1,-1,-1
173,2,2045.00,1031.60,84.70,159.00,-1,-1,-1,-1
173,3,2521.10,1184.20,89.90,198.80,-1,-1,-1,-1
173,4,2291.50,1103.50,136.00,199.90,-1,-1,-1,-1
173,5,2102.60,1065.30,57.00,146.30,-1,-1,-1,-1
173,6,1903.30,1051.50,44.10,179.70,-1,-1,-1,-1
174,1,1876.80,1145.40,131.60,186.20,-1,-1,-1,-1
174,2,2043.70,1029.80,86.00,159.80,-1,-1,-1,-1
174,3,2522.40,1184.00,88.60,194.90,-1,-1,-1,-1
174,4,2295.40,1110.50,131.70,194.80,-1,-1,-1,-1
174,5,2098.60,1063.70,58.70,147.90,-1,-1,-1,-1
174,6,1903.30,1053.00,41.40,178.20,-1,-1,-1,-1
175,1,1881.80,1145.40,134.60,185.80,-1,-1,-1,-1
175,2,2045.50,1027.50,84.20,160.60,-1,-1,-1,-1
175,3,2527.20,1179.70,84.50,193.90,-1,-1,-1,-1
175,4,2300.20,1118.80,128.60,190.10,-1,-1,-1,-1
175,5,2095.60,1063.40,60.70,148.20,-1,-1,-1,-1
175,6,1904.80,1053.80,38.40,177.40,-1,-1,-1,-1
176,1,1892.30,1147.10,131.30,187.00,-1,-1,-1,-1
176,2,2050.30,1024.20,84.90,160.60,-1,-1,-1,-1
176,3,2528.90,1175.50,81.70,191.30,-1,-1,-1,-1
176,4,2303.50,1123.60,120.50,189.20,-1,-1,-1,-1
176,5,2089.50,1062.10,66.00,149.50,-1,-1,-1,-1
176,6,1904.80,1054.50,37.80,179.70,-1,-1,-1,-1
177,1,1903.20,1148.30,120.80,188.20,-1,-1,-1,-1
177,2,2053.80,1019.39,84.70,163.61,-1,-1,-1,-1
177,3,2533.70,1173.70,80.00,185.70,-1,-1,-1,-1
177,4,2306.35,1125.30,112.45,193.50,-1,-1,-1,-1
177,5,2089.50,1062.10,64.20,149.50,-1,-1,-1,-1
177,6,1904.35,1053.50,37.80,180.55,-1,-1,-1,-1
178,1,1914.80,1151.00,110.70,186.10,-1,-1,-1,-1
178,2,2060.30,1013.57,85.00,168.13,-1,-1,-1,-1
178,3,2535.40,1171.50,78.80,184.80,-1,-1,-1,-1
178,4,2307.20,1128.40,115.50,195.70,-1,-1,-1,-1
178,5,2090.00,1062.10,62.40,148.70,-1,-1,-1,-1
178,6,1903.89,1055.00,37.80,178.90,-1,-1,-1,-1
179,1,1930.90,1153.40,103.60,184.20,-1,-1,-1,-1
179,2,2070.50,1008.01,74.00,170.99,-1,-1,-1,-1
179,3,2536.30,1170.70,79.90,182.80,-1,-1,-1,-1
179,4,2307.60,1132.70,120.80,196.90,-1,-1,-1,-1
179,5,2090.00,1062.10,62.00,146.20,-1,-1,-1,-1
179,6,1904.50,1055.00,37.19,178.90,-1,-1,-1,-1
180,1,1948.80,1154.90,94.50,182.80,-1,-1,-1,-1
180,2,2079.29,1003.01,72.84,169.85,-1,-1,-1,-1
180,3,2538.50,1172.20,76.90,181.30,-1,-1,-1,-1
180,4,2308.90,1138.40,123.40,198.00,-1,-1,-1,-1
180,5,2087.00,1059.80,63.90,144.70,-1,-1,-1,-1
180,6,1906.00,1055.00,37.80,178.60,-1,-1,-1,-1
181,1,1967.90,1154.90,83.40,183.20,-1,-1,-1,-1
181,2,2091.00,999.65,69.20,165.20,-1,-1,-1,-1
181,3,2539.80,1172.50,76.90,180.30,-1,-1,-1,-1
181,4,2310.60,1146.90,125.90,196.90,-1,-1,-1,-1
181,5,2082.90,1061.30,68.60,140.00,-1,-1,-1,-1
181,6,1905.10,1055.00,39.90,178.60,-1,-1,-1,-1
182,1,1976.30,1156.10,82.50,181.70,-1,-1,-1,-1
182,2,2099.60,997.37,64.10,159.93,-1,-1,-1,-1
182,3,2542.00,1176.00,74.70,177.00,-1,-1,-1,-1
182,4,2315.80,1155.00,125.20,198.90,-1,-1,-1,-1
182,5,2079.90,1059.50,71.25,137.50,-1,-1,-1,-1
182,6,1905.10,1055.00,40.80,179.20,-1,-1,-1,-1
183,1,1977.00,1155.50,90.20,182.00,-1,-1,-1,-1
183,2,2102.90,995.60,66.10,160.70,-1,-1,-1,-1
183,3,2542.00,1178.60,76.50,174.20,-1,-1,-1,-1
183,4,2324.94,1163.30,119.10,193.70,-1,-1,-1,-1
183,5,2076.90,1056.00,73.70,141.00,-1,-1,-1,-1
183,6,1905.10,1055.00,42.00,179.20,-1,-1,-1,-1
184,1,1977.50,1154.00,101.90,183.40,-1,-1,-1,-1
184,2,2113.80,995.60,63.80,156.10,-1,-1,-1,-1
184,3,2541.60,1180.30,77.30,172.50,-1,-1,-1,-1
184,4,2339.40,1169.80,112.10,187.60,-1,-1,-1,-1
184,5,2076.90,1054.00,70.30,143.40,-1,-1,-1,-1
184,6,1905.10,1055.00,43.00,179.50,-1,-1,-1,-1
185,1,1980.70,1151.40,122.70,186.20,-1,-1,-1,-1
185,2,2120.40,996.61,70.90,154.49,-1,-1,-1,-1
185,3,2540.30,1182.90,79.50,169.90,-1,-1,-1,-1
185,4,2356.80,1174.30,116.60,183.10,-1,-1,-1,-1
185,5,2076.90,1050.20,69.70,147.20,-1,-1,-1,-1
185,6,1905.10,1054.40,45.60,180.10,-1,-1,-1,-1
186,1,1987.40,1149.70,137.40,187.20,-1,-1,-1,-1
186,2,2128.50,999.10,75.70,152.80,-1,-1,-1,-1
186,3,2541.60,1182.10,78.60,170.70,-1,-1,-1,-1
186,4,2373.40,1175.50,121.90,181.90,-1,-1,-1,-1
186,5,2076.90,1047.20,69.70,149.80,-1,-1,-1,-1
186,6,1905.10,1054.40,45.30,180.10,-1,-1,-1,-1
187,1,1998.40,1149.70,141.90,185.40,-1,-1,-1,-1
187,2,2131.50,1000.90,78.80,152.80,-1,-1,-1,-1
187,3,2544.20,1179.30,74.70,173.50,-1,-1,-1,-1
187,4,2375.10,1175.80,128.50,181.20,-1,-1,-1,-1
187,5,2078.40,1045.20,70.30,149.30,-1,-1,-1,-1
187,6,1906.60,1054.00,45.60,180.50,-1,-1,-1,-1
188,1,2011.24,1149.70,136.26,183.40,-1,-1,-1,-1
188,2,2130.20,1004.70,84.10,149.50,-1,-1,-1,-1
188,3,2549.90,1174.30,69.00,178.50,-1,-1,-1,-1
188,4,2372.90,1173.10,138.50,185.20,-1,-1,-1,-1
188,5,2078.40,1042.80,70.60,147.60,-1,-1,-1,-1
188,6,1906.60,1052.30,47.40,182.20,-1,-1,-1,-1
189,1,2027.70,1150.70,121.00,182.30,-1,-1,-1,-1
189,2,2131.70,1008.00,93.70,144.40,-1,-1,-1,-1
189,3,2548.60,1166.90,68.10,185.90,-1,-1,-1,-1
189,4,2371.60,1167.60,153.80,189.40,-1,-1,-1,-1
189,5,2079.30,1039.30,71.90,141.35,-1,-1,-1,-1
189,6,1906.60,1050.20,49.20,184.30,-1,-1,-1,-1
190,1,2046.00,1151.70,103.00,181.20,-1,-1,-1,-1
190,2,2131.45,1010.80,100.25,141.60,-1,-1,-1,-1
190,3,2547.70,1159.10,68.10,194.10,-1,-1,-1,-1
190,4,2371.60,1161.90,172.20,194.00,-1,-1,-1,-1
190,5,2079.30,1038.20,73.70,142.45,-1,-1,-1,-1
190,6,1909.30,1050.30,48.60,184.20,-1,-1,-1,-1
191,1,2056.60,1151.70,93.00,183.30,-1,-1,-1,-1
191,2,2133.20,1012.60,108.10,142.80,-1,-1,-1,-1
191,3,2549.40,1148.10,65.50,203.90,-1,-1,-1,-1
191,4,2374.20,1156.25,168.70,198.15,-1,-1,-1,-1
191,5,2079.30,1035.20,77.30,145.45,-1,-1,-1,-1
191,6,1911.40,1049.00,47.40,184.40,-1,-1,-1,-1
192,1,2072.40,1151.90,76.20,188.30,-1,-1,-1,-1
192,2,2135.61,1012.71,105.00,144.60,-1,-1,-1,-1
192,3,2553.80,1128.00,64.10,222.70,-1,-1,-1,-1
192,4,2374.60,1144.10,170.40,204.20,-1,-1,-1,-1
192,5,2079.30,1032.50,83.40,148.15,-1,-1,-1,-1
192,6,1913.20,1049.00,47.40,182.70,-1,-1,-1,-1
193,1,2084.90,1151.90,66.70,192.80,-1,-1,-1,-1
193,2,2137.28,1014.60,104.72,142.60,-1,-1,-1,-1
193,3,2554.67,1106.10,67.23,237.10,-1,-1,-1,-1
193,4,2376.80,1135.30,173.10,207.00,-1,-1,-1,-1
193,5,2079.30,1030.70,87.60,145.40,-1,-1,-1,-1
193,6,1916.80,1047.80,43.80,181.00,-1,-1,-1,-1
194,1,2100.30,1151.90,61.40,193.80,-1,-1,-1,-1
194,2,2139.00,1015.60,103.00,142.90,-1,-1,-1,-1
194,3,2546.80,1097.30,76.60,240.70,-1,-1,-1,-1
194,4,2376.80,1130.00,177.00,206.50,-1,-1,-1,-1
194,5,2079.30,1028.30,90.30,141.10,-1,-1,-1,-1
194,6,1919.80,1047.30,43.50,180.60,-1,-1,-1,-1
195,1,2106.30,1151.20,80.10,196.60,-1,-1,-1,-1
195,2,2147.30,1017.10,94.70,141.00,-1,-1,-1,-1
195,3,2543.73,1082.43,80.07,250.30,-1,-1,-1,-1
195,4,2375.50,1126.90,178.70,205.20,-1,-1,-1,-1
195,5,2079.30,1026.20,90.90,148.60,-1,-1,-1,-1
195,6,1921.60,1046.60,45.60,178.00,-1,-1,-1,-1
196,1,2112.80,1152.40,91.50,196.20,-1,-1,-1,-1
196,2,2156.90,1018.10,84.60,139.90,-1,-1,-1,-1
196,3,2546.30,1078.90,76.90,251.20,-1,-1,-1,-1
196,4,2369.80,1125.20,187.90,206.50,-1,-1,-1,-1
196,5,2081.70,1025.10,93.70,151.90,-1,-1,-1,-1
196,6,1920.40,1045.80,48.30,178.80,-1,-1,-1,-1
197,1,2119.40,1153.90,94.60,195.80,-1,-1,-1,-1
197,2,2167.80,1018.10,74.30,140.20,-1,-1,-1,-1
197,3,2552.90,1071.90,69.90,256.00,-1,-1,-1,-1
197,4,2368.10,1120.90,188.30,210.40,-1,-1,-1,-1
197,5,2083.20,1024.10,94.30,152.60,-1,-1,-1,-1
197,6,1921.00,1044.80,49.20,178.00,-1,-1,-1,-1
198,1,2122.60,1156.90,93.40,198.00,-1,-1,-1,-1
198,2,2168.30,1017.59,73.50,144.01,-1,-1,-1,-1
198,3,2561.20,1070.60,61.60,256.00,-1,-1,-1,-1
198,4,2368.10,1119.10,189.60,212.60,-1,-1,-1,-1
198,5,2085.90,1024.70,99.80,152.60,-1,-1,-1,-1
198,6,1921.30,1044.50,53.50,176.50,-1,-1,-1,-1
199,1,2126.20,1159.00,90.30,195.80,-1,-1,-1,-1
199,2,2169.60,1016.40,71.70,148.50,-1,-1,-1,-1
199,3,2565.10,1071.00,57.70,254.70,-1,-1,-1,-1
199,4,2371.20,1120.60,182.20,210.90,-1,-1,-1,-1
199,5,2088.30,1025.90,101.60,151.40,-1,-1,-1,-1
199,6,1921.30,1044.50,61.70,174.70,-1,-1,-1,-1
200,1,2128.30,1162.70,88.80,191.60,-1,-1,-1,-1
200,2,2168.30,1015.50,73.30,152.20,-1,-1,-1,-1
200,3,2565.50,1075.00,57.70,249.40,-1,-1,-1,-1
200,4,2378.20,1119.10,176.00,212.20,-1,-1,-1,-1
200,5,2090.10,1026.20,104.70,148.70,-1,-1,-1,-1
200,6,1921.30,1044.80,67.50,172.90,-1,-1,-1,-1
201,1,2128.90,1161.70,87.90,191.80,-1,-1,-1,-1
201,2,2166.02,1015.29,75.78,155.21,-1,-1,-1,-1
201,3,2561.10,1081.50,62.10,244.20,-1,-1,-1,-1
201,4,2389.10,1116.10,167.80,215.60,-1,-1,-1,-1
201,5,2089.20,1026.20,108.00,149.00,-1,-1,-1,-1
201,6,1920.40,1045.40,72.04,170.20,-1,-1,-1,-1
202,1,2126.97,1158.90,89.53,195.20,-1,-1,-1,-1
202,2,2165.00,1016.60,76.30,156.90,-1,-1,-1,-1
202,3,2557.20,1095.10,66.90,231.90,-1,-1,-1,-1
202,4,2400.40,1114.30,158.60,216.10,-1,-1,-1,-1
202,5,2089.70,1025.15,106.75,149.65,-1,-1,-1,-1
202,6,1921.31,1045.10,75.10,171.20,-1,-1,-1,-1
203,1,2122.20,1154.30,94.00,197.90,-1,-1,-1,-1
203,2,2164.75,1017.10,76.55,161.00,-1,-1,-1,-1
203,3,2555.45,1109.07,67.80,220.53,-1,-1,-1,-1
203,4,2411.90,1112.20,150.80,218.20,-1,-1,-1,-1
203,5,2090.70,1024.10,105.00,146.80,-1,-1,-1,-1
203,6,1921.31,1047.10,73.59,168.20,-1,-1,-1,-1
204,1,2120.40,1150.70,97.00,199.80,-1,-1,-1,-1
204,2,2165.30,1018.12,80.00,164.28,-1,-1,-1,-1
204,3,2553.30,1123.00,69.95,208.30,-1,-1,-1,-1
204,4,2424.70,1106.40,139.60,223.30,-1,-1,-1,-1
204,5,2090.70,1023.80,105.00,147.10,-1,-1,-1,-1
204,6,1921.60,1047.50,74.50,167.79,-1,-1,-1,-1
205,1,2118.30,1146.30,97.90,202.40,-1,-1,-1,-1
205,2,2165.30,1020.60,82.80,163.80,-1,-1,-1,-1
205,3,2551.10,1138.40,72.60,195.00,-1,-1,-1,-1
205,4,2435.20,1105.40,131.60,223.60,-1,-1,-1,-1
205,5,2090.70,1022.40,105.00,148.50,-1,-1,-1,-1
205,6,1924.00,1048.30,70.60,165.80,-1,-1,-1,-1
206,1,2116.80,1142.70,100.00,205.90,-1,-1,-1,-1
206,2,2165.30,1020.60,83.80,164.80,-1,-1,-1,-1
206,3,2551.10,1145.80,72.60,187.60,-1,-1,-1,-1
206,4,2437.30,1105.40,131.10,223.60,-1,-1,-1,-1
206,5,2087.70,1021.10,108.00,146.50,-1,-1,-1,-1
206,6,1924.30,1047.80,71.80,166.30,-1,-1,-1,-1
207,1,2113.87,1139.40,101.90,202.86,-1,-1,-1,-1
207,2,2168.30,1022.40,80.50,164.40,-1,-1,-1,-1
207,3,2551.10,1151.50,72.60,183.40,-1,-1,-1,-1
207,4,2436.30,1104.40,135.20,223.70,-1,-1,-1,-1
207,5,2087.10,1019.00,108.60,144.70,-1,-1,-1,-1
207,6,1926.40,1047.80,67.60,166.30,-1,-1,-1,-1
208,1,2112.70,1139.10,102.10,196.00,-1,-1,-1,-1
208,2,2169.60,1023.40,78.90,162.80,-1,-1,-1,-1
208,3,2552.40,1156.70,76.50,177.10,-1,-1,-1,-1
208,4,2436.30,1105.40,137.30,222.70,-1,-1,-1,-1
208,5,2085.00,1018.70,110.70,141.00,-1,-1,-1,-1
208,6,1927.30,1047.80,66.70,166.30,-1,-1,-1,-1
209,1,2110.30,1137.60,101.20,190.90,-1,-1,-1,-1
209,2,2171.90,1023.40,83.70,164.00,-1,-1,-1,-1
209,3,2552.40,1152.30,67.80,181.90,-1,-1,-1,-1
209,4,2436.30,1101.90,139.90,226.20,-1,-1,-1,-1
209,5,2085.80,1020.00,113.80,141.00,-1,-1,-1,-1
209,6,1930.90,1047.20,64.90,166.90,-1,-1,-1,-1
210,1,2110.00,1137.30,94.90,191.40,-1,-1,-1,-1
210,2,2176.10,1024.50,85.20,163.00,-1,-1,-1,-1
210,3,2551.53,1146.60,71.27,187.60,-1,-1,-1,-1
210,4,2436.30,1099.60,142.50,228.50,-1,-1,-1,-1
210,5,2088.80,1020.50,112.90,139.30,-1,-1,-1,-1
210,6,1932.10,1047.20,62.20,166.90,-1,-1,-1,-1
211,1,2106.50,1136.00,90.30,193.00,-1,-1,-1,-1
211,2,2178.60,1024.60,82.70,162.50,-1,-1,-1,-1
211,3,2551.53,1142.20,74.37,191.20,-1,-1,-1,-1
211,4,2436.30,1099.60,147.20,228.50,-1,-1,-1,-1
211,5,2089.40,1024.30,112.30,135.50,-1,-1,-1,-1
211,6,1935.10,1047.20,62.50,166.90,-1,-1,-1,-1
212,1,2103.40,1132.90,82.90,195.00,-1,-1,-1,-1
212,2,2178.30,1024.70,76.60,162.30,-1,-1,-1,-1
212,3,2549.30,1137.80,79.70,193.40,-1,-1,-1,-1
212,4,2436.30,1103.80,149.80,224.30,-1,-1,-1,-1
212,5,2092.50,1024.30,109.20,135.50,-1,-1,-1,-1
212,6,1936.60,1046.50,67.40,167.60,-1,-1,-1,-1
213,1,2097.00,1131.70,87.50,196.90,-1,-1,-1,-1
213,2,2181.60,1024.50,68.40,169.80,-1,-1,-1,-1
213,3,2545.40,1135.60,86.70,194.40,-1,-1,-1,-1
213,4,2437.30,1104.90,154.10,223.20,-1,-1,-1,-1
213,5,2097.11,1026.50,104.80,133.93,-1,-1,-1,-1
213,6,1936.60,1045.70,70.10,168.40,-1,-1,-1,-1
214,1,2095.60,1126.80,85.30,200.40,-1,-1,-1,-1
214,2,2179.50,1024.30,70.50,175.60,-1,-1,-1,-1
214,3,2541.50,1133.90,94.10,194.20,-1,-1,-1,-1
214,4,2439.40,1109.71,153.11,217.40,-1,-1,-1,-1
214,5,2100.20,1026.50,101.50,133.30,-1,-1,-1,-1
214,6,1937.80,1045.70,70.70,168.40,-1,-1,-1,-1
215,1,2088.80,1123.20,87.30,202.20,-1,-1,-1,-1
215,2,2176.50,1025.10,74.40,180.60,-1,-1,-1,-1
215,3,2534.90,1133.20,102.90,194.90,-1,-1,-1,-1
215,4,2442.26,1118.73,152.50,208.00,-1,-1,-1,-1
215,5,2101.10,1026.80,96.70,133.00,-1,-1,-1,-1
215,6,1936.60,1045.70,76.20,168.40,-1,-1,-1,-1
216,1,2083.10,1119.60,88.10,204.10,-1,-1,-1,-1
216,2,2175.30,1026.60,74.70,183.30,-1,-1,-1,-1
216,3,2527.00,1134.50,112.50,194.90,-1,-1,-1,-1
216,4,2447.70,1126.90,145.20,193.30,-1,-1,-1,-1
216,5,2101.70,1027.80,97.60,132.00,-1,-1,-1,-1
216,6,1936.60,1045.70,76.50,168.40,-1,-1,-1,-1
217,1,2078.80,1118.90,89.50,193.10,-1,-1,-1,-1
217,2,2173.70,1027.02,75.10,187.78,-1,-1,-1,-1
217,3,2520.90,1136.30,124.70,194.80,-1,-1,-1,-1
217,4,2451.80,1128.70,139.00,185.70,-1,-1,-1,-1
217,5,2102.30,1028.20,98.50,131.60,-1,-1,-1,-1
217,6,1936.60,1044.80,78.60,169.30,-1,-1,-1,-1
218,1,2074.50,1116.50,85.10,188.00,-1,-1,-1,-1
218,2,2171.10,1030.40,74.10,185.50,-1,-1,-1,-1
218,3,2520.90,1140.40,131.30,194.10,-1,-1,-1,-1
218,4,2459.10,1125.90,129.60,182.70,-1,-1,-1,-1
218,5,2102.30,1028.70,99.40,131.10,-1,-1,-1,-1
218,6,1936.60,1044.60,77.40,169.50,-1,-1,-1,-1
219,1,2070.00,1114.50,78.40,183.90,-1,-1,-1,-1
219,2,2171.40,1032.10,67.10,184.60,-1,-1,-1,-1
219,3,2513.00,1144.90,144.40,195.00,-1,-1,-1,-1
219,4,2468.00,1122.20,118.60,179.60,-1,-1,-1,-1
219,5,2104.40,1027.40,97.30,132.40,-1,-1,-1,-1
219,6,1936.60,1043.30,77.10,170.80,-1,-1,-1,-1
220,1,2063.00,1113.60,71.70,182.50,-1,-1,-1,-1
220,2,2171.70,1032.40,62.90,183.70,-1,-1,-1,-1
220,3,2513.00,1150.40,152.70,189.90,-1,-1,-1,-1
220,4,2478.20,1119.80,105.80,180.40,-1,-1,-1,-1
220,5,2104.40,1026.50,95.80,133.30,-1,-1,-1,-1
220,6,1935.10,1043.30,78.60,170.80,-1,-1,-1,-1
221,1,2057.50,1111.70,76.50,178.00,-1,-1,-1,-1
221,2,2170.29,1033.50,57.70,182.40,-1,-1,-1,-1
221,3,2513.00,1156.20,157.90,185.40,-1,-1,-1,-1
221,4,2486.80,1116.90,94.30,183.30,-1,-1,-1,-1
221,5,2103.50,1026.50,95.80,142.80,-1,-1,-1,-1
221,6,1935.10,1041.50,76.20,172.60,-1,-1,-1,-1
222,1,2049.70,1108.70,84.30,178.20,-1,-1,-1,-1
222,2,2166.30,1032.40,57.30,183.50,-1,-1,-1,-1
222,3,2513.00,1163.20,158.70,177.10,-1,-1,-1,-1
222,4,2495.70,1114.80,84.60,185.40,-1,-1,-1,-1
222,5,2098.30,1026.20,99.79,143.60,-1,-1,-1,-1
222,6,1935.10,1041.50,72.60,172.60,-1,-1,-1,-1
223,1,2040.20,1105.00,92.70,179.10,-1,-1,-1,-1
223,2,2160.20,1032.50,58.50,183.40,-1,-1,-1,-1
223,3,2515.20,1169.00,156.70,171.30,-1,-1,-1,-1
223,4,2501.50,1113.40,76.70,186.80,-1,-1,-1,-1
223,5,2093.20,1026.20,100.63,143.90,-1,-1,-1,-1
223,6,1935.10,1040.00,70.80,173.20,-1,-1,-1,-1
224,1,2032.10,1100.80,99.10,179.40,-1,-1,-1,-1
224,2,2149.00,1030.70,64.20,185.20,-1,-1,-1,-1
224,3,2517.59,1169.48,155.80,172.30,-1,-1,-1,-1
224,4,2505.70,1112.30,70.90,187.90,-1,-1,-1,-1
224,5,2086.50,1026.50,103.10,143.60,-1,-1,-1,-1
224,6,1935.10,1039.10,69.60,173.80,-1,-1,-1,-1
225,1,2016.30,1095.70,108.40,182.70,-1,-1,-1,-1
225,2,2144.70,1029.10,61.50,186.50,-1,-1,-1,-1
225,3,2524.80,1165.40,147.10,174.90,-1,-1,-1,-1
225,4,2508.30,1109.10,68.30,191.10,-1,-1,-1,-1
225,5,2091.40,1026.20,91.50,143.90,-1,-1,-1,-1
225,6,1934.80,1038.20,66.30,173.20,-1,-1,-1,-1
226,1,2000.90,1094.40,116.30,181.10,-1,-1,-1,-1
226,2,2140.50,1026.97,62.70,188.63,-1,-1,-1,-1
226,3,2534.40,1163.00,135.30,177.30,-1,-1,-1,-1
226,4,2511.40,1111.50,64.20,188.70,-1,-1,-1,-1
226,5,2091.40,1026.20,72.40,146.30,-1,-1,-1,-1
226,6,1934.80,1037.90,63.60,172.60,-1,-1,-1,-1
227,1,1994.20,1091.80,112.50,178.00,-1,-1,-1,-1
227,2,2136.20,1027.00,66.40,188.60,-1,-1,-1,-1
227,3,2543.60,1158.50,126.10,181.80,-1,-1,-1,-1
227,4,2513.00,1112.40,62.60,186.20,-1,-1,-1,-1
227,5,2069.20,1027.40,85.50,150.60,-1,-1,-1,-1
227,6,1934.80,1035.20,61.80,175.30,-1,-1,-1,-1
228,1,1993.50,1090.00,98.10,176.50,-1,-1,-1,-1
228,2,2135.00,1026.10,66.70,189.50,-1,-1,-1,-1
228,3,2542.70,1154.40,121.80,185.90,-1,-1,-1,-1
228,4,2512.50,1112.00,63.10,186.10,-1,-1,-1,-1
228,5,2066.20,1027.40,79.10,155.50,-1,-1,-1,-1
228,6,1934.80,1035.80,58.80,172.30,-1,-1,-1,-1
229,1,1988.30,1089.30,86.70,176.90,-1,-1,-1,-1
229,2,2131.70,1026.00,69.10,189.60,-1,-1,-1,-1
229,3,2541.40,1151.90,117.40,188.40,-1,-1,-1,-1
229,4,2512.50,1112.80,63.10,183.70,-1,-1,-1,-1
229,5,2062.30,1027.60,83.00,159.80,-1,-1,-1,-1
229,6,1934.80,1035.80,57.30,169.90,-1,-1,-1,-1
230,1,1971.63,1088.50,85.47,177.10,-1,-1,-1,-1
230,2,2127.80,1025.80,72.10,189.50,-1,-1,-1,-1
230,3,2541.40,1150.10,112.20,186.50,-1,-1,-1,-1
230,4,2517.20,1111.80,58.40,182.20,-1,-1,-1,-1
230,5,2059.87,1028.90,83.00,161.90,-1,-1,-1,-1
230,6,1934.80,1034.00,53.70,171.70,-1,-1,-1,-1
231,1,1959.20,1087.40,80.00,177.80,-1,-1,-1,-1
231,2,2127.80,1024.60,70.00,189.80,-1,-1,-1,-1
231,3,2540.10,1149.60,106.90,188.10,-1,-1,-1,-1
231,4,2522.90,1109.10,52.70,182.70,-1,-1,-1,-1
231,5,2059.87,1026.80,83.00,167.90,-1,-1,-1,-1
231,6,1934.80,1034.00,50.40,171.70,-1,-1,-1,-1
232,1,1949.20,1083.00,75.30,181.20,-1,-1,-1,-1
232,2,2127.20,1023.69,67.90,189.80,-1,-1,-1,-1
232,3,2540.10,1147.90,97.70,189.40,-1,-1,-1,-1
232,4,2526.00,1108.60,49.60,181.10,-1,-1,-1,-1
232,5,2058.70,1028.60,84.17,166.10,-1,-1,-1,-1
232,6,1934.80,1034.00,50.40,166.20,-1,-1,-1,-1
233,1,1943.80,1078.60,78.60,185.60,-1,-1,-1,-1
233,2,2126.59,1022.90,64.90,189.50,-1,-1,-1,-1
233,3,2540.10,1148.70,85.10,188.60,-1,-1,-1,-1
233,4,2523.40,1106.80,52.20,180.80,-1,-1,-1,-1
233,5,2058.70,1029.50,83.00,165.20,-1,-1,-1,-1
233,6,1934.80,1034.00,51.30,165.90,-1,-1,-1,-1
234,1,1937.50,1073.80,80.70,190.00,-1,-1,-1,-1
234,2,2125.40,1022.00,64.00,188.90,-1,-1,-1,-1
234,3,2540.10,1147.00,73.70,190.30,-1,-1,-1,-1
234,4,2525.00,1105.20,50.60,179.80,-1,-1,-1,-1
234,5,2061.70,1029.90,78.20,165.80,-1,-1,-1,-1
234,6,1934.80,1034.10,51.30,163.40,-1,-1,-1,-1
235,1,1916.40,1070.60,91.80,192.00,-1,-1,-1,-1
235,2,2125.40,1020.40,60.40,187.80,-1,-1,-1,-1
235,3,2540.10,1145.60,60.10,191.70,-1,-1,-1,-1
235,4,2520.80,1103.40,54.80,181.60,-1,-1,-1,-1
235,5,2061.70,1030.40,75.80,164.90,-1,-1,-1,-1
235,6,1934.80,1033.60,58.20,171.60,-1,-1,-1,-1
236,1,1901.80,1066.10,95.40,190.10,-1,-1,-1,-1
236,2,2125.40,1018.90,54.30,187.20,-1,-1,-1,-1
236,3,2534.90,1143.20,47.40,194.10,-1,-1,-1,-1
236,4,2517.70,1103.00,57.90,179.40,-1,-1,-1,-1
236,5,2067.50,1030.30,65.10,165.40,-1,-1,-1,-1
236,6,1940.30,1033.50,52.70,171.70,-1,-1,-1,-1
237,1,1891.30,1064.90,91.60,184.40,-1,-1,-1,-1
237,2,2125.40,1017.90,54.30,186.00,-1,-1,-1,-1
237,3,2519.60,1142.50,54.00,194.40,-1,-1,-1,-1
237,4,2510.90,1103.60,59.50,178.80,-1,-1,-1,-1
237,5,2067.50,1028.60,61.20,167.40,-1,-1,-1,-1
237,6,1940.30,1033.50,52.30,171.70,-1,-1,-1,-1
238,1,1882.30,1062.81,84.50,184.09,-1,-1,-1,-1
238,2,2122.70,1017.40,55.50,185.00,-1,-1,-1,-1
238,3,2512.60,1143.00,61.00,193.90,-1,-1,-1,-1
238,4,2518.30,1103.40,63.40,179.00,-1,-1,-1,-1
238,5,2072.40,1028.00,54.50,168.00,-1,-1,-1,-1
238,6,1936.28,1032.71,57.70,173.50,-1,-1,-1,-1
239,1,1880.50,1062.81,79.10,181.99,-1,-1,-1,-1
239,2,2121.20,1017.40,57.00,185.30,-1,-1,-1,-1
239,3,2491.60,1142.40,82.00,193.20,-1,-1,-1,-1
239,4,2518.30,1104.60,63.40,179.50,-1,-1,-1,-1
239,5,2076.00,1027.40,48.20,167.30,-1,-1,-1,-1
239,6,1934.90,1031.90,60.60,173.30,-1,-1,-1,-1
240,1,1880.70,1062.81,68.60,177.29,-1,-1,-1,-1
240,2,2120.00,1018.60,58.20,184.10,-1,-1,-1,-1
240,3,2472.80,1143.00,100.80,191.30,-1,-1,-1,-1
240,4,2508.64,1103.70,73.00,179.84,-1,-1,-1,-1
240,5,2080.60,1027.10,41.80,167.60,-1,-1,-1,-1
240,6,1934.90,1031.40,59.90,175.30,-1,-1,-1,-1
241,1,1874.73,1060.80,65.77,178.60,-1,-1,-1,-1
241,2,2118.79,1020.50,58.20,183.50,-1,-1,-1,-1
241,3,2457.10,1144.40,116.50,189.40,-1,-1,-1,-1
241,4,2506.50,1103.90,73.90,180.70,-1,-1,-1,-1
241,5,2082.70,1024.70,37.00,170.00,-1,-1,-1,-1
241,6,1932.00,1031.00,60.60,175.60,-1,-1,-1,-1
242,1,1857.90,1056.90,74.40,181.60,-1,-1,-1,-1
242,2,2118.51,1020.60,57.90,182.80,-1,-1,-1,-1
242,3,2447.90,1144.40,125.70,187.30,-1,-1,-1,-1
242,4,2506.10,1103.80,74.30,180.80,-1,-1,-1,-1
242,5,2082.25,1024.70,36.25,171.10,-1,-1,-1,-1
242,6,1928.00,1030.60,65.70,176.10,-1,-1,-1,-1
243,1,1842.90,1052.10,82.70,184.70,-1,-1,-1,-1
243,2,2117.60,1019.20,57.30,184.60,-1,-1,-1,-1
243,3,2442.74,1143.60,129.06,188.10,-1,-1,-1,-1
243,4,2506.35,1103.12,71.20,181.18,-1,-1,-1,-1
243,5,2081.80,1023.90,35.50,172.00,-1,-1,-1,-1
243,6,1927.00,1030.20,67.30,176.60,-1,-1,-1,-1
244,1,1832.10,1047.83,86.70,185.97,-1,-1,-1,-1
244,2,2115.50,1018.60,59.40,185.10,-1,-1,-1,-1
244,3,2440.00,1144.40,127.90,187.30,-1,-1,-1,-1
244,4,2507.56,1101.20,67.14,177.70,-1,-1,-1,-1
244,5,2081.20,1022.83,36.10,173.27,-1,-1,-1,-1
244,6,1921.80,1030.60,71.50,176.10,-1,-1,-1,-1
245,1,1825.20,1043.95,87.90,186.65,-1,-1,-1,-1
245,2,2114.65,1018.50,59.40,185.20,-1,-1,-1,-1
245,3,2437.80,1142.70,125.30,186.80,-1,-1,-1,-1
245,4,2506.10,1101.60,64.30,180.40,-1,-1,-1,-1
245,5,2078.20,1022.30,39.10,173.60,-1,-1,-1,-1
245,6,1920.00,1029.90,75.50,176.80,-1,-1,-1,-1
246,1,1821.60,1041.50,85.50,189.00,-1,-1,-1,-1
246,2,2114.90,1017.60,57.90,185.10,-1,-1,-1,-1
246,3,2437.80,1143.30,117.00,186.20,-1,-1,-1,-1
246,4,2506.10,1100.70,57.70,184.80,-1,-1,-1,-1
246,5,2074.90,1020.70,42.40,174.60,-1,-1,-1,-1
246,6,1920.00,1029.75,75.50,176.30,-1,-1,-1,-1
247,1,1821.80,1038.74,79.30,184.46,-1,-1,-1,-1
247,2,2114.30,1016.50,56.10,186.60,-1,-1,-1,-1
247,3,2437.80,1142.20,106.10,184.70,-1,-1,-1,-1
247,4,2506.10,1100.70,50.80,183.50,-1,-1,-1,-1
247,5,2073.40,1019.80,43.90,176.50,-1,-1,-1,-1
247,6,1920.00,1029.60,75.50,175.80,-1,-1,-1,-1
248,1,1822.40,1039.10,70.80,178.70,-1,-1,-1,-1
248,2,2115.25,1016.09,54.00,187.11,-1,-1,-1,-1
248,3,2437.80,1139.50,93.90,187.00,-1,-1,-1,-1
248,4,2502.20,1100.30,45.90,184.80,-1,-1,-1,-1
248,5,2072.50,1019.50,44.80,176.80,-1,-1,-1,-1
248,6,1916.70,1030.10,78.40,173.70,-1,-1,-1,-1
249,1,1822.40,1038.38,64.40,173.22,-1,-1,-1,-1
249,2,2116.71,1015.30,54.00,188.80,-1,-1,-1,-1
249,3,2437.80,1137.00,82.10,189.50,-1,-1,-1,-1
249,4,2498.30,1099.10,45.40,186.00,-1,-1,-1,-1
249,5,2070.70,1019.20,46.60,177.20,-1,-1,-1,-1
249,6,1915.20,1029.90,81.40,171.70,-1,-1,-1,-1
250,1,1822.00,1037.40,57.80,169.60,-1,-1,-1,-1
250,2,2118.90,1013.10,51.81,189.50,-1,-1,-1,-1
250,3,2437.80,1134.60,68.10,191.90,-1,-1,-1,-1
250,4,2493.10,1099.40,49.30,185.70,-1,-1,-1,-1
250,5,2070.40,1019.00,47.50,176.90,-1,-1,-1,-1
250,6,1914.50,1029.00,82.10,172.60,-1,-1,-1,-1
251,1,1815.80,1034.90,58.30,172.20,-1,-1,-1,-1
251,2,2118.90,1012.70,51.81,189.20,-1,-1,-1,-1
251,3,2437.80,1132.00,52.80,192.70,-1,-1,-1,-1
251,4,2490.00,1098.90,49.30,186.20,-1,-1,-1,-1
251,5,2068.30,1019.20,49.90,176.90,-1,-1,-1,-1
251,6,1914.50,1026.20,81.40,171.00,-1,-1,-1,-1
252,1,1811.30,1031.50,58.30,174.30,-1,-1,-1,-1
252,2,2119.80,1011.40,49.90,190.10,-1,-1,-1,-1
252,3,2433.40,1130.50,53.30,194.20,-1,-1,-1,-1
252,4,2485.20,1099.30,52.80,185.40,-1,-1,-1,-1
252,5,2066.20,1019.20,52.00,176.90,-1,-1,-1,-1
252,6,1917.40,1025.80,78.90,168.50,-1,-1,-1,-1
