0,1,1744.68,1065.17,71.96,170.00,-1,-1,-1,-1
0,2,2154.00,1643.88,107.54,260.79,-1,-1,-1,-1
0,3,2627.81,1527.97,99.68,249.20,-1,-1,-1,-1
0,4,2116.21,1306.92,74.41,206.55,-1,-1,-1,-1
0,5,2456.97,1279.80,90.41,207.24,-1,-1,-1,-1
0,6,1913.42,1075.99,69.54,165.75,-1,-1,-1,-1
1,1,1742.86,1065.06,73.78,170.11,-1,-1,-1,-1
1,2,2154.91,1643.88,112.79,260.79,-1,-1,-1,-1
1,3,2627.81,1530.87,102.58,253.26,-1,-1,-1,-1
1,4,2113.08,1306.92,77.88,205.51,-1,-1,-1,-1
1,5,2453.14,1279.80,94.24,206.22,-1,-1,-1,-1
1,6,1913.25,1075.49,69.80,166.84,-1,-1,-1,-1
2,1,1741.04,1064.94,75.60,170.23,-1,-1,-1,-1
2,2,2157.23,1643.88,108.95,260.79,-1,-1,-1,-1
2,3,2627.81,1533.77,105.49,257.33,-1,-1,-1,-1
2,4,2109.95,1306.92,81.35,204.48,-1,-1,-1,-1
2,5,2449.30,1279.80,98.08,205.20,-1,-1,-1,-1
2,6,1913.08,1074.99,70.05,167.93,-1,-1,-1,-1
3,1,1739.22,1064.82,77.42,170.35,-1,-1,-1,-1
3,2,2157.23,1644.17,110.67,260.79,-1,-1,-1,-1
3,3,2628.10,1537.24,107.65,257.36,-1,-1,-1,-1
3,4,2109.25,1307.27,81.35,204.48,-1,-1,-1,-1
3,5,2448.65,1280.50,96.30,204.85,-1,-1,-1,-1
3,6,1912.92,1074.48,70.30,169.03,-1,-1,-1,-1
4,1,1737.40,1064.70,79.24,170.47,-1,-1,-1,-1
4,2,2157.23,1644.46,105.57,260.79,-1,-1,-1,-1
4,3,2628.39,1540.72,109.81,257.38,-1,-1,-1,-1
4,4,2108.56,1307.62,81.35,204.48,-1,-1,-1,-1
4,5,2448.00,1281.19,94.51,204.51,-1,-1,-1,-1
4,6,1912.75,1073.98,70.55,170.12,-1,-1,-1,-1
5,1,1734.75,1065.40,81.89,169.77,-1,-1,-1,-1
5,2,2158.91,1644.46,102.89,260.56,-1,-1,-1,-1
5,3,2628.15,1545.07,111.00,251.08,-1,-1,-1,-1
5,4,2107.17,1307.62,83.08,205.18,-1,-1,-1,-1
5,5,2448.40,1281.19,90.98,204.31,-1,-1,-1,-1
5,6,1912.75,1073.48,71.40,170.47,-1,-1,-1,-1
6,1,1732.10,1066.10,84.54,169.07,-1,-1,-1,-1
6,2,2160.60,1644.46,102.70,260.34,-1,-1,-1,-1
6,3,2627.90,1549.41,112.20,244.79,-1,-1,-1,-1
6,4,2105.78,1307.62,84.82,205.88,-1,-1,-1,-1
6,5,2449.40,1281.19,84.50,204.01,-1,-1,-1,-1
6,6,1912.75,1072.97,72.25,170.83,-1,-1,-1,-1
7,1,1731.13,1066.58,82.84,168.35,-1,-1,-1,-1
7,2,2161.60,1644.46,101.25,260.09,-1,-1,-1,-1
7,3,2627.90,1554.24,113.15,241.66,-1,-1,-1,-1
7,4,2104.73,1307.62,86.22,205.88,-1,-1,-1,-1
7,5,2449.40,1281.19,83.59,202.71,-1,-1,-1,-1
7,6,1912.75,1072.81,76.00,172.09,-1,-1,-1,-1
8,1,1730.17,1067.07,81.13,167.63,-1,-1,-1,-1
8,2,2161.10,1644.46,101.30,259.84,-1,-1,-1,-1
8,3,2627.90,1559.07,114.10,238.53,-1,-1,-1,-1
8,4,2103.69,1307.62,87.61,205.88,-1,-1,-1,-1
8,5,2448.80,1281.19,82.10,204.41,-1,-1,-1,-1
8,6,1912.75,1072.64,79.75,173.36,-1,-1,-1,-1
9,1,1729.20,1067.31,78.50,167.64,-1,-1,-1,-1
9,2,2159.40,1643.25,99.60,259.13,-1,-1,-1,-1
9,3,2632.25,1563.90,111.70,233.20,-1,-1,-1,-1
9,4,2104.27,1307.62,87.61,205.88,-1,-1,-1,-1
9,5,2447.50,1279.80,82.25,206.50,-1,-1,-1,-1
9,6,1913.71,1072.16,78.79,173.14,-1,-1,-1,-1
10,1,1728.24,1067.55,75.86,167.65,-1,-1,-1,-1
10,2,2157.71,1642.04,97.89,258.42,-1,-1,-1,-1
10,3,2636.60,1568.73,109.30,227.87,-1,-1,-1,-1
10,4,2104.85,1307.62,87.61,205.88,-1,-1,-1,-1
10,5,2448.00,1278.41,77.10,207.49,-1,-1,-1,-1
10,6,1914.68,1071.67,77.82,172.93,-1,-1,-1,-1
11,1,1726.55,1068.27,75.86,167.65,-1,-1,-1,-1
11,2,2156.74,1641.56,95.96,258.92,-1,-1,-1,-1
11,3,2646.74,1569.70,100.36,226.40,-1,-1,-1,-1
11,4,2104.56,1307.62,85.86,205.45,-1,-1,-1,-1
11,5,2447.20,1277.71,77.40,207.49,-1,-1,-1,-1
11,6,1916.85,1071.43,75.65,171.72,-1,-1,-1,-1
12,1,1724.86,1069.00,75.86,167.65,-1,-1,-1,-1
12,2,2155.78,1641.08,94.02,259.42,-1,-1,-1,-1
12,3,2656.88,1570.66,91.42,224.94,-1,-1,-1,-1
12,4,2104.27,1307.62,84.11,205.03,-1,-1,-1,-1
12,5,2448.80,1277.02,74.80,206.38,-1,-1,-1,-1
12,6,1919.03,1071.19,73.47,170.51,-1,-1,-1,-1
13,1,1723.17,1069.72,75.86,167.65,-1,-1,-1,-1
13,2,2152.88,1641.80,93.32,259.90,-1,-1,-1,-1
13,3,2656.88,1570.66,94.07,225.44,-1,-1,-1,-1
13,4,2103.98,1307.62,82.36,204.60,-1,-1,-1,-1
13,5,2449.40,1277.02,74.00,207.48,-1,-1,-1,-1
13,6,1919.75,1069.98,73.47,170.51,-1,-1,-1,-1
14,1,1721.47,1070.45,75.87,167.65,-1,-1,-1,-1
14,2,2149.98,1642.52,92.62,260.38,-1,-1,-1,-1
14,3,2656.88,1570.66,96.72,225.94,-1,-1,-1,-1
14,4,2103.69,1307.62,80.61,204.18,-1,-1,-1,-1
14,5,2446.50,1277.02,77.90,207.28,-1,-1,-1,-1
14,6,1920.48,1068.78,73.47,170.51,-1,-1,-1,-1
15,1,1721.47,1070.45,72.93,172.95,-1,-1,-1,-1
15,2,2147.33,1643.01,92.87,259.19,-1,-1,-1,-1
15,3,2659.30,1568.73,95.75,228.37,-1,-1,-1,-1
15,4,2103.69,1307.62,76.26,204.48,-1,-1,-1,-1
15,5,2449.30,1276.50,73.88,206.70,-1,-1,-1,-1
15,6,1920.48,1068.78,73.79,170.51,-1,-1,-1,-1
16,1,1722.20,1070.93,70.75,175.37,-1,-1,-1,-1
16,2,2144.67,1643.49,93.13,258.01,-1,-1,-1,-1
16,3,2661.71,1566.80,94.79,230.80,-1,-1,-1,-1
16,4,2103.69,1307.62,71.91,204.78,-1,-1,-1,-1
16,5,2446.10,1278.90,75.87,204.60,-1,-1,-1,-1
16,6,1920.48,1068.78,74.10,170.52,-1,-1,-1,-1
17,1,1722.92,1071.41,68.58,177.79,-1,-1,-1,-1
17,2,2140.32,1641.56,93.38,261.39,-1,-1,-1,-1
17,3,2661.71,1564.38,97.94,233.72,-1,-1,-1,-1
17,4,2103.69,1307.62,65.26,204.78,-1,-1,-1,-1
17,5,2442.70,1276.92,78.05,205.38,-1,-1,-1,-1
17,6,1920.48,1068.78,74.42,170.52,-1,-1,-1,-1
18,1,1722.92,1071.41,68.58,178.49,-1,-1,-1,-1
18,2,2135.98,1639.63,93.62,264.77,-1,-1,-1,-1
18,3,2661.71,1561.97,101.09,236.63,-1,-1,-1,-1
18,4,2103.69,1307.62,58.61,204.78,-1,-1,-1,-1
18,5,2441.63,1279.00,78.47,200.30,-1,-1,-1,-1
18,6,1920.48,1068.78,74.42,171.49,-1,-1,-1,-1
19,1,1722.92,1071.41,68.58,179.19,-1,-1,-1,-1
19,2,2132.35,1638.42,92.90,265.28,-1,-1,-1,-1
19,3,2662.19,1559.07,101.81,238.83,-1,-1,-1,-1
19,4,2103.40,1307.04,54.85,206.21,-1,-1,-1,-1
19,5,2438.85,1276.27,82.00,203.08,-1,-1,-1,-1
19,6,1920.48,1068.78,74.42,172.45,-1,-1,-1,-1
20,1,1722.68,1072.62,68.82,180.13,-1,-1,-1,-1
20,2,2128.73,1637.21,92.17,265.79,-1,-1,-1,-1
20,3,2662.68,1556.17,102.52,241.03,-1,-1,-1,-1
20,4,2103.11,1306.46,51.09,207.64,-1,-1,-1,-1
20,5,2436.07,1273.54,85.53,205.86,-1,-1,-1,-1
20,6,1920.48,1068.78,74.42,173.42,-1,-1,-1,-1
21,1,1722.44,1073.82,69.06,181.08,-1,-1,-1,-1
21,2,2121.25,1635.28,95.55,267.72,-1,-1,-1,-1
21,3,2665.09,1554.24,102.51,243.46,-1,-1,-1,-1
21,4,2101.66,1305.88,51.94,207.62,-1,-1,-1,-1
21,5,2436.07,1276.80,85.18,202.60,-1,-1,-1,-1
21,6,1920.48,1069.02,74.42,173.42,-1,-1,-1,-1
22,1,1721.96,1075.03,69.06,181.08,-1,-1,-1,-1
22,2,2113.76,1633.35,98.94,269.65,-1,-1,-1,-1
22,3,2667.51,1552.31,102.49,245.89,-1,-1,-1,-1
22,4,2100.21,1305.30,52.79,207.60,-1,-1,-1,-1
22,5,2436.07,1275.71,84.01,203.69,-1,-1,-1,-1
22,6,1920.48,1069.26,74.42,173.42,-1,-1,-1,-1
23,1,1721.48,1076.24,69.06,181.07,-1,-1,-1,-1
23,2,2106.76,1633.11,103.99,269.89,-1,-1,-1,-1
23,3,2667.26,1547.48,103.44,249.52,-1,-1,-1,-1
23,4,2094.70,1304.14,56.55,209.06,-1,-1,-1,-1
23,5,2436.07,1274.63,82.83,204.77,-1,-1,-1,-1
23,6,1920.48,1069.50,74.42,173.42,-1,-1,-1,-1
24,1,1721.48,1076.48,69.06,181.08,-1,-1,-1,-1
24,2,2099.76,1632.87,109.04,270.13,-1,-1,-1,-1
24,3,2667.02,1542.65,104.38,253.15,-1,-1,-1,-1
24,4,2089.20,1302.98,60.30,210.52,-1,-1,-1,-1
24,5,2436.07,1273.54,84.13,205.86,-1,-1,-1,-1
24,6,1920.48,1069.74,74.42,173.42,-1,-1,-1,-1
25,1,1721.48,1076.72,69.06,181.08,-1,-1,-1,-1
25,2,2094.68,1632.14,112.67,272.06,-1,-1,-1,-1
25,3,2664.61,1537.82,107.99,258.68,-1,-1,-1,-1
25,4,2088.04,1301.82,62.06,211.68,-1,-1,-1,-1
25,5,2436.07,1273.54,78.43,205.66,-1,-1,-1,-1
25,6,1918.45,1070.61,74.42,173.42,-1,-1,-1,-1
26,1,1718.58,1076.96,70.74,179.14,-1,-1,-1,-1
26,2,2089.61,1631.42,116.29,273.98,-1,-1,-1,-1
26,3,2662.19,1532.99,111.61,264.21,-1,-1,-1,-1
26,4,2086.88,1300.66,63.82,212.84,-1,-1,-1,-1
26,5,2436.07,1273.54,77.53,203.76,-1,-1,-1,-1
26,6,1916.42,1071.48,74.42,173.42,-1,-1,-1,-1
27,1,1715.68,1077.20,72.42,177.20,-1,-1,-1,-1
27,2,2084.54,1629.73,119.21,276.62,-1,-1,-1,-1
27,3,2662.19,1532.99,113.76,261.81,-1,-1,-1,-1
27,4,2086.49,1298.93,61.26,214.52,-1,-1,-1,-1
27,5,2439.54,1273.54,75.26,204.11,-1,-1,-1,-1
27,6,1915.55,1071.48,74.42,173.42,-1,-1,-1,-1
28,1,1714.72,1078.89,72.41,177.20,-1,-1,-1,-1
28,2,2079.47,1628.04,122.13,279.26,-1,-1,-1,-1
28,3,2662.19,1532.99,115.91,259.41,-1,-1,-1,-1
28,4,2086.10,1297.19,58.70,216.21,-1,-1,-1,-1
28,5,2443.00,1273.54,73.00,204.46,-1,-1,-1,-1
28,6,1914.68,1071.48,74.43,173.42,-1,-1,-1,-1
29,1,1713.75,1080.58,72.42,177.20,-1,-1,-1,-1
29,2,2077.30,1626.35,121.40,279.50,-1,-1,-1,-1
29,3,2673.54,1525.51,105.26,261.59,-1,-1,-1,-1
29,4,2084.75,1296.90,60.70,217.15,-1,-1,-1,-1
29,5,2445.10,1271.93,71.50,207.67,-1,-1,-1,-1
29,6,1914.68,1071.48,73.40,172.85,-1,-1,-1,-1
30,1,1713.51,1080.83,72.42,177.19,-1,-1,-1,-1
30,2,2075.12,1624.66,120.68,279.74,-1,-1,-1,-1
30,3,2684.89,1518.02,94.61,263.78,-1,-1,-1,-1
30,4,2083.40,1296.61,62.70,218.09,-1,-1,-1,-1
30,5,2449.60,1270.32,67.61,207.38,-1,-1,-1,-1
30,6,1914.68,1071.48,72.37,172.27,-1,-1,-1,-1
31,1,1713.27,1081.07,72.42,177.20,-1,-1,-1,-1
31,2,2074.40,1622.48,119.25,280.22,-1,-1,-1,-1
31,3,2691.17,1518.51,90.23,257.99,-1,-1,-1,-1
31,4,2081.37,1294.00,67.03,221.55,-1,-1,-1,-1
31,5,2449.10,1271.51,69.90,206.14,-1,-1,-1,-1
31,6,1914.68,1071.48,71.35,171.70,-1,-1,-1,-1
32,1,1712.79,1082.28,70.75,174.80,-1,-1,-1,-1
32,2,2073.68,1620.31,117.82,280.69,-1,-1,-1,-1
32,3,2695.03,1517.78,89.99,250.52,-1,-1,-1,-1
32,4,2079.34,1291.39,71.36,225.01,-1,-1,-1,-1
32,5,2448.60,1272.70,72.20,204.90,-1,-1,-1,-1
32,6,1914.68,1071.48,70.32,171.12,-1,-1,-1,-1
33,1,1712.30,1083.48,69.10,172.42,-1,-1,-1,-1
33,2,2075.61,1618.14,112.89,277.76,-1,-1,-1,-1
33,3,2698.90,1517.06,89.74,243.04,-1,-1,-1,-1
33,4,2077.89,1291.39,73.11,224.46,-1,-1,-1,-1
33,5,2449.00,1271.09,74.62,207.11,-1,-1,-1,-1
33,6,1914.68,1072.35,70.32,171.12,-1,-1,-1,-1
34,1,1711.82,1084.21,67.63,174.09,-1,-1,-1,-1
34,2,2077.54,1615.96,107.96,274.84,-1,-1,-1,-1
34,3,2697.70,1516.57,94.81,236.78,-1,-1,-1,-1
34,4,2076.45,1291.39,74.85,223.91,-1,-1,-1,-1
34,5,2449.40,1269.48,77.03,209.32,-1,-1,-1,-1
34,6,1914.68,1073.22,70.32,171.12,-1,-1,-1,-1
35,1,1711.34,1084.93,66.16,175.77,-1,-1,-1,-1
35,2,2078.51,1612.10,103.44,267.15,-1,-1,-1,-1
35,3,2696.50,1516.09,99.87,230.51,-1,-1,-1,-1
35,4,2073.20,1285.13,79.00,231.57,-1,-1,-1,-1
35,5,2449.60,1269.08,77.04,209.32,-1,-1,-1,-1
35,6,1914.68,1073.22,73.72,170.70,-1,-1,-1,-1
36,1,1710.86,1085.90,66.16,175.77,-1,-1,-1,-1
36,2,2079.47,1608.24,98.93,259.46,-1,-1,-1,-1
36,3,2693.85,1515.37,103.25,225.93,-1,-1,-1,-1
36,4,2072.74,1284.90,79.00,231.57,-1,-1,-1,-1
36,5,2449.80,1268.67,77.04,209.33,-1,-1,-1,-1
36,6,1914.68,1073.22,77.12,170.28,-1,-1,-1,-1
37,1,1710.37,1086.87,66.17,175.76,-1,-1,-1,-1
37,2,2078.51,1604.13,96.49,257.52,-1,-1,-1,-1
37,3,2691.20,1514.64,106.62,221.36,-1,-1,-1,-1
37,4,2072.27,1284.67,79.00,231.57,-1,-1,-1,-1
37,5,2451.40,1267.47,76.04,206.08,-1,-1,-1,-1
37,6,1914.68,1073.22,80.32,171.48,-1,-1,-1,-1
38,1,1709.65,1088.07,66.16,175.77,-1,-1,-1,-1
38,2,2077.54,1600.03,94.06,255.57,-1,-1,-1,-1
38,3,2689.05,1514.64,109.50,222.06,-1,-1,-1,-1
38,4,2071.81,1284.44,79.00,231.56,-1,-1,-1,-1
38,5,2453.00,1266.26,75.04,202.84,-1,-1,-1,-1
38,6,1914.68,1073.22,83.52,172.68,-1,-1,-1,-1
39,1,1708.92,1089.28,66.17,175.77,-1,-1,-1,-1
39,2,2076.58,1598.10,90.92,258.20,-1,-1,-1,-1
39,3,2686.90,1514.64,112.37,222.76,-1,-1,-1,-1
39,4,2071.46,1281.31,77.94,228.79,-1,-1,-1,-1
39,5,2451.60,1264.85,77.05,201.25,-1,-1,-1,-1
39,6,1914.48,1074.62,86.52,170.68,-1,-1,-1,-1
40,1,1706.00,1090.49,67.89,178.41,-1,-1,-1,-1
40,2,2075.61,1596.16,87.79,260.84,-1,-1,-1,-1
40,3,2687.60,1513.43,112.88,222.77,-1,-1,-1,-1
40,4,2071.12,1278.18,76.88,226.02,-1,-1,-1,-1
40,5,2450.20,1263.44,79.05,199.66,-1,-1,-1,-1
40,6,1914.28,1076.03,89.52,168.67,-1,-1,-1,-1
41,1,1705.06,1091.70,67.64,179.10,-1,-1,-1,-1
41,2,2073.44,1593.99,85.61,263.01,-1,-1,-1,-1
41,3,2688.30,1512.23,113.39,222.77,-1,-1,-1,-1
41,4,2072.16,1274.70,71.34,222.20,-1,-1,-1,-1
41,5,2451.00,1263.44,78.25,197.06,-1,-1,-1,-1
41,6,1917.30,1076.84,87.50,167.66,-1,-1,-1,-1
42,1,1703.13,1091.94,67.64,179.10,-1,-1,-1,-1
42,2,2071.26,1591.82,83.44,265.18,-1,-1,-1,-1
42,3,2690.70,1511.50,111.23,223.75,-1,-1,-1,-1
42,4,2073.20,1271.22,65.80,218.38,-1,-1,-1,-1
42,5,2451.80,1263.44,77.45,194.46,-1,-1,-1,-1
42,6,1920.31,1077.64,85.49,166.66,-1,-1,-1,-1
43,1,1701.20,1092.18,67.64,179.10,-1,-1,-1,-1
43,2,2070.30,1589.64,82.70,265.91,-1,-1,-1,-1
43,3,2693.10,1510.78,109.07,224.72,-1,-1,-1,-1
43,4,2066.25,1270.18,67.90,214.57,-1,-1,-1,-1
43,5,2454.10,1262.84,75.15,193.26,-1,-1,-1,-1
43,6,1923.53,1078.25,82.27,168.05,-1,-1,-1,-1
44,1,1699.75,1092.18,69.82,179.56,-1,-1,-1,-1
44,2,2069.33,1587.47,81.97,266.63,-1,-1,-1,-1
44,3,2694.05,1509.09,106.19,225.71,-1,-1,-1,-1
44,4,2059.29,1269.14,70.01,210.76,-1,-1,-1,-1
44,5,2454.70,1262.24,74.55,193.86,-1,-1,-1,-1
44,6,1926.75,1078.85,79.05,169.45,-1,-1,-1,-1
45,1,1698.30,1092.18,72.00,180.02,-1,-1,-1,-1
45,2,2067.98,1584.19,81.97,266.63,-1,-1,-1,-1
45,3,2695.00,1507.40,103.31,226.70,-1,-1,-1,-1
45,4,2054.46,1268.54,68.19,208.36,-1,-1,-1,-1
45,5,2454.46,1262.04,74.57,194.36,-1,-1,-1,-1
45,6,1928.77,1077.84,77.23,170.26,-1,-1,-1,-1
46,1,1699.02,1092.90,71.53,179.55,-1,-1,-1,-1
46,2,2066.63,1580.90,81.97,266.63,-1,-1,-1,-1
46,3,2693.80,1506.67,104.75,227.18,-1,-1,-1,-1
46,4,2049.63,1267.93,66.37,205.97,-1,-1,-1,-1
46,5,2454.22,1261.83,74.58,194.87,-1,-1,-1,-1
46,6,1930.78,1076.84,75.42,171.06,-1,-1,-1,-1
47,1,1699.75,1093.63,71.05,179.07,-1,-1,-1,-1
47,2,2065.28,1577.62,81.96,266.63,-1,-1,-1,-1
47,3,2692.60,1505.95,106.19,227.65,-1,-1,-1,-1
47,4,2047.42,1266.92,67.98,207.58,-1,-1,-1,-1
47,5,2454.22,1261.83,73.18,194.87,-1,-1,-1,-1
47,6,1932.59,1076.84,73.41,171.46,-1,-1,-1,-1
48,1,1699.26,1094.11,71.06,179.07,-1,-1,-1,-1
48,2,2064.12,1572.98,81.96,266.63,-1,-1,-1,-1
48,3,2693.10,1504.02,104.72,229.83,-1,-1,-1,-1
48,4,2045.21,1265.92,69.59,209.18,-1,-1,-1,-1
48,5,2454.22,1261.83,71.78,194.87,-1,-1,-1,-1
48,6,1934.40,1076.84,71.40,171.86,-1,-1,-1,-1
49,1,1698.78,1094.59,71.05,179.08,-1,-1,-1,-1
49,2,2062.96,1568.35,81.96,266.63,-1,-1,-1,-1
49,3,2693.60,1502.08,103.26,232.02,-1,-1,-1,-1
49,4,2044.00,1265.31,71.00,209.39,-1,-1,-1,-1
49,5,2454.02,1260.63,69.98,195.87,-1,-1,-1,-1
49,6,1936.21,1076.84,69.19,170.86,-1,-1,-1,-1
50,1,1698.90,1095.08,70.20,180.15,-1,-1,-1,-1
50,2,2060.31,1563.69,83.00,262.45,-1,-1,-1,-1
50,3,2693.60,1500.64,103.26,233.46,-1,-1,-1,-1
50,4,2042.79,1264.71,72.41,209.59,-1,-1,-1,-1
50,5,2453.81,1259.42,68.19,196.88,-1,-1,-1,-1
50,6,1938.02,1076.84,66.98,169.86,-1,-1,-1,-1
51,1,1699.02,1095.56,69.35,181.22,-1,-1,-1,-1
51,2,2057.67,1559.03,84.03,258.27,-1,-1,-1,-1
51,3,2693.60,1499.19,103.26,234.91,-1,-1,-1,-1
51,4,2041.38,1264.51,72.42,209.39,-1,-1,-1,-1
51,5,2454.22,1258.81,66.58,196.29,-1,-1,-1,-1
51,6,1939.21,1076.84,65.79,171.36,-1,-1,-1,-1
52,1,1699.14,1096.04,68.49,182.30,-1,-1,-1,-1
52,2,2055.58,1554.85,84.02,249.95,-1,-1,-1,-1
52,3,2692.90,1497.98,102.99,238.07,-1,-1,-1,-1
52,4,2039.97,1264.31,72.43,209.19,-1,-1,-1,-1
52,5,2454.62,1258.21,64.98,195.69,-1,-1,-1,-1
52,6,1940.41,1076.84,64.59,172.86,-1,-1,-1,-1
53,1,1699.26,1096.53,67.64,183.37,-1,-1,-1,-1
53,2,2053.50,1550.68,84.00,241.62,-1,-1,-1,-1
53,3,2692.20,1496.77,102.72,241.23,-1,-1,-1,-1
53,4,2039.39,1261.89,70.81,207.96,-1,-1,-1,-1
53,5,2454.62,1256.40,63.98,195.90,-1,-1,-1,-1
53,6,1941.60,1076.84,63.40,174.36,-1,-1,-1,-1
54,1,1700.95,1098.46,65.70,183.59,-1,-1,-1,-1
54,2,2046.54,1546.16,90.61,240.24,-1,-1,-1,-1
54,3,2692.30,1497.17,103.62,240.53,-1,-1,-1,-1
54,4,2038.80,1259.48,69.20,206.72,-1,-1,-1,-1
54,5,2454.62,1254.59,62.98,196.11,-1,-1,-1,-1
54,6,1942.80,1076.84,62.20,175.86,-1,-1,-1,-1
55,1,1702.64,1100.39,63.76,183.81,-1,-1,-1,-1
55,2,2039.59,1541.64,97.21,238.86,-1,-1,-1,-1
55,3,2692.40,1497.57,104.51,239.83,-1,-1,-1,-1
55,4,2038.40,1257.46,68.00,203.34,-1,-1,-1,-1
55,5,2454.42,1253.78,62.58,195.52,-1,-1,-1,-1
55,6,1943.60,1076.84,61.40,178.26,-1,-1,-1,-1
56,1,1702.88,1100.39,63.27,185.26,-1,-1,-1,-1
56,2,2033.68,1537.12,100.32,243.38,-1,-1,-1,-1
56,3,2692.50,1497.96,105.41,239.14,-1,-1,-1,-1
56,4,2038.70,1255.45,66.10,200.35,-1,-1,-1,-1
56,5,2454.22,1252.98,62.18,194.92,-1,-1,-1,-1
56,6,1944.40,1076.84,60.60,180.66,-1,-1,-1,-1
57,1,1703.12,1100.39,62.78,186.71,-1,-1,-1,-1
57,2,2027.77,1532.60,103.43,247.90,-1,-1,-1,-1
57,3,2692.60,1498.36,106.30,238.44,-1,-1,-1,-1
57,4,2037.93,1253.24,62.77,199.86,-1,-1,-1,-1
57,5,2455.02,1251.77,62.18,193.53,-1,-1,-1,-1
57,6,1943.60,1076.84,61.40,182.86,-1,-1,-1,-1
58,1,1703.12,1100.87,62.78,186.71,-1,-1,-1,-1
58,2,2022.90,1530.86,106.90,249.64,-1,-1,-1,-1
58,3,2692.70,1498.76,107.19,237.74,-1,-1,-1,-1
58,4,2038.30,1251.03,59.70,203.37,-1,-1,-1,-1
58,5,2455.83,1250.56,62.17,192.14,-1,-1,-1,-1
58,6,1942.80,1076.84,62.20,185.06,-1,-1,-1,-1
59,1,1703.12,1101.35,62.78,186.71,-1,-1,-1,-1
59,2,2018.03,1529.12,110.37,251.38,-1,-1,-1,-1
59,3,2692.80,1499.16,108.09,237.04,-1,-1,-1,-1
59,4,2038.95,1249.42,55.85,203.68,-1,-1,-1,-1
59,5,2455.62,1250.36,63.58,191.54,-1,-1,-1,-1
59,6,1942.60,1078.45,62.20,183.05,-1,-1,-1,-1
60,1,1702.88,1101.59,62.78,186.72,-1,-1,-1,-1
60,2,2011.77,1528.08,114.53,251.37,-1,-1,-1,-1
60,3,2692.90,1499.55,108.98,236.35,-1,-1,-1,-1
60,4,2039.60,1247.81,52.00,203.99,-1,-1,-1,-1
60,5,2455.42,1250.16,64.98,190.94,-1,-1,-1,-1
60,6,1942.40,1080.06,62.20,181.04,-1,-1,-1,-1
61,1,1702.64,1101.84,62.78,186.71,-1,-1,-1,-1
61,2,2005.51,1527.04,118.69,251.36,-1,-1,-1,-1
61,3,2693.25,1501.64,111.76,233.91,-1,-1,-1,-1
61,4,2039.80,1247.00,51.40,205.60,-1,-1,-1,-1
61,5,2455.42,1249.56,65.38,192.34,-1,-1,-1,-1
61,6,1942.60,1081.06,62.20,181.05,-1,-1,-1,-1
62,1,1702.64,1103.04,63.52,185.73,-1,-1,-1,-1
62,2,2003.08,1524.26,118.69,251.36,-1,-1,-1,-1
62,3,2693.60,1503.72,114.54,231.48,-1,-1,-1,-1
62,4,2040.00,1246.20,50.80,207.20,-1,-1,-1,-1
62,5,2455.42,1248.95,65.78,193.75,-1,-1,-1,-1
62,6,1942.80,1082.07,62.20,181.04,-1,-1,-1,-1
63,1,1702.64,1104.25,64.26,184.75,-1,-1,-1,-1
63,2,2000.64,1521.47,118.69,251.37,-1,-1,-1,-1
63,3,2695.69,1505.12,117.33,231.47,-1,-1,-1,-1
63,4,2039.80,1244.59,50.79,207.81,-1,-1,-1,-1
63,5,2455.24,1247.60,66.44,195.00,-1,-1,-1,-1
63,6,1942.80,1083.48,62.20,181.04,-1,-1,-1,-1
64,1,1702.40,1104.73,65.20,184.02,-1,-1,-1,-1
64,2,2002.03,1517.30,116.24,249.97,-1,-1,-1,-1
64,3,2697.77,1506.51,120.13,231.47,-1,-1,-1,-1
64,4,2039.60,1242.98,50.79,208.42,-1,-1,-1,-1
64,5,2455.05,1246.25,67.11,196.25,-1,-1,-1,-1
64,6,1942.80,1084.89,62.20,181.04,-1,-1,-1,-1
65,1,1702.16,1105.22,66.14,183.28,-1,-1,-1,-1
65,2,2003.43,1513.13,113.77,248.57,-1,-1,-1,-1
65,3,2701.59,1506.16,119.43,230.43,-1,-1,-1,-1
65,4,2039.20,1241.97,57.85,209.03,-1,-1,-1,-1
65,5,2454.87,1244.90,67.78,197.50,-1,-1,-1,-1
65,6,1942.00,1085.29,63.80,179.82,-1,-1,-1,-1
66,1,1700.95,1106.18,68.30,182.07,-1,-1,-1,-1
66,2,2007.95,1508.96,108.20,244.74,-1,-1,-1,-1
66,3,2705.40,1505.81,118.73,229.39,-1,-1,-1,-1
66,4,2038.79,1240.97,64.91,209.63,-1,-1,-1,-1
66,5,2454.68,1243.54,68.45,198.76,-1,-1,-1,-1
66,6,1941.19,1085.69,65.41,178.61,-1,-1,-1,-1
67,1,1699.74,1107.15,70.46,180.85,-1,-1,-1,-1
67,2,2012.46,1504.78,102.64,240.92,-1,-1,-1,-1
67,3,2710.28,1505.12,116.64,230.43,-1,-1,-1,-1
67,4,2040.20,1239.15,68.55,210.45,-1,-1,-1,-1
67,5,2454.50,1242.19,69.11,200.01,-1,-1,-1,-1
67,6,1940.59,1085.69,65.81,179.01,-1,-1,-1,-1
68,1,1698.05,1109.08,72.85,181.07,-1,-1,-1,-1
68,2,2017.68,1499.57,96.37,236.03,-1,-1,-1,-1
68,3,2715.16,1504.42,114.54,231.48,-1,-1,-1,-1
68,4,2039.20,1237.34,74.60,212.26,-1,-1,-1,-1
68,5,2454.74,1242.19,69.12,200.01,-1,-1,-1,-1
68,6,1939.99,1085.69,66.21,179.41,-1,-1,-1,-1
69,1,1696.36,1111.01,75.24,181.29,-1,-1,-1,-1
69,2,2022.90,1494.35,90.10,231.15,-1,-1,-1,-1
69,3,2719.11,1503.03,110.12,234.03,-1,-1,-1,-1
69,4,2038.90,1236.34,75.90,212.76,-1,-1,-1,-1
69,5,2454.98,1242.19,69.12,200.01,-1,-1,-1,-1
69,6,1938.54,1086.42,63.56,178.68,-1,-1,-1,-1
70,1,1696.36,1112.22,76.19,184.93,-1,-1,-1,-1
70,2,2024.29,1492.27,85.56,231.13,-1,-1,-1,-1
70,3,2723.05,1501.64,105.72,236.59,-1,-1,-1,-1
70,4,2037.59,1235.33,78.21,213.27,-1,-1,-1,-1
70,5,2454.49,1242.19,71.06,200.51,-1,-1,-1,-1
70,6,1937.09,1087.14,60.91,177.96,-1,-1,-1,-1
71,1,1696.36,1113.43,77.14,188.57,-1,-1,-1,-1
71,2,2025.68,1490.18,81.02,231.12,-1,-1,-1,-1
71,3,2727.00,1500.25,101.31,239.15,-1,-1,-1,-1
71,4,2037.99,1233.72,76.21,212.48,-1,-1,-1,-1
71,5,2454.00,1242.19,73.00,201.01,-1,-1,-1,-1
71,6,1937.09,1087.14,53.41,178.21,-1,-1,-1,-1
72,1,1696.36,1113.91,76.64,190.24,-1,-1,-1,-1
72,2,2026.03,1486.70,77.87,234.60,-1,-1,-1,-1
72,3,2727.35,1499.90,102.69,240.55,-1,-1,-1,-1
72,4,2038.39,1232.11,74.21,211.69,-1,-1,-1,-1
72,5,2454.00,1242.20,75.15,201.00,-1,-1,-1,-1
72,6,1937.09,1087.14,45.91,178.46,-1,-1,-1,-1
73,1,1696.36,1114.39,76.14,191.91,-1,-1,-1,-1
73,2,2026.37,1483.22,74.73,238.08,-1,-1,-1,-1
73,3,2727.70,1499.55,104.08,241.95,-1,-1,-1,-1
73,4,2038.39,1232.11,70.36,210.24,-1,-1,-1,-1
73,5,2454.00,1242.20,77.30,201.00,-1,-1,-1,-1
73,6,1936.12,1087.38,41.48,178.46,-1,-1,-1,-1
74,1,1696.36,1116.08,76.14,192.17,-1,-1,-1,-1
74,2,2024.98,1481.14,72.97,239.81,-1,-1,-1,-1
74,3,2728.05,1498.86,105.82,241.59,-1,-1,-1,-1
74,4,2038.39,1232.11,66.51,208.79,-1,-1,-1,-1
74,5,2454.00,1241.95,78.25,201.25,-1,-1,-1,-1
74,6,1935.16,1087.62,41.04,178.46,-1,-1,-1,-1
75,1,1696.36,1117.77,76.14,192.43,-1,-1,-1,-1
75,2,2023.59,1479.05,71.21,241.55,-1,-1,-1,-1
75,3,2728.40,1498.16,107.55,241.24,-1,-1,-1,-1
75,4,2037.67,1231.87,66.03,207.83,-1,-1,-1,-1
75,5,2454.00,1241.70,79.20,201.50,-1,-1,-1,-1
75,6,1932.26,1087.62,44.19,178.47,-1,-1,-1,-1
76,1,1696.12,1120.19,76.14,192.43,-1,-1,-1,-1
76,2,2023.59,1476.96,69.46,243.29,-1,-1,-1,-1
76,3,2728.05,1495.03,114.33,245.42,-1,-1,-1,-1
76,4,2036.95,1231.63,65.55,206.87,-1,-1,-1,-1
76,5,2454.00,1241.70,81.35,201.50,-1,-1,-1,-1
76,6,1929.36,1087.62,47.34,178.48,-1,-1,-1,-1
77,1,1695.88,1122.60,76.14,192.43,-1,-1,-1,-1
77,2,2023.59,1474.88,67.71,245.02,-1,-1,-1,-1
77,3,2727.70,1491.90,121.10,249.60,-1,-1,-1,-1
77,4,2037.02,1231.82,65.55,206.87,-1,-1,-1,-1
77,5,2454.00,1241.70,83.50,201.50,-1,-1,-1,-1
77,6,1923.08,1087.87,53.37,178.23,-1,-1,-1,-1
78,1,1695.88,1122.92,75.97,191.46,-1,-1,-1,-1
78,2,2023.24,1471.75,67.71,245.02,-1,-1,-1,-1
78,3,2732.70,1489.82,120.11,251.68,-1,-1,-1,-1
78,4,2037.09,1232.00,65.56,206.87,-1,-1,-1,-1
78,5,2454.97,1241.46,83.50,201.50,-1,-1,-1,-1
78,6,1916.80,1088.11,59.40,177.99,-1,-1,-1,-1
79,1,1695.88,1123.24,75.79,190.48,-1,-1,-1,-1
79,2,2022.90,1468.62,67.70,245.02,-1,-1,-1,-1
79,3,2737.70,1487.73,119.12,253.77,-1,-1,-1,-1
79,4,2037.17,1232.19,65.55,206.87,-1,-1,-1,-1
79,5,2455.93,1241.22,83.50,201.50,-1,-1,-1,-1
79,6,1914.15,1088.11,60.35,177.99,-1,-1,-1,-1
80,1,1695.88,1123.57,75.62,189.49,-1,-1,-1,-1
80,2,2021.51,1464.62,66.59,242.94,-1,-1,-1,-1
80,3,2737.70,1485.65,118.00,250.85,-1,-1,-1,-1
80,4,2037.24,1232.37,65.56,206.87,-1,-1,-1,-1
80,5,2457.14,1240.98,83.50,201.49,-1,-1,-1,-1
80,6,1911.49,1088.11,61.31,177.99,-1,-1,-1,-1
81,1,1695.88,1124.12,74.59,188.56,-1,-1,-1,-1
81,2,2020.12,1460.62,66.28,240.85,-1,-1,-1,-1
81,3,2738.20,1482.17,120.01,247.83,-1,-1,-1,-1
81,4,2037.32,1232.56,65.55,206.87,-1,-1,-1,-1
81,5,2458.35,1240.73,83.50,201.50,-1,-1,-1,-1
81,6,1910.69,1088.11,61.31,177.99,-1,-1,-1,-1
82,1,1695.88,1124.68,73.55,187.61,-1,-1,-1,-1
82,2,2018.72,1456.62,65.98,238.77,-1,-1,-1,-1
82,3,2739.25,1478.69,119.15,242.21,-1,-1,-1,-1
82,4,2037.39,1232.75,65.56,206.87,-1,-1,-1,-1
82,5,2461.97,1240.27,80.35,201.48,-1,-1,-1,-1
82,6,1909.88,1088.11,61.31,177.99,-1,-1,-1,-1
83,1,1695.88,1125.23,72.52,186.67,-1,-1,-1,-1
83,2,2017.33,1452.62,65.67,236.68,-1,-1,-1,-1
83,3,2740.30,1475.21,117.21,241.89,-1,-1,-1,-1
83,4,2037.46,1232.93,65.56,206.87,-1,-1,-1,-1
83,5,2465.59,1239.80,77.21,201.47,-1,-1,-1,-1
83,6,1909.68,1088.31,62.02,179.19,-1,-1,-1,-1
84,1,1696.44,1129.50,71.96,183.80,-1,-1,-1,-1
84,2,2014.55,1449.49,69.85,229.91,-1,-1,-1,-1
84,3,2741.70,1474.52,115.11,234.68,-1,-1,-1,-1
84,4,2037.54,1233.12,65.55,206.87,-1,-1,-1,-1
84,5,2469.45,1239.80,74.56,201.23,-1,-1,-1,-1
84,6,1909.48,1088.51,62.72,180.39,-1,-1,-1,-1
85,1,1697.00,1128.87,71.40,185.83,-1,-1,-1,-1
85,2,2011.77,1446.37,74.03,225.53,-1,-1,-1,-1
85,3,2743.10,1473.82,113.02,235.68,-1,-1,-1,-1
85,4,2037.61,1233.30,65.56,206.87,-1,-1,-1,-1
85,5,2473.30,1239.80,71.92,201.00,-1,-1,-1,-1
85,6,1909.77,1087.93,61.78,181.37,-1,-1,-1,-1
86,1,1697.00,1129.57,70.40,184.83,-1,-1,-1,-1
86,2,2008.64,1443.93,77.51,227.62,-1,-1,-1,-1
86,3,2745.20,1471.74,107.44,237.06,-1,-1,-1,-1
86,4,2037.69,1233.49,65.55,206.87,-1,-1,-1,-1
86,5,2476.90,1239.80,69.04,199.80,-1,-1,-1,-1
86,6,1910.06,1087.35,60.84,182.35,-1,-1,-1,-1
87,1,1697.00,1130.27,69.40,183.83,-1,-1,-1,-1
87,2,2005.51,1441.50,80.99,229.70,-1,-1,-1,-1
87,3,2747.30,1469.65,101.87,238.45,-1,-1,-1,-1
87,4,2037.76,1233.68,65.56,206.86,-1,-1,-1,-1
87,5,2480.50,1239.80,66.17,198.60,-1,-1,-1,-1
87,6,1910.35,1086.77,60.50,182.18,-1,-1,-1,-1
88,1,1697.98,1131.38,67.27,185.12,-1,-1,-1,-1
88,2,1999.60,1437.32,86.90,233.88,-1,-1,-1,-1
88,3,2750.80,1467.22,97.67,240.18,-1,-1,-1,-1
88,4,2037.84,1233.86,65.55,206.87,-1,-1,-1,-1
88,5,2480.50,1240.77,66.17,198.60,-1,-1,-1,-1
88,6,1910.64,1086.19,60.16,182.01,-1,-1,-1,-1
89,1,1698.95,1132.50,65.15,186.40,-1,-1,-1,-1
89,2,1993.69,1433.15,92.81,238.05,-1,-1,-1,-1
89,3,2754.30,1464.78,93.48,241.92,-1,-1,-1,-1
89,4,2037.91,1234.05,65.55,206.87,-1,-1,-1,-1
89,5,2480.50,1241.73,66.17,198.60,-1,-1,-1,-1
89,6,1910.64,1085.19,59.81,182.51,-1,-1,-1,-1
90,1,1698.95,1134.68,65.15,186.40,-1,-1,-1,-1
90,2,1988.13,1433.15,98.37,236.65,-1,-1,-1,-1
90,3,2754.30,1464.44,93.48,241.91,-1,-1,-1,-1
90,4,2037.91,1234.05,63.37,206.61,-1,-1,-1,-1
90,5,2480.58,1242.22,66.41,198.42,-1,-1,-1,-1
90,6,1910.64,1084.18,59.46,183.02,-1,-1,-1,-1
91,1,1698.95,1136.86,65.15,186.40,-1,-1,-1,-1
91,2,1982.56,1433.15,103.94,235.25,-1,-1,-1,-1
91,3,2754.30,1464.09,93.48,241.91,-1,-1,-1,-1
91,4,2037.91,1234.05,61.19,206.35,-1,-1,-1,-1
91,5,2480.67,1242.70,66.64,198.25,-1,-1,-1,-1
91,6,1910.47,1084.18,58.13,184.52,-1,-1,-1,-1
92,1,1699.62,1137.70,65.33,187.93,-1,-1,-1,-1
92,2,1977.00,1430.72,108.80,236.28,-1,-1,-1,-1
92,3,2757.08,1462.70,94.51,243.30,-1,-1,-1,-1
92,4,2037.91,1234.05,59.04,206.10,-1,-1,-1,-1
92,5,2480.75,1243.18,66.88,198.09,-1,-1,-1,-1
92,6,1910.30,1084.18,56.80,186.02,-1,-1,-1,-1
93,1,1700.29,1138.54,65.51,189.46,-1,-1,-1,-1
93,2,1971.44,1428.28,113.66,237.32,-1,-1,-1,-1
93,3,2759.86,1461.31,95.54,244.69,-1,-1,-1,-1
93,4,2037.91,1234.05,56.89,205.85,-1,-1,-1,-1
93,5,2480.83,1243.66,67.12,197.92,-1,-1,-1,-1
93,6,1910.13,1084.18,53.97,185.92,-1,-1,-1,-1
94,1,1701.80,1139.21,65.00,189.94,-1,-1,-1,-1
94,2,1970.39,1426.20,112.96,235.60,-1,-1,-1,-1
94,3,2760.91,1458.87,95.53,244.70,-1,-1,-1,-1
94,4,2037.91,1234.05,56.19,205.85,-1,-1,-1,-1
94,5,2480.92,1244.15,67.36,197.74,-1,-1,-1,-1
94,6,1909.97,1084.18,52.13,185.72,-1,-1,-1,-1
95,1,1703.31,1139.88,64.49,190.42,-1,-1,-1,-1
95,2,1969.35,1424.11,112.25,233.89,-1,-1,-1,-1
95,3,2761.95,1456.44,95.54,244.69,-1,-1,-1,-1
95,4,2037.91,1234.05,55.49,205.85,-1,-1,-1,-1
95,5,2481.00,1244.63,67.60,197.57,-1,-1,-1,-1
95,6,1909.97,1084.18,51.63,185.72,-1,-1,-1,-1
96,1,1702.81,1140.05,64.49,190.42,-1,-1,-1,-1
96,2,1970.04,1419.24,107.71,233.21,-1,-1,-1,-1
96,3,2764.02,1453.66,91.73,240.86,-1,-1,-1,-1
96,4,2037.19,1234.05,55.49,205.85,-1,-1,-1,-1
96,5,2481.00,1244.63,67.60,196.37,-1,-1,-1,-1
96,6,1909.97,1084.18,51.13,185.72,-1,-1,-1,-1
97,1,1702.31,1140.21,64.48,190.42,-1,-1,-1,-1
97,2,1970.74,1414.38,103.16,232.52,-1,-1,-1,-1
97,3,2766.10,1450.88,87.91,237.02,-1,-1,-1,-1
97,4,2036.46,1234.05,55.49,205.85,-1,-1,-1,-1
97,5,2481.00,1244.63,67.60,195.17,-1,-1,-1,-1
97,6,1910.13,1084.18,51.14,185.72,-1,-1,-1,-1
98,1,1702.64,1140.88,64.49,190.42,-1,-1,-1,-1
98,2,1971.44,1413.68,100.26,223.82,-1,-1,-1,-1
98,3,2768.20,1448.44,84.42,234.26,-1,-1,-1,-1
98,4,2035.74,1234.05,55.49,205.85,-1,-1,-1,-1
98,5,2480.50,1242.70,68.58,197.10,-1,-1,-1,-1
98,6,1910.30,1084.18,51.13,185.72,-1,-1,-1,-1
99,1,1702.98,1141.55,64.49,190.43,-1,-1,-1,-1
99,2,1976.75,1410.30,93.75,220.20,-1,-1,-1,-1
99,3,2770.30,1446.01,80.93,231.49,-1,-1,-1,-1
99,4,2035.01,1234.05,55.49,205.85,-1,-1,-1,-1
99,5,2480.00,1240.77,69.56,199.03,-1,-1,-1,-1
99,6,1910.30,1085.35,52.82,183.40,-1,-1,-1,-1
100,1,1703.31,1141.72,66.82,189.77,-1,-1,-1,-1
100,2,1982.06,1406.92,84.34,212.68,-1,-1,-1,-1
100,3,2770.30,1442.53,79.19,230.47,-1,-1,-1,-1
100,4,2035.01,1232.68,55.98,207.39,-1,-1,-1,-1
100,5,2480.25,1240.80,69.79,199.00,-1,-1,-1,-1
100,6,1910.30,1086.53,54.50,181.07,-1,-1,-1,-1
101,1,1703.65,1141.89,69.15,189.11,-1,-1,-1,-1
101,2,1983.27,1403.06,81.68,216.79,-1,-1,-1,-1
101,3,2770.30,1439.05,77.45,229.45,-1,-1,-1,-1
101,4,2035.01,1231.31,56.46,208.92,-1,-1,-1,-1
101,5,2480.50,1237.39,70.03,202.41,-1,-1,-1,-1
101,6,1910.97,1087.37,55.33,179.73,-1,-1,-1,-1
102,1,1703.65,1141.89,70.65,189.11,-1,-1,-1,-1
102,2,1984.48,1399.20,79.02,220.90,-1,-1,-1,-1
102,3,2769.50,1437.31,76.86,229.45,-1,-1,-1,-1
102,4,2035.01,1229.94,56.94,210.46,-1,-1,-1,-1
102,5,2480.98,1237.39,70.03,202.41,-1,-1,-1,-1
102,6,1911.64,1088.21,56.16,178.39,-1,-1,-1,-1
103,1,1703.65,1141.89,72.15,189.11,-1,-1,-1,-1
103,2,1982.79,1396.30,77.01,220.90,-1,-1,-1,-1
103,3,2769.80,1435.57,75.17,229.45,-1,-1,-1,-1
103,4,2035.01,1228.57,57.42,212.00,-1,-1,-1,-1
103,5,2481.47,1237.39,70.02,202.41,-1,-1,-1,-1
103,6,1913.82,1088.71,53.83,178.39,-1,-1,-1,-1
104,1,1704.99,1143.90,72.16,189.80,-1,-1,-1,-1
104,2,1981.10,1393.40,75.40,220.90,-1,-1,-1,-1
104,3,2768.95,1432.39,74.29,233.22,-1,-1,-1,-1
104,4,2035.01,1227.21,57.91,213.52,-1,-1,-1,-1
104,5,2481.48,1235.70,72.19,204.80,-1,-1,-1,-1
104,6,1916.00,1089.21,51.50,178.39,-1,-1,-1,-1
105,1,1706.33,1145.91,72.17,190.49,-1,-1,-1,-1
105,2,1981.58,1391.71,74.02,225.24,-1,-1,-1,-1
105,3,2768.10,1429.20,73.40,237.00,-1,-1,-1,-1
105,4,2035.01,1225.84,58.39,215.06,-1,-1,-1,-1
105,5,2481.50,1234.01,74.34,207.19,-1,-1,-1,-1
105,6,1919.02,1089.38,50.98,178.22,-1,-1,-1,-1
106,1,1708.18,1146.08,72.02,194.52,-1,-1,-1,-1
106,2,1982.06,1390.02,73.44,229.58,-1,-1,-1,-1
106,3,2766.07,1427.75,75.43,238.45,-1,-1,-1,-1
106,4,2034.77,1225.60,58.39,215.06,-1,-1,-1,-1
106,5,2481.00,1233.76,75.81,207.94,-1,-1,-1,-1
106,6,1922.04,1089.55,50.46,178.05,-1,-1,-1,-1
107,1,1710.02,1146.25,71.88,198.55,-1,-1,-1,-1
107,2,1982.54,1388.33,70.66,229.57,-1,-1,-1,-1
107,3,2764.04,1426.30,77.46,239.90,-1,-1,-1,-1
107,4,2034.53,1225.36,58.39,215.06,-1,-1,-1,-1
107,5,2480.50,1233.52,77.27,208.68,-1,-1,-1,-1
107,6,1924.89,1089.38,49.96,178.07,-1,-1,-1,-1
108,1,1713.16,1146.49,71.39,200.71,-1,-1,-1,-1
108,2,1983.03,1386.64,71.07,229.56,-1,-1,-1,-1
108,3,2762.30,1422.83,78.05,239.87,-1,-1,-1,-1
108,4,2033.93,1221.13,58.18,214.68,-1,-1,-1,-1
108,5,2480.50,1233.51,78.69,208.69,-1,-1,-1,-1
108,6,1927.74,1089.21,49.46,178.09,-1,-1,-1,-1
109,1,1716.30,1146.73,70.90,202.87,-1,-1,-1,-1
109,2,1984.76,1384.03,70.04,228.97,-1,-1,-1,-1
109,3,2760.57,1419.35,78.63,239.85,-1,-1,-1,-1
109,4,2033.32,1216.90,57.98,214.30,-1,-1,-1,-1
109,5,2480.50,1233.50,80.10,208.70,-1,-1,-1,-1
109,6,1928.08,1089.21,51.62,178.59,-1,-1,-1,-1
110,1,1717.51,1148.42,70.64,201.43,-1,-1,-1,-1
110,2,1986.50,1381.42,69.00,228.38,-1,-1,-1,-1
110,3,2760.28,1416.45,79.77,236.35,-1,-1,-1,-1
110,4,2033.22,1215.90,57.88,210.68,-1,-1,-1,-1
110,5,2481.91,1232.29,80.10,208.70,-1,-1,-1,-1
110,6,1928.41,1089.21,53.79,179.09,-1,-1,-1,-1
111,1,1718.72,1150.11,70.38,199.99,-1,-1,-1,-1
111,2,1988.40,1378.23,67.39,228.38,-1,-1,-1,-1
111,3,2759.99,1413.55,80.91,232.85,-1,-1,-1,-1
111,4,2033.12,1214.89,57.78,207.06,-1,-1,-1,-1
111,5,2483.32,1231.09,80.10,208.70,-1,-1,-1,-1
111,6,1928.58,1088.71,61.82,178.94,-1,-1,-1,-1
112,1,1721.37,1151.80,70.39,199.99,-1,-1,-1,-1
112,2,1987.08,1375.05,69.00,228.37,-1,-1,-1,-1
112,3,2758.83,1410.66,80.62,226.49,-1,-1,-1,-1
112,4,2033.02,1213.88,57.68,203.45,-1,-1,-1,-1
112,5,2482.51,1229.88,82.72,205.86,-1,-1,-1,-1
112,6,1928.75,1088.21,69.85,178.79,-1,-1,-1,-1
113,1,1724.03,1153.49,70.38,199.99,-1,-1,-1,-1
113,2,1987.66,1371.57,69.00,225.34,-1,-1,-1,-1
113,3,2757.67,1407.76,80.33,220.14,-1,-1,-1,-1
113,4,2032.92,1212.88,57.58,199.82,-1,-1,-1,-1
113,5,2481.70,1228.67,85.34,203.03,-1,-1,-1,-1
113,6,1928.75,1088.21,76.20,178.44,-1,-1,-1,-1
114,1,1726.20,1153.73,70.16,200.01,-1,-1,-1,-1
114,2,1988.24,1368.09,69.00,222.31,-1,-1,-1,-1
114,3,2755.35,1401.96,80.35,223.89,-1,-1,-1,-1
114,4,2033.32,1211.77,57.58,199.82,-1,-1,-1,-1
114,5,2482.70,1227.87,84.74,200.43,-1,-1,-1,-1
114,6,1928.75,1088.21,82.55,178.09,-1,-1,-1,-1
115,1,1728.38,1153.97,69.92,200.03,-1,-1,-1,-1
115,2,1987.95,1364.33,71.02,216.67,-1,-1,-1,-1
115,3,2753.04,1396.17,80.36,227.63,-1,-1,-1,-1
115,4,2033.72,1210.66,57.58,199.83,-1,-1,-1,-1
115,5,2483.70,1227.06,84.14,197.84,-1,-1,-1,-1
115,6,1928.75,1088.21,84.05,178.59,-1,-1,-1,-1
116,1,1733.21,1155.42,65.59,200.98,-1,-1,-1,-1
116,2,1987.66,1360.56,73.04,211.04,-1,-1,-1,-1
116,3,2751.30,1395.01,80.36,227.63,-1,-1,-1,-1
116,4,2034.13,1209.56,57.58,199.82,-1,-1,-1,-1
116,5,2483.70,1225.45,82.93,191.05,-1,-1,-1,-1
116,6,1928.75,1088.21,85.55,179.09,-1,-1,-1,-1
117,1,1735.78,1155.75,63.65,199.52,-1,-1,-1,-1
117,2,1985.73,1357.85,76.34,212.98,-1,-1,-1,-1
117,3,2751.30,1395.01,74.80,227.63,-1,-1,-1,-1
117,4,2034.53,1208.45,57.58,199.82,-1,-1,-1,-1
117,5,2483.83,1224.91,82.40,189.72,-1,-1,-1,-1
117,6,1928.75,1088.21,86.05,179.09,-1,-1,-1,-1
118,1,1738.36,1156.07,61.71,198.06,-1,-1,-1,-1
118,2,1983.80,1355.15,79.63,214.92,-1,-1,-1,-1
118,3,2749.56,1392.23,73.39,231.09,-1,-1,-1,-1
118,4,2035.33,1207.42,58.97,201.05,-1,-1,-1,-1
118,5,2483.97,1224.38,81.86,188.39,-1,-1,-1,-1
118,6,1928.75,1088.21,86.55,179.09,-1,-1,-1,-1
119,1,1740.93,1156.39,59.77,196.61,-1,-1,-1,-1
119,2,1981.87,1352.45,82.93,216.85,-1,-1,-1,-1
119,3,2747.82,1389.45,71.98,234.55,-1,-1,-1,-1
119,4,2036.14,1206.40,60.36,202.27,-1,-1,-1,-1
119,5,2484.10,1223.84,81.33,187.06,-1,-1,-1,-1
119,6,1928.41,1086.36,87.74,180.44,-1,-1,-1,-1
120,1,1744.07,1159.53,57.58,193.72,-1,-1,-1,-1
120,2,1979.26,1351.00,85.24,218.30,-1,-1,-1,-1
120,3,2746.43,1388.75,71.98,234.55,-1,-1,-1,-1
120,4,2036.14,1206.00,62.16,202.67,-1,-1,-1,-1
120,5,2483.50,1223.64,81.32,185.06,-1,-1,-1,-1
120,6,1928.08,1084.52,88.92,181.78,-1,-1,-1,-1
121,1,1747.21,1162.67,55.39,190.83,-1,-1,-1,-1
121,2,1976.65,1349.55,87.55,219.75,-1,-1,-1,-1
121,3,2745.04,1388.05,71.98,234.56,-1,-1,-1,-1
121,4,2036.14,1205.60,63.96,203.08,-1,-1,-1,-1
121,5,2482.90,1223.44,81.32,183.06,-1,-1,-1,-1
121,6,1930.09,1083.36,86.76,183.11,-1,-1,-1,-1
122,1,1748.18,1161.70,56.12,192.30,-1,-1,-1,-1
122,2,1976.07,1347.23,89.88,222.07,-1,-1,-1,-1
122,3,2742.60,1385.62,69.70,235.68,-1,-1,-1,-1
122,4,2036.14,1203.80,64.96,204.87,-1,-1,-1,-1
122,5,2482.10,1223.84,81.31,183.06,-1,-1,-1,-1
122,6,1932.10,1082.20,84.60,184.43,-1,-1,-1,-1
123,1,1749.14,1160.74,56.86,193.76,-1,-1,-1,-1
123,2,1975.49,1344.91,92.21,224.39,-1,-1,-1,-1
123,3,2740.17,1383.19,69.63,234.51,-1,-1,-1,-1
123,4,2036.14,1202.00,65.96,206.67,-1,-1,-1,-1
123,5,2481.29,1224.25,81.32,183.06,-1,-1,-1,-1
123,6,1934.79,1081.55,81.91,184.58,-1,-1,-1,-1
124,1,1750.83,1160.74,58.57,193.76,-1,-1,-1,-1
124,2,1974.91,1342.88,92.21,224.39,-1,-1,-1,-1
124,3,2737.73,1380.75,69.07,231.05,-1,-1,-1,-1
124,4,2037.55,1200.00,66.55,204.45,-1,-1,-1,-1
124,5,2481.29,1224.25,79.52,182.45,-1,-1,-1,-1
124,6,1937.47,1080.90,79.23,184.73,-1,-1,-1,-1
125,1,1752.52,1160.74,60.28,193.76,-1,-1,-1,-1
125,2,1974.33,1340.85,92.21,224.39,-1,-1,-1,-1
125,3,2735.30,1378.32,70.20,228.78,-1,-1,-1,-1
125,4,2038.96,1198.00,67.14,202.22,-1,-1,-1,-1
125,5,2481.29,1224.25,77.71,181.85,-1,-1,-1,-1
125,6,1942.16,1079.90,74.39,185.56,-1,-1,-1,-1
126,1,1755.18,1160.74,67.27,193.76,-1,-1,-1,-1
126,2,1975.38,1339.12,92.20,224.39,-1,-1,-1,-1
126,3,2727.65,1376.93,74.90,220.17,-1,-1,-1,-1
126,4,2040.56,1196.60,66.94,201.41,-1,-1,-1,-1
126,5,2481.29,1224.25,76.91,181.85,-1,-1,-1,-1
126,6,1946.86,1078.90,69.54,186.39,-1,-1,-1,-1
127,1,1757.83,1160.74,74.27,193.76,-1,-1,-1,-1
127,2,1976.42,1337.38,92.21,224.39,-1,-1,-1,-1
127,3,2720.00,1375.54,79.60,211.56,-1,-1,-1,-1
127,4,2042.17,1195.20,66.73,200.60,-1,-1,-1,-1
127,5,2481.29,1224.25,76.11,181.85,-1,-1,-1,-1
127,6,1951.55,1078.40,67.35,186.89,-1,-1,-1,-1
128,1,1757.35,1162.67,80.55,192.08,-1,-1,-1,-1
128,2,1978.51,1334.94,91.15,223.34,-1,-1,-1,-1
128,3,2716.15,1377.62,81.02,198.33,-1,-1,-1,-1
128,4,2046.20,1193.60,63.50,196.76,-1,-1,-1,-1
128,5,2481.29,1224.25,75.31,181.85,-1,-1,-1,-1
128,6,1956.25,1077.90,65.15,187.39,-1,-1,-1,-1
129,1,1756.87,1164.60,86.83,190.40,-1,-1,-1,-1
129,2,1980.59,1332.51,90.11,222.29,-1,-1,-1,-1
129,3,2712.30,1379.71,82.43,185.09,-1,-1,-1,-1
129,4,2050.22,1192.00,60.28,192.93,-1,-1,-1,-1
129,5,2481.29,1224.25,74.51,181.85,-1,-1,-1,-1
129,6,1961.62,1078.25,61.98,187.38,-1,-1,-1,-1
130,1,1756.87,1165.32,89.23,190.18,-1,-1,-1,-1
130,2,1985.46,1329.03,85.24,217.77,-1,-1,-1,-1
130,3,2703.26,1379.70,85.94,181.62,-1,-1,-1,-1
130,4,2053.44,1191.20,61.71,192.52,-1,-1,-1,-1
130,5,2481.49,1224.25,74.51,181.85,-1,-1,-1,-1
130,6,1966.98,1078.60,58.82,187.37,-1,-1,-1,-1
131,1,1756.87,1166.05,91.63,189.95,-1,-1,-1,-1
131,2,1990.33,1325.55,80.37,213.25,-1,-1,-1,-1
131,3,2693.18,1379.70,94.27,175.71,-1,-1,-1,-1
131,4,2056.66,1190.40,63.14,192.11,-1,-1,-1,-1
131,5,2481.69,1224.25,74.51,181.85,-1,-1,-1,-1
131,6,1969.50,1078.60,59.00,187.03,-1,-1,-1,-1
132,1,1757.35,1166.53,91.63,189.95,-1,-1,-1,-1
132,2,1992.07,1322.42,77.23,212.23,-1,-1,-1,-1
132,3,2683.10,1379.70,102.60,169.80,-1,-1,-1,-1
132,4,2060.28,1188.20,64.17,194.52,-1,-1,-1,-1
132,5,2480.10,1222.80,85.00,183.30,-1,-1,-1,-1
132,6,1972.01,1078.60,59.19,186.70,-1,-1,-1,-1
133,1,1757.83,1167.02,91.63,189.95,-1,-1,-1,-1
133,2,1993.80,1319.29,74.10,211.21,-1,-1,-1,-1
133,3,2681.00,1377.61,102.25,172.24,-1,-1,-1,-1
133,4,2063.91,1186.00,65.19,196.92,-1,-1,-1,-1
133,5,2478.50,1223.00,105.90,183.10,-1,-1,-1,-1
133,6,1973.22,1078.70,58.38,185.90,-1,-1,-1,-1
134,1,1758.31,1167.50,91.64,189.95,-1,-1,-1,-1
134,2,1996.59,1316.16,70.61,211.19,-1,-1,-1,-1
134,3,2678.90,1375.53,101.90,174.67,-1,-1,-1,-1
134,4,2063.91,1185.80,65.89,197.32,-1,-1,-1,-1
134,5,2470.90,1220.20,128.00,185.90,-1,-1,-1,-1
134,6,1974.43,1078.80,57.57,185.10,-1,-1,-1,-1
135,1,1758.80,1167.98,91.63,189.95,-1,-1,-1,-1
135,2,1999.37,1313.03,67.13,211.17,-1,-1,-1,-1
135,3,2678.20,1366.11,100.88,184.44,-1,-1,-1,-1
135,4,2063.91,1185.60,66.59,197.72,-1,-1,-1,-1
135,5,2470.09,1221.80,132.21,184.30,-1,-1,-1,-1
135,6,1975.64,1078.90,56.76,184.30,-1,-1,-1,-1
136,1,1763.87,1167.02,87.29,191.15,-1,-1,-1,-1
136,2,2000.76,1311.64,67.84,213.26,-1,-1,-1,-1
136,3,2677.50,1356.70,99.86,194.20,-1,-1,-1,-1
136,4,2063.91,1185.40,67.29,198.12,-1,-1,-1,-1
136,5,2469.29,1223.40,136.41,182.70,-1,-1,-1,-1
136,6,1976.84,1079.00,55.96,183.50,-1,-1,-1,-1
137,1,1768.94,1166.05,82.96,192.35,-1,-1,-1,-1
137,2,2002.15,1310.25,68.55,215.35,-1,-1,-1,-1
137,3,2677.15,1347.00,97.45,202.50,-1,-1,-1,-1
137,4,2063.91,1185.20,67.99,198.52,-1,-1,-1,-1
137,5,2469.29,1213.35,130.16,195.55,-1,-1,-1,-1
137,6,1978.25,1081.01,55.75,181.09,-1,-1,-1,-1
138,1,1775.94,1166.29,75.26,192.36,-1,-1,-1,-1
138,2,2004.22,1308.51,70.31,217.09,-1,-1,-1,-1
138,3,2676.80,1337.30,93.60,210.80,-1,-1,-1,-1
138,4,2063.91,1184.40,70.39,199.32,-1,-1,-1,-1
138,5,2469.29,1203.30,123.91,208.40,-1,-1,-1,-1
138,6,1979.66,1083.03,55.54,178.67,-1,-1,-1,-1
139,1,1782.94,1166.53,67.56,192.37,-1,-1,-1,-1
139,2,2006.30,1306.77,72.05,218.83,-1,-1,-1,-1
139,3,2676.10,1328.73,92.90,217.04,-1,-1,-1,-1
139,4,2063.91,1183.60,72.79,200.12,-1,-1,-1,-1
139,5,2471.30,1194.05,121.30,222.08,-1,-1,-1,-1
139,6,1980.47,1082.62,55.53,178.68,-1,-1,-1,-1
140,1,1789.95,1166.78,65.85,192.12,-1,-1,-1,-1
140,2,2007.65,1305.38,71.74,217.47,-1,-1,-1,-1
140,3,2675.40,1320.17,92.20,223.26,-1,-1,-1,-1
140,4,2067.33,1180.80,69.77,200.30,-1,-1,-1,-1
140,5,2473.31,1184.80,118.69,235.75,-1,-1,-1,-1
140,6,1981.27,1082.22,55.54,178.67,-1,-1,-1,-1
141,1,1796.95,1167.02,64.15,191.88,-1,-1,-1,-1
141,2,2009.00,1303.99,71.44,216.11,-1,-1,-1,-1
141,3,2674.70,1311.60,91.50,229.50,-1,-1,-1,-1
141,4,2070.75,1178.00,66.75,200.49,-1,-1,-1,-1
141,5,2478.14,1185.40,117.06,239.58,-1,-1,-1,-1
141,6,1982.68,1081.82,54.12,179.48,-1,-1,-1,-1
142,1,1807.09,1167.02,59.81,195.03,-1,-1,-1,-1
142,2,2009.39,1300.86,72.79,217.46,-1,-1,-1,-1
142,3,2678.50,1286.91,85.80,247.94,-1,-1,-1,-1
142,4,2074.57,1176.99,62.53,199.90,-1,-1,-1,-1
142,5,2482.97,1186.00,115.43,243.41,-1,-1,-1,-1
142,6,1984.09,1081.41,52.71,180.29,-1,-1,-1,-1
143,1,1817.23,1167.02,55.47,198.18,-1,-1,-1,-1
143,2,2009.78,1297.73,74.14,218.81,-1,-1,-1,-1
143,3,2682.30,1262.22,80.10,266.38,-1,-1,-1,-1
143,4,2078.39,1175.99,58.31,199.31,-1,-1,-1,-1
143,5,2485.99,1197.05,118.66,235.58,-1,-1,-1,-1
143,6,1985.50,1081.82,51.70,180.28,-1,-1,-1,-1
144,1,1817.23,1167.02,60.77,199.63,-1,-1,-1,-1
144,2,2009.79,1294.26,77.95,219.51,-1,-1,-1,-1
144,3,2687.60,1260.48,75.30,261.52,-1,-1,-1,-1
144,4,2082.42,1174.58,54.28,198.92,-1,-1,-1,-1
144,5,2489.01,1208.10,121.89,227.75,-1,-1,-1,-1
144,6,1984.90,1082.22,52.71,180.28,-1,-1,-1,-1
145,1,1817.23,1167.02,66.07,201.08,-1,-1,-1,-1
145,2,2009.80,1290.78,81.77,220.22,-1,-1,-1,-1
145,3,2685.78,1258.74,73.52,254.86,-1,-1,-1,-1
145,4,2086.44,1173.17,50.26,198.53,-1,-1,-1,-1
145,5,2492.43,1221.40,126.52,219.28,-1,-1,-1,-1
145,6,1987.31,1083.02,51.89,179.68,-1,-1,-1,-1
146,1,1817.23,1167.02,73.27,199.68,-1,-1,-1,-1
146,2,2015.00,1286.26,80.39,218.49,-1,-1,-1,-1
146,3,2687.80,1253.53,72.15,252.57,-1,-1,-1,-1
146,4,2087.25,1172.37,52.85,197.13,-1,-1,-1,-1
146,5,2495.85,1234.70,131.15,210.81,-1,-1,-1,-1
146,6,1989.73,1083.83,51.07,179.07,-1,-1,-1,-1
147,1,1817.23,1167.02,83.17,199.18,-1,-1,-1,-1
147,2,2020.20,1281.74,79.02,216.76,-1,-1,-1,-1
147,3,2685.50,1248.31,75.10,253.09,-1,-1,-1,-1
147,4,2088.05,1171.56,55.45,195.74,-1,-1,-1,-1
147,5,2499.07,1237.50,133.98,208.20,-1,-1,-1,-1
147,6,1990.73,1083.22,51.27,179.48,-1,-1,-1,-1
148,1,1817.23,1167.02,93.07,198.68,-1,-1,-1,-1
148,2,2026.11,1276.52,75.90,214.33,-1,-1,-1,-1
148,3,2682.30,1245.88,75.15,249.72,-1,-1,-1,-1
148,4,2088.05,1171.56,58.45,195.74,-1,-1,-1,-1
148,5,2502.29,1240.30,136.81,205.60,-1,-1,-1,-1
148,6,1991.74,1082.62,51.46,179.88,-1,-1,-1,-1
149,1,1817.71,1168.23,95.24,196.27,-1,-1,-1,-1
149,2,2032.02,1271.30,72.78,211.90,-1,-1,-1,-1
149,3,2681.61,1243.45,72.69,251.15,-1,-1,-1,-1
149,4,2088.05,1171.56,61.45,195.74,-1,-1,-1,-1
149,5,2505.29,1241.70,133.21,204.20,-1,-1,-1,-1
149,6,1991.94,1081.81,53.06,180.49,-1,-1,-1,-1
150,1,1818.20,1169.43,97.40,193.87,-1,-1,-1,-1
150,2,2034.11,1268.50,71.04,210.53,-1,-1,-1,-1
150,3,2679.17,1241.36,72.70,251.15,-1,-1,-1,-1
150,4,2088.05,1171.56,70.35,194.14,-1,-1,-1,-1
150,5,2508.30,1243.10,129.59,202.80,-1,-1,-1,-1
150,6,1992.14,1081.01,54.66,181.09,-1,-1,-1,-1
151,1,1819.40,1169.92,96.45,193.13,-1,-1,-1,-1
151,2,2036.20,1265.70,69.30,209.16,-1,-1,-1,-1
151,3,2676.74,1239.27,72.69,251.16,-1,-1,-1,-1
151,4,2088.05,1171.56,79.25,192.54,-1,-1,-1,-1
151,5,2511.10,1241.50,115.73,204.00,-1,-1,-1,-1
151,6,1992.95,1080.81,56.05,181.29,-1,-1,-1,-1
152,1,1820.61,1170.40,95.49,192.40,-1,-1,-1,-1
152,2,2035.50,1265.35,71.75,207.77,-1,-1,-1,-1
152,3,2669.20,1239.85,77.91,256.35,-1,-1,-1,-1
152,4,2088.05,1171.56,82.45,191.54,-1,-1,-1,-1
152,5,2513.90,1239.90,101.86,205.19,-1,-1,-1,-1
152,6,1993.75,1080.61,57.45,181.49,-1,-1,-1,-1
153,1,1827.13,1169.43,88.97,192.87,-1,-1,-1,-1
153,2,2034.80,1265.00,74.20,206.38,-1,-1,-1,-1
153,3,2662.25,1245.06,81.15,255.79,-1,-1,-1,-1
153,4,2088.05,1171.56,85.65,190.54,-1,-1,-1,-1
153,5,2514.70,1238.10,96.23,207.20,-1,-1,-1,-1
153,6,1993.75,1079.00,58.45,183.10,-1,-1,-1,-1
154,1,1833.65,1168.47,82.45,193.33,-1,-1,-1,-1
154,2,2033.41,1267.80,78.39,205.66,-1,-1,-1,-1
154,3,2655.30,1250.28,85.60,255.22,-1,-1,-1,-1
154,4,2088.05,1171.56,86.85,189.94,-1,-1,-1,-1
154,5,2515.50,1236.30,90.60,209.20,-1,-1,-1,-1
154,6,1993.75,1077.40,59.45,184.70,-1,-1,-1,-1
155,1,1842.10,1168.47,74.00,193.33,-1,-1,-1,-1
155,2,2032.02,1270.60,82.58,204.95,-1,-1,-1,-1
155,3,2648.90,1263.32,90.40,244.78,-1,-1,-1,-1
155,4,2088.05,1171.56,88.05,189.34,-1,-1,-1,-1
155,5,2516.90,1233.50,89.20,212.00,-1,-1,-1,-1
155,6,1994.15,1076.00,60.05,186.30,-1,-1,-1,-1
156,1,1850.55,1168.47,65.55,193.33,-1,-1,-1,-1
156,2,2028.54,1273.38,86.76,203.89,-1,-1,-1,-1
156,3,2642.50,1276.36,93.60,234.34,-1,-1,-1,-1
156,4,2088.05,1172.57,88.05,188.33,-1,-1,-1,-1
156,5,2518.30,1230.70,87.80,214.80,-1,-1,-1,-1
156,6,1994.55,1074.60,60.65,187.90,-1,-1,-1,-1
157,1,1859.49,1168.23,63.36,193.07,-1,-1,-1,-1
157,2,2025.07,1276.16,90.93,202.84,-1,-1,-1,-1
157,3,2640.50,1289.40,94.20,232.90,-1,-1,-1,-1
157,4,2088.05,1173.58,88.05,187.32,-1,-1,-1,-1
157,5,2519.30,1227.15,87.20,216.54,-1,-1,-1,-1
157,6,1996.97,1074.20,61.43,188.30,-1,-1,-1,-1
158,1,1868.42,1167.99,61.18,192.81,-1,-1,-1,-1
158,2,2019.16,1271.30,96.14,204.90,-1,-1,-1,-1
158,3,2632.00,1304.76,97.10,219.84,-1,-1,-1,-1
158,4,2088.05,1174.59,88.05,186.31,-1,-1,-1,-1
158,5,2520.30,1223.60,86.61,218.28,-1,-1,-1,-1
158,6,1999.38,1073.80,62.22,188.70,-1,-1,-1,-1
159,1,1876.39,1166.54,61.91,194.76,-1,-1,-1,-1
159,2,2013.24,1266.43,101.36,206.97,-1,-1,-1,-1
159,3,2632.60,1312.87,94.79,209.68,-1,-1,-1,-1
159,4,2088.05,1175.60,88.05,185.30,-1,-1,-1,-1
159,5,2518.70,1221.70,88.81,218.37,-1,-1,-1,-1
159,6,2002.60,1072.60,62.80,188.90,-1,-1,-1,-1
160,1,1884.36,1165.09,62.64,196.71,-1,-1,-1,-1
160,2,2009.77,1260.86,106.23,210.04,-1,-1,-1,-1
160,3,2633.20,1320.98,92.47,199.52,-1,-1,-1,-1
160,4,2094.69,1175.00,81.41,185.50,-1,-1,-1,-1
160,5,2517.10,1219.80,91.01,218.45,-1,-1,-1,-1
160,6,2005.82,1071.40,63.38,189.09,-1,-1,-1,-1
161,1,1884.36,1165.09,70.39,196.71,-1,-1,-1,-1
161,2,2006.29,1255.30,114.61,213.80,-1,-1,-1,-1
161,3,2633.49,1320.98,92.47,199.52,-1,-1,-1,-1
161,4,2101.33,1174.40,74.77,185.69,-1,-1,-1,-1
161,5,2511.85,1218.80,91.03,215.63,-1,-1,-1,-1
161,6,2011.25,1069.40,59.95,188.88,-1,-1,-1,-1
162,1,1884.36,1165.09,78.14,196.71,-1,-1,-1,-1
162,2,2005.59,1248.00,122.96,213.15,-1,-1,-1,-1
162,3,2633.78,1320.98,92.47,199.52,-1,-1,-1,-1
162,4,2100.32,1171.40,75.58,188.70,-1,-1,-1,-1
162,5,2506.60,1217.80,91.05,212.81,-1,-1,-1,-1
162,6,2016.69,1067.40,56.51,188.66,-1,-1,-1,-1
163,1,1885.81,1164.12,82.49,196.73,-1,-1,-1,-1
163,2,2004.90,1240.70,131.30,212.50,-1,-1,-1,-1
163,3,2633.39,1319.17,93.67,198.73,-1,-1,-1,-1
163,4,2099.30,1168.40,76.40,191.70,-1,-1,-1,-1
163,5,2502.35,1217.45,87.47,204.85,-1,-1,-1,-1
163,6,2018.49,1068.00,57.93,189.27,-1,-1,-1,-1
164,1,1887.26,1163.16,86.84,196.74,-1,-1,-1,-1
164,2,2010.46,1235.48,127.14,207.27,-1,-1,-1,-1
164,3,2633.00,1317.36,94.86,197.94,-1,-1,-1,-1
164,4,2097.30,1167.00,78.40,193.10,-1,-1,-1,-1
164,5,2498.10,1217.10,83.90,196.90,-1,-1,-1,-1
164,6,2020.30,1068.60,59.34,189.88,-1,-1,-1,-1
165,1,1888.95,1162.19,90.00,197.46,-1,-1,-1,-1
165,2,2016.03,1230.27,122.97,202.03,-1,-1,-1,-1
165,3,2633.40,1315.55,96.67,200.15,-1,-1,-1,-1
165,4,2095.30,1165.60,80.40,194.50,-1,-1,-1,-1
165,5,2492.65,1214.25,80.27,199.60,-1,-1,-1,-1
165,6,2021.51,1069.20,59.34,189.88,-1,-1,-1,-1
166,1,1890.64,1161.22,93.16,198.18,-1,-1,-1,-1
166,2,2026.46,1224.01,108.74,195.09,-1,-1,-1,-1
166,3,2633.80,1313.74,98.49,202.36,-1,-1,-1,-1
166,4,2095.38,1165.28,80.32,194.82,-1,-1,-1,-1
166,5,2487.20,1211.40,76.64,202.31,-1,-1,-1,-1
166,6,2022.71,1069.81,59.34,189.88,-1,-1,-1,-1
167,1,1895.22,1159.53,92.43,199.17,-1,-1,-1,-1
167,2,2036.89,1217.75,94.51,188.15,-1,-1,-1,-1
167,3,2636.62,1314.75,98.49,202.36,-1,-1,-1,-1
167,4,2095.46,1164.96,80.24,195.14,-1,-1,-1,-1
167,5,2484.40,1208.40,75.42,202.69,-1,-1,-1,-1
167,6,2023.92,1069.60,62.16,190.09,-1,-1,-1,-1
168,1,1899.81,1157.84,91.69,200.16,-1,-1,-1,-1
168,2,2037.58,1213.57,86.52,184.68,-1,-1,-1,-1
168,3,2639.44,1315.75,98.48,202.36,-1,-1,-1,-1
168,4,2095.54,1164.64,80.16,195.46,-1,-1,-1,-1
168,5,2481.60,1205.40,74.19,203.07,-1,-1,-1,-1
168,6,2025.13,1069.40,64.97,190.29,-1,-1,-1,-1
169,1,1906.33,1157.12,86.12,198.48,-1,-1,-1,-1
169,2,2038.28,1209.40,78.52,181.20,-1,-1,-1,-1
169,3,2641.27,1314.34,99.07,205.77,-1,-1,-1,-1
169,4,2095.62,1164.32,80.08,195.78,-1,-1,-1,-1
169,5,2477.60,1199.35,73.97,207.51,-1,-1,-1,-1
169,6,2025.31,1070.20,69.04,186.69,-1,-1,-1,-1
170,1,1912.85,1156.39,80.55,196.81,-1,-1,-1,-1
170,2,2040.37,1205.92,73.28,179.13,-1,-1,-1,-1
170,3,2643.10,1312.93,99.65,209.17,-1,-1,-1,-1
170,4,2095.70,1164.00,80.00,196.10,-1,-1,-1,-1
170,5,2473.60,1193.30,73.74,211.96,-1,-1,-1,-1
170,6,2025.50,1071.00,73.10,183.10,-1,-1,-1,-1
171,1,1919.85,1154.95,73.80,195.35,-1,-1,-1,-1
171,2,2042.46,1202.45,68.04,177.05,-1,-1,-1,-1
171,3,2647.75,1314.14,96.41,209.16,-1,-1,-1,-1
171,4,2095.43,1161.85,80.67,195.15,-1,-1,-1,-1
171,5,2469.60,1189.70,71.70,213.74,-1,-1,-1,-1
171,6,2025.50,1071.20,74.70,182.90,-1,-1,-1,-1
172,1,1926.86,1153.50,67.04,193.90,-1,-1,-1,-1
172,2,2042.80,1198.62,64.40,184.08,-1,-1,-1,-1
172,3,2652.40,1315.35,93.17,209.15,-1,-1,-1,-1
172,4,2095.16,1159.71,81.34,194.19,-1,-1,-1,-1
172,5,2465.60,1186.10,69.67,215.53,-1,-1,-1,-1
172,6,2025.50,1071.40,76.30,182.70,-1,-1,-1,-1
173,1,1928.55,1153.01,64.40,192.94,-1,-1,-1,-1
173,2,2043.15,1194.80,63.15,185.40,-1,-1,-1,-1
173,3,2653.81,1314.54,93.17,209.16,-1,-1,-1,-1
173,4,2094.89,1157.56,82.01,193.24,-1,-1,-1,-1
173,5,2462.60,1185.10,68.64,209.89,-1,-1,-1,-1
173,6,2025.50,1072.20,78.90,181.90,-1,-1,-1,-1
174,1,1930.24,1152.53,61.76,191.97,-1,-1,-1,-1
174,2,2038.63,1189.23,66.27,188.17,-1,-1,-1,-1
174,3,2655.22,1313.74,93.17,209.15,-1,-1,-1,-1
174,4,2094.29,1156.96,79.81,190.84,-1,-1,-1,-1
174,5,2459.60,1184.10,67.62,204.25,-1,-1,-1,-1
174,6,2025.50,1073.00,81.50,181.10,-1,-1,-1,-1
175,1,1932.65,1152.29,60.55,190.76,-1,-1,-1,-1
175,2,2034.11,1183.67,69.39,190.93,-1,-1,-1,-1
175,3,2657.23,1312.93,90.96,210.97,-1,-1,-1,-1
175,4,2093.69,1156.35,77.61,188.45,-1,-1,-1,-1
175,5,2457.50,1185.60,62.88,197.52,-1,-1,-1,-1
175,6,2025.50,1073.60,83.10,180.50,-1,-1,-1,-1
176,1,1935.06,1152.05,59.34,189.55,-1,-1,-1,-1
176,2,2028.89,1178.11,73.56,191.29,-1,-1,-1,-1
176,3,2659.24,1312.13,88.76,212.77,-1,-1,-1,-1
176,4,2093.48,1153.74,75.22,186.61,-1,-1,-1,-1
176,5,2453.20,1182.50,60.33,195.39,-1,-1,-1,-1
176,6,2025.50,1074.20,84.70,179.90,-1,-1,-1,-1
177,1,1935.79,1151.81,62.71,187.64,-1,-1,-1,-1
177,2,2023.68,1172.54,77.72,191.66,-1,-1,-1,-1
177,3,2658.44,1311.83,88.66,213.57,-1,-1,-1,-1
177,4,2093.28,1151.12,72.82,184.78,-1,-1,-1,-1
177,5,2447.15,1180.50,60.15,193.97,-1,-1,-1,-1
177,6,2029.73,1073.00,81.07,179.89,-1,-1,-1,-1
178,1,1936.51,1151.56,66.09,185.74,-1,-1,-1,-1
178,2,2020.29,1171.82,79.42,179.58,-1,-1,-1,-1
178,3,2657.63,1311.53,88.57,214.37,-1,-1,-1,-1
178,4,2093.08,1148.50,71.02,188.60,-1,-1,-1,-1
178,5,2441.10,1178.50,59.96,192.55,-1,-1,-1,-1
178,6,2033.95,1071.80,77.45,179.89,-1,-1,-1,-1
179,1,1936.80,1150.84,65.80,187.16,-1,-1,-1,-1
179,2,2016.90,1171.09,81.12,167.51,-1,-1,-1,-1
179,3,2656.83,1311.22,88.47,215.18,-1,-1,-1,-1
179,4,2092.88,1145.89,69.22,192.41,-1,-1,-1,-1
179,5,2428.85,1174.20,66.25,195.44,-1,-1,-1,-1
179,6,2035.36,1072.20,77.64,177.67,-1,-1,-1,-1
180,1,1938.64,1150.12,63.96,186.21,-1,-1,-1,-1
180,2,2016.90,1171.09,81.12,159.06,-1,-1,-1,-1
180,3,2656.02,1310.92,88.38,215.98,-1,-1,-1,-1
180,4,2092.88,1145.89,69.42,191.41,-1,-1,-1,-1
180,5,2416.60,1169.90,72.54,198.33,-1,-1,-1,-1
180,6,2036.77,1072.60,77.83,175.46,-1,-1,-1,-1
181,1,1940.47,1149.39,62.13,185.28,-1,-1,-1,-1
181,2,2016.90,1171.09,81.12,150.61,-1,-1,-1,-1
181,3,2652.80,1310.72,91.60,215.98,-1,-1,-1,-1
181,4,2092.88,1145.89,69.62,190.41,-1,-1,-1,-1
181,5,2407.90,1167.25,79.55,198.81,-1,-1,-1,-1
181,6,2036.97,1072.40,77.83,175.46,-1,-1,-1,-1
182,1,1942.31,1148.67,60.29,184.33,-1,-1,-1,-1
182,2,2016.40,1165.06,89.11,152.29,-1,-1,-1,-1
182,3,2649.58,1310.52,94.82,215.98,-1,-1,-1,-1
182,4,2092.88,1145.89,71.02,182.81,-1,-1,-1,-1
182,5,2399.20,1164.60,86.56,199.28,-1,-1,-1,-1
182,6,2037.17,1072.20,77.83,175.46,-1,-1,-1,-1
183,1,1946.17,1148.42,59.33,183.63,-1,-1,-1,-1
183,2,2015.90,1159.02,97.09,153.98,-1,-1,-1,-1
183,3,2644.80,1309.71,97.40,215.59,-1,-1,-1,-1
183,4,2092.88,1145.89,74.72,182.71,-1,-1,-1,-1
183,5,2398.45,1163.15,83.93,194.74,-1,-1,-1,-1
183,6,2037.17,1071.59,77.83,176.49,-1,-1,-1,-1
184,1,1950.04,1148.18,58.36,182.92,-1,-1,-1,-1
184,2,2018.05,1153.47,102.67,157.83,-1,-1,-1,-1
184,3,2639.92,1308.91,100.08,217.59,-1,-1,-1,-1
184,4,2093.69,1145.49,74.56,182.76,-1,-1,-1,-1
184,5,2397.70,1161.70,81.30,190.20,-1,-1,-1,-1
184,6,2037.17,1070.99,77.83,177.51,-1,-1,-1,-1
185,1,1952.94,1146.49,58.36,182.92,-1,-1,-1,-1
185,2,2020.20,1147.91,108.25,161.69,-1,-1,-1,-1
185,3,2637.11,1308.10,101.09,217.80,-1,-1,-1,-1
185,4,2094.49,1145.08,74.41,182.82,-1,-1,-1,-1
185,5,2397.45,1160.75,74.79,184.45,-1,-1,-1,-1
185,6,2035.99,1070.79,78.81,185.81,-1,-1,-1,-1
186,1,1955.83,1144.80,58.37,182.92,-1,-1,-1,-1
186,2,2027.95,1143.81,108.26,161.14,-1,-1,-1,-1
186,3,2634.29,1307.30,102.11,218.00,-1,-1,-1,-1
186,4,2093.28,1144.88,72.42,182.82,-1,-1,-1,-1
186,5,2397.20,1159.80,68.28,185.73,-1,-1,-1,-1
186,6,2034.80,1070.59,79.80,184.81,-1,-1,-1,-1
187,1,1955.83,1144.32,61.97,184.84,-1,-1,-1,-1
187,2,2035.70,1139.70,108.28,160.60,-1,-1,-1,-1
187,3,2632.88,1307.30,102.32,217.20,-1,-1,-1,-1
187,4,2092.07,1144.68,70.43,182.82,-1,-1,-1,-1
187,5,2395.75,1158.35,56.55,185.75,-1,-1,-1,-1
187,6,2034.80,1070.79,79.80,187.91,-1,-1,-1,-1
188,1,1955.83,1143.84,65.57,186.76,-1,-1,-1,-1
188,2,2058.30,1131.97,94.77,153.93,-1,-1,-1,-1
188,3,2631.47,1307.30,102.53,216.40,-1,-1,-1,-1
188,4,2090.26,1143.27,70.43,182.82,-1,-1,-1,-1
188,5,2394.30,1156.90,57.66,185.73,-1,-1,-1,-1
188,6,2034.80,1070.99,79.80,185.41,-1,-1,-1,-1
189,1,1955.83,1142.68,70.17,187.46,-1,-1,-1,-1
189,2,2058.79,1129.89,90.14,155.85,-1,-1,-1,-1
189,3,2629.86,1306.49,103.14,214.21,-1,-1,-1,-1
189,4,2088.45,1141.87,70.43,182.81,-1,-1,-1,-1
189,5,2392.15,1154.75,56.19,187.64,-1,-1,-1,-1
189,6,2034.80,1071.79,79.20,183.31,-1,-1,-1,-1
190,1,1955.83,1143.84,74.77,188.16,-1,-1,-1,-1
190,2,2069.85,1126.29,85.50,157.78,-1,-1,-1,-1
190,3,2628.25,1305.69,103.75,212.01,-1,-1,-1,-1
190,4,2086.04,1139.45,72.65,182.19,-1,-1,-1,-1
190,5,2390.00,1152.60,54.71,189.55,-1,-1,-1,-1
190,6,2034.80,1072.60,78.60,182.80,-1,-1,-1,-1
191,1,1957.52,1141.66,75.03,189.84,-1,-1,-1,-1
191,2,2080.90,1122.70,80.87,159.70,-1,-1,-1,-1
191,3,2625.44,1303.68,105.36,213.62,-1,-1,-1,-1
191,4,2083.62,1137.04,74.88,181.56,-1,-1,-1,-1
191,5,2379.50,1149.45,62.80,191.74,-1,-1,-1,-1
191,6,2036.00,1072.60,77.40,183.50,-1,-1,-1,-1
192,1,1959.21,1139.49,75.29,191.51,-1,-1,-1,-1
192,2,2093.95,1120.67,72.45,157.08,-1,-1,-1,-1
192,3,2622.62,1301.67,106.98,215.23,-1,-1,-1,-1
192,4,2082.01,1135.63,71.64,180.37,-1,-1,-1,-1
192,5,2367.80,1146.30,72.08,193.92,-1,-1,-1,-1
192,6,2037.20,1072.60,76.20,182.80,-1,-1,-1,-1
193,1,1960.91,1139.49,74.54,190.31,-1,-1,-1,-1
193,2,2107.00,1118.64,64.04,154.46,-1,-1,-1,-1
193,3,2622.01,1299.43,101.96,211.03,-1,-1,-1,-1
193,4,2080.40,1134.22,68.40,179.18,-1,-1,-1,-1
193,5,2357.70,1146.05,79.29,193.93,-1,-1,-1,-1
193,6,2036.40,1073.20,76.60,182.20,-1,-1,-1,-1
194,1,1962.60,1139.49,73.80,189.11,-1,-1,-1,-1
194,2,2109.90,1117.77,68.37,151.28,-1,-1,-1,-1
194,3,2621.40,1297.20,96.93,206.82,-1,-1,-1,-1
194,4,2077.99,1132.00,68.01,179.40,-1,-1,-1,-1
194,5,2353.30,1145.80,80.79,193.94,-1,-1,-1,-1
194,6,2035.60,1073.80,76.99,182.90,-1,-1,-1,-1
195,1,1962.84,1142.87,75.26,182.83,-1,-1,-1,-1
195,2,2112.80,1116.90,72.70,148.10,-1,-1,-1,-1
195,3,2619.60,1293.80,90.68,205.39,-1,-1,-1,-1
195,4,2075.57,1129.79,67.63,179.61,-1,-1,-1,-1
195,5,2352.10,1146.75,79.04,190.82,-1,-1,-1,-1
195,6,2033.50,1074.05,74.47,181.95,-1,-1,-1,-1
196,1,1963.08,1146.25,76.72,176.55,-1,-1,-1,-1
196,2,2115.41,1116.04,79.64,148.66,-1,-1,-1,-1
196,3,2610.90,1290.40,91.33,201.60,-1,-1,-1,-1
196,4,2072.96,1130.60,67.24,178.80,-1,-1,-1,-1
196,5,2350.90,1147.70,77.30,187.70,-1,-1,-1,-1
196,6,2031.40,1074.30,71.94,180.58,-1,-1,-1,-1
197,1,1963.08,1146.25,83.52,178.95,-1,-1,-1,-1
197,2,2118.01,1115.17,86.59,149.23,-1,-1,-1,-1
197,3,2596.80,1287.20,96.38,204.37,-1,-1,-1,-1
197,4,2070.34,1131.40,66.86,178.00,-1,-1,-1,-1
197,5,2350.00,1145.70,69.36,183.25,-1,-1,-1,-1
197,6,2025.85,1070.60,76.99,181.60,-1,-1,-1,-1
198,1,1960.91,1152.05,85.44,171.95,-1,-1,-1,-1
198,2,2123.08,1115.65,83.67,148.75,-1,-1,-1,-1
198,3,2582.70,1284.00,101.42,207.14,-1,-1,-1,-1
198,4,2067.73,1132.21,67.27,176.59,-1,-1,-1,-1
198,5,2351.60,1143.70,70.50,182.40,-1,-1,-1,-1
198,6,2020.30,1066.90,82.03,182.62,-1,-1,-1,-1
199,1,1958.73,1157.84,87.37,164.96,-1,-1,-1,-1
199,2,2128.15,1116.13,80.75,148.27,-1,-1,-1,-1
199,3,2579.48,1283.20,101.63,207.32,-1,-1,-1,-1
199,4,2065.11,1133.01,67.69,175.19,-1,-1,-1,-1
199,5,2348.80,1141.70,67.30,181.60,-1,-1,-1,-1
199,6,2015.75,1069.75,81.55,176.08,-1,-1,-1,-1
200,1,1952.50,1156.39,93.85,166.66,-1,-1,-1,-1
200,2,2129.36,1116.61,78.59,146.09,-1,-1,-1,-1
200,3,2576.26,1282.39,101.84,207.51,-1,-1,-1,-1
200,4,2055.45,1133.21,73.55,174.59,-1,-1,-1,-1
200,5,2346.00,1139.70,64.10,180.80,-1,-1,-1,-1
200,6,2011.20,1072.60,81.07,169.54,-1,-1,-1,-1
201,1,1942.79,1154.95,103.81,168.35,-1,-1,-1,-1
201,2,2130.57,1117.10,76.43,143.90,-1,-1,-1,-1
201,3,2569.22,1281.79,105.48,208.71,-1,-1,-1,-1
201,4,2045.79,1133.41,79.41,173.99,-1,-1,-1,-1
201,5,2340.35,1136.70,63.31,180.58,-1,-1,-1,-1
201,6,2006.75,1069.80,82.71,166.30,-1,-1,-1,-1
202,1,1928.31,1151.32,118.79,169.08,-1,-1,-1,-1
202,2,2131.54,1111.30,77.39,148.98,-1,-1,-1,-1
202,3,2562.17,1281.18,109.13,209.92,-1,-1,-1,-1
202,4,2040.16,1133.41,83.84,172.79,-1,-1,-1,-1
202,5,2334.70,1133.70,62.52,180.36,-1,-1,-1,-1
202,6,2002.30,1067.00,84.34,163.07,-1,-1,-1,-1
203,1,1913.82,1147.70,133.78,169.80,-1,-1,-1,-1
203,2,2132.50,1105.50,78.35,154.06,-1,-1,-1,-1
203,3,2559.16,1280.94,110.34,209.96,-1,-1,-1,-1
203,4,2036.94,1133.21,86.66,172.19,-1,-1,-1,-1
203,5,2324.50,1133.70,70.71,177.40,-1,-1,-1,-1
203,6,1997.25,1067.00,89.39,163.07,-1,-1,-1,-1
204,1,1900.54,1143.84,137.16,169.81,-1,-1,-1,-1
204,2,2136.61,1100.67,70.69,159.13,-1,-1,-1,-1
204,3,2556.14,1280.70,111.56,210.00,-1,-1,-1,-1
204,4,2033.72,1133.01,89.48,171.59,-1,-1,-1,-1
204,5,2317.80,1133.70,75.40,179.15,-1,-1,-1,-1
204,6,1992.20,1067.00,94.44,163.07,-1,-1,-1,-1
205,1,1887.26,1139.97,140.54,169.83,-1,-1,-1,-1
205,2,2140.71,1095.85,67.69,164.15,-1,-1,-1,-1
205,3,2548.89,1279.50,111.51,207.79,-1,-1,-1,-1
205,4,2033.92,1132.61,87.48,171.39,-1,-1,-1,-1
205,5,2317.00,1133.10,72.58,179.34,-1,-1,-1,-1
205,6,1985.20,1066.50,101.44,163.57,-1,-1,-1,-1
206,1,1875.76,1137.85,141.54,157.25,-1,-1,-1,-1
206,2,2142.90,1093.43,65.50,165.57,-1,-1,-1,-1
206,3,2541.65,1274.74,117.23,209.15,-1,-1,-1,-1
206,4,2034.12,1132.21,85.48,171.19,-1,-1,-1,-1
206,5,2316.20,1132.50,69.75,179.54,-1,-1,-1,-1
206,6,1978.20,1066.00,108.44,164.07,-1,-1,-1,-1
207,1,1870.64,1138.91,132.36,155.34,-1,-1,-1,-1
207,2,2141.68,1091.02,66.12,166.48,-1,-1,-1,-1
207,3,2541.65,1276.10,114.17,206.19,-1,-1,-1,-1
207,4,2033.31,1130.60,78.84,173.00,-1,-1,-1,-1
207,5,2316.20,1132.10,66.94,178.94,-1,-1,-1,-1
207,6,1973.35,1063.60,106.04,161.88,-1,-1,-1,-1
208,1,1865.52,1139.98,123.18,153.42,-1,-1,-1,-1
208,2,2143.37,1089.57,64.73,167.98,-1,-1,-1,-1
208,3,2541.65,1275.10,111.11,205.60,-1,-1,-1,-1
208,4,2032.50,1128.99,72.20,174.81,-1,-1,-1,-1
208,5,2316.20,1131.70,64.12,178.33,-1,-1,-1,-1
208,6,1968.50,1061.20,103.65,159.69,-1,-1,-1,-1
209,1,1858.76,1139.49,128.54,154.41,-1,-1,-1,-1
209,2,2145.06,1088.12,63.34,169.48,-1,-1,-1,-1
209,3,2543.40,1271.85,106.30,202.85,-1,-1,-1,-1
209,4,2028.48,1128.18,68.17,175.82,-1,-1,-1,-1
209,5,2317.00,1131.50,60.90,178.13,-1,-1,-1,-1
209,6,1967.05,1060.23,103.65,159.69,-1,-1,-1,-1
210,1,1852.97,1138.04,131.43,155.16,-1,-1,-1,-1
210,2,2145.03,1087.88,62.16,169.47,-1,-1,-1,-1
210,3,2548.56,1268.95,92.19,200.20,-1,-1,-1,-1
210,4,2024.46,1127.38,64.14,176.82,-1,-1,-1,-1
210,5,2317.80,1131.30,57.69,177.92,-1,-1,-1,-1
210,6,1965.60,1059.27,103.65,159.69,-1,-1,-1,-1
211,1,1847.17,1136.60,134.33,155.90,-1,-1,-1,-1
211,2,2145.00,1087.63,60.98,169.47,-1,-1,-1,-1
211,3,2553.72,1266.05,78.08,197.55,-1,-1,-1,-1
211,4,2018.63,1126.37,61.32,176.83,-1,-1,-1,-1
211,5,2318.00,1130.70,55.48,177.92,-1,-1,-1,-1
211,6,1964.15,1058.08,95.68,155.81,-1,-1,-1,-1
212,1,1838.72,1132.73,133.58,154.72,-1,-1,-1,-1
212,2,2144.29,1087.03,62.00,169.32,-1,-1,-1,-1
212,3,2562.70,1263.88,59.45,194.87,-1,-1,-1,-1
212,4,2012.79,1125.36,58.51,176.84,-1,-1,-1,-1
212,5,2318.20,1130.10,53.27,177.92,-1,-1,-1,-1
212,6,1962.70,1056.90,87.71,151.92,-1,-1,-1,-1
213,1,1830.27,1128.87,132.83,153.53,-1,-1,-1,-1
213,2,2143.58,1086.43,63.01,169.17,-1,-1,-1,-1
213,3,2553.10,1261.71,57.70,192.19,-1,-1,-1,-1
213,4,2008.16,1125.56,60.94,177.24,-1,-1,-1,-1
213,5,2316.79,1128.89,53.89,179.92,-1,-1,-1,-1
213,6,1957.85,1055.20,79.81,156.41,-1,-1,-1,-1
214,1,1821.57,1126.94,121.48,148.96,-1,-1,-1,-1
214,2,2142.87,1085.82,64.03,169.03,-1,-1,-1,-1
214,3,2547.37,1260.01,60.68,192.19,-1,-1,-1,-1
214,4,2003.53,1125.77,63.37,177.63,-1,-1,-1,-1
214,5,2315.38,1127.69,54.52,181.91,-1,-1,-1,-1
214,6,1953.00,1053.50,71.90,160.90,-1,-1,-1,-1
215,1,1812.88,1125.00,110.12,144.40,-1,-1,-1,-1
215,2,2142.16,1085.22,65.04,168.88,-1,-1,-1,-1
215,3,2541.65,1258.32,63.65,192.18,-1,-1,-1,-1
215,4,1995.28,1125.77,71.22,177.43,-1,-1,-1,-1
215,5,2315.49,1127.69,52.70,181.91,-1,-1,-1,-1
215,6,1945.05,1052.30,68.05,158.30,-1,-1,-1,-1
216,1,1802.25,1125.00,107.45,144.40,-1,-1,-1,-1
216,2,2142.16,1085.22,64.14,166.18,-1,-1,-1,-1
216,3,2534.90,1257.77,67.26,191.73,-1,-1,-1,-1
216,4,1987.03,1125.77,79.07,177.23,-1,-1,-1,-1
216,5,2315.59,1127.69,50.89,181.91,-1,-1,-1,-1
216,6,1937.10,1051.10,74.68,159.65,-1,-1,-1,-1
217,1,1791.63,1125.00,104.77,144.40,-1,-1,-1,-1
217,2,2142.16,1085.22,61.54,162.78,-1,-1,-1,-1
217,3,2516.50,1254.90,82.52,193.67,-1,-1,-1,-1
217,4,1981.00,1125.97,85.30,177.03,-1,-1,-1,-1
217,5,2315.70,1127.69,49.07,181.91,-1,-1,-1,-1
217,6,1932.40,1050.40,77.69,160.83,-1,-1,-1,-1
218,1,1773.52,1122.11,118.53,145.59,-1,-1,-1,-1
218,2,2142.16,1085.22,58.64,164.58,-1,-1,-1,-1
218,3,2503.95,1256.35,95.07,192.22,-1,-1,-1,-1
218,4,1974.96,1126.17,91.54,176.83,-1,-1,-1,-1
218,5,2315.80,1127.69,47.26,181.91,-1,-1,-1,-1
218,6,1923.10,1049.70,85.30,162.02,-1,-1,-1,-1
219,1,1755.41,1119.21,132.29,146.79,-1,-1,-1,-1
219,2,2142.16,1085.22,55.44,165.38,-1,-1,-1,-1
219,3,2491.40,1257.80,107.62,190.77,-1,-1,-1,-1
219,4,1972.75,1127.58,91.54,176.83,-1,-1,-1,-1
219,5,2313.18,1127.48,47.26,181.92,-1,-1,-1,-1
219,6,1909.10,1049.70,92.54,162.02,-1,-1,-1,-1
220,1,1743.60,1118.72,132.80,146.18,-1,-1,-1,-1
220,2,2142.16,1085.22,52.24,166.18,-1,-1,-1,-1
220,3,2487.55,1256.85,111.47,189.68,-1,-1,-1,-1
220,4,1970.53,1128.99,91.54,176.83,-1,-1,-1,-1
220,5,2310.57,1127.28,47.26,181.92,-1,-1,-1,-1
220,6,1895.10,1049.70,99.77,162.02,-1,-1,-1,-1
221,1,1725.95,1118.24,132.29,146.79,-1,-1,-1,-1
221,2,2141.44,1083.77,49.81,168.13,-1,-1,-1,-1
221,3,2483.70,1255.90,115.32,188.60,-1,-1,-1,-1
221,4,1971.74,1127.98,85.70,175.03,-1,-1,-1,-1
221,5,2309.16,1126.88,47.45,182.92,-1,-1,-1,-1
221,6,1892.95,1052.35,93.71,160.57,-1,-1,-1,-1
222,1,1705.42,1117.76,127.20,147.76,-1,-1,-1,-1
222,2,2140.71,1082.32,47.39,170.08,-1,-1,-1,-1
222,3,2483.70,1258.22,108.90,184.88,-1,-1,-1,-1
222,4,1972.95,1126.97,79.85,173.23,-1,-1,-1,-1
222,5,2307.75,1126.48,47.65,183.92,-1,-1,-1,-1
222,6,1890.80,1055.00,87.65,159.13,-1,-1,-1,-1
223,1,1684.90,1117.28,122.10,148.72,-1,-1,-1,-1
223,2,2138.54,1082.32,42.56,168.43,-1,-1,-1,-1
223,3,2483.70,1255.90,104.70,186.90,-1,-1,-1,-1
223,4,1970.73,1126.77,74.82,173.03,-1,-1,-1,-1
223,5,2312.40,1125.47,42.80,185.53,-1,-1,-1,-1
223,6,1890.80,1054.75,76.55,159.87,-1,-1,-1,-1
224,1,1668.48,1114.86,117.62,151.64,-1,-1,-1,-1
224,2,2136.36,1082.32,44.64,166.78,-1,-1,-1,-1
224,3,2483.70,1255.90,96.00,184.25,-1,-1,-1,-1
224,4,1968.52,1126.57,69.78,172.83,-1,-1,-1,-1
224,5,2312.80,1124.46,42.20,187.14,-1,-1,-1,-1
224,6,1890.80,1054.50,65.44,160.60,-1,-1,-1,-1
225,1,1652.06,1112.45,129.84,154.55,-1,-1,-1,-1
225,2,2132.02,1082.32,47.48,168.18,-1,-1,-1,-1
225,3,2483.70,1255.90,87.30,181.60,-1,-1,-1,-1
225,4,1968.92,1126.57,59.73,175.43,-1,-1,-1,-1
225,5,2310.88,1123.66,42.91,187.14,-1,-1,-1,-1
225,6,1886.45,1053.80,54.34,161.78,-1,-1,-1,-1
226,1,1639.99,1110.03,131.06,155.27,-1,-1,-1,-1
226,2,2127.67,1082.32,50.33,169.58,-1,-1,-1,-1
226,3,2483.46,1255.18,75.94,182.57,-1,-1,-1,-1
226,4,1969.32,1126.57,49.68,178.03,-1,-1,-1,-1
226,5,2308.96,1122.86,43.63,187.13,-1,-1,-1,-1
226,6,1882.10,1053.10,43.23,162.97,-1,-1,-1,-1
227,1,1627.91,1107.62,132.29,155.98,-1,-1,-1,-1
227,2,2124.29,1081.60,53.46,170.05,-1,-1,-1,-1
227,3,2483.22,1254.45,64.58,183.55,-1,-1,-1,-1
227,4,1961.68,1127.38,51.47,179.22,-1,-1,-1,-1
227,5,2307.95,1121.25,43.63,187.13,-1,-1,-1,-1
227,6,1873.50,1051.90,48.00,163.44,-1,-1,-1,-1
228,1,1620.40,1108.10,124.35,152.85,-1,-1,-1,-1
228,2,2120.91,1080.87,56.59,170.53,-1,-1,-1,-1
228,3,2478.15,1251.55,60.95,186.00,-1,-1,-1,-1
228,4,1954.03,1128.18,53.27,180.42,-1,-1,-1,-1
228,5,2306.95,1119.64,43.62,187.13,-1,-1,-1,-1
228,6,1858.00,1050.70,62.50,163.92,-1,-1,-1,-1
229,1,1615.70,1108.50,113.60,149.80,-1,-1,-1,-1
229,2,2120.95,1080.39,54.86,170.53,-1,-1,-1,-1
229,3,2473.08,1248.66,57.32,188.44,-1,-1,-1,-1
229,4,1944.77,1129.39,61.13,181.76,-1,-1,-1,-1
229,5,2304.33,1119.03,44.37,189.17,-1,-1,-1,-1
229,6,1846.70,1051.40,69.94,162.66,-1,-1,-1,-1
230,1,1602.20,1108.30,100.30,149.50,-1,-1,-1,-1
230,2,2121.00,1079.90,53.12,170.53,-1,-1,-1,-1
230,3,2461.80,1251.70,63.29,186.36,-1,-1,-1,-1
230,4,1935.50,1130.59,69.00,183.11,-1,-1,-1,-1
230,5,2301.71,1118.43,46.49,191.17,-1,-1,-1,-1
230,6,1835.40,1052.10,77.37,161.40,-1,-1,-1,-1
231,1,1585.90,1106.65,89.80,150.65,-1,-1,-1,-1
231,2,2120.20,1078.62,53.77,171.09,-1,-1,-1,-1
231,3,2442.20,1250.59,77.58,188.44,-1,-1,-1,-1
231,4,1926.60,1132.81,77.90,184.09,-1,-1,-1,-1
231,5,2300.51,1117.42,46.48,191.17,-1,-1,-1,-1
231,6,1837.05,1052.10,69.20,163.41,-1,-1,-1,-1
232,1,1570.92,1104.72,87.88,151.88,-1,-1,-1,-1
232,2,2119.57,1077.33,55.63,172.37,-1,-1,-1,-1
232,3,2429.40,1250.59,89.19,187.48,-1,-1,-1,-1
232,4,1917.60,1135.02,86.90,182.28,-1,-1,-1,-1
232,5,2299.30,1116.42,46.49,191.17,-1,-1,-1,-1
232,6,1838.70,1052.10,61.03,165.41,-1,-1,-1,-1
233,1,1555.95,1102.79,85.95,153.11,-1,-1,-1,-1
233,2,2118.94,1076.04,55.76,172.76,-1,-1,-1,-1
233,3,2416.60,1250.59,100.80,186.51,-1,-1,-1,-1
233,4,1912.90,1136.70,87.57,180.90,-1,-1,-1,-1
233,5,2296.48,1114.41,45.86,190.38,-1,-1,-1,-1
233,6,1837.20,1052.60,48.04,168.78,-1,-1,-1,-1
234,1,1540.02,1099.65,91.03,157.45,-1,-1,-1,-1
234,2,2118.31,1074.75,55.89,173.15,-1,-1,-1,-1
234,3,2410.57,1250.59,105.38,185.56,-1,-1,-1,-1
234,4,1908.23,1138.60,93.67,180.80,-1,-1,-1,-1
234,5,2293.67,1112.39,45.23,189.61,-1,-1,-1,-1
234,6,1835.11,1052.27,48.52,171.68,-1,-1,-1,-1
235,1,1524.08,1096.51,96.12,161.79,-1,-1,-1,-1
235,2,2117.68,1073.47,56.02,173.53,-1,-1,-1,-1
235,3,2404.53,1250.59,109.97,184.61,-1,-1,-1,-1
235,4,1907.27,1140.80,92.98,178.75,-1,-1,-1,-1
235,5,2290.65,1111.99,47.25,188.81,-1,-1,-1,-1
235,6,1833.01,1051.93,49.00,174.60,-1,-1,-1,-1
236,1,1504.30,1096.27,104.05,162.53,-1,-1,-1,-1
236,2,2117.04,1072.18,56.16,173.92,-1,-1,-1,-1
236,3,2402.84,1250.35,109.97,184.61,-1,-1,-1,-1
236,4,1906.30,1140.90,92.30,178.80,-1,-1,-1,-1
236,5,2287.63,1111.59,49.27,188.01,-1,-1,-1,-1
236,6,1830.92,1051.60,49.48,177.50,-1,-1,-1,-1
237,1,1476.27,1096.03,120.23,163.27,-1,-1,-1,-1
237,2,2118.60,1072.18,52.65,173.92,-1,-1,-1,-1
237,3,2401.15,1250.11,109.97,184.61,-1,-1,-1,-1
237,4,1904.20,1140.90,87.40,178.45,-1,-1,-1,-1
237,5,2287.00,1111.79,49.30,186.01,-1,-1,-1,-1
237,6,1824.64,1051.35,53.11,179.92,-1,-1,-1,-1
238,1,1457.40,1097.96,122.70,162.54,-1,-1,-1,-1
238,2,2116.08,1072.18,53.22,173.92,-1,-1,-1,-1
238,3,2399.94,1249.38,103.67,184.13,-1,-1,-1,-1
238,4,1902.10,1140.90,82.50,178.10,-1,-1,-1,-1
238,5,2280.79,1111.99,54.91,184.01,-1,-1,-1,-1
238,6,1818.36,1051.10,56.74,182.35,-1,-1,-1,-1
239,1,1450.19,1099.89,113.51,161.81,-1,-1,-1,-1
239,2,2115.35,1072.42,49.35,171.98,-1,-1,-1,-1
239,3,2398.73,1248.66,97.37,183.64,-1,-1,-1,-1
239,4,1900.82,1142.59,75.08,176.31,-1,-1,-1,-1
239,5,2273.74,1112.39,62.76,181.21,-1,-1,-1,-1
239,6,1816.43,1053.05,57.47,179.19,-1,-1,-1,-1
240,1,1437.15,1100.37,101.90,161.83,-1,-1,-1,-1
240,2,2114.63,1072.66,45.47,170.04,-1,-1,-1,-1
240,3,2398.49,1246.97,88.42,184.18,-1,-1,-1,-1
240,4,1899.54,1144.28,67.66,174.52,-1,-1,-1,-1
240,5,2266.70,1112.80,70.60,178.40,-1,-1,-1,-1
240,6,1814.50,1055.00,58.20,176.03,-1,-1,-1,-1
241,1,1424.11,1100.86,90.29,161.84,-1,-1,-1,-1
241,2,2112.70,1071.46,40.80,168.74,-1,-1,-1,-1
241,3,2398.25,1245.28,79.47,184.72,-1,-1,-1,-1
241,4,1897.12,1144.28,59.43,174.52,-1,-1,-1,-1
241,5,2261.27,1112.19,75.23,177.81,-1,-1,-1,-1
241,6,1810.64,1055.70,60.61,175.82,-1,-1,-1,-1
242,1,1408.90,1100.60,76.80,162.30,-1,-1,-1,-1
242,2,2110.77,1070.25,39.63,168.55,-1,-1,-1,-1
242,3,2398.25,1245.28,70.46,185.17,-1,-1,-1,-1
242,4,1894.71,1144.28,51.19,174.52,-1,-1,-1,-1
242,5,2255.84,1111.59,79.86,177.21,-1,-1,-1,-1
242,6,1806.77,1056.40,63.03,175.60,-1,-1,-1,-1
243,1,1393.68,1097.47,80.62,164.73,-1,-1,-1,-1
243,2,2108.35,1071.21,39.64,168.55,-1,-1,-1,-1
243,3,2398.25,1245.28,61.45,185.62,-1,-1,-1,-1
243,4,1891.80,1143.31,46.90,175.99,-1,-1,-1,-1
243,5,2255.43,1111.59,79.87,177.21,-1,-1,-1,-1
243,6,1804.36,1055.92,63.02,175.60,-1,-1,-1,-1
