1,1,980.5241621346372,542.8180849715628,O_top
2,1,980.5241621346372,542.8180849715628,O_top
3,1,980.5519070825318,542.5747440934388,O_top
4,1,977.8808063147392,535.5979718904348,O_top
5,1,977.2980513086655,534.8940815210395,O_top
6,1,977.5772131768948,534.6085750180852,O_top
7,1,973.308728820294,526.8359843687865,O_top
8,1,973.3313895739524,526.88459582029,O_top
9,1,973.447044042852,527.3375137108859,O_top
10,1,973.5486386143756,527.1190986249878,O_top
11,1,973.1897627841686,526.6864707799735,O_top
12,1,973.2700040746691,524.7360029538064,O_top
13,1,973.0859028809216,524.3862768499902,O_top
14,1,972.517022518138,524.9262165285791,O_top
15,1,972.2899792141131,524.7621554898443,O_top
16,1,972.4502816657604,524.4811957450372,O_top
17,1,972.1909532049048,523.5929699338247,O_top
18,1,972.182266311368,523.544758637754,O_top
19,1,972.1011877459564,523.0424929887471,O_top
20,1,972.249571410912,522.6218321716449,O_top
21,1,971.9508096739504,522.9083951472355,O_top
22,1,972.1015450954148,523.3185082400348,O_top
23,1,972.0582690355652,522.8732775583807,O_top
24,1,971.4977822891724,523.803824756001,O_top
25,1,971.2116456347944,525.1666010726001,O_top
26,1,970.9169746328496,525.5988711939173,O_top
27,1,970.6418325174797,527.5459176268035,O_top
28,1,970.105477244334,528.3152069036961,O_top
29,1,969.8013116146268,528.3096670417523,O_top
30,1,969.3941755147962,528.887736752042,O_top
31,1,968.8839825207352,528.6596703930875,O_top
32,1,971.3254179029062,528.6341133496314,O_top
33,1,969.5678378973683,532.1872777836946,O_top
34,1,969.5310053197936,532.0320578629417,O_top
35,1,968.8224497049528,537.7595971172034,O_top
36,1,967.5712768248025,537.8545312736428,O_top
37,1,961.3515291283418,530.7675872557859,O_top
38,1,957.7030491948108,526.3796160659264,O_top
39,1,953.5775707665588,525.2269711652511,O_top
40,1,953.9487738847204,527.2363898659072,O_top
41,1,950.6409685434124,528.1989152904233,O_top
42,1,947.8011584587445,525.4612169141961,O_top
43,1,928.839452254492,506.2855574235425,O_top
44,1,919.5537584272176,496.9777446430218,O_top
45,1,901.1317345615086,490.6552930968381,O_top
46,1,899.8128148386846,496.3791337707488,O_top
47,1,894.9361570561553,495.8710690384959,O_top
48,1,892.1589841858481,492.51053988490366,O_top
49,1,844.2704335136937,437.2164541643487,O_top
50,1,835.747205717074,438.88667257231776,O_top
51,1,826.7715315334948,440.68792037116566,O_top
52,1,821.2460535792167,439.1640134792347,O_top
53,1,813.6278037340976,441.32835420846607,O_top
54,1,789.7831826490998,420.0312750873781,O_top
55,1,753.2836765861949,378.0771167431538,O_top
56,1,747.7987424461407,375.86644598045046,O_top
57,1,734.2786443185789,364.8654611284852,O_top
58,1,734.968412665942,369.9320800899567,O_top
59,1,722.6949263515879,374.62409710596086,O_top
60,1,712.6484512761641,365.089889109529,O_top
61,1,677.0799844061228,325.46828379492,O_top
62,1,679.074224513749,336.68846143807,O_top
63,1,663.2042591057235,322.1654120232685,O_top
64,1,652.6037080766021,318.5909083241272,O_top
65,1,638.2870664096449,314.5984272632524,O_top
66,1,646.9517386044638,331.0203469571639,O_top
67,1,601.0767666650135,284.6320759790925,O_top
68,1,593.764413859521,278.27444449406164,O_top
69,1,582.3848788874568,274.27706907217186,O_top
70,1,573.7844871615948,268.2851476833434,O_top
71,1,588.0347502790937,303.6785770622366,O_top
72,1,588.0329765747377,304.90398536840735,O_top
73,1,566.4588860393526,290.57175172392454,O_top
74,1,566.1625169115222,299.1352550911467,O_top
75,1,564.9621193737069,293.11236203391184,O_top
76,1,549.9420568432295,277.2470885919299,O_top
77,1,528.0868344644055,272.7303528644468,O_top
78,1,527.0654264266504,274.1221718849521,O_top
79,1,516.3435256803543,304.2973556436969,O_top
80,1,513.1064425998927,304.03839282868427,O_top
81,1,420.948871991296,207.61131386912203,O_top
82,1,445.6415076317976,252.04117302155169,O_top
83,1,437.6952121277084,253.93137231216957,O_top
84,1,461.47397640849925,292.6298068155401,O_top
85,1,441.892284334734,286.09944201008176,O_top
86,1,424.1176927230674,287.4584907322756,O_top
87,1,406.348082967554,298.2451499959713,O_top
88,1,395.80070157321126,299.86872280253857,O_top
89,1,395.8433134351784,326.66657996219783,O_top
90,1,386.0784965000212,313.05917528755305,O_top
91,1,359.82134229156065,343.75332478264977,O_top
92,1,368.56419905786606,350.48712765649606,O_top
93,1,353.08136644156747,359.70885583238214,O_top
94,1,340.021447311882,355.4412098904185,O_top
95,1,315.7068668494218,357.8693124271662,O_top
96,1,321.5175797512759,369.33211366783246,O_top
97,1,335.57327049861124,415.4817499195103,O_top
98,1,330.3752366159861,419.4616345799139,O_top
99,1,337.5810728610624,464.9094858557144,O_top
100,1,346.7850602033942,483.9662193905183,O_top
101,1,345.6656068322524,494.7966639020581,O_top
102,1,349.71929603663574,508.6724204566217,O_top
103,1,358.6016985556299,529.4937045727645,O_top
104,1,330.5278782933578,516.8228958011302,O_top
105,1,352.00970123137483,557.281822359278,O_top
106,1,355.7945130211225,571.1448501390652,O_top
107,1,370.2083121174373,592.1233209315476,O_top
108,1,369.5302996596869,595.5551681644719,O_top
109,1,361.8934408923822,601.1601128113165,O_top
110,1,356.4702729351312,605.0963810030727,O_top
111,1,370.2140935768712,636.1846519108234,O_top
112,1,371.1612759968788,646.0362207404344,O_top
113,1,377.5660153098793,674.2077659058561,O_top
114,1,374.7311138149317,675.6464478749322,O_top
115,1,369.43303275301855,676.0923982438397,O_top
116,1,371.7979544154147,679.6137945479353,O_top
117,1,368.456654323296,687.3419109677244,O_top
118,1,368.2167231666064,692.4818540273992,O_top
119,1,373.94105604435225,709.4379014341001,O_top
120,1,346.6219624555596,696.2957529573705,O_top
121,1,380.5419581167335,739.13419569983,O_top
122,1,422.2862842884266,772.386361355863,O_top
123,1,415.9048674510805,779.8507810149258,O_top
124,1,405.6189492393392,779.7384827020339,O_top
125,1,395.3330310275977,779.6261843891422,O_top
126,1,385.04711281585634,779.5138860762503,O_top
127,1,374.76119460411496,779.4015877633584,O_top
128,1,364.47527639237353,779.2892894504666,O_top
129,1,354.1893581806321,779.1769911375748,O_top
130,1,344.1551480782702,777.3465392481878,O_top
131,1,373.4114910097053,794.6553109244603,O_top
132,1,358.59101941445937,786.6593330478686,O_top
133,1,383.9625756706064,815.0153055195057,O_top
134,1,374.1712870150578,820.5808850258868,O_top
135,1,363.11897124688267,826.4868007614499,O_top
136,1,355.22035199907515,841.2126224605161,O_top
137,1,340.1598284904721,848.82088636021,O_top
138,1,338.34170452208537,854.7842633170204,O_top
139,1,303.39756711505544,853.9512891815888,O_top
140,1,333.57757316028386,913.6086972588856,O_top
141,1,299.46759383780386,894.841100176573,O_top
142,1,328.6788577442329,932.4686826687556,O_top
143,1,330.09483404652434,948.7908710986396,O_top
144,1,327.3176003846504,963.916808936734,O_top
145,1,288.41816130848935,987.5332151661024,O_top
146,1,292.5207615929634,1005.6291930011192,O_top
147,1,293.6468544090209,1029.7724291856316,O_top
148,1,302.4215775793258,1043.6600899668626,O_top
149,1,341.2605739852013,1087.0403486165642,O_top
150,1,334.59907176320024,1107.005607332629,O_top
151,1,311.402219185227,1147.925393638644,O_top
152,1,309.27878861428843,1154.0324665574826,O_top
153,1,308.227341436154,1167.408680103444,O_top
154,1,312.31131976256444,1180.1749519129517,O_top
155,1,316.11849625094186,1213.2474224077162,O_top
156,1,313.79574937381415,1219.375203560728,O_top
157,1,328.17142924324094,1252.183136850893,O_top
158,1,330.062561264375,1262.982663930205,O_top
159,1,324.268789595779,1285.4542476558456,O_top
160,1,323.03276075950345,1287.0124905789653,O_top
161,1,315.8325081077272,1296.371171741334,O_top
162,1,314.5278981254923,1301.9823818604505,O_top
163,1,303.06759988171234,1318.2559978173972,O_top
164,1,295.0010522383384,1329.687589576817,O_top
165,1,298.9436124705069,1345.693215764103,O_top
166,1,300.2231842264722,1353.215552496853,O_top
167,1,289.83308584432064,1360.6949166426505,O_top
168,1,288.4446577312828,1362.718092630346,O_top
169,1,287.36940352737207,1366.30426215523,O_top
170,1,283.15127094058954,1365.8332859841994,O_top
171,1,283.3830066576077,1369.002453732469,O_top
172,1,284.7776035733565,1370.6253667268793,O_top
173,1,282.481544619181,1372.2681756405402,O_top
174,1,278.42683350234626,1371.4470413288425,O_top
175,1,275.4112045928329,1370.361701011546,O_top
176,1,276.08948994408,1370.2183041800674,O_top
177,1,278.00787026082656,1369.0355175653722,O_top
178,1,279.22503603711823,1369.5632538140378,O_top
179,1,277.61411632443844,1364.2609062986414,O_top
180,1,265.5019991620131,1356.6861584030107,O_top
181,1,266.26176678199823,1352.5145130600672,O_top
182,1,264.77142733290515,1348.6207966875502,O_top
183,1,265.93930802300287,1343.579104571555,O_top
184,1,274.60131671692864,1344.313107453895,O_top
185,1,278.049729873818,1342.0204886438214,O_top
186,1,279.5521116275784,1341.4303256678036,O_top
187,1,280.30720969463715,1329.4012135036596,O_top
188,1,280.3998043143642,1328.2565111230847,O_top
1,2,616.3200891157819,1444.6810289346397,O_right
2,2,616.3200891157819,1444.6810289346397,O_right
3,2,616.343091414765,1444.7397362587997,O_right
4,2,616.7849387920197,1444.8559343315198,O_right
5,2,616.8410227628242,1444.968906459441,O_right
6,2,616.5516671226488,1444.853685140869,O_right
7,2,617.0312381962435,1444.9389405032596,O_right
8,2,616.9814802455394,1444.921958769294,O_right
9,2,617.1090867616978,1444.9264153618485,O_right
10,2,617.0581739849139,1444.8171929859604,O_right
11,2,617.0179854459401,1445.0458778672871,O_right
12,2,616.9946998908929,1445.0281316059409,O_right
13,2,618.2017778405714,1444.3182005781807,O_right
14,2,618.708748857792,1443.1399455438657,O_right
15,2,617.996436416168,1444.297411637632,O_right
16,2,618.9416165316783,1442.299195407075,O_right
17,2,620.5022997565655,1441.025925928277,O_right
18,2,620.2326856132145,1441.2895796211544,O_right
19,2,618.528261743196,1443.9032773569113,O_right
20,2,617.6194220457604,1444.8620536583476,O_right
21,2,617.6009704517,1444.49262650768,O_right
22,2,617.7172344422769,1444.402454849411,O_right
23,2,618.2969264705932,1444.1154401622246,O_right
24,2,618.0971899014762,1443.8967160587583,O_right
25,2,618.0589667092961,1443.9105392511383,O_right
26,2,617.9052164172618,1443.8685048320042,O_right
27,2,617.9327248740032,1443.989718120621,O_right
28,2,618.0446177568093,1443.9800013793968,O_right
29,2,617.9990622549577,1444.130646899439,O_right
30,2,618.1304177174868,1444.0721436992246,O_right
31,2,618.0957253531684,1444.1060595719166,O_right
32,2,618.0298084494103,1444.102868784688,O_right
33,2,618.06956418882,1444.111304899826,O_right
34,2,617.9768853393101,1444.075149093492,O_right
35,2,617.8065691270218,1444.110673556389,O_right
36,2,617.8284068892225,1444.1106230333066,O_right
37,2,618.1081246396841,1444.4083779905689,O_right
38,2,618.1117332409337,1444.4073870628372,O_right
39,2,618.2513203987198,1444.4108494072173,O_right
40,2,617.936357520643,1444.4613735443902,O_right
41,2,617.8589589910508,1444.5148675068372,O_right
42,2,617.8032763810608,1444.5312033657003,O_right
43,2,618.0033057976069,1444.6532728720858,O_right
44,2,617.987891617563,1444.6692321832452,O_right
45,2,617.8277754913294,1444.735241736146,O_right
46,2,617.7136634305598,1444.6686917974205,O_right
47,2,618.2836515394806,1444.4458705548705,O_right
48,2,618.3181158302425,1444.3925940392637,O_right
49,2,618.1755908643784,1444.2461915842218,O_right
50,2,618.2971478988627,1444.1702255571568,O_right
51,2,618.5523375927071,1443.43922191048,O_right
52,2,620.3352701745531,1443.2765798068383,O_right
53,2,618.0221406682065,1443.829107454591,O_right
54,2,619.5863567300036,1443.155216816483,O_right
55,2,619.5284695704304,1440.7824473405014,O_right
56,2,618.9175172057189,1441.5831631313622,O_right
57,2,616.2618088728789,1445.132546502704,O_right
58,2,614.7715089373521,1444.6655208411937,O_right
59,2,610.9277064224626,1443.8393547523533,O_right
60,2,610.4846211933694,1443.5993411907314,O_right
61,2,611.0771269672956,1443.2675487825686,O_right
62,2,610.3674618924581,1443.0109966881053,O_right
63,2,609.6083032517568,1439.995036575232,O_right
64,2,610.6498316542853,1440.1549904508802,O_right
65,2,610.7610374073354,1440.2172893744462,O_right
66,2,610.8157129177023,1439.966213017501,O_right
67,2,610.5145631354118,1438.502708819895,O_right
68,2,610.5883256243945,1438.274547693095,O_right
69,2,610.9234453364078,1437.6817040317328,O_right
70,2,611.1407160205931,1437.5473251934543,O_right
71,2,611.005181728867,1437.0121858051164,O_right
72,2,611.2010705687302,1436.9630246927034,O_right
73,2,611.0400395138635,1436.4904479322252,O_right
74,2,611.2537774751559,1436.4651260297694,O_right
75,2,611.4630337980063,1436.3345820253749,O_right
76,2,611.2293888024228,1436.261200592298,O_right
77,2,611.7223587410815,1435.6737348363267,O_right
78,2,611.7802229536851,1435.6926225949023,O_right
79,2,611.8005942641221,1435.7048725187342,O_right
80,2,611.997757622318,1435.7759270721417,O_right
81,2,612.0287184227069,1435.7697827644265,O_right
82,2,612.1044429377082,1435.817932323553,O_right
83,2,611.6156916722713,1435.6438085207726,O_right
84,2,612.062157873979,1435.7691956946296,O_right
85,2,612.0394733502063,1435.746125024375,O_right
86,2,612.1086859604432,1435.7673727388617,O_right
87,2,612.0280145667052,1435.8421509105665,O_right
88,2,611.9013312198466,1435.80395256836,O_right
89,2,611.9408998950965,1435.8277408555364,O_right
90,2,612.0593779720128,1435.7355340946312,O_right
91,2,611.988947259614,1435.7880786294545,O_right
92,2,611.8470027785997,1435.7481820004698,O_right
93,2,611.9741050678714,1435.7706876423938,O_right
94,2,611.8625373265529,1435.7302690566576,O_right
95,2,611.815806491179,1435.71102080108,O_right
96,2,611.9508432418935,1435.766408127245,O_right
97,2,612.1390173268826,1435.7320643303071,O_right
98,2,612.1221951950921,1435.7243567374126,O_right
99,2,611.6892342041548,1435.641439334252,O_right
100,2,611.6108156460319,1435.573155276277,O_right
101,2,611.6183051357331,1435.540434207457,O_right
102,2,611.6104007310986,1435.532317994251,O_right
103,2,611.7494482256621,1435.5536245062096,O_right
104,2,612.0823511457628,1435.621255810246,O_right
105,2,612.068685750651,1435.5470746486546,O_right
106,2,612.2184304657866,1435.538686609829,O_right
107,2,612.5714996947783,1435.4511958213002,O_right
108,2,612.5952996215411,1435.6441375452496,O_right
109,2,611.8892227267157,1435.4396048844,O_right
110,2,612.2264459321866,1434.9718718213842,O_right
111,2,612.1909044807336,1434.0336093363576,O_right
112,2,612.6943927269074,1433.584585054928,O_right
113,2,612.8754242183231,1432.8431214852214,O_right
114,2,614.7225698988708,1432.8292333471225,O_right
115,2,615.6981870402744,1429.498633124996,O_right
116,2,615.7013051345078,1428.7594819081585,O_right
117,2,614.1114666847403,1429.7226258632068,O_right
118,2,612.8160608887974,1431.608024424302,O_right
119,2,586.0607895268603,1433.3854530073652,O_right
120,2,563.4157369929692,1431.0787163377083,O_right
121,2,549.7162652745739,1438.65667567554,O_right
122,2,546.5584024180423,1439.4895911989097,O_right
123,2,541.2137529169853,1446.3668801005106,O_right
124,2,535.393064124687,1447.65450939298,O_right
125,2,499.133872351398,1446.208673068573,O_right
126,2,472.6576909188431,1442.4911095964358,O_right
127,2,462.437185769759,1449.0843597542269,O_right
128,2,463.4020267794631,1453.779417534858,O_right
129,2,451.1620377585208,1459.5505149777318,O_right
130,2,437.36833119282585,1461.0418060891484,O_right
131,2,406.4787066797777,1455.4656847199174,O_right
132,2,402.1291436403733,1454.2959061734095,O_right
133,2,384.2967508193833,1450.8443843760124,O_right
134,2,362.7030517279566,1445.9352965379428,O_right
135,2,341.0712162143444,1441.8863769001946,O_right
136,2,336.29067415589896,1442.677495472568,O_right
137,2,347.6829127881779,1446.715667636346,O_right
138,2,346.35700862111264,1447.5602502784636,O_right
139,2,335.8323096435347,1450.668300224535,O_right
140,2,344.71142073631296,1454.8399502093976,O_right
141,2,336.55038519875296,1473.1457450704872,O_right
142,2,333.8597734560379,1474.9053220379883,O_right
143,2,333.5852043460094,1476.041602905473,O_right
144,2,340.98877323048134,1465.0467107882844,O_right
145,2,337.9570249839627,1473.8946537506793,O_right
146,2,339.0471388677564,1473.6453713387127,O_right
147,2,338.04975384045224,1469.287988817479,O_right
148,2,337.73237460965925,1469.434527718912,O_right
149,2,338.5369335526989,1470.7475706089192,O_right
150,2,342.4858169208599,1469.590697071182,O_right
151,2,340.19481828911387,1478.221446176459,O_right
152,2,342.0070741268685,1473.7769223600671,O_right
153,2,332.2427645126365,1476.5819108609278,O_right
154,2,326.8923343060122,1475.587954672278,O_right
155,2,316.10708925011176,1470.31638750587,O_right
156,2,311.03607605071005,1471.3516218258465,O_right
157,2,316.04059604029186,1467.7757269542635,O_right
158,2,317.05901597140115,1465.6913978011262,O_right
159,2,319.1486538160197,1461.880972646274,O_right
160,2,315.7713766477369,1461.7231082410997,O_right
161,2,327.083164585359,1445.7911570787105,O_right
162,2,257.1716493012988,1451.595093823243,O_right
163,2,185.8978541323048,1426.5748382823683,O_right
164,2,173.38276512214972,1425.820916104373,O_right
165,2,156.78837056576356,1425.5400059926656,O_right
166,2,165.68987335363454,1426.3354709554058,O_right
167,2,200.3160361773797,1422.6789266863989,O_right
168,2,208.2655773075098,1424.8617095858815,O_right
169,2,246.1171881067004,1431.6029517255238,O_right
170,2,254.87980891179976,1432.9507861754537,O_right
171,2,262.9496423830667,1431.8591825507233,O_right
172,2,258.69690730343365,1433.1943573643898,O_right
173,2,270.1263001209386,1436.4089552656226,O_right
174,2,271.43732968035505,1438.4867358007357,O_right
175,2,298.0586445646036,1442.9702024342837,O_right
176,2,305.497511318509,1444.954104895295,O_right
177,2,303.4515107317655,1448.4831433893632,O_right
178,2,305.6456805828444,1450.131262445918,O_right
179,2,298.26945120374535,1449.7759124641584,O_right
180,2,303.87429541359853,1453.096932785951,O_right
181,2,305.49335631846066,1458.0275964949908,O_right
182,2,307.8977083636129,1459.6116524882118,O_right
183,2,307.16256318925844,1461.085937381415,O_right
184,2,301.8906691639468,1463.487404261847,O_right
185,2,301.167158704893,1465.7902256050745,O_right
186,2,301.2782457785528,1466.3028190748216,O_right
187,2,300.9566128510604,1465.52229562452,O_right
188,2,301.4413739533988,1466.601252568737,O_right
1,3,864.1524927490445,563.8197820951738,D_top
2,3,864.1524927490445,563.8197820951738,D_top
3,3,864.1684855448023,563.8107598466283,D_top
4,3,864.4445020341582,563.6994163475473,D_top
5,3,863.5057086713539,566.5006117107829,D_top
6,3,863.4411424546727,566.0196243378804,D_top
7,3,863.0103809405006,564.9096130754422,D_top
8,3,863.0107964763238,564.4376243120536,D_top
9,3,863.9584299003724,564.0537787427863,D_top
10,3,864.4628408309705,564.3903472592356,D_top
11,3,864.6315403890084,564.1097410000303,D_top
12,3,864.7179373333486,564.2496179743272,D_top
13,3,864.994630420316,564.4374156258184,D_top
14,3,865.0045093105139,564.2577776513942,D_top
15,3,864.0760261112769,563.8777024594668,D_top
16,3,863.7841950452431,564.2771476022848,D_top
17,3,863.1915958265477,565.1064794162032,D_top
18,3,862.6102985425715,564.9215191437355,D_top
19,3,862.7266077141848,565.7814857434871,D_top
20,3,861.8968966208512,565.64417629764,D_top
21,3,862.4195532186673,566.494314635529,D_top
22,3,862.5107516999357,566.8396397260502,D_top
23,3,862.0189816964473,566.5921470006696,D_top
24,3,861.7944308320721,566.8540735578235,D_top
25,3,862.4346507497619,567.625755489015,D_top
26,3,862.2638684629105,567.519258242755,D_top
27,3,860.7478119609563,566.4143015032216,D_top
28,3,860.928819945346,567.2550975563381,D_top
29,3,860.6834419275378,568.3023287629734,D_top
30,3,860.6738633923086,568.2264124264509,D_top
31,3,859.7786787040486,570.5067963885779,D_top
32,3,860.0979918635525,570.4128247781119,D_top
33,3,856.4294346195572,575.4151833928989,D_top
34,3,857.9488371375363,575.598778055943,D_top
35,3,856.1062826291342,577.4280928511309,D_top
36,3,855.9309338657295,578.4694780268183,D_top
37,3,848.1335512368643,569.6476729607673,D_top
38,3,844.5084171953287,562.8944792952813,D_top
39,3,830.8889062653078,553.5934921284339,D_top
40,3,821.6165608074168,546.2708827308129,D_top
41,3,801.9611132232553,524.0861698924075,D_top
42,3,799.8367516489149,526.2365343779026,D_top
43,3,794.6934035626334,532.7210949680773,D_top
44,3,792.5249089504938,530.6636555118746,D_top
45,3,791.376355259537,530.7351990547581,D_top
46,3,792.7277837215821,532.4205291859274,D_top
47,3,791.2308889879579,524.6695014016232,D_top
48,3,788.5832582399358,517.5018992540026,D_top
49,3,769.8409882041007,490.42570175153696,D_top
50,3,763.8578378814603,471.3514388948763,D_top
51,3,750.2880158250413,444.2095585499906,D_top
52,3,740.156959443949,433.71433182696217,D_top
53,3,730.5169133651399,433.57052969587374,D_top
54,3,719.1874663589115,422.0493985031753,D_top
55,3,714.3922068710755,421.33525780216297,D_top
56,3,712.4414422048183,418.80163943293707,D_top
57,3,707.0095956890058,419.6983585181248,D_top
58,3,704.6379421305613,419.1302967981728,D_top
59,3,693.7148000913788,420.1813675126005,D_top
60,3,632.903751278784,347.53779147478457,D_top
61,3,655.3626239675287,387.3228622366615,D_top
62,3,649.4364327190422,383.28668892900487,D_top
63,3,625.7489588104074,343.4251929644055,D_top
64,3,612.892941450865,346.19440320941595,D_top
65,3,604.4714739637361,356.8521018831232,D_top
66,3,604.0180999705258,357.67061890710914,D_top
67,3,557.6128539525506,329.2730646903168,D_top
68,3,540.666966676609,316.74754728077147,D_top
69,3,574.0842896352626,362.6237076592127,D_top
70,3,550.0944575499107,335.2420181751817,D_top
71,3,557.6522124687817,344.5991819414776,D_top
72,3,548.5512756698855,333.9763949527494,D_top
73,3,548.6029250400142,338.8834277961749,D_top
74,3,523.1937050210882,311.77327361842,D_top
75,3,525.8599111392867,314.18373713809603,D_top
76,3,542.2200794703901,331.2934658284552,D_top
77,3,559.2394947118613,349.75146440505233,D_top
78,3,556.9039663990237,345.2487708346004,D_top
79,3,567.9296574767625,347.02082547877006,D_top
80,3,568.898619575997,346.95430319899083,D_top
81,3,583.0711242371515,338.25572319263534,D_top
82,3,581.3283080064036,341.2438502033471,D_top
83,3,590.5563358477916,350.5400758068818,D_top
84,3,598.6299905137822,361.78055885075656,D_top
85,3,616.3015647707248,372.7749697890277,D_top
86,3,622.7332904770848,375.7910917958472,D_top
87,3,638.5362658869552,390.6470715274058,D_top
88,3,655.12863991725,411.4728990712488,D_top
89,3,669.3495928230709,425.52613137684864,D_top
90,3,671.338619834215,425.3871399805657,D_top
91,3,667.9659118459971,423.8341868508735,D_top
92,3,668.8655132253523,428.8794904428808,D_top
93,3,669.4792571145604,440.7461039999519,D_top
94,3,673.0912451096382,447.90073610206434,D_top
95,3,686.0687167126238,469.261465458897,D_top
96,3,690.1593227231634,473.9334640063578,D_top
97,3,690.7248387502239,481.4249094441805,D_top
98,3,689.8639643923549,481.9104260269888,D_top
99,3,688.7701347646465,485.59314613758943,D_top
100,3,687.287137212463,484.0193129290118,D_top
101,3,683.1887054884367,487.051404953908,D_top
102,3,682.2081114142137,490.9250781690716,D_top
103,3,678.0168543214727,493.7456455146888,D_top
104,3,673.2412448763555,500.0971265467437,D_top
105,3,672.0765758274562,517.8980721093669,D_top
106,3,674.603502616026,524.9409640772072,D_top
107,3,668.3239885839744,528.5499497633951,D_top
108,3,666.2454973900198,526.7389927545356,D_top
109,3,662.4490861119501,529.9288092238487,D_top
110,3,665.7904959481841,537.710638353845,D_top
111,3,658.1402515322259,547.1593940073835,D_top
112,3,662.1123816956424,557.6068896617245,D_top
113,3,668.3051011427631,580.0998479165171,D_top
114,3,667.1917964816241,581.8516892317292,D_top
115,3,663.2414522418816,581.1595174636462,D_top
116,3,665.0000946205657,584.4188994630056,D_top
117,3,661.5233263225055,583.6181202640983,D_top
118,3,662.9909097670138,586.6613678101708,D_top
119,3,655.821122658348,583.5922764100516,D_top
120,3,641.5121933920959,570.1377126534022,D_top
121,3,618.3390883960406,548.7693153805349,D_top
122,3,606.532835176062,539.0973370993916,D_top
123,3,596.8712766995826,533.9577403976771,D_top
124,3,587.0217105727482,531.159313101713,D_top
125,3,586.808914990919,533.7321825588568,D_top
126,3,582.9278194156453,534.9834018881066,D_top
127,3,580.0261590796541,541.5673385351906,D_top
128,3,578.3746565423402,544.2334161282295,D_top
129,3,568.0300900318796,539.9562376907702,D_top
130,3,560.8633600725748,534.7121508229221,D_top
131,3,505.5821307961979,490.78057894970567,D_top
132,3,516.568386693382,505.3563556870757,D_top
133,3,499.4972830223657,498.4431716395485,D_top
134,3,475.8947791449088,478.6598377556412,D_top
135,3,460.7774371699411,469.9433878056651,D_top
136,3,452.3081706533241,469.2702793713058,D_top
137,3,446.00927249464166,473.5155203281195,D_top
138,3,447.4408693769951,478.38162704383615,D_top
139,3,442.8602751186963,479.46323704003686,D_top
140,3,442.2214690551796,476.86122125821873,D_top
141,3,428.2122044463271,469.9473078635254,D_top
142,3,426.8604243318491,473.14676233587306,D_top
143,3,402.0211173185218,457.51988284511054,D_top
144,3,385.9422790042878,449.48146754768857,D_top
145,3,364.2093877130859,442.84851182961154,D_top
146,3,363.4726432628516,450.2273546169991,D_top
147,3,356.4807056613629,446.0386130156983,D_top
148,3,355.4915773417217,447.7077627731666,D_top
149,3,349.9020507582292,443.4533275282989,D_top
150,3,347.9103800818513,450.0463629643706,D_top
151,3,343.1657958706914,452.7648372587082,D_top
152,3,343.96816530281814,461.6669241119762,D_top
153,3,321.6892261959045,455.5181369529049,D_top
154,3,305.9112578284837,456.46330994507167,D_top
155,3,297.60991625023337,468.01755793004673,D_top
156,3,302.54580656163125,476.6845673312511,D_top
157,3,274.1668982418652,464.30377972149336,D_top
158,3,268.5683171549547,462.6020481326579,D_top
159,3,295.1649452377699,499.26736885317536,D_top
160,3,287.79312693180816,512.852619983125,D_top
161,3,283.3153359117496,523.5450257460025,D_top
162,3,286.3796936155937,526.4340421902147,D_top
163,3,285.39893393744245,527.4249164368441,D_top
164,3,288.4740791816955,532.958834047421,D_top
165,3,283.5470241824008,532.349551752703,D_top
166,3,284.48627633002724,536.2365734668012,D_top
167,3,327.09348996278203,600.1980464266171,D_top
168,3,341.19466635926307,612.7292230064243,D_top
169,3,350.2927293524388,625.7326249351415,D_top
170,3,349.88963747437487,638.3765171897056,D_top
171,3,340.0537371075974,641.5327672456665,D_top
172,3,335.09608026386366,649.0766729532902,D_top
173,3,329.53511732576794,657.3300752848903,D_top
174,3,325.24413365306407,660.7724266612133,D_top
175,3,322.1404431173176,665.3915580018034,D_top
176,3,316.74424708670483,665.7030198748354,D_top
177,3,303.7320661381869,671.9993282440275,D_top
178,3,297.60996592405803,673.8473103503267,D_top
179,3,289.05494080588335,676.1874715402616,D_top
180,3,267.1476143329505,661.721655430321,D_top
181,3,273.57089274551333,670.1029200157652,D_top
182,3,275.8094910178205,674.7255731896527,D_top
183,3,276.1379572573983,676.4868105755072,D_top
184,3,270.5226854615873,677.1913208186388,D_top
185,3,266.70480238369,675.5840048081288,D_top
186,3,262.9343931887941,673.1137661861766,D_top
187,3,262.0704161484534,673.2731508523243,D_top
188,3,262.4646563693242,673.4829226310452,D_top
1,4,607.4810000868137,1142.2500295054476,D_right
2,4,607.4810000868137,1142.2500295054476,D_right
3,4,607.5504181735483,1142.205120071996,D_right
4,4,607.3204366178126,1142.1750982490871,D_right
5,4,607.0598274208743,1142.9113834339607,D_right
6,4,606.5084817660726,1142.8585810829238,D_right
7,4,604.7660819575184,1142.9074025436364,D_right
8,4,604.6985069861138,1142.8981942377618,D_right
9,4,604.8749244124539,1143.3456897381786,D_right
10,4,604.6056541475057,1143.6817568874017,D_right
11,4,604.0749509862324,1143.688389327197,D_right
12,4,604.5018890664934,1144.1146727302194,D_right
13,4,603.6230388352386,1144.0772726208331,D_right
14,4,602.8440158359288,1144.5683485354666,D_right
15,4,601.0858130270587,1145.1108416383383,D_right
16,4,601.0833333769576,1146.2324632533846,D_right
17,4,600.8843697286428,1147.4003545714734,D_right
18,4,600.926155559869,1147.4016368489993,D_right
19,4,599.4571925706571,1146.7019916930612,D_right
20,4,594.7629852219635,1144.7645167312853,D_right
21,4,587.9105903446285,1141.5669719998527,D_right
22,4,586.1241776776833,1140.48221152264,D_right
23,4,587.6044917585073,1141.1280775894754,D_right
24,4,586.8910073127615,1140.340748748779,D_right
25,4,586.430844118608,1138.827712525241,D_right
26,4,586.0394664493095,1138.4722999274634,D_right
27,4,585.4075302411254,1137.9217996767543,D_right
28,4,584.6391007677495,1137.8377720712529,D_right
29,4,583.9516217990982,1138.1738040501807,D_right
30,4,584.7554240451896,1138.758049831465,D_right
31,4,581.9205377834691,1138.577058570875,D_right
32,4,580.4788025405414,1137.8110829770296,D_right
33,4,576.7498056817343,1135.6875502328053,D_right
34,4,572.4239323097579,1133.2209944434403,D_right
35,4,565.8878174965931,1128.3837001659,D_right
36,4,566.6532293342126,1127.9150218961422,D_right
37,4,564.8465340183059,1124.1031659765335,D_right
38,4,564.4234476436094,1123.825036135793,D_right
39,4,566.2933195343144,1123.5395623960155,D_right
40,4,562.8534223582436,1121.2196517435707,D_right
41,4,558.1146919503302,1118.0918046788024,D_right
42,4,559.2885878149765,1119.7490665685057,D_right
43,4,561.8551941386728,1118.6652849519537,D_right
44,4,561.9207938336019,1117.673189778358,D_right
45,4,563.0423546914355,1115.4970192571948,D_right
46,4,561.9019229709313,1115.4322200651666,D_right
47,4,560.6765177454417,1110.064095218808,D_right
48,4,529.6686755424648,1088.0385350745426,D_right
49,4,497.90800569719,1059.1636788932049,D_right
50,4,501.0566333376852,1055.6918877336602,D_right
51,4,517.8124201212505,1052.2985157818114,D_right
52,4,510.8869662557879,1046.8232935719072,D_right
53,4,510.6847836215965,1034.0626883060231,D_right
54,4,506.04590673719736,1016.7466999570244,D_right
55,4,499.6614929547628,1000.0330945565014,D_right
56,4,501.77724032396526,995.2084199798044,D_right
57,4,511.5391429215558,985.5321796311944,D_right
58,4,510.9142893473702,979.4811678013054,D_right
59,4,519.8644787837106,969.7415482797262,D_right
60,4,520.1630747669783,963.704844494135,D_right
61,4,519.4513477119082,956.7317227532247,D_right
62,4,522.6017600246062,956.172727061285,D_right
63,4,496.9485257534018,935.6493852333256,D_right
64,4,491.540085432064,928.0947683959578,D_right
65,4,467.8985712487444,903.4008560803356,D_right
66,4,466.14689720249817,899.6226931618654,D_right
67,4,463.6318773566687,891.3789411842539,D_right
68,4,462.64541844440896,889.2216545062537,D_right
69,4,466.6952785381119,888.4543093297038,D_right
70,4,467.3676040440328,888.2603337702608,D_right
71,4,467.0861763517256,887.2774091736666,D_right
72,4,466.4579555233208,886.4882433550737,D_right
73,4,463.4032692454052,884.9042193799538,D_right
74,4,462.92035550759095,884.6526354796367,D_right
75,4,462.81367274488537,884.7423630628292,D_right
76,4,463.25255469417766,884.702458461041,D_right
77,4,462.4835229770149,882.8071083874615,D_right
78,4,461.9347808953249,882.0820304123756,D_right
79,4,463.13647848170615,881.820959577763,D_right
80,4,459.7298390691809,878.6881215279403,D_right
81,4,452.4984887949161,874.0623538739517,D_right
82,4,451.5398408147641,871.5830732497137,D_right
83,4,449.75338536822926,869.7837269329401,D_right
84,4,449.48837296715135,868.8418482477585,D_right
85,4,448.5912990750156,869.0869956351872,D_right
86,4,447.7868228542301,869.2249601271734,D_right
87,4,448.7408322084856,869.9208688591543,D_right
88,4,452.08784624222176,872.7659661030026,D_right
89,4,460.39031510742825,878.1167230096133,D_right
90,4,460.47873789069945,880.0621494077203,D_right
91,4,459.03778968094855,881.9751543744844,D_right
92,4,458.5836934401189,882.9264064345299,D_right
93,4,455.6692860145762,882.5509834358394,D_right
94,4,458.3514110390694,884.41050301069,D_right
95,4,457.4003764704477,887.535487561495,D_right
96,4,457.7103462556602,889.0180253043154,D_right
97,4,470.5440421512826,897.2405869429554,D_right
98,4,472.0495511423055,901.5318856854984,D_right
99,4,474.0657498207288,903.3544586377072,D_right
100,4,473.13566843478094,905.0712628460952,D_right
101,4,473.1699367549584,905.8672851906176,D_right
102,4,473.4017208577478,906.1739886052264,D_right
103,4,472.1822139905488,906.260005200911,D_right
104,4,471.0247400649456,904.7525117593592,D_right
105,4,470.355901957017,904.550095064596,D_right
106,4,470.59209417647713,903.8798702698392,D_right
107,4,475.9807567706379,907.2306171705678,D_right
108,4,480.3270286483312,910.5803547358464,D_right
109,4,480.9128898484107,910.361463392231,D_right
110,4,479.4994207171554,909.2935690421436,D_right
111,4,483.14428817939887,912.5536053134656,D_right
112,4,484.44000850866047,914.553240418734,D_right
113,4,483.8256621094176,919.6227641802516,D_right
114,4,488.4081324089559,924.9473157882808,D_right
115,4,494.8220064497827,929.9848436625676,D_right
116,4,500.82520774185525,933.5994662130182,D_right
117,4,506.96894291744366,932.6490660771908,D_right
118,4,508.8501664836277,931.4570533447394,D_right
119,4,522.0647108884647,915.8375152566804,D_right
120,4,522.7125002309227,919.3214003889564,D_right
121,4,522.5289934804933,912.5669533627258,D_right
122,4,522.342381651181,916.6750747525972,D_right
123,4,478.7192762601887,869.8576308303187,D_right
124,4,476.2484125565093,874.458803045921,D_right
125,4,510.7953863646914,880.9841183180698,D_right
126,4,520.9326828390982,885.7820394385925,D_right
127,4,513.5549826464858,873.8033347551653,D_right
128,4,515.5211841187106,874.4214874838407,D_right
129,4,512.6419026482046,868.9182186036088,D_right
130,4,509.1361004247767,859.3806430416121,D_right
131,4,515.4883149177881,862.4137600288278,D_right
132,4,518.2102036912565,864.6693283091283,D_right
133,4,528.170368850508,867.3086815020272,D_right
134,4,526.839727658789,861.6077640918389,D_right
135,4,535.1573998444151,861.2913521491507,D_right
136,4,536.7404557268619,860.9872191860424,D_right
137,4,542.240494835129,864.3365773335257,D_right
138,4,541.9818600120362,865.1468581800958,D_right
139,4,537.5395095267244,870.7725797144171,D_right
140,4,533.9674385227518,873.8400984562672,D_right
141,4,525.1193062000273,883.9475676039868,D_right
142,4,522.4384494995604,892.0002011913476,D_right
143,4,513.5375559327217,907.7679161844848,D_right
144,4,511.0615953783785,912.620012165852,D_right
145,4,505.1085162854322,920.546745445186,D_right
146,4,501.6874816031906,923.6840198451364,D_right
147,4,473.9388275817233,923.7986064114444,D_right
148,4,472.3848553267178,928.8992556028538,D_right
149,4,459.07299308304783,934.5067539478266,D_right
150,4,440.0812364982411,939.365097560494,D_right
151,4,436.16983749118623,956.4683455645306,D_right
152,4,436.6984038351809,970.3146037751484,D_right
153,4,418.20698550300176,966.7745335740372,D_right
154,4,424.7107718203257,976.731972922479,D_right
155,4,413.835614807329,990.272023378914,D_right
156,4,416.8414960840153,996.7986976428324,D_right
157,4,410.2317582206786,1008.095846452144,D_right
158,4,408.9270707874392,1013.77915527502,D_right
159,4,403.7288567829282,1024.603249219762,D_right
160,4,397.9316064420257,1035.3367643433692,D_right
161,4,391.3427478825177,1046.859478364927,D_right
162,4,397.59383657353305,1057.6914684888848,D_right
163,4,398.90135817977847,1072.0929203556825,D_right
164,4,399.4251248059967,1078.845238465172,D_right
165,4,406.3050413342239,1085.0124007510035,D_right
166,4,413.69053028719134,1090.489251607834,D_right
167,4,422.6291296398458,1094.0460449570223,D_right
168,4,424.9494463526322,1094.816759090831,D_right
169,4,426.818318208539,1094.1145123482984,D_right
170,4,427.1524563513492,1091.9755041113883,D_right
171,4,431.0074565134754,1091.9651177750734,D_right
172,4,431.82319214141535,1091.062181163014,D_right
173,4,434.27474737254937,1086.179820243451,D_right
174,4,435.1626400870727,1083.2110921199824,D_right
175,4,449.917946644174,1084.1427423523344,D_right
176,4,455.0097671172451,1081.795247945138,D_right
177,4,474.39991367501176,1087.7767614172444,D_right
178,4,475.9716986648946,1088.0092737802286,D_right
179,4,484.4289980172624,1088.629000225102,D_right
180,4,487.6015353353312,1086.584061656056,D_right
181,4,488.12920000492505,1084.7096991568028,D_right
182,4,489.2688979816504,1083.6819743771002,D_right
183,4,499.4405175332384,1073.4015519630154,D_right
184,4,501.3013446200956,1068.6304636939362,D_right
185,4,507.88053112291226,1061.9035849794636,D_right
186,4,510.2581568906898,1062.8282374424095,D_right
187,4,512.6990985311726,1058.371094268632,D_right
188,4,513.6750461015631,1056.1426546837515,D_right
1,7,567.9340008529542,236.75948394757756,D_left
2,7,567.9340008529542,236.75948394757756,D_left
3,7,567.8967646519847,236.90342287524564,D_left
4,7,558.1339978681542,248.91494131026357,D_left
5,7,553.4813006398131,245.69491966940456,D_left
6,7,542.1941394264389,234.7569200867256,D_left
7,7,552.6236215438603,252.95196744079564,D_left
8,7,552.5723244426432,255.4084438367924,D_left
9,7,545.1337237470866,255.6031024457748,D_left
10,7,542.3023701234935,258.48080672527203,D_left
11,7,542.0693959015712,266.77618287489014,D_left
12,7,537.7574765646465,261.7032865123929,D_left
13,7,529.0995995046837,254.53511244193825,D_left
14,7,502.5185267061596,227.6072393900253,D_left
15,7,536.9304207272104,279.5479727277027,D_left
16,7,524.9262851897646,266.86336595211725,D_left
17,7,527.7165288565301,273.42534021633617,D_left
18,7,528.5639714275094,272.1510321268073,D_left
19,7,537.0521967993842,277.6823811687653,D_left
20,7,531.3576262438223,279.53630131257546,D_left
21,7,535.7909054290647,283.18812845011206,D_left
22,7,532.7113143708905,285.8465089648262,D_left
23,7,471.9698066728301,240.4031819083432,D_left
24,7,500.04969851408697,275.0714061944899,D_left
25,7,455.7637700890292,230.97734629192,D_left
26,7,456.3645076746028,235.13163404299505,D_left
27,7,473.1670027606482,267.9626573131794,D_left
28,7,453.9518752812479,246.5691874498087,D_left
29,7,463.7590977861711,256.0356010525297,D_left
30,7,503.75612318979273,304.0774318597223,D_left
31,7,508.8647712210711,301.4748403783855,D_left
32,7,510.6466925661079,291.097323185037,D_left
33,7,517.3617961626937,283.20789427461284,D_left
34,7,520.4843369500152,282.379090705178,D_left
35,7,523.5190166671325,278.7730588333852,D_left
36,7,526.9564701679038,269.01793174579666,D_left
37,7,555.116431353353,281.52418213390234,D_left
38,7,566.811657623565,293.43582688193203,D_left
39,7,572.8915164311462,288.942523344454,D_left
40,7,575.5613903931237,285.3819425114985,D_left
41,7,580.5926979321699,282.43259850666794,D_left
42,7,580.0612511238697,278.29955086427907,D_left
43,7,555.8508632991077,236.8516923573208,D_left
44,7,556.080741530901,228.84870723868173,D_left
45,7,559.1609379871196,220.7526992231392,D_left
46,7,553.3183950421645,210.8631509415553,D_left
47,7,608.8778916096421,278.56603459685147,D_left
48,7,546.9425213355632,194.3760441532308,D_left
49,7,557.5923374651258,206.0777993884502,D_left
50,7,568.2421535946883,217.77955462366955,D_left
51,7,569.610138856558,217.42567406354965,D_left
52,7,557.2987874855629,203.22176947453136,D_left
53,7,565.101551124961,219.52869157389813,D_left
54,7,566.055312285537,222.00376391036048,D_left
55,7,568.035115562588,230.48887323997792,D_left
56,7,558.8239205980723,220.35816104303964,D_left
57,7,589.5939698088566,263.85323196670777,D_left
58,7,620.364019019641,307.3483028903759,D_left
59,7,651.1340682304253,350.84337381404407,D_left
60,7,681.9041174412097,394.3384447377122,D_left
61,7,671.1691518454508,385.5579525245446,D_left
62,7,660.4341862496918,376.7774603113769,D_left
63,7,649.6992206539329,367.99696809820927,D_left
64,7,638.964255058174,359.2164758850416,D_left
65,7,628.2292894624151,350.43598367187394,D_left
66,7,617.4943238666561,341.65549145870625,D_left
67,7,606.7593582708972,332.8749992455386,D_left
68,7,602.0571954965271,327.273351954956,D_left
69,7,596.6964585062435,336.07378464821056,D_left
70,7,591.33572151596,344.8742173414651,D_left
71,7,585.0546698234754,341.7901048629705,D_left
72,7,578.7736181309906,338.70599238447585,D_left
73,7,572.492566438506,335.62187990598125,D_left
74,7,566.2115147460213,332.5377674274866,D_left
75,7,559.9304630535365,329.453654948992,D_left
76,7,553.6494113610519,326.3695424704973,D_left
77,7,547.3683596685671,323.2854299920027,D_left
78,7,541.0873079760825,320.20131751350806,D_left
79,7,534.8062562835978,317.11720503501346,D_left
80,7,528.525204591113,314.0330925565188,D_left
81,7,522.2441528986284,310.9489800780242,D_left
82,7,515.9631012061437,307.86486759952953,D_left
83,7,509.68204951365897,304.78075512103493,D_left
84,7,503.4009978211743,301.69664264254027,D_left
85,7,497.1199461286896,298.61253016404567,D_left
86,7,499.008317268117,300.62777160249175,D_left
87,7,493.7459111162484,306.760826847201,D_left
88,7,489.5001847524101,310.47498040726936,D_left
89,7,475.5434429453791,313.89153650546376,D_left
90,7,461.0478964382444,312.1369653654487,D_left
91,7,446.9207687024995,321.6335238039458,D_left
92,7,438.12641804518125,334.5580348411091,D_left
93,7,431.6111168645247,356.8656436391647,D_left
94,7,437.4345289216676,381.1774281517861,D_left
95,7,419.291272420505,369.4398901683519,D_left
96,7,416.55172720287663,379.0397372774517,D_left
97,7,423.3069508872366,404.5408177800271,D_left
98,7,420.60589006945287,409.30728363467057,D_left
99,7,405.7673569427267,430.7389648660329,D_left
100,7,401.8428440555214,441.5622212915408,D_left
101,7,403.23914835612993,465.6159535770702,D_left
102,7,400.7461258541709,468.0823791809169,D_left
103,7,397.7131032611511,484.0356091220257,D_left
104,7,398.71700740284615,496.6567851206913,D_left
105,7,385.1160026358861,487.2318266152,D_left
106,7,406.4847344212114,513.7679964376919,D_left
107,7,419.3451481100184,548.7041528202983,D_left
108,7,417.0349082909229,554.5230630531252,D_left
109,7,409.73710148441984,567.7403590587455,D_left
110,7,433.9792818276693,602.3259435875848,D_left
111,7,447.7421061353677,625.7156697948616,D_left
112,7,451.1506247597597,633.6914314586036,D_left
113,7,443.23070593999415,632.3663696612805,D_left
114,7,437.8864975243641,628.3115726153612,D_left
115,7,426.184062477366,626.7948608356425,D_left
116,7,433.6026333056055,639.8788113609517,D_left
117,7,443.0527808459344,660.8036330477302,D_left
118,7,431.35323669120953,661.93093556815,D_left
119,7,433.4565611116225,696.6079469001114,D_left
120,7,427.3362838255248,699.5341672605758,D_left
121,7,433.7745512724745,730.3943584571745,D_left
122,7,431.875025554431,732.7874324332287,D_left
123,7,438.7660012403275,744.7289267292409,D_left
124,7,444.5392765324031,751.0610639247018,D_left
125,7,435.902023797362,745.5126672681797,D_left
126,7,440.3297644795088,749.3266379211173,D_left
127,7,451.06052661616593,770.1554159822804,D_left
128,7,453.1719268597381,765.620259299146,D_left
129,7,463.53941403435454,768.4388092020204,D_left
130,7,509.063875047163,791.2767165041498,D_left
131,7,516.4537963547075,787.2334081410482,D_left
132,7,523.8589741325386,779.8206765303044,D_left
133,7,526.5454830685051,768.2326802651601,D_left
134,7,528.0014689294387,763.9110549895706,D_left
135,7,531.892944703372,753.4414353994342,D_left
136,7,532.4957194189058,744.9171380764648,D_left
137,7,545.9207026239267,735.9408319115768,D_left
138,7,548.1547667633752,733.5190387563345,D_left
139,7,550.7497312113398,730.7331325934204,D_left
140,7,549.7657925976106,728.1108363768095,D_left
141,7,550.3082448837667,722.2000966324828,D_left
142,7,549.0479619927618,717.86275220611,D_left
143,7,549.7246678620413,708.2931726481062,D_left
144,7,551.4502486617006,707.0907779195552,D_left
145,7,553.1538268855876,705.8563011523985,D_left
146,7,550.2035180351071,702.423828919047,D_left
147,7,545.8654879753923,691.4486908657619,D_left
148,7,543.2642882760523,690.2204487324589,D_left
149,7,545.372529714252,693.6254962298698,D_left
150,7,550.3369412453316,698.6732394211466,D_left
151,7,563.3469301722694,712.0847759520602,D_left
152,7,565.5173888075005,713.6039647752775,D_left
153,7,572.7228164752927,720.4895251639889,D_left
154,7,573.766510717171,723.3908692257871,D_left
155,7,576.6238266350383,730.8425385675189,D_left
156,7,573.6666870190309,730.3797745213147,D_left
157,7,572.6875069950695,725.1202700572502,D_left
158,7,572.5423732040191,731.4528840221793,D_left
159,7,573.5660850112617,727.4643252283445,D_left
160,7,572.1614579488718,727.6065283593551,D_left
161,7,575.1512275795271,732.6524266859511,D_left
162,7,573.2639834508099,731.6226085997258,D_left
163,7,591.4546724600709,755.073397014015,D_left
164,7,629.1132893992752,787.4157158774988,D_left
165,7,650.1022885320623,807.4260198084869,D_left
166,7,649.9758911061255,807.4288179233343,D_left
167,7,654.6937224541622,811.6699325330392,D_left
168,7,654.421000338553,809.1104934385831,D_left
169,7,683.1777706758708,830.0989975252047,D_left
170,7,704.2678554225095,843.7302238766101,D_left
171,7,745.7283738131141,852.8607461320657,D_left
172,7,744.4658977158277,845.4877517425513,D_left
173,7,735.3819790112706,868.180150344474,D_left
174,7,747.5515476772654,849.3778438789802,D_left
175,7,753.2302861538434,846.9307647703308,D_left
176,7,757.8520004960806,846.856112517627,D_left
177,7,780.9276508074706,858.5885666859053,D_left
178,7,788.8889104602129,864.721377463541,D_left
179,7,791.3910298287586,868.8906443424909,D_left
180,7,794.0624509056469,873.1178848716268,D_left
181,7,807.7623220508832,882.530673034951,D_left
182,7,820.7191097465728,894.7821219284144,D_left
183,7,844.3415881744417,885.5532111935621,D_left
184,7,848.6708497715249,887.7742775548795,D_left
185,7,857.1233200358758,880.3304982209615,D_left
186,7,859.5890363447406,875.537696358781,D_left
187,7,861.062217449038,880.1467725132824,D_left
188,7,861.961151150696,873.7992887398694,D_left
1,8,575.0855432072349,130.83575139707594,O_left
2,8,575.0855432072349,130.83575139707594,O_left
3,8,575.3599454570742,131.17731059855686,O_left
4,8,546.5346694396359,94.2004665952142,O_left
5,8,547.0477735895792,107.46810838883717,O_left
6,8,531.7637356909113,90.9210073589014,O_left
7,8,529.6971388174122,100.49009024089436,O_left
8,8,505.010860750317,71.5020010091768,O_left
9,8,568.491469200922,171.62267460598733,O_left
10,8,543.1479863466493,147.49679696632086,O_left
11,8,522.3922860144164,127.6353494948643,O_left
12,8,528.242313469547,142.03811993422593,O_left
13,8,523.526819430665,140.21864164332356,O_left
14,8,529.0731326615257,162.15291991248674,O_left
15,8,521.0803871506247,163.39251184650803,O_left
16,8,523.8088417271169,180.8180577379113,O_left
17,8,533.3412629461401,201.48153164154465,O_left
18,8,533.8439419926008,207.77608901568013,O_left
19,8,512.9903973493482,203.28371817371124,O_left
20,8,519.0991035962769,214.8732302802252,O_left
21,8,523.4169353784554,229.00372625813085,O_left
22,8,507.3613969358404,205.74766867500983,O_left
23,8,541.4854272339313,245.7230656650869,O_left
24,8,534.5189179853944,232.88311608598315,O_left
25,8,502.6324106160833,181.64844269178425,O_left
26,8,529.3060130027726,224.98127112073288,O_left
27,8,505.1270749441651,153.27825948211728,O_left
28,8,495.7955635349487,137.86485088557947,O_left
29,8,488.7682013127579,83.02132645567252,O_left
30,8,489.1689028768293,76.58711478358468,O_left
31,8,506.111219639129,69.8219510700149,O_left
32,8,516.605682638016,75.03860793565553,O_left
33,8,558.1400473542891,116.54649421591822,O_left
34,8,610.9718231511675,182.5459613878328,O_left
35,8,618.5940739165734,163.0538179928662,O_left
36,8,602.2325853110693,132.44021527009906,O_left
37,8,643.5542095135179,178.77396787546311,O_left
38,8,649.9964408120484,186.7954723166856,O_left
39,8,652.0338768393937,182.11543877455853,O_left
40,8,659.8841551563722,167.56742140217952,O_left
41,8,655.173255887232,150.02444588890364,O_left
42,8,643.8656091101101,126.98065008295694,O_left
43,8,657.4445067958526,136.31357657103837,O_left
44,8,679.674053141079,166.04271795773272,O_left
45,8,700.5299201838027,192.6664872523527,O_left
46,8,672.451468287622,155.56926360726683,O_left
47,8,667.7629778649865,149.89587399387696,O_left
48,8,627.013628114508,102.2772972396564,O_left
49,8,665.3113342500862,164.88407797518823,O_left
50,8,650.698236636468,149.34874537944978,O_left
51,8,607.2133576044494,94.16721706856218,O_left
52,8,562.5803281643138,34.28724418571206,O_left
53,8,585.5040651203961,73.6943946619664,O_left
54,8,629.3377787778087,144.4603358824942,O_left
55,8,618.8548507115468,140.47160487827048,O_left
56,8,614.025201119231,142.48056702846387,O_left
57,8,609.6756796451508,155.10199921974845,O_left
58,8,605.5863042475171,157.55952070737246,O_left
59,8,603.6909386279901,163.70304889794667,O_left
60,8,607.2341004067897,167.4658519903282,O_left
61,8,608.6446286329726,170.94045196718142,O_left
62,8,608.9551404156977,171.96254378700166,O_left
63,8,609.7712517090504,165.71783177642652,O_left
64,8,613.1074689492234,169.1805840785831,O_left
65,8,615.3849806808428,162.2956428936316,O_left
66,8,615.4055806814289,157.44830789156828,O_left
67,8,614.7705010626087,155.39174058904536,O_left
68,8,615.3057089568766,156.04576131407134,O_left
69,8,614.9307604537288,155.82938505581066,O_left
70,8,616.6961017694065,157.9188835875314,O_left
71,8,619.1011573722233,159.7120872989819,O_left
72,8,618.9688422062213,157.9593985587509,O_left
73,8,621.8004736384861,162.2201321765817,O_left
74,8,621.8022001677624,164.69140427817695,O_left
75,8,618.7613559809557,165.38919639380117,O_left
76,8,621.9053274992675,171.02562481623605,O_left
77,8,627.4320999328504,174.8953584830695,O_left
78,8,629.6039003886716,177.83407029091043,O_left
79,8,645.853861461921,196.77353518191163,O_left
80,8,646.4153570915772,205.70845506521167,O_left
81,8,654.8475917733703,214.3211847244013,O_left
82,8,677.4763219869188,235.1570148660209,O_left
83,8,711.9305067244578,289.2536801816719,O_left
84,8,716.8130756165665,295.0527782653978,O_left
85,8,722.3458722925124,289.67717236117653,O_left
86,8,724.5268525158929,290.31034161651394,O_left
87,8,726.9788732437275,289.7184658548284,O_left
88,8,728.1849828604496,289.2771131661668,O_left
89,8,753.7756037096027,317.0156294545437,O_left
90,8,763.6800250473143,325.85952483931385,O_left
91,8,771.662826373635,335.4547394994867,O_left
92,8,778.8995238642386,346.0333363088083,O_left
93,8,783.5857948261635,359.7759383609236,O_left
94,8,784.7733835911542,359.15146048847816,O_left
95,8,772.7990177614623,364.4117800923048,O_left
96,8,770.6830803595161,365.1612182471716,O_left
97,8,752.1658424350194,343.6378226932048,O_left
98,8,754.9416611503405,350.2391543385469,O_left
99,8,759.488640322877,361.96930304987126,O_left
100,8,768.7829225299847,378.0623944800619,O_left
101,8,786.4529159390991,419.9624895853766,O_left
102,8,791.9041258760689,431.0601037801965,O_left
103,8,808.4873103876903,464.9084829070953,O_left
104,8,813.1874837075808,472.7821749272689,O_left
105,8,815.0998624560939,479.0119882473132,O_left
106,8,812.6977956696909,476.1920213935024,O_left
107,8,811.934581724567,476.2494359108791,O_left
108,8,812.134762157045,476.7079106082346,O_left
109,8,811.6274985729898,477.62935593307617,O_left
110,8,811.7118597866479,479.0551394423049,O_left
111,8,814.3154200823449,481.03027378310566,O_left
112,8,814.4421056198288,479.2020686832264,O_left
113,8,805.6301684308177,474.0855918132556,O_left
114,8,812.3322052136277,484.5109137905517,O_left
115,8,780.4971027339462,439.9173076420698,O_left
116,8,775.6689967861304,433.23827759214697,O_left
117,8,768.4990150873048,425.0505761335127,O_left
118,8,766.7141787103668,423.8031753957982,O_left
119,8,766.5468471160466,420.98177184978704,O_left
120,8,732.4261540339058,374.02809569765367,O_left
121,8,710.6649951310714,347.60940668479003,O_left
122,8,711.4612305978086,349.20595581407264,O_left
123,8,703.2885592704522,347.6263751428646,O_left
124,8,703.4352719376635,348.5236448767233,O_left
125,8,666.0729816888575,303.70839488282127,O_left
126,8,636.9132153433264,268.1730343087144,O_left
127,8,645.8164791089241,288.0970046272102,O_left
128,8,632.4596655958317,274.63506878494707,O_left
129,8,623.4416792878741,271.7889773082695,O_left
130,8,621.2035375541273,275.5217427732336,O_left
131,8,609.5428305994757,267.11776902880126,O_left
132,8,606.2425982482814,266.6450421419164,O_left
133,8,550.4813965066521,201.57713245605507,O_left
134,8,545.9240633551309,201.37707731291025,O_left
135,8,547.3849232481293,214.30489228528944,O_left
136,8,543.0180149493399,215.1121095407436,O_left
137,8,526.1079655786739,219.28420361715524,O_left
138,8,523.8634351162511,218.5492420567202,O_left
139,8,470.1357315733783,163.68528093027786,O_left
140,8,453.7097952500473,149.01185601907608,O_left
141,8,445.0791628901952,152.81429419942208,O_left
142,8,448.2038323021844,163.84980744097203,O_left
143,8,422.93261712874937,144.07835003688936,O_left
144,8,435.9027449165925,172.1778239651994,O_left
145,8,417.8315668339791,161.10514051207338,O_left
146,8,412.16844292454863,159.04594249437534,O_left
147,8,388.95541874447633,137.74672132366953,O_left
148,8,389.5150708610169,139.2649867874706,O_left
149,8,374.2539129025704,130.28350519958528,O_left
150,8,367.65042532074375,131.22650665428066,O_left
151,8,350.1586271987598,130.605194447481,O_left
152,8,345.8478252888321,130.3070291814536,O_left
153,8,328.67889386328574,129.52664317235485,O_left
154,8,307.28719445170185,112.7691248640903,O_left
155,8,304.47257705058524,132.87247490116303,O_left
156,8,299.30644680014774,136.5728005071818,O_left
157,8,284.3421750043898,137.61826326870224,O_left
158,8,282.34900134344105,145.8682977728503,O_left
159,8,247.3790128647772,129.06421924076434,O_left
160,8,246.25447759080703,140.60570967629954,O_left
161,8,247.7178241392245,158.27809947829977,O_left
162,8,246.96597239150205,162.82543398145845,O_left
163,8,235.30963500439,167.31098305999652,O_left
164,8,230.8720099368365,171.15332888945568,O_left
165,8,205.83640104320705,171.06274654271084,O_left
166,8,206.3465939069912,165.60899067874362,O_left
167,8,204.93727359017865,192.60198165754335,O_left
168,8,202.4025791683052,195.12587038578565,O_left
169,8,187.7443639430074,189.304350731111,O_left
170,8,198.37658566024152,206.5068337711848,O_left
171,8,182.9745449088158,225.265306193575,O_left
172,8,181.65686697012845,233.9714082123119,O_left
173,8,168.7683454153731,240.94173549652652,O_left
174,8,166.58968773738044,248.0198590858285,O_left
175,8,145.7437518968963,240.83677073379835,O_left
176,8,144.01868835063095,249.12435752983816,O_left
177,8,169.66962870029087,310.4228822042712,O_left
178,8,171.8398243472586,320.1597106975115,O_left
179,8,167.54541108923522,344.4776435334589,O_left
180,8,166.64509602820985,352.7442778684273,O_left
181,8,161.6844755939324,368.09964736951775,O_left
182,8,149.11224371114207,363.57779634060034,O_left
183,8,-55.47986805315865,229.73655226998972,O_left
184,8,160.30193139346923,431.4934446154073,O_left
185,8,159.39837111643575,444.4748581161105,O_left
186,8,169.48760448483932,458.9961262754099,O_left
187,8,166.64766605970942,475.0135497257377,O_left
188,8,153.58546509211985,470.0540259350638,O_left
