1,1,976.1922238634222,512.3637078553891,O_top
2,1,976.1922238634222,512.3637078553891,O_top
3,1,976.2143719370296,512.3999112649653,O_top
4,1,976.8659773571816,512.7210123304476,O_top
5,1,976.6093524428472,512.6498163303517,O_top
6,1,976.5969868267676,513.1571794760091,O_top
7,1,976.9382732854054,514.0197373121141,O_top
8,1,976.9054648066192,514.9731435062876,O_top
9,1,976.78674455568,515.094072569823,O_top
10,1,973.8070583324436,512.7217086065272,O_top
11,1,974.0502536290757,514.0114130283451,O_top
12,1,972.87116651167,514.6803785831239,O_top
13,1,972.4287447993012,515.1926079145344,O_top
14,1,970.3903688137688,514.2256002521716,O_top
15,1,970.7987265125594,516.3891148041413,O_top
16,1,968.4951875404264,513.785106845602,O_top
17,1,966.3615834781456,510.4935184152909,O_top
18,1,964.161838970118,507.8816527583999,O_top
19,1,962.6693259027952,507.4450827284844,O_top
20,1,962.8906914679172,509.2021196289425,O_top
21,1,961.9250209721638,508.7489633233789,O_top
22,1,961.1517087262588,507.940636238092,O_top
23,1,962.4528219027424,510.5280510638499,O_top
24,1,962.9569267966392,512.0095701057542,O_top
25,1,963.2990726231176,512.5469087391049,O_top
26,1,962.172866947912,511.19572254035904,O_top
27,1,961.8346752475604,510.77006689398434,O_top
28,1,962.1249720581092,512.963630773953,O_top
29,1,961.0942686102968,512.2341047455278,O_top
30,1,960.3826681154296,514.8212367061627,O_top
31,1,957.785372906676,515.0324200316671,O_top
32,1,957.0679303622152,512.7736772502377,O_top
33,1,959.6740064787022,511.9716149167204,O_top
34,1,961.8320755317563,509.69642867080586,O_top
35,1,957.9543938355102,504.8421900514757,O_top
36,1,950.476802902876,500.407270723584,O_top
37,1,949.5410489360276,501.92141698397006,O_top
38,1,945.979231832806,502.4568770642679,O_top
39,1,940.5319130053828,498.6385838888753,O_top
40,1,931.9083364182152,496.31705249887887,O_top
41,1,911.8307305557388,469.5468946112276,O_top
42,1,901.3333184881332,469.2343923971416,O_top
43,1,892.9422248495762,472.7877374731495,O_top
44,1,885.4993125986515,470.70091596171824,O_top
45,1,883.9267214961753,474.8139890776834,O_top
46,1,865.9693382410952,469.29450544757367,O_top
47,1,833.4883541751987,435.56301294760055,O_top
48,1,801.2959783858879,408.048700269721,O_top
49,1,795.0458841946984,410.605986164318,O_top
50,1,788.7005634411082,415.3083920933119,O_top
51,1,781.6289487743854,412.8925779765768,O_top
52,1,754.2302538216984,394.5828171022965,O_top
53,1,745.0000192512913,398.9685582412642,O_top
54,1,739.1217210795178,414.1857466497808,O_top
55,1,736.2699571907914,412.44001546880895,O_top
56,1,711.7742804796044,394.5499926204448,O_top
57,1,709.1601023328029,399.09597946469705,O_top
58,1,701.6337572910695,404.0408681658043,O_top
59,1,697.4893826924671,403.9883012692464,O_top
60,1,695.2891249384926,410.6690795601498,O_top
61,1,685.0661214718152,407.3615164262455,O_top
62,1,641.7125260239542,370.6596485616147,O_top
63,1,633.5884830983532,371.3854311398092,O_top
64,1,630.6798351150926,380.5098375999649,O_top
65,1,627.2476649023204,378.9301241362973,O_top
66,1,612.2818194075732,385.3489129572083,O_top
67,1,607.0203088101288,411.1322792876683,O_top
68,1,582.7736552576324,371.6314234606938,O_top
69,1,570.9646819660683,371.11765460883,O_top
70,1,555.662841685193,394.7888239618648,O_top
71,1,554.170740272198,423.6959016979609,O_top
72,1,545.2334525292877,416.9036311599578,O_top
73,1,552.3868879723705,430.1791038005144,O_top
74,1,535.208144365892,424.5403289313255,O_top
75,1,517.6329658545436,423.9800084099397,O_top
76,1,499.3645623429647,405.6015022318463,O_top
77,1,555.4293686188994,473.82263420470287,O_top
78,1,459.011451864642,376.87697625806777,O_top
79,1,458.3766408879567,386.33268546552006,O_top
80,1,452.1623656755096,394.54752452460815,O_top
81,1,453.27985466153046,401.08295405265966,O_top
82,1,447.6466229725911,403.3728119197873,O_top
83,1,443.18194707781976,401.3044886016781,O_top
84,1,432.46196552384856,402.9328659048978,O_top
85,1,435.2198747295552,409.2311516895932,O_top
86,1,465.293593985396,446.2112371942835,O_top
87,1,463.9103901611372,453.8932399357365,O_top
88,1,463.4360224011885,464.0230899397821,O_top
89,1,456.439051373539,474.8108263925152,O_top
90,1,435.4265512768173,476.4969462672296,O_top
91,1,437.6841832448475,482.1893745555684,O_top
92,1,430.27873213218487,487.1546449096359,O_top
93,1,431.96469380546455,496.80997543941,O_top
94,1,429.9001663176711,515.5211023151517,O_top
95,1,436.4287879771477,528.8707086467815,O_top
96,1,448.1707689408715,548.7997434851028,O_top
97,1,448.16465506250046,551.3923716762422,O_top
98,1,445.1151862334156,550.7445044505853,O_top
99,1,450.7307834122686,560.7423952614128,O_top
100,1,442.6518167390753,557.123596889431,O_top
101,1,436.5532592180632,551.0310662332945,O_top
102,1,453.8394474850231,570.8322942295678,O_top
103,1,456.51224818707,576.2564885852864,O_top
104,1,459.96406329885815,576.8353533782941,O_top
105,1,468.6098891349231,586.0012581426668,O_top
106,1,473.90846195007,592.0319794221143,O_top
107,1,473.647302250786,593.7402374632851,O_top
108,1,471.0989801511938,592.9478971367,O_top
109,1,472.9779792590164,590.3558093491902,O_top
110,1,464.9234245733994,581.8601852630178,O_top
111,1,458.3530826300132,569.7267344405116,O_top
112,1,462.66218194325,567.8923935246734,O_top
113,1,440.9976442463529,545.8024233380953,O_top
114,1,443.668808272124,549.5455425459116,O_top
115,1,441.1774912217175,550.4718333746557,O_top
116,1,429.2569101999387,543.8472458919493,O_top
117,1,431.8737923750751,547.565408044001,O_top
118,1,430.0975285429288,544.1017504650022,O_top
119,1,411.8150079114223,516.7185875929914,O_top
120,1,364.2500986067816,475.62813220127,O_top
121,1,362.67737093477706,476.8499917561974,O_top
122,1,348.92308969181346,472.1288927062783,O_top
123,1,343.6828592235823,472.29587395444025,O_top
124,1,320.5837601266917,462.49906367078273,O_top
125,1,319.7681433118239,459.87492449317193,O_top
126,1,307.8244154541768,453.08602517413897,O_top
127,1,311.2817625961749,457.4819312657722,O_top
128,1,301.04907943160447,466.8957458903113,O_top
129,1,295.2591763016573,463.7687648379247,O_top
130,1,291.6174191800338,467.4485810025773,O_top
131,1,290.52175750130783,477.51107682886897,O_top
132,1,259.4214657014524,482.8333438761131,O_top
133,1,228.32117390159692,488.15561092335713,O_top
134,1,197.22088210174152,493.4778779706013,O_top
135,1,127.43268625846652,439.2550878463826,O_top
136,1,219.27887115468957,541.732376806193,O_top
137,1,202.7387704886688,533.6268270916319,O_top
138,1,181.182955113274,542.5009817575589,O_top
139,1,172.935350922364,542.3745782313762,O_top
140,1,155.81426435359964,555.9926379136386,O_top
141,1,200.0995402535837,605.4722691650287,O_top
142,1,204.9724322036588,620.6424292054246,O_top
143,1,206.25175571831448,624.1450070671757,O_top
144,1,209.1726381685989,632.2231536782535,O_top
145,1,206.6190266262253,633.0389571100676,O_top
146,1,185.47898997652769,618.3633955720042,O_top
147,1,177.33675021829902,604.9852765358794,O_top
148,1,196.6639512329311,619.2249122124796,O_top
149,1,191.25398496481236,636.8458223120425,O_top
150,1,246.99168953882665,680.1464158730485,O_top
151,1,268.1214707147494,700.7135660339509,O_top
152,1,281.8318572775316,700.178749596023,O_top
153,1,276.6190741830048,704.5728485175994,O_top
154,1,273.2377926227733,712.4408051487455,O_top
155,1,273.6604570104143,711.9883190894974,O_top
156,1,263.55509971486845,716.467848468017,O_top
157,1,267.8884627128643,712.9285632320194,O_top
158,1,271.0578630094617,713.3550317788678,O_top
159,1,272.1570685212168,712.2105069234913,O_top
160,1,271.2515235677837,709.6046436349727,O_top
161,1,275.30050103466306,713.3184072861382,O_top
162,1,270.8071542199611,709.8894329345568,O_top
1,2,612.3019710669598,1119.306534111577,D_right
2,2,612.3019710669598,1119.306534111577,D_right
3,2,609.9023924411347,1117.8568381210264,D_right
4,2,611.807085943425,1119.3922943071277,D_right
5,2,611.4138904616755,1119.2812330601994,D_right
6,2,610.7070354660119,1118.995497626056,D_right
7,2,610.6354895239939,1118.687131864279,D_right
8,2,611.0029475846695,1119.3176633239516,D_right
9,2,611.8779942656088,1119.2799311537372,D_right
10,2,609.7639673464647,1118.304475516466,D_right
11,2,609.8381649971384,1118.6984823688454,D_right
12,2,611.5910742508498,1120.7737795958765,D_right
13,2,611.2077732655727,1121.182669851532,D_right
14,2,608.5147708494209,1121.627313075118,D_right
15,2,607.4193869585125,1121.8016758060396,D_right
16,2,606.5558466261398,1123.753775367811,D_right
17,2,606.1171067027494,1124.7327853084887,D_right
18,2,605.1568130641725,1124.9266148648646,D_right
19,2,602.6065347962867,1122.315344321566,D_right
20,2,585.7535861996533,1110.732754204107,D_right
21,2,586.8665843091156,1108.6726316610043,D_right
22,2,573.5264205638779,1098.409606894554,D_right
23,2,558.891496268254,1087.164316859658,D_right
24,2,560.5336847232154,1083.9409126636249,D_right
25,2,560.3909628437186,1082.506512099004,D_right
26,2,560.9574163338528,1082.4117979681737,D_right
27,2,560.4171250353863,1082.3544670241424,D_right
28,2,559.9796317549936,1082.164578968063,D_right
29,2,554.6964216366526,1078.9143520562886,D_right
30,2,545.1027943646849,1070.6744684457235,D_right
31,2,536.2913697941129,1063.059716652013,D_right
32,2,531.2877951501953,1052.8980208370706,D_right
33,2,527.3630723509975,1047.5016079646448,D_right
34,2,527.7341577011969,1043.0868371530248,D_right
35,2,528.0948738718363,1041.7986811392173,D_right
36,2,527.1676750159662,1037.8737688124722,D_right
37,2,527.9137494165959,1036.6944358327642,D_right
38,2,531.5387141762864,1034.864032408252,D_right
39,2,531.5367115003613,1031.9498409153966,D_right
40,2,535.0438226221664,1025.6980174509215,D_right
41,2,535.556752808196,1027.186384325964,D_right
42,2,538.7682377643125,1022.150040882766,D_right
43,2,539.2100470121377,1020.2042993957258,D_right
44,2,542.7471986753758,1020.2134017219756,D_right
45,2,543.0208104057252,1020.3620194350837,D_right
46,2,543.0189020045262,1016.1970841803932,D_right
47,2,539.947776026529,1011.1640920303448,D_right
48,2,524.9778942732339,991.3875051489244,D_right
49,2,499.1362036225096,969.5643595526234,D_right
50,2,504.3044645587783,955.225605439041,D_right
51,2,501.1558675313738,946.7194896186008,D_right
52,2,496.06180112021616,938.2782797533812,D_right
53,2,491.4835419226236,931.7760391204646,D_right
54,2,482.602807606735,917.3916008169386,D_right
55,2,484.249103810061,915.4632676700254,D_right
56,2,494.882062419697,911.681331998508,D_right
57,2,496.6527735944994,908.9735982805116,D_right
58,2,498.0298888345937,905.3401922007184,D_right
59,2,498.02481937098185,903.3122696726324,D_right
60,2,498.4591857853728,899.5485131966524,D_right
61,2,500.48585370464826,898.7989051099057,D_right
62,2,492.7541874590837,891.413160987891,D_right
63,2,488.3317199162982,886.8900527211258,D_right
64,2,485.9464313010242,883.9210850174394,D_right
65,2,487.43610493316777,883.3374091590649,D_right
66,2,483.5715978044059,879.2879387753285,D_right
67,2,484.6119535971388,877.7780408094122,D_right
68,2,485.166993988192,878.1021807081943,D_right
69,2,485.3733283144485,877.2127889020536,D_right
70,2,485.5784811721672,876.0111482091421,D_right
71,2,485.22721611770896,876.2960201199942,D_right
72,2,485.2197471456331,878.0828664593205,D_right
73,2,484.54942701923,877.4092082687919,D_right
74,2,484.241355353366,880.1299781047012,D_right
75,2,483.0940383350797,882.1063889749562,D_right
76,2,478.79409590622447,885.1889439345844,D_right
77,2,478.8413728423327,885.5819170471632,D_right
78,2,467.0042100310942,881.3160542705782,D_right
79,2,457.5396005267563,877.2568752632461,D_right
80,2,435.9770913859925,861.579132226153,D_right
81,2,429.8880200444836,857.5556191836037,D_right
82,2,418.26644177649735,850.3395146637968,D_right
83,2,411.9981991177313,846.7585917353716,D_right
84,2,404.53155346795546,845.1826506192974,D_right
85,2,397.9215681457974,843.515157780331,D_right
86,2,369.8538439116359,825.6920378331063,D_right
87,2,352.9420039564096,814.8444867247588,D_right
88,2,331.53153742746,804.8338102023017,D_right
89,2,318.5951426544297,804.3256038725293,D_right
90,2,302.2772391415168,800.2669780156697,D_right
91,2,296.897610767388,797.821135420802,D_right
92,2,289.25195902642537,796.859846874155,D_right
93,2,286.32820827644576,797.0186612495428,D_right
94,2,287.6195012437242,797.1217947225955,D_right
95,2,286.42914249112374,796.2121487550139,D_right
96,2,286.038876692826,795.8435390952665,D_right
97,2,287.3698512538958,796.8355848888057,D_right
98,2,287.0314580031245,795.7855734628455,D_right
99,2,288.3064241509507,795.0299871834889,D_right
100,2,294.1790491595991,791.246688319717,D_right
101,2,303.55247579179104,792.119470207826,D_right
102,2,299.0773644739501,779.8547976541132,D_right
103,2,311.2051718543221,784.2632928553597,D_right
104,2,321.666733543678,784.864075389128,D_right
105,2,327.0666303299756,787.3951255966776,D_right
106,2,329.1990346786196,783.8205488667794,D_right
107,2,333.3788654155944,783.7122596874102,D_right
108,2,348.7338948337865,760.6100295966598,D_right
109,2,351.08483408598335,756.8010866565,D_right
110,2,360.5168948355389,753.1163504483169,D_right
111,2,367.02212859081845,753.9072836343894,D_right
112,2,403.2742256569608,765.7948846591847,D_right
113,2,411.7222720470433,764.0578631347389,D_right
114,2,410.90407177300335,761.1296090726711,D_right
115,2,413.5861658126139,760.8912554751491,D_right
116,2,407.0000891080506,756.7775879107788,D_right
117,2,409.7294989232321,757.7507384621798,D_right
118,2,413.69047449882834,761.426297315709,D_right
119,2,396.7584494373854,747.272011943417,D_right
120,2,396.56889593085015,754.4016993586719,D_right
121,2,396.6243294904552,757.8211194112989,D_right
122,2,389.3876706279357,758.3992561301242,D_right
123,2,391.2510052045088,760.5237318879495,D_right
124,2,394.2729193856849,766.3506211985732,D_right
125,2,397.70532495596217,769.1341146865057,D_right
126,2,388.9514329273052,764.2162612065282,D_right
127,2,390.2789602402046,765.8015663840335,D_right
128,2,382.0749449425617,764.919947814727,D_right
129,2,378.8806933099196,770.0315380811404,D_right
130,2,370.3256781219265,782.3067681126225,D_right
131,2,358.20760249964326,783.69808390847,D_right
132,2,352.0904434250857,781.5244088595072,D_right
133,2,348.1600875315597,781.3632102143206,D_right
134,2,339.80575414181084,784.6781039150416,D_right
135,2,344.84654571483776,789.8762775390334,D_right
136,2,342.1940440248412,797.6430965766922,D_right
137,2,342.83301791355547,800.9199508768253,D_right
138,2,334.82251454688605,802.2946841133697,D_right
139,2,315.6260358237083,790.5232286906654,D_right
140,2,311.48271685590987,795.3926953611199,D_right
141,2,324.0023451492169,812.0038998588213,D_right
142,2,324.6596703682776,817.2036500865922,D_right
143,2,322.57496580796214,816.0777052664688,D_right
144,2,323.4937274343481,818.9067526862835,D_right
145,2,322.4255285734454,817.719564323083,D_right
146,2,322.39680096912014,820.7151423247415,D_right
147,2,319.6288792408698,820.525663221996,D_right
148,2,321.64851616461686,825.68452226589,D_right
149,2,316.1461599416859,824.8992382136295,D_right
150,2,319.9547244407062,831.4983501785988,D_right
151,2,316.68871695703496,831.2529972911494,D_right
152,2,311.6146087113705,829.4492029387326,D_right
153,2,309.63209534920696,830.1931513661698,D_right
154,2,310.4126220046344,832.9222873173096,D_right
155,2,309.49961643155217,833.5656239883217,D_right
156,2,308.4301017300134,835.1882315498225,D_right
157,2,309.53189806405027,836.0496230574948,D_right
158,2,311.3900126209292,837.7812108487367,D_right
159,2,312.8753097165781,837.3810640865292,D_right
160,2,312.8077426695277,838.2542259451618,D_right
161,2,311.0657402808452,837.9792685037401,D_right
162,2,309.99375616535247,840.9084829297674,D_right
1,3,859.3601277427315,552.4687459706798,D_top
2,3,859.3601277427315,552.4687459706798,D_top
3,3,859.4491575385376,552.6634975697741,D_top
4,3,857.0995014624664,554.8236452586931,D_top
5,3,854.695428395938,551.967321498752,D_top
6,3,852.6170592952313,558.8558246143485,D_top
7,3,852.1509121643924,561.879125164211,D_top
8,3,851.1177152045914,559.7556568570918,D_top
9,3,850.6067572562525,560.6678751666993,D_top
10,3,847.9899850128749,561.6242874642115,D_top
11,3,848.2814798928605,563.6403794111337,D_top
12,3,845.8785367914514,563.749789775915,D_top
13,3,844.8865306955242,564.1975223582849,D_top
14,3,843.0695342451096,563.8209385931455,D_top
15,3,842.9975552322009,566.1829475656713,D_top
16,3,841.8844924667404,565.3160910556489,D_top
17,3,840.8607959713087,565.1890039088341,D_top
18,3,842.1122633817,567.8586679958262,D_top
19,3,842.7818356577325,569.3275919876099,D_top
20,3,843.2538973668032,569.8052363967608,D_top
21,3,843.1096610272756,569.8124120161784,D_top
22,3,843.3840169838074,570.3488939522117,D_top
23,3,844.2209379653514,571.6505489108933,D_top
24,3,844.3834597284455,571.806481075932,D_top
25,3,843.6277903125218,570.2649529933037,D_top
26,3,843.6082020723271,570.8201770404061,D_top
27,3,843.1749636274405,570.3096784702831,D_top
28,3,843.0799301886728,570.4250538225477,D_top
29,3,843.355844715556,570.6861148001236,D_top
30,3,842.5998166258332,569.976098311584,D_top
31,3,842.2253329022611,569.5483909163091,D_top
32,3,843.3041097024847,571.3235040408175,D_top
33,3,842.4670490819224,571.3362000818419,D_top
34,3,841.260494757419,572.4004210614877,D_top
35,3,840.8316972760063,573.041299056364,D_top
36,3,840.2264018180532,571.2687056589424,D_top
37,3,840.2933314306175,571.5487102927658,D_top
38,3,838.0403348614229,573.6588678026245,D_top
39,3,837.2071441811586,574.6611070034127,D_top
40,3,834.8550459937642,573.9781574634159,D_top
41,3,831.3414670120933,569.0817829098671,D_top
42,3,819.0643118967249,560.0374630990203,D_top
43,3,817.2142818275263,543.7262405510111,D_top
44,3,793.7965741459204,527.7875694947834,D_top
45,3,782.1598934231854,514.3771483686581,D_top
46,3,777.1294523696102,494.6736957228155,D_top
47,3,770.5112728562087,486.3100866262973,D_top
48,3,749.1761430641685,457.4052681361992,D_top
49,3,733.281793534214,438.98395991185566,D_top
50,3,719.8507618052748,443.5067442789831,D_top
51,3,720.9470983149122,458.2944509061148,D_top
52,3,710.0049721290687,461.2912221809802,D_top
53,3,708.1329944000727,458.855535540776,D_top
54,3,705.8786536070071,450.1203531207013,D_top
55,3,699.682693975504,447.10816322921306,D_top
56,3,668.1627539008832,416.1794623863241,D_top
57,3,668.9480003885934,430.1867164710716,D_top
58,3,625.6874610814943,415.762664456284,D_top
59,3,630.4616405800762,430.5391899787126,D_top
60,3,623.2514347010253,431.3439316425048,D_top
61,3,616.0412288219745,432.14867330629687,D_top
62,3,608.8310229429237,432.95341497008894,D_top
63,3,601.6208170638729,433.7581566338811,D_top
64,3,594.4106111848221,434.5628982976732,D_top
65,3,587.2004053057714,435.3676399614653,D_top
66,3,579.9901994267206,436.1723816252575,D_top
67,3,572.7799935476697,436.97712328904953,D_top
68,3,565.5697876686189,437.78186495284166,D_top
69,3,558.3595817895681,438.5866066166338,D_top
70,3,550.9177317852385,432.1201565034275,D_top
71,3,479.831625146061,313.0937597229266,D_top
72,3,408.7455185068836,194.06736294242572,D_top
73,3,506.6562395964001,464.60307711347815,D_top
74,3,462.9607808724994,433.1422856876004,D_top
75,3,498.3652531169011,465.9171629130338,D_top
76,3,467.3320685744887,455.2005536522975,D_top
77,3,476.13184693883255,474.7896405590225,D_top
78,3,449.653110567052,492.5243999726653,D_top
79,3,440.95036921997024,492.6148550869628,D_top
80,3,438.8580487520106,508.0085169440188,D_top
81,3,432.06928419958336,507.478326620908,D_top
82,3,395.38560861498905,512.530844254455,D_top
83,3,358.70193303039474,517.5833618880021,D_top
84,3,322.01825744580043,522.6358795215491,D_top
85,3,318.450225677646,534.9777432081701,D_top
86,3,314.8821939094915,547.3196068947909,D_top
87,3,305.11834524843385,538.5061747741879,D_top
88,3,300.8280939367781,563.248819589782,D_top
89,3,285.6617828404286,559.8356995928885,D_top
90,3,255.7586345921445,553.4860196973233,D_top
91,3,244.79647823495176,564.0457791009313,D_top
92,3,238.6475907405326,583.9704054665547,D_top
93,3,236.40447876108695,585.9216498043372,D_top
94,3,246.96008382635816,597.2273195613965,D_top
95,3,247.78652604893492,596.2131573099731,D_top
96,3,249.1951541802801,595.9995973204414,D_top
97,3,248.77923807822572,595.0434388127563,D_top
98,3,246.8948237296848,588.0339325130801,D_top
99,3,255.1199485230761,594.453915031854,D_top
100,3,279.8548745428891,614.753600772494,D_top
101,3,286.1721177726462,619.5362033558991,D_top
102,3,283.344783471336,614.6960165954616,D_top
103,3,285.81968090703896,609.1593995153462,D_top
104,3,291.14429213729744,611.9508448739332,D_top
105,3,296.91514663075986,618.9336224613953,D_top
106,3,308.7746435792537,632.6957181124748,D_top
107,3,319.7521733440212,643.3882540912723,D_top
108,3,323.7014090887677,643.7791042754751,D_top
109,3,322.8743140889968,644.9322153698038,D_top
110,3,319.7579536577108,644.7096158631522,D_top
111,3,322.1545103302571,646.4102138118172,D_top
112,3,334.4450985535058,654.0307643917264,D_top
113,3,333.2645719649509,654.8211754976895,D_top
114,3,335.1313567589352,660.4789894929477,D_top
115,3,336.5929887807318,659.6651783153249,D_top
116,3,336.360645372544,662.9807845135075,D_top
117,3,329.9427930143911,656.9854109512901,D_top
118,3,324.36441464642513,659.5461530035352,D_top
119,3,310.5968309871998,656.6751101137002,D_top
120,3,246.35475735183505,633.6402713946887,D_top
121,3,240.80169815850064,631.5344245117652,D_top
122,3,248.1942517033092,643.0291512727547,D_top
123,3,240.38209270748328,634.9394262111605,D_top
124,3,261.3342192286031,652.2260509556165,D_top
125,3,224.53550865574692,630.8165154039813,D_top
126,3,226.10057181052173,662.0269210757795,D_top
127,3,388.5965231397583,575.4096338662347,D_top
128,3,291.05837577931146,622.9743680563033,D_top
129,3,193.5202284188646,670.5391022463721,D_top
130,3,169.94741239418775,666.210305863891,D_top
131,3,161.5534722746129,665.1294561174687,D_top
132,3,161.8992560067116,673.0379579963691,D_top
133,3,150.36106928318011,665.952656605855,D_top
134,3,149.71358350135657,671.2990180182575,D_top
135,3,149.06609771953302,676.6453794306598,D_top
136,3,148.4186119377095,681.9917408430622,D_top
137,3,147.77112615588595,687.3381022554646,D_top
138,3,147.1236403740624,692.6844636678669,D_top
139,3,146.47615459223886,698.0308250802693,D_top
140,3,192.9965793774912,751.9262916426665,D_top
141,3,195.75097690824924,753.1881389117447,D_top
142,3,193.23426437208215,756.9931048525373,D_top
143,3,194.85059132843452,757.3082896070662,D_top
144,3,188.55097695641416,753.8762888751563,D_top
145,3,183.68526297215783,752.9814830060998,D_top
146,3,187.20984928575805,758.1641569386353,D_top
147,3,186.60609028915684,757.273193155919,D_top
148,3,187.50936810602616,756.5065198549879,D_top
149,3,183.550562747518,756.5653665196556,D_top
150,3,184.5011011457813,751.7681738095292,D_top
151,3,172.34532025702242,754.317132899955,D_top
152,3,167.00387724353564,744.1034565417027,D_top
153,3,161.66243423004886,733.8897801834504,D_top
154,3,156.32099121656208,723.6761038251981,D_top
155,3,158.2031521081761,724.5572409155887,D_top
156,3,153.85810236042528,721.2009589316946,D_top
157,3,146.93768521403769,716.9191899167716,D_top
158,3,114.11759818706588,694.4455138689735,D_top
159,3,147.36195984492574,717.7442197564314,D_top
160,3,132.63733626572474,709.4949057929176,D_top
161,3,154.54795416129545,726.0916386074277,D_top
162,3,171.17726536649943,738.5921110436126,D_top
1,4,605.9092237146325,1437.5848167250508,O_right
2,4,605.9092237146325,1437.5848167250508,O_right
3,4,606.0432908792409,1437.6665995553956,O_right
4,4,606.4557956063285,1437.3798237840483,O_right
5,4,607.2517005791226,1437.225701174178,O_right
6,4,603.843026723668,1433.4850074552423,O_right
7,4,604.8095430350787,1432.6458381521925,O_right
8,4,607.122985613045,1428.966941690001,O_right
9,4,608.2536837363845,1425.485541647836,O_right
10,4,610.8268945017074,1420.7238293046694,O_right
11,4,613.0806213528563,1419.34916998227,O_right
12,4,616.7632290666699,1416.7634961269034,O_right
13,4,617.8386228170634,1415.563237944001,O_right
14,4,616.7914411599775,1414.253444043477,O_right
15,4,617.1620694888537,1413.4839590446484,O_right
16,4,617.1571067896987,1412.9785796288927,O_right
17,4,617.4961170676614,1412.6389442596055,O_right
18,4,619.2272947117646,1410.2932935156502,O_right
19,4,619.4755066186083,1409.104396562822,O_right
20,4,621.1156219663347,1404.7542815630882,O_right
21,4,623.180941388801,1400.8057616589472,O_right
22,4,626.3204364105529,1393.4696080344129,O_right
23,4,628.5548687301589,1391.2873024169446,O_right
24,4,633.8997657614906,1386.230781085521,O_right
25,4,637.0893967622007,1383.8129002464416,O_right
26,4,639.5568368814567,1376.4924949870338,O_right
27,4,640.1814510388027,1374.8021380036848,O_right
28,4,641.3523709471541,1373.3903475766222,O_right
29,4,639.9778491919607,1371.3780357233547,O_right
30,4,635.5751206283195,1366.8313145546583,O_right
31,4,635.202786766614,1365.8401310304134,O_right
32,4,633.0269474200562,1359.121684820328,O_right
33,4,632.9551297865248,1355.5279256763029,O_right
34,4,642.1684429259776,1350.8226408286832,O_right
35,4,646.5107679191279,1349.739778698584,O_right
36,4,649.8777451417341,1340.8343797498917,O_right
37,4,651.5138790269743,1337.7475673554188,O_right
38,4,651.8450961597288,1330.9053511040818,O_right
39,4,652.5610401181838,1328.7005673883327,O_right
40,4,654.0815337831459,1326.9533407188917,O_right
41,4,653.7314606887678,1327.0390121442065,O_right
42,4,655.0165646926408,1322.7224045335638,O_right
43,4,655.1428577203139,1321.1256634875556,O_right
44,4,658.5120288100509,1319.6140900286302,O_right
45,4,660.1131113000113,1317.4532993660232,O_right
46,4,664.6292328302955,1308.2387116441648,O_right
47,4,667.4226549362062,1304.234066599047,O_right
48,4,670.2631536789398,1298.8052400817205,O_right
49,4,672.9655374908945,1294.5759746177746,O_right
50,4,677.9477548061609,1289.2992932345155,O_right
51,4,679.2812757058161,1286.4814116250448,O_right
52,4,683.3796481220295,1283.3628709928764,O_right
53,4,680.8978889105517,1280.2790784065046,O_right
54,4,679.9584061967927,1276.1914430820232,O_right
55,4,679.7323925594043,1273.2643727123186,O_right
56,4,662.0939565395446,1257.5170215280368,O_right
57,4,666.9527897910593,1251.476455296373,O_right
58,4,669.4989311081074,1246.259591425072,O_right
59,4,667.8269777243794,1242.554596266658,O_right
60,4,682.8299136167649,1237.229060392174,O_right
61,4,691.7570993620133,1237.1860207403324,O_right
62,4,693.3183751228124,1236.9581908473874,O_right
63,4,695.5876589658075,1238.302399043968,O_right
64,4,695.6905468295728,1237.7068545052796,O_right
65,4,696.3572327021478,1237.4555054968637,O_right
66,4,699.5350898667933,1233.5301969445973,O_right
67,4,700.1381780059362,1233.0026506562624,O_right
68,4,704.1454673331306,1226.4145962765008,O_right
69,4,706.918289929648,1224.847682711161,O_right
70,4,709.5527243730141,1223.9161401722845,O_right
71,4,710.3019572952741,1224.499258767176,O_right
72,4,710.5776605509944,1224.5248310461943,O_right
73,4,713.4465845805848,1226.0060663941138,O_right
74,4,714.151646042925,1227.1871935096117,O_right
75,4,713.978362411476,1227.292255065115,O_right
76,4,716.6916482223811,1229.194837105911,O_right
77,4,717.4326017042467,1229.5985484536916,O_right
78,4,717.7886219963774,1229.072640224407,O_right
79,4,719.2025235035653,1229.7611167872633,O_right
80,4,714.9248932668327,1229.0261152844023,O_right
81,4,712.7965393931661,1229.4214250072662,O_right
82,4,706.8316982844627,1230.8538012050208,O_right
83,4,702.9360918635468,1231.1217697305058,O_right
84,4,693.6332074966894,1228.1875732642598,O_right
85,4,699.1161572850432,1232.0203051925691,O_right
86,4,698.2306028176258,1232.1595069512907,O_right
87,4,697.3884990435115,1231.7617898916096,O_right
88,4,698.0005182599407,1231.194851039378,O_right
89,4,699.3706487048189,1231.1205429557235,O_right
90,4,700.4085257786849,1232.093086273918,O_right
91,4,701.5478221537384,1231.7072224008396,O_right
92,4,702.463171280795,1231.0390914800678,O_right
93,4,703.8791561372173,1231.6709243300747,O_right
94,4,705.9445446721712,1233.310980639747,O_right
95,4,705.3382426841318,1233.636158148074,O_right
96,4,703.132831327207,1234.7693318688391,O_right
97,4,703.5618701427529,1235.1347425227225,O_right
98,4,701.5166534657093,1236.409174475326,O_right
99,4,701.8013338757061,1237.042313927847,O_right
100,4,704.194803722148,1239.1761191556725,O_right
101,4,704.3161525016686,1239.2502988077645,O_right
102,4,704.0566705873531,1239.211033604147,O_right
103,4,704.2958721753599,1239.5760122842505,O_right
104,4,704.1197633342244,1239.6091592314092,O_right
105,4,704.0667644466839,1239.4762061380943,O_right
106,4,704.9570817382244,1240.214326484602,O_right
107,4,704.9118262944427,1240.1967311417586,O_right
108,4,704.8479423592121,1240.230127489354,O_right
109,4,704.7476286834266,1240.367922832777,O_right
110,4,704.9375131506131,1240.7533590209546,O_right
111,4,704.6422151259695,1240.6740406569506,O_right
112,4,704.4367170602852,1241.0641362627755,O_right
113,4,704.187355507005,1241.069749832556,O_right
114,4,703.8254676457503,1241.1379576995794,O_right
115,4,703.8624501619419,1241.1564425988176,O_right
116,4,702.8709406253757,1240.9905422105887,O_right
117,4,702.9044511949635,1240.990992615922,O_right
118,4,703.2732260331627,1241.255436876392,O_right
119,4,703.2583069975021,1241.4349582493835,O_right
120,4,703.5143427430421,1241.2651594993793,O_right
121,4,703.5433271137958,1241.3244460754822,O_right
122,4,703.9013259886208,1241.2240878437178,O_right
123,4,704.3294188379712,1240.9133609949397,O_right
124,4,704.4960011299971,1240.5942117879029,O_right
125,4,704.7061052856042,1240.7256542283417,O_right
126,4,703.8429873019307,1241.0991068729552,O_right
127,4,704.2324064117937,1241.7860042934344,O_right
128,4,703.9462248975814,1242.7975947698314,O_right
129,4,703.6583015243438,1242.5834601755305,O_right
130,4,703.6978448293312,1242.019895416631,O_right
131,4,704.0052382316633,1241.2437537830697,O_right
132,4,704.2829757549257,1240.3978459437076,O_right
133,4,704.2380540161945,1240.1037457853097,O_right
134,4,704.5944759363376,1240.2491325244407,O_right
135,4,704.2458919680107,1240.1392670281605,O_right
136,4,703.948685666743,1239.9428836311931,O_right
137,4,703.9987637253162,1239.9012201259486,O_right
138,4,703.9035955125192,1239.8713326867833,O_right
139,4,703.8488201287307,1239.74216002938,O_right
140,4,703.768578532068,1239.8104672266506,O_right
141,4,703.8033675820641,1239.8604500763972,O_right
142,4,703.5696013451384,1239.879957527845,O_right
143,4,703.2756455502276,1239.6770037871863,O_right
144,4,703.7598050433862,1239.8295874094256,O_right
145,4,703.7491634696171,1239.8125531053008,O_right
146,4,703.5997963008585,1239.7336325164797,O_right
147,4,703.6271148101364,1239.7441219507366,O_right
148,4,703.6932423276364,1239.8229184620982,O_right
149,4,703.6881978825056,1239.7512986968602,O_right
150,4,703.8288081316163,1239.5635914391514,O_right
151,4,703.9392997788782,1239.6019109489864,O_right
152,4,704.1134141098446,1239.596868254381,O_right
153,4,704.2373690579336,1239.7200843170665,O_right
154,4,703.8696643898963,1239.6670942957762,O_right
155,4,703.8688690740386,1239.6161217157426,O_right
156,4,703.1403674729233,1239.2424854726182,O_right
157,4,702.9631937054069,1239.2228414162953,O_right
158,4,703.1019853565482,1239.29142622185,O_right
159,4,703.1957915181799,1239.4451856346986,O_right
160,4,703.1335621766316,1239.4646642648845,O_right
161,4,703.4684475773398,1239.461229638302,O_right
162,4,703.4587484731054,1239.455168493045,O_right
1,5,537.0788443274836,275.0166882328345,D_left
2,5,537.0788443274836,275.0166882328345,D_left
3,5,537.2780599125249,275.3391851663904,D_left
4,5,533.7530609868513,272.3620485131558,D_left
5,5,532.029993665918,273.1796664153217,D_left
6,5,539.6317017372858,282.03301415849813,D_left
7,5,545.0513946402017,286.94858549497224,D_left
8,5,548.674839713938,296.4810173220814,D_left
9,5,543.6683288324207,288.2184949164593,D_left
10,5,546.7034303420945,291.8958520082043,D_left
11,5,561.632539011735,311.3329763320519,D_left
12,5,559.488194651469,304.2698885246784,D_left
13,5,559.1888756655177,303.1269568871068,D_left
14,5,561.2343721335293,307.7969755691854,D_left
15,5,531.0033917813415,269.5728497226067,D_left
16,5,578.6166868276183,335.01981278700134,D_left
17,5,575.4154360226213,337.2335123392772,D_left
18,5,575.0895759076056,345.8889376216772,D_left
19,5,571.5009974889085,350.1119618363885,D_left
20,5,572.3924359073499,362.8136958018299,D_left
21,5,561.0944873492984,356.8362286846761,D_left
22,5,556.7903451114064,356.814043880502,D_left
23,5,543.3348827411398,350.46907683613875,D_left
24,5,509.7954174524299,328.98165400332186,D_left
25,5,507.71506723443775,338.5991395556724,D_left
26,5,515.1790660580676,363.3001881463178,D_left
27,5,516.2600559440286,372.8631811983254,D_left
28,5,513.9271266418287,374.4918201283088,D_left
29,5,513.0531177906153,373.75168383524806,D_left
30,5,516.5167081284065,379.77861649989256,D_left
31,5,519.4034779062015,379.87740273540913,D_left
32,5,524.0724892943226,378.0292085043468,D_left
33,5,525.2875587543443,372.2945371533537,D_left
34,5,534.7084395439539,358.1031067780345,D_left
35,5,537.2457866365154,352.88657086447535,D_left
36,5,547.1695135562098,343.9603291715448,D_left
37,5,558.7834351505122,354.2177107204513,D_left
38,5,572.5876028825564,359.0304512688406,D_left
39,5,577.6488256461172,362.3508124244367,D_left
40,5,576.6881675375462,352.3933561490962,D_left
41,5,580.5788626042621,356.3610841382578,D_left
42,5,585.2900689900096,348.23902793968784,D_left
43,5,588.4094008122946,348.9365108292364,D_left
44,5,586.905879524167,348.0053444667012,D_left
45,5,586.8675514372358,349.97764305127214,D_left
46,5,533.3059082078972,279.03444979594684,D_left
47,5,530.4052672740094,275.9738831945269,D_left
48,5,549.8989306011827,298.25791409610406,D_left
49,5,550.0873336456164,301.97530135455474,D_left
50,5,532.9098035038426,282.37819271684486,D_left
51,5,537.5933091012452,291.4375896278431,D_left
52,5,540.1653423846486,293.785058805748,D_left
53,5,530.5307852394677,287.318005638368,D_left
54,5,546.4955828784488,311.8694658239675,D_left
55,5,526.2575568545469,292.64052281418884,D_left
56,5,484.1173512099517,255.79307652898575,D_left
57,5,505.2783529778551,282.2498086044802,D_left
58,5,475.7796897811561,253.24948203529289,D_left
59,5,480.93734134416775,260.6165543944948,D_left
60,5,615.1016315371487,435.2473288323189,D_left
61,5,611.310989207139,439.1977707715073,D_left
62,5,605.3635310718023,440.0636530885998,D_left
63,5,605.3360092902054,441.0425152862214,D_left
64,5,602.5295190893297,436.6066347931471,D_left
65,5,604.9727787590687,438.9091769020517,D_left
66,5,594.7024861146377,439.98256425942407,D_left
67,5,584.4301045070491,435.8165864237466,D_left
68,5,575.1923383753308,442.1691535541356,D_left
69,5,561.7856310431309,444.7464728577762,D_left
70,5,548.3789237109311,447.32379216141686,D_left
71,5,534.9722163787313,449.9011114650575,D_left
72,5,521.5655090465315,452.47843076869816,D_left
73,5,494.9817045774755,422.7460721422053,D_left
74,5,468.3979001084195,393.0137135157124,D_left
75,5,441.8140956393635,363.28135488921953,D_left
76,5,415.2302911703075,333.5489962627267,D_left
77,5,395.1183151410501,323.4684180181067,D_left
78,5,375.0063391117927,313.3878397734867,D_left
79,5,354.89436308253534,303.3072615288667,D_left
80,5,334.78238705327794,293.22668328424675,D_left
81,5,314.6704110240205,283.1461050396268,D_left
82,5,294.5584349947632,273.06552679500675,D_left
83,5,274.4464589655057,262.9849485503868,D_left
84,5,254.33448293624835,252.9043703057668,D_left
85,5,234.22250690699096,242.8237920611468,D_left
86,5,263.68094314695105,297.52174531587474,D_left
87,5,253.9695807662131,294.9163469798404,D_left
88,5,265.4849599499744,319.86436827092194,D_left
89,5,248.3915042228301,321.90400853571674,D_left
90,5,239.57640277239364,339.7684595446475,D_left
91,5,230.7613013219572,357.6329105535782,D_left
92,5,221.9461998715208,375.49736156250896,D_left
93,5,205.570505571683,371.9829073217384,D_left
94,5,206.00607291071304,391.0015006710969,D_left
95,5,197.58289904312372,386.5601927786658,D_left
96,5,164.34797999932783,370.0258715788853,D_left
97,5,203.02337114449048,414.3124075593557,D_left
98,5,235.255147589866,465.18687286773405,D_left
99,5,282.4683040354706,512.5401962782094,D_left
100,5,247.23490174233527,491.5459891668461,D_left
101,5,245.81734235608036,490.015191876313,D_left
102,5,183.85090201205716,449.9765501222327,D_left
103,5,240.2635766955908,496.1153887150472,D_left
104,5,298.18179277268194,554.7370148778526,D_left
105,5,298.742193478215,556.6233861227765,D_left
106,5,323.6976469481859,577.7917673101114,D_left
107,5,334.55816620185334,588.5610596086361,D_left
108,5,334.13791718060736,576.0145987280704,D_left
109,5,337.8520991979612,568.4093034153547,D_left
110,5,358.4747684293466,582.719626051788,D_left
111,5,363.9766934663001,584.5315632514961,D_left
112,5,396.7768116695375,607.5054631238994,D_left
113,5,398.3915753305625,610.725219849913,D_left
114,5,415.6613778173952,621.877091422989,D_left
115,5,418.919049590882,622.3064935902715,D_left
116,5,421.8145212197402,621.958172684821,D_left
117,5,422.2209181750976,622.7232302632823,D_left
118,5,418.203238454366,623.0339374197839,D_left
119,5,416.5040120786689,628.0775206164418,D_left
120,5,420.4836170244804,626.4152934714896,D_left
121,5,423.6796082640246,626.7175509516337,D_left
122,5,418.5089034572244,621.0421238336634,D_left
123,5,402.2899918564434,606.8727189337333,D_left
124,5,396.4260319000659,596.039022908609,D_left
125,5,387.5963504692645,588.3408180197868,D_left
126,5,383.9957516775845,583.6802608345495,D_left
127,5,392.2533803867214,590.3663074349391,D_left
128,5,376.30008797223655,572.3470106990128,D_left
129,5,320.2636536669642,533.4653359558557,D_left
130,5,332.99152897394765,543.9252613208997,D_left
131,5,283.6025628491508,503.2828705668696,D_left
132,5,283.5812349298073,503.9998266679397,D_left
133,5,301.13541717765787,520.8532870860358,D_left
134,5,267.5911829267454,491.27605361155054,D_left
135,5,267.9508473811814,493.9177718027776,D_left
136,5,261.6015391988286,497.96369634523296,D_left
137,5,265.5234741359494,504.31210165197217,D_left
138,5,270.5144855242839,516.7558894871844,D_left
139,5,259.6582858881506,508.3709530616805,D_left
140,5,263.9023037339309,517.7407126897642,D_left
141,5,261.08643676879234,519.9854315725518,D_left
142,5,251.16911858029505,519.303633953901,D_left
143,5,241.28596900115295,530.9677533512775,D_left
144,5,243.10053722949476,541.7188326650605,D_left
145,5,237.81002655925343,543.4518014077212,D_left
146,5,239.64673836885137,561.5168990913763,D_left
147,5,235.4389991469736,565.9225622163394,D_left
148,5,245.2080919451401,593.5444939556405,D_left
149,5,267.0725678992657,633.5397534626909,D_left
150,5,278.6700062533693,647.1401333204254,D_left
151,5,270.9829617491285,635.6190078503732,D_left
152,5,248.696287342771,619.4059547207194,D_left
153,5,268.2947900187989,636.7569347307395,D_left
154,5,242.78357425031223,618.8987253975195,D_left
155,5,251.96056287889965,627.0753462005343,D_left
156,5,336.7821743313495,705.4170880433312,D_left
157,5,333.5245668854164,702.3356103007767,D_left
158,5,332.6029226821632,699.1029250457956,D_left
159,5,339.8094936419148,700.0540728056492,D_left
160,5,341.05441004317373,699.4920495445886,D_left
161,5,336.2242244476404,697.2118674333359,D_left
162,5,355.82625889003907,718.4121356347104,D_left
1,7,551.4112567492155,142.6101589736441,O_left
2,7,551.4112567492155,142.6101589736441,O_left
3,7,551.2485758788167,142.41418585269716,O_left
4,7,536.0903964553853,132.1765456803208,O_left
5,7,518.165724035001,113.24295454182788,O_left
6,7,554.0713227120366,185.3969096572703,O_left
7,7,557.8222001205407,193.918111414443,O_left
8,7,551.1782684047756,192.51569694452385,O_left
9,7,549.3090392304101,190.22278471591352,O_left
10,7,550.3280393828135,200.93056557136896,O_left
11,7,552.3248900826678,207.78735513032908,O_left
12,7,530.2626839230196,184.61538250004125,O_left
13,7,524.3471465251681,179.72137226053792,O_left
14,7,537.31582567708,218.00691148537535,O_left
15,7,583.1438556309818,285.80425943912985,O_left
16,7,516.5300578676124,192.73476210376404,O_left
17,7,514.9443714721476,192.20593306105013,O_left
18,7,495.2858232115518,168.946320177811,O_left
19,7,561.8633405106119,255.90318808841252,O_left
20,7,535.1078430900621,225.2820348874721,O_left
21,7,525.0272069568933,216.12648507191724,O_left
22,7,493.7348544915621,196.85252774104936,O_left
23,7,491.85106809322497,223.3517297838379,O_left
24,7,514.5634104947729,256.17681234843883,O_left
25,7,514.7015610516563,244.1946878123434,O_left
26,7,535.1886804889698,284.05978827818427,O_left
27,7,538.95836224907,285.55811832315777,O_left
28,7,498.9267714542925,206.82854963117464,O_left
29,7,487.5478376191394,173.23838119175693,O_left
30,7,478.6761313671632,131.08722257439632,O_left
31,7,487.95128095987695,126.89048390355988,O_left
32,7,404.858687456319,-38.48045728543358,O_left
33,7,484.97899906852535,55.4291989446394,O_left
34,7,507.968406209062,67.76759872350983,O_left
35,7,533.591269261378,96.18028439077608,O_left
36,7,630.1001162965898,207.14501573115223,O_left
37,7,634.017418174398,206.31727400086805,O_left
38,7,634.4684734557827,198.49979325996583,O_left
39,7,641.8217322004446,188.91846554012525,O_left
40,7,631.8998467249887,188.2208556685261,O_left
41,7,637.1582994005624,185.0723308117097,O_left
42,7,635.8560078028102,184.9356539539294,O_left
43,7,619.9943327873469,161.82748158030373,O_left
44,7,608.2563132982057,148.8295949515588,O_left
45,7,615.8610310289558,163.07697415673653,O_left
46,7,541.9309311365517,47.09646045141384,O_left
47,7,563.7682163136637,86.3494736552287,O_left
48,7,565.5670042230118,101.74737686280636,O_left
49,7,567.691735869011,112.94850175081706,O_left
50,7,567.3675936287283,125.13567026144312,O_left
51,7,558.8055761687895,116.38027519890672,O_left
52,7,551.8789252291125,119.14027070144218,O_left
53,7,559.1625021736152,134.1261299002296,O_left
54,7,546.8231689399677,128.47311619299802,O_left
55,7,529.5807858303837,110.82733573063796,O_left
56,7,522.3489145165557,113.40828864063702,O_left
57,7,524.7751195988824,122.08947422592225,O_left
58,7,533.2317211627479,147.97118840320687,O_left
59,7,492.6227343525546,98.4813452841562,O_left
60,7,531.9529982595581,162.33180284448517,O_left
61,7,529.5873453694268,165.38103303040376,O_left
62,7,528.050026164012,180.53655497138763,O_left
63,7,525.1405008074757,178.41590070234565,O_left
64,7,523.8265745257763,191.4012544001056,O_left
65,7,522.0008444648203,189.47807890031984,O_left
66,7,512.2249282345862,196.5250598324373,O_left
67,7,508.10210892528585,199.9987983041996,O_left
68,7,491.1165535793934,200.7352431101688,O_left
69,7,474.1309982335009,201.47168791613808,O_left
70,7,457.14544288760845,202.2081327221073,O_left
71,7,440.159887541716,202.94457752807656,O_left
72,7,423.1743321958235,203.6810223340458,O_left
73,7,406.1887768499311,204.41746714001505,O_left
74,7,383.7501368948503,211.3719577026302,O_left
75,7,361.3114969397696,218.32644826524532,O_left
76,7,338.87285698468884,225.2809388278605,O_left
77,7,316.434217029608,232.23542939047564,O_left
78,7,293.9955770745273,239.1899199530908,O_left
79,7,271.55693711944656,246.14441051570597,O_left
80,7,249.1182971643658,253.0989010783211,O_left
81,7,226.67965720928504,260.05339164093624,O_left
82,7,204.24101725420428,267.0078822035514,O_left
83,7,305.09785578910424,464.3013617835351,O_left
84,7,181.5071012295612,308.1452916027355,O_left
85,7,302.12271286471093,518.5284327263788,O_left
86,7,206.64473714649327,373.51598359053446,O_left
87,7,197.53739060213857,378.6649057552944,O_left
88,7,183.481503121657,384.61854290459166,O_left
89,7,169.4256156411754,390.57218005388887,O_left
90,7,-27.076804157435244,243.70830617577548,O_left
91,7,-25.187645052395563,258.85399220221893,O_left
92,7,-14.11998050052168,285.90762793710536,O_left
93,7,181.87141616976572,461.223391377279,O_left
94,7,191.197508465739,475.39416229865344,O_left
95,7,214.9524406739877,501.0882570350177,O_left
96,7,201.82218680953616,502.922072086188,O_left
97,7,188.02644449124557,509.0388275332776,O_left
98,7,163.66831864401473,520.089817208624,O_left
99,7,139.31019279678395,531.1408068839703,O_left
100,7,114.95206694955314,542.1917965593167,O_left
101,7,110.98062761826662,539.1666608588973,O_left
102,7,107.00918828698012,536.1415251584779,O_left
103,7,99.73636479964604,541.2810257441096,O_left
104,7,91.42159578886036,544.3148466063815,O_left
105,7,95.799902714542,548.2713136652152,O_left
106,7,-176.0837939602195,347.1684773878275,O_left
107,7,90.66335943713445,577.3737160980695,O_left
108,7,66.3936913274488,571.1434267515926,O_left
109,7,42.12402321776317,564.9131374051159,O_left
110,7,45.55938471188391,566.1439084428064,O_left
111,7,57.60567494475141,571.8101124366256,O_left
112,7,52.530351437452175,572.0715699693296,O_left
113,7,42.757528181305645,567.1605207593951,O_left
114,7,33.88807510296218,578.3916104394899,O_left
115,7,37.07297245224324,587.0055695558708,O_left
116,7,35.57687367611391,593.0421271060002,O_left
117,7,39.60382765861272,596.88044394599,O_left
118,7,35.93495768510375,599.2928886650993,O_left
119,7,41.94437240517469,605.1847171644046,O_left
120,7,34.16814444294958,608.823294048896,O_left
121,7,38.12129292957534,623.1700365793276,O_left
122,7,35.17765391107564,638.8546307149844,O_left
123,7,26.775852817233577,639.7035261616445,O_left
124,7,-114.17210008877336,552.6901475123047,O_left
125,7,-23.4053311307419,628.1421164592617,O_left
126,7,67.36143782728956,703.5940854062187,O_left
127,7,54.04932653934827,707.0069500040988,O_left
128,7,61.72215977372628,737.3270179337986,O_left
129,7,54.96800189468317,740.9799816587982,O_left
130,7,58.18398919960698,745.0391455771525,O_left
131,7,76.12457282942468,778.1969574993684,O_left
132,7,94.06515645924236,811.3547694215845,O_left
133,7,102.86450807282311,827.824609404803,O_left
134,7,87.57804824216474,832.6565174462187,O_left
135,7,93.84000421661194,845.3959521979474,O_left
136,7,122.55115730895945,870.6260370421787,O_left
137,7,96.86149579290094,861.7183493007552,O_left
138,7,-80.66653974394748,787.2431687534138,O_left
139,7,-24.50056194720653,825.9688376378072,O_left
140,7,31.66541584953442,864.6945065222006,O_left
141,7,-44.994541381486286,832.7220425210612,O_left
142,7,22.478734360168172,900.3110528252511,O_left
143,7,170.73807619824524,998.136975806413,O_left
144,7,196.46988028193888,1028.3669743444666,O_left
145,7,197.73697370279965,1034.1496810530143,O_left
146,7,195.0510321454618,1050.4324161284217,O_left
147,7,194.9756071766581,1053.9455506476884,O_left
148,7,185.10607735428584,1068.6454383910304,O_left
149,7,181.06000276129205,1078.7956789815614,O_left
150,7,181.0620105761734,1105.8458409675252,O_left
151,7,182.18013858478935,1113.2942897313992,O_left
152,7,185.2993572487798,1123.1084941740914,O_left
153,7,187.30062441633063,1126.8327785345923,O_left
154,7,196.4955559892145,1136.939624780733,O_left
155,7,193.2426262150867,1137.9129133183544,O_left
156,7,184.3484552471087,1147.6207339034163,O_left
157,7,186.01392679856647,1155.593119944366,O_left
158,7,186.64589319983887,1169.1889942820274,O_left
159,7,186.9611368487426,1175.4053749951474,O_left
160,7,185.2342331871046,1178.0551744607246,O_left
161,7,210.82279462863292,1196.1616266840535,O_left
162,7,202.8118136090815,1207.6784422093954,O_left
