1,1,623.0213830631158,1296.3634839564545,O_right
2,1,623.0213830631158,1296.3634839564545,O_right
3,1,623.0365833750625,1296.3216187131586,O_right
4,1,621.2156892833191,1294.8149146566643,O_right
5,1,625.7705422133492,1292.4333867226942,O_right
6,1,620.3715358235318,1289.4113412074807,O_right
7,1,616.8498347577756,1280.577063014575,O_right
8,1,604.5735929611233,1269.9964692094886,O_right
9,1,624.8428046973522,1274.3853798891876,O_right
10,1,635.0354770572312,1275.4747194256206,O_right
11,1,633.2141824005914,1271.0849018385584,O_right
12,1,632.586796733451,1271.3211734794145,O_right
13,1,632.351660259377,1271.8445286977162,O_right
14,1,633.6448998516801,1273.5117720355872,O_right
15,1,635.7381059113845,1275.5317621169547,O_right
16,1,636.999165651658,1276.36209033393,O_right
17,1,644.2446438711847,1280.2000863778828,O_right
18,1,644.1623651765764,1280.502520941336,O_right
19,1,650.3301630595549,1283.4602466756487,O_right
20,1,638.4750768137552,1280.2707638557488,O_right
21,1,646.3458837394679,1286.9093283638456,O_right
22,1,653.5729257543882,1292.4951251531468,O_right
23,1,668.2167083388713,1298.3659942714105,O_right
24,1,664.4922523762339,1304.604418711659,O_right
25,1,657.8534272821261,1318.02692817274,O_right
26,1,654.0647607176795,1330.109245896405,O_right
27,1,636.440269004113,1339.363724023676,O_right
28,1,633.4440310106015,1347.2834550076052,O_right
29,1,629.8609021862895,1364.952268642186,O_right
30,1,644.0997070815155,1374.718795181426,O_right
31,1,647.4530005050771,1381.4743700913775,O_right
32,1,646.6601800838544,1382.1448816885354,O_right
33,1,640.1774289924832,1387.5745787785493,O_right
34,1,639.3059229069303,1392.779880377065,O_right
35,1,637.8222116831735,1398.9314835924938,O_right
36,1,634.5438055316827,1399.8668249838677,O_right
37,1,632.0782769486035,1402.68081620402,O_right
38,1,631.6880322770929,1403.693738480311,O_right
39,1,626.4844279992143,1403.9927591616415,O_right
40,1,623.8587229071697,1404.0117950850097,O_right
41,1,620.1165653765311,1405.505917633352,O_right
42,1,617.2829628544963,1405.9574578904203,O_right
43,1,617.1763833238901,1408.0582787574529,O_right
44,1,617.1915930505033,1408.4891297765578,O_right
45,1,618.7080447734517,1409.2695382298084,O_right
46,1,618.2361318920597,1409.3847923986073,O_right
47,1,617.2826705971966,1409.961618609792,O_right
48,1,617.4658886197518,1411.174353069341,O_right
49,1,617.3045298017438,1412.0716070263782,O_right
50,1,618.1358990033292,1411.6967553878958,O_right
51,1,616.9862623288792,1410.5018516540672,O_right
52,1,617.0873116259519,1410.5857337420564,O_right
53,1,616.2242639256531,1410.8897168815204,O_right
54,1,615.3815724602762,1410.9937896332149,O_right
55,1,614.6396979201269,1411.0047889981074,O_right
56,1,617.2033706289919,1411.6935191544037,O_right
57,1,618.3897192515138,1413.150383582095,O_right
58,1,618.0507204099758,1413.8551922021852,O_right
59,1,611.668795821139,1413.063718015521,O_right
60,1,608.7053453533491,1411.9056088088626,O_right
61,1,565.9825483203895,1400.1373192332285,O_right
62,1,531.4724674168798,1388.634522674188,O_right
63,1,527.0966597769644,1384.208599775252,O_right
64,1,522.9201318698828,1381.5036370245891,O_right
65,1,491.9719470607819,1371.900898545502,O_right
66,1,481.0874735215244,1369.327823030874,O_right
67,1,482.4307821380854,1376.543579343778,O_right
68,1,470.2548556682726,1375.8201395570882,O_right
69,1,455.0616418891424,1375.0467798972973,O_right
70,1,458.97869324304776,1379.0532090500335,O_right
71,1,446.2900907885613,1385.048417197704,O_right
72,1,433.51997188711584,1390.2334455878492,O_right
73,1,421.1828683166577,1401.738423353111,O_right
74,1,416.4198214001915,1402.490900325277,O_right
75,1,380.6528510555424,1400.83698777827,O_right
76,1,386.6757541603597,1408.6426101902346,O_right
77,1,409.58802511855146,1423.678044398467,O_right
78,1,410.8500999592218,1426.0486398752046,O_right
79,1,400.02091980651926,1429.3243901719695,O_right
80,1,388.32007452061663,1428.312937227951,O_right
81,1,366.0222274559264,1423.5269924373745,O_right
82,1,351.53456772735336,1419.6733203910244,O_right
83,1,345.87331939420466,1421.2965518551005,O_right
84,1,350.05240531633945,1421.8804306833838,O_right
85,1,352.94707138106395,1422.3344158897064,O_right
86,1,352.6217992677806,1421.954455222578,O_right
87,1,351.0268950436226,1419.993520930404,O_right
88,1,352.86495904239626,1418.4795175680931,O_right
89,1,348.26816368053665,1412.835582749473,O_right
90,1,347.29894312265924,1412.1595110900748,O_right
91,1,350.721413422959,1405.238577109547,O_right
92,1,350.551777416863,1403.1343828523875,O_right
93,1,351.023823067022,1396.5632522903368,O_right
94,1,352.614922095274,1393.9959604073142,O_right
95,1,355.3017251845199,1392.6494756030438,O_right
96,1,357.4063748623653,1391.6931236973162,O_right
97,1,366.91180146800167,1383.2803246582364,O_right
98,1,356.3972509182482,1376.058301421812,O_right
99,1,307.4228013589928,1361.8096706442225,O_right
100,1,304.232032460012,1355.2337924955948,O_right
101,1,347.5445613490843,1352.6358107449216,O_right
102,1,351.3076146340806,1346.019701537646,O_right
103,1,366.9497573160209,1320.8981749488728,O_right
104,1,370.9024590638288,1319.433810013371,O_right
105,1,372.83026248123696,1312.544382284235,O_right
106,1,372.7079703772489,1308.8064029638929,O_right
107,1,370.9760432649562,1301.8212908251444,O_right
108,1,371.7242439268352,1285.5792849773177,O_right
109,1,400.9485168525047,1247.548602411803,O_right
110,1,405.65741661923545,1247.089061041543,O_right
111,1,415.2861936123236,1232.515306152536,O_right
112,1,418.8505462789809,1218.8883657682234,O_right
113,1,355.52144069570346,1161.5463757570535,O_right
114,1,432.6397111879233,1183.2787450698518,O_right
115,1,468.3053556111769,1138.3193916366529,O_right
116,1,465.43005788850775,1143.689650041492,O_right
117,1,476.6718846271629,1123.1397478984156,O_right
118,1,427.08254315114175,1068.4157634073,O_right
119,1,441.8059688070781,1055.7777345065515,O_right
120,1,448.99132944190455,1053.4446489619518,O_right
121,1,445.6419143473895,1034.894135513116,O_right
122,1,438.4449164938039,1029.3796741685098,O_right
123,1,390.6703911695116,965.8286643177844,O_right
124,1,406.5749063892747,952.6757224546046,O_right
125,1,473.43397907377664,954.9978576771496,O_right
126,1,489.3195778867935,941.0176220166,O_right
127,1,499.6436609039176,927.7947085945938,O_right
128,1,492.732308477146,921.1485439739804,O_right
129,1,465.3807602711639,877.7287243519067,O_right
130,1,475.70829950975326,881.2153035168463,O_right
131,1,508.4195760465662,885.1989559331694,O_right
132,1,507.0722072757159,873.3985986261661,O_right
133,1,509.30903476644727,861.2469766382217,O_right
134,1,513.7926081248402,851.6512220008037,O_right
135,1,528.8479707716734,825.7065309994467,O_right
136,1,518.3293462084798,821.929252612978,O_right
137,1,512.7830710815591,797.543330695,O_right
138,1,500.8560773579417,827.3868079209855,O_right
139,1,534.6565295132963,793.0546765499806,O_right
140,1,537.183631048719,791.3553202564178,O_right
141,1,526.8603379665684,779.5372524976455,O_right
142,1,531.6269181495836,782.5058607479209,O_right
143,1,528.2835137211268,779.0307055324278,O_right
144,1,529.1435344881999,782.1089926168642,O_right
145,1,519.3885919704227,791.1207458354988,O_right
146,1,516.8036204405986,791.9221339240185,O_right
147,1,512.223122219629,790.8817025824037,O_right
148,1,514.7108314387116,797.0931317811212,O_right
149,1,513.6462778184627,801.5813451492344,O_right
150,1,511.9988575080583,801.5529618829129,O_right
151,1,516.6484065935989,806.287837505976,O_right
152,1,515.882066536459,801.6017985517328,O_right
153,1,528.0425785426985,800.0664589501519,O_right
154,1,533.6461584992311,797.7752268330938,O_right
155,1,554.557917227828,779.5723818774001,O_right
156,1,553.4535711898922,773.0328992273968,O_right
157,1,559.716957815223,769.142535417828,O_right
158,1,570.713012020561,770.7669760404855,O_right
159,1,578.8117236549706,758.0885847377223,O_right
160,1,594.2152480020663,757.6821276670314,O_right
161,1,623.4973491887431,766.0875956479534,O_right
162,1,633.2381569935703,750.5256286660389,O_right
163,1,643.7738392115849,744.1473827181317,O_right
164,1,654.1411726039304,738.8703371212584,O_right
165,1,708.1804996750456,778.9508490491212,O_right
166,1,719.919542078136,786.7276840298575,O_right
167,1,741.605460604115,799.1275248417973,O_right
168,1,745.8262343823881,799.8327724930542,O_right
169,1,762.6300635872238,794.4602766535038,O_right
170,1,777.8549231605773,799.6943241660306,O_right
171,1,814.6861340488247,807.0221413115844,O_right
172,1,816.9243939525045,807.2696916150962,O_right
173,1,830.5265948994976,793.6316781841915,O_right
174,1,834.1902335985615,792.0960071174268,O_right
175,1,835.2724034577661,790.7039902370211,O_right
176,1,834.6812758217618,770.0202153706371,O_right
177,1,836.4727980685449,754.7726382259661,O_right
178,1,847.1710409513844,738.1527410976946,O_right
179,1,852.9429046653486,724.7192350965195,O_right
180,1,854.3820514296424,719.7138279122265,O_right
181,1,862.0750475937938,700.3308378513576,O_right
182,1,867.5835113491102,699.606195087529,O_right
183,1,858.5890831240957,671.2240559498453,O_right
184,1,864.660873543914,663.8445411710785,O_right
185,1,868.9258506424843,640.079107530503,O_right
186,1,871.3863035642066,640.0037770349677,O_right
187,1,874.0979050723463,625.9683671905528,O_right
188,1,871.160097376641,613.2574013305707,O_right
189,1,836.8141832780492,547.4994831914814,O_right
190,1,836.0638046766768,535.2319155315228,O_right
191,1,842.1984380586927,535.5659889497826,O_right
192,1,842.0961720086908,529.6198491187703,O_right
193,1,837.1848540127505,510.00551353020495,O_right
194,1,837.821671584096,508.1949871341163,O_right
195,1,830.2738841516506,493.5898425505261,O_right
196,1,829.0468944685504,491.7212808209701,O_right
197,1,826.0769835280071,476.3072086494004,O_right
198,1,826.6657381547413,474.2501667712857,O_right
199,1,797.6313602121672,432.47897242844095,O_right
200,1,788.4071767398558,418.1659977220912,O_right
201,1,772.4951176654444,407.06526099230354,O_right
202,1,760.8372645628963,387.3761002510104,O_right
203,1,759.3024733585075,378.3010751992475,O_right
204,1,758.7512118158903,378.5268270343673,O_right
205,1,756.7150871691066,375.875962583348,O_right
206,1,754.9421553528892,372.8612227681067,O_right
1,2,843.9653029080355,1020.9165412545168,D_top
2,2,843.9653029080355,1020.9165412545168,D_top
3,2,843.9938610270331,1020.9594139535948,D_top
4,2,843.128397873039,1017.9545981584758,D_top
5,2,838.8789956631044,1011.7620393091288,D_top
6,2,836.180137534844,1009.7883963554764,D_top
7,2,831.1002411142692,1010.620732692318,D_top
8,2,829.5533027409706,1010.8498846414544,D_top
9,2,827.9838762113875,1014.4970949239053,D_top
10,2,826.5732291772705,1014.9959816604772,D_top
11,2,824.7983631894342,1015.8721359109034,D_top
12,2,823.3677634103741,1016.434417535168,D_top
13,2,817.6113387466025,1018.046152610444,D_top
14,2,813.4982784798377,1017.595562659516,D_top
15,2,811.3890072973778,1018.7555885852208,D_top
16,2,811.5595731883981,1019.0560457618136,D_top
17,2,815.169952663884,1010.2339598222668,D_top
18,2,811.9813639032828,1016.821459055197,D_top
19,2,813.4001728774869,1016.5870176975828,D_top
20,2,815.6957301803205,1013.7386533292712,D_top
21,2,809.1906496163618,1015.6858421764996,D_top
22,2,809.0498416637538,1016.4556241810692,D_top
23,2,809.3671648711723,1018.6142909847229,D_top
24,2,808.3628302439688,1018.6068641669228,D_top
25,2,803.7428711071856,1022.2257879189166,D_top
26,2,802.2839104105317,1025.010724100004,D_top
27,2,798.9328893572847,1029.0726152555333,D_top
28,2,795.7140408579667,1031.3277674743863,D_top
29,2,797.1532199547424,1030.607987242601,D_top
30,2,797.3417453712705,1029.8310005889034,D_top
31,2,795.9586573433622,1029.684042605637,D_top
32,2,796.393445460336,1030.7690186307489,D_top
33,2,796.4357429894144,1032.774408793127,D_top
34,2,793.8010759257044,1030.543284276068,D_top
35,2,795.0153719431365,1031.665183778344,D_top
36,2,795.5246007076834,1032.2287713266244,D_top
37,2,796.4170724943624,1033.0308278080638,D_top
38,2,796.2891290480901,1033.402403386613,D_top
39,2,793.2884787157493,1037.3163757297466,D_top
40,2,791.7741573219066,1038.035867938827,D_top
41,2,779.6587422288775,1046.2311278941936,D_top
42,2,772.590886505842,1046.912968596161,D_top
43,2,763.6829257076292,1059.591435960942,D_top
44,2,760.5912924171619,1059.6057150827733,D_top
45,2,757.3747646963291,1065.701688743304,D_top
46,2,756.6770119236261,1066.3584044284828,D_top
47,2,757.2755770774565,1064.7966595336502,D_top
48,2,750.9935880375872,1060.0074785661702,D_top
49,2,725.7974811230979,1045.286643771782,D_top
50,2,718.599477040137,1038.4341307812156,D_top
51,2,689.2571045585725,1017.6007462459672,D_top
52,2,678.9607885664337,1010.9483190088056,D_top
53,2,655.3850828249479,999.657174272829,D_top
54,2,645.3555527944279,998.0797849141736,D_top
55,2,646.7792179577445,1003.356409327143,D_top
56,2,644.9340562347184,1000.9361168060811,D_top
57,2,645.065966911105,999.9177180992546,D_top
58,2,647.6506848873669,1001.8016691621752,D_top
59,2,634.6916764350058,983.6791722931968,D_top
60,2,601.9418122880209,949.5583528749048,D_top
61,2,595.81185467871,933.0295510111724,D_top
62,2,593.669892068681,929.6382023522868,D_top
63,2,590.3401084919274,920.5911059340536,D_top
64,2,589.6449952313849,916.5639842057928,D_top
65,2,558.7375693259083,876.5113329404716,D_top
66,2,559.1044630786918,872.918543499214,D_top
67,2,569.1231738710225,862.6682671406488,D_top
68,2,566.7481516707496,860.2968715048478,D_top
69,2,565.8745362345068,851.9783662453004,D_top
70,2,560.0745083409204,846.4894214991592,D_top
71,2,555.4662725088517,826.0281698116362,D_top
72,2,548.8139486172525,818.7074583615324,D_top
73,2,505.0207981394343,800.0387797373787,D_top
74,2,496.9450855036033,786.4199957811891,D_top
75,2,473.9020830647149,766.1435777028128,D_top
76,2,477.2177097715872,767.4196907765753,D_top
77,2,473.3905741510426,761.5975467644085,D_top
78,2,474.3662161143743,760.2445074081345,D_top
79,2,473.6083363466922,756.1449860643862,D_top
80,2,473.79629330588887,755.6844034074611,D_top
81,2,458.9022117089287,734.5113919877971,D_top
82,2,452.4267045861501,729.280171673342,D_top
83,2,427.48943542560266,709.3489244324533,D_top
84,2,421.67351447783136,705.3182308919045,D_top
85,2,411.3939976569216,697.9615693062505,D_top
86,2,403.94910688860347,693.793424495897,D_top
87,2,410.0989479461845,700.8529619654003,D_top
88,2,406.9889591667684,699.3536174645169,D_top
89,2,404.92925586334695,697.5262537057469,D_top
90,2,403.19981745478447,696.6493769992147,D_top
91,2,395.1253241029099,687.0646692429849,D_top
92,2,389.2107733894842,683.8828674587679,D_top
93,2,366.0135559119311,665.2148757402708,D_top
94,2,353.22019344184446,656.0632047981928,D_top
95,2,342.0138116566239,650.6498741752564,D_top
96,2,344.790726750137,655.5584613413591,D_top
97,2,335.7394004753797,652.9856248012912,D_top
98,2,337.7314225839956,655.6891865618618,D_top
99,2,332.7528605422486,653.4774918491142,D_top
100,2,327.53893238990133,648.5402925163062,D_top
101,2,299.8497207670175,629.2936792578402,D_top
102,2,284.71764977677543,619.1131373676925,D_top
103,2,268.83806074786725,609.5920850032454,D_top
104,2,264.7682577292321,615.9813615676953,D_top
105,2,256.0277030409353,617.4445570464108,D_top
106,2,247.28714835263847,618.907752525126,D_top
107,2,238.54659366434163,620.3709480038415,D_top
108,2,243.90847387258253,622.2351370001128,D_top
109,2,243.5198678646146,620.0806597224409,D_top
110,2,248.0857305771582,623.1123163191502,D_top
111,2,234.71115347492943,615.5991785055462,D_top
112,2,232.8339076307426,618.0032719463228,D_top
113,2,228.70643070605584,617.8645300909308,D_top
114,2,225.4466021769168,614.0960472396732,D_top
115,2,227.8866852198487,614.7789915023749,D_top
116,2,228.78738211670333,613.8437064095959,D_top
117,2,234.9916809211041,610.2380596397823,D_top
118,2,240.67009455692383,613.4980390181664,D_top
119,2,285.8114519849809,648.4124107831069,D_top
120,2,303.5863374193692,660.7044001692914,D_top
121,2,230.34191119950975,602.6038182021059,D_top
122,2,233.9365219245157,604.2340841533564,D_top
123,2,226.86568941410872,585.7612747771476,D_top
124,2,220.1199441874123,578.2960169199519,D_top
125,2,206.47345783862264,558.6665749349189,D_top
126,2,206.32354082710185,555.1975515436955,D_top
127,2,191.1135757181953,534.6771546397041,D_top
128,2,202.97987331529197,541.948354218392,D_top
129,2,201.4122244735482,536.3277510904692,D_top
130,2,204.48747863274292,536.5558141603367,D_top
131,2,195.8616260102928,527.4715627233912,D_top
132,2,201.5076422438352,528.7246364096015,D_top
133,2,156.99539349316188,479.3646473515103,D_top
134,2,170.82325919191294,461.79298607574856,D_top
135,2,182.9764021231514,462.7845992612832,D_top
136,2,172.1548014768271,449.0397718889296,D_top
137,2,167.44745209051104,429.90054322797727,D_top
138,2,173.89930716806523,425.4316985676507,D_top
139,2,158.6989916019368,410.62148225937625,D_top
140,2,163.6608464066164,408.4598376474441,D_top
141,2,164.7604429873078,404.0141013264894,D_top
142,2,175.1899815481759,412.94480553672673,D_top
143,2,175.69146680961828,405.9532647230442,D_top
144,2,165.1585418814645,385.2974062662838,D_top
145,2,162.58294857866665,374.0147983187602,D_top
146,2,164.7434067170765,370.60297348506106,D_top
147,2,194.10683114561732,365.0584518047032,D_top
148,2,193.320313982778,354.8684762051143,D_top
149,2,206.40357078686836,353.7151870784592,D_top
150,2,207.46709382526905,350.8301653993222,D_top
151,2,199.40622924501488,323.1864321939259,D_top
152,2,203.05558985812127,320.6702705616192,D_top
153,2,209.6006711363736,317.5039884427795,D_top
154,2,228.85540361265137,328.0575060282985,D_top
155,2,246.95568394377307,337.90058546778374,D_top
156,2,246.29703333694357,331.2948808111398,D_top
157,2,257.35953393086754,320.21978146800035,D_top
158,2,260.37638171983207,310.4180566202906,D_top
159,2,256.7284703472622,298.52978293574444,D_top
160,2,261.20547241782305,298.6150420270811,D_top
161,2,264.9345857659677,284.9153327028839,D_top
162,2,271.0888487773961,289.0048903291596,D_top
163,2,267.49417862857285,282.7588529265119,D_top
164,2,267.03665532882263,279.95773667256,D_top
165,2,261.9072399505102,267.68630989906035,D_top
166,2,272.0512919767777,273.5724347969932,D_top
167,2,258.50862715381857,257.6935622746818,D_top
168,2,263.9740361435492,267.0606996550078,D_top
169,2,289.5125455907814,294.7029870074031,D_top
170,2,306.78351049920263,310.6978063745024,D_top
171,2,304.03865678335467,307.961219104096,D_top
172,2,304.13346986706205,307.6359649838279,D_top
173,2,307.5099861530419,314.7175075331052,D_top
174,2,301.4822362946265,311.8519112658799,D_top
175,2,296.47504825909147,324.0192267877186,D_top
176,2,293.7120227781532,323.7329209300432,D_top
177,2,294.3185299501316,335.4991840918792,D_top
178,2,289.0938091216472,336.5017667651001,D_top
179,2,282.40052711277724,337.4453902471858,D_top
180,2,284.8724000130005,338.49465381552915,D_top
181,2,294.3926053178796,348.52895848370594,D_top
182,2,287.3344156350316,344.19905866740663,D_top
183,2,266.00407878910846,337.1735538642727,D_top
184,2,242.55839359344745,318.9070163539178,D_top
185,2,234.202720201108,327.7956107765773,D_top
186,2,245.0828554028514,342.4503171585413,D_top
187,2,146.13524760938282,261.5431323720896,D_top
188,2,126.61383454155218,250.5272251563836,D_top
189,2,50.69809856775058,186.3835690503618,D_top
190,2,81.29340801063881,219.7160980533533,D_top
191,2,220.5988071288738,361.7123757866089,D_top
192,2,240.73086835752744,383.1763194825708,D_top
193,2,269.5597351711894,417.2921920206993,D_top
194,2,252.63878051733263,405.4228932495159,D_top
195,2,229.65102520961852,397.0563490884773,D_top
196,2,216.17277182221076,386.5329296794781,D_top
197,2,252.23792033873997,419.6323795835862,D_top
198,2,248.54765744051997,434.7814151164205,D_top
199,2,258.55287275216347,450.7467681007621,D_top
200,2,264.36499121730213,457.7315563978785,D_top
201,2,276.32444827477565,465.0641197286949,D_top
202,2,275.8060266630079,465.4357137977384,D_top
203,2,285.1083955595874,466.4718651078825,D_top
204,2,285.3330082580941,460.3032816174611,D_top
205,2,293.4196232201015,450.6777310453727,D_top
206,2,304.7536945687032,442.27439616051,D_top
1,3,979.2589171340048,1024.949986109525,O_top
2,3,979.2589171340048,1024.949986109525,O_top
3,3,979.2497411125586,1024.954108086668,O_top
4,3,978.4512985383362,1025.1726238661392,O_top
5,3,974.8087602396272,1024.4606911838778,O_top
6,3,972.771903602042,1024.3944846950274,O_top
7,3,966.3038321418304,1021.9244786489768,O_top
8,3,965.516133204242,1031.0636493605018,O_top
9,3,963.0349564924592,1030.5317019184151,O_top
10,3,963.433200875052,1031.5733662029154,O_top
11,3,964.3504196172848,1032.138537222557,O_top
12,3,963.5669419985528,1032.0133520974762,O_top
13,3,963.9690734758282,1032.8039257898768,O_top
14,3,962.4883807012292,1034.8628767870173,O_top
15,3,959.4486244181364,1041.740102861186,O_top
16,3,960.6407602481175,1039.6614059142637,O_top
17,3,959.8552927704196,1040.118084989747,O_top
18,3,959.478250516466,1040.3242247305045,O_top
19,3,961.1622823778304,1036.852083574125,O_top
20,3,962.8607030815524,1035.1505021971054,O_top
21,3,961.1710484981706,1038.3558126426717,O_top
22,3,962.3970447248184,1036.2752327052597,O_top
23,3,962.3511655423954,1035.399248480978,O_top
24,3,961.3353898325306,1034.0296907196453,O_top
25,3,962.0451742926664,1031.9927656668528,O_top
26,3,962.640888272548,1031.6719875239703,O_top
27,3,963.6236312942522,1029.3344510915313,O_top
28,3,963.1566935341248,1027.6576966467594,O_top
29,3,957.476916117776,1018.8778440022204,O_top
30,3,951.7128470682428,1012.678254750899,O_top
31,3,936.6790243424468,1001.2213986862192,O_top
32,3,934.4950925245428,1001.7403050403474,O_top
33,3,932.2974490872878,1012.5963470848228,O_top
34,3,927.168005060781,1019.6884607473688,O_top
35,3,918.0009165472652,1025.7108140911948,O_top
36,3,916.0988061400166,1026.400630759819,O_top
37,3,913.6600125037078,1027.2668590772323,O_top
38,3,910.7580919864238,1025.204597047081,O_top
39,3,876.9870740394981,993.6038364660036,O_top
40,3,873.1555480533111,988.8004498265688,O_top
41,3,863.5288874371852,989.6626959938102,O_top
42,3,870.4117843578293,1002.2776161665292,O_top
43,3,864.6189393182233,1009.9234942292492,O_top
44,3,865.9248182674522,1009.952172333936,O_top
45,3,862.98354785603,1008.7914615998264,O_top
46,3,860.6595394597315,1006.7559035862045,O_top
47,3,848.4061642103395,996.580917852192,O_top
48,3,836.0694912576321,980.4984179083932,O_top
49,3,810.7734340322238,955.5100306684756,O_top
50,3,813.9280972533805,949.3306599342897,O_top
51,3,813.8394319726812,950.616683027314,O_top
52,3,818.8264479238459,939.7871115603442,O_top
53,3,804.3967831207235,914.5809610629474,O_top
54,3,790.8783580135713,895.3798852643357,O_top
55,3,791.0215271549121,883.6650544834656,O_top
56,3,794.2356413996743,882.3725334821746,O_top
57,3,791.4861903417341,874.5715160028485,O_top
58,3,789.031702916286,871.9834929725076,O_top
59,3,762.2175824053088,845.3611126049229,O_top
60,3,756.5328803674905,838.8082479315191,O_top
61,3,723.329691281042,807.1701911043235,O_top
62,3,721.7922837342718,806.6464171022731,O_top
63,3,720.7236195846106,807.7834774583339,O_top
64,3,713.5554573432067,801.4790930801641,O_top
65,3,705.7963748821592,797.1171812605113,O_top
66,3,682.6373992108558,778.1993603351405,O_top
67,3,652.1329628062842,759.4286699185401,O_top
68,3,635.3827800554212,751.9278783571916,O_top
69,3,628.158612186728,760.135805692911,O_top
70,3,621.8092791240533,758.1435213002748,O_top
71,3,608.1042852517804,752.5871831748786,O_top
72,3,603.4270967096072,751.1410769999596,O_top
73,3,586.676650308995,743.802752547945,O_top
74,3,573.791595046687,736.2017810499308,O_top
75,3,560.1733267453792,731.0842436654661,O_top
76,3,553.7573657338232,728.5884896616546,O_top
77,3,536.9047201371224,722.4497583168113,O_top
78,3,531.6570872203827,722.6466249522181,O_top
79,3,522.2548593307217,723.2457329686393,O_top
80,3,516.9500069236036,718.8953932910555,O_top
81,3,489.5700967480125,697.9614302339536,O_top
82,3,486.9154598405484,697.5880502318178,O_top
83,3,479.22040144908607,691.1363685784513,O_top
84,3,479.94942116950784,691.1500138053195,O_top
85,3,473.63909527681966,681.7317542255893,O_top
86,3,463.5396678609432,674.5984457537043,O_top
87,3,450.53689166127896,662.5854803163885,O_top
88,3,426.3534308022872,642.2973049416051,O_top
89,3,422.5852806617965,639.2820836260498,O_top
90,3,421.5969619792152,638.9119207078079,O_top
91,3,410.930521792307,632.0151109020414,O_top
92,3,407.24976784998586,630.0626155551143,O_top
93,3,377.4433513159906,603.2587722602769,O_top
94,3,363.71616537054615,592.6117233571536,O_top
95,3,362.2212740702186,596.7772997564281,O_top
96,3,361.042885854374,597.8779684259109,O_top
97,3,352.6448052307641,597.9443917924999,O_top
98,3,351.16965205732726,607.6128765735174,O_top
99,3,347.487481160786,603.7622110056717,O_top
100,3,345.93068060212795,603.6813630722362,O_top
101,3,327.6907787772634,589.6718075662282,O_top
102,3,329.0031217023049,591.7219096636799,O_top
103,3,324.3976114892189,591.3925388075165,O_top
104,3,318.15020179226366,587.1333032826675,O_top
105,3,300.47733819778455,574.9822352869242,O_top
106,3,299.377694175793,575.6314108996145,O_top
107,3,281.92296159929225,573.3608848653829,O_top
108,3,301.3937205321296,586.6033865427206,O_top
109,3,296.08377165199886,581.4887237629874,O_top
110,3,297.5196928386336,583.0334696420914,O_top
111,3,295.83882949385765,587.2909758096358,O_top
112,3,299.3507289599517,590.1801175145746,O_top
113,3,303.741273348459,588.8453096233935,O_top
114,3,295.45977460955515,583.5084649940397,O_top
115,3,288.37356660389446,577.7720148422009,O_top
116,3,281.28735859823377,572.0355646903619,O_top
117,3,274.2011505925732,566.299114538523,O_top
118,3,267.11494258691243,560.562664386684,O_top
119,3,260.02873458125174,554.8262142348451,O_top
120,3,252.94252657559105,549.0897640830061,O_top
121,3,245.8563185699304,543.3533139311672,O_top
122,3,237.09918225068083,532.6124675862116,O_top
123,3,255.22608638059077,541.9749455073922,O_top
124,3,246.6389218896583,534.2437471993888,O_top
125,3,220.51662752620996,509.2966844082195,O_top
126,3,264.0083435915453,527.9004642679558,O_top
127,3,307.5000596568807,546.5042441276921,O_top
128,3,197.810488476142,465.9794154917644,O_top
129,3,284.8130214564521,521.1150905854207,O_top
130,3,182.60210994386705,427.8987376648091,O_top
131,3,80.39119843128199,334.6823847441976,O_top
132,3,144.66318553846793,379.30914056753016,O_top
133,3,185.57834693500405,412.154734291385,O_top
134,3,226.49350833154017,445.0003280152399,O_top
135,3,228.52353200374364,436.2684200600315,O_top
136,3,149.74900990049224,357.2643400820816,O_top
137,3,70.97448779724085,278.2602601041317,O_top
138,3,235.88315742190568,417.9645143936492,O_top
139,3,232.8654570573509,403.5899966955069,O_top
140,3,226.1526658475263,392.4200614465461,O_top
141,3,217.65896582505215,368.97539612547126,O_top
142,3,216.1599798645,366.26751313557327,O_top
143,3,225.5430230657204,358.9849883672139,O_top
144,3,218.9224214213833,348.3563565811777,O_top
145,3,214.72598865922043,320.1729561745158,O_top
146,3,230.36493482983093,317.3049639158569,O_top
147,3,234.49634421177169,297.1215925440086,O_top
148,3,237.2866375188311,292.37027428101123,O_top
149,3,215.70993031949865,255.448725018148,O_top
150,3,223.8170103554316,258.7159749109221,O_top
151,3,221.4122841897346,232.69451042880812,O_top
152,3,230.78992227296823,231.27144326538604,O_top
153,3,243.82427699554867,239.00585574221992,O_top
154,3,245.1868379158116,224.3473100128794,O_top
155,3,237.3791771220185,202.57265367071744,O_top
156,3,246.6719220878263,197.07471409682685,O_top
157,3,252.28186700149183,185.18679590776264,O_top
158,3,248.0802727475557,172.8814997548768,O_top
159,3,228.66370485870223,136.12980625986475,O_top
160,3,241.19795732275605,134.63874957262186,O_top
161,3,253.2988296559952,129.92752584266037,O_top
162,3,255.87555471604588,134.07765073644083,O_top
163,3,263.7979506621862,120.62456736246928,O_top
164,3,269.65465782849606,123.11246475466226,O_top
165,3,267.92053214536367,120.7957986034656,O_top
166,3,265.4038290865424,114.6671529455142,O_top
167,3,265.9690474445742,104.81191844405186,O_top
168,3,231.35388055285628,58.7918008073661,O_top
169,3,238.33503469308795,52.79626361893177,O_top
170,3,239.27422922420675,49.96703063878402,O_top
171,3,236.67652928058607,43.74108032039847,O_top
172,3,236.7602782693207,47.881010149150825,O_top
173,3,304.89580873580513,119.31304260274187,O_top
174,3,351.4012179535029,174.49504492100462,O_top
175,3,300.85192235330635,116.53266506762526,O_top
176,3,293.0552969950215,108.24326585238455,O_top
177,3,251.53053904666163,53.00492600978848,O_top
178,3,258.45533507816896,58.78575670415553,O_top
179,3,248.6864906455997,47.53266009831038,O_top
180,3,243.38070790106508,40.62108771601171,O_top
181,3,318.6901053736975,119.06285613571109,O_top
182,3,320.66518313121003,133.86856774392905,O_top
183,3,265.8764939563791,66.62512298846596,O_top
184,3,266.1934636753078,65.70207820963472,O_top
185,3,277.87650901456,79.97287276710875,O_top
186,3,285.1584282325273,87.39915802621178,O_top
187,3,290.8570047071968,93.00482738902616,O_top
188,3,289.48170565762973,90.82108024650285,O_top
189,3,290.5497534385332,89.3436776233765,O_top
190,3,291.3347040081983,88.81794394446946,O_top
191,3,287.7854610224872,84.54551136147137,O_top
192,3,286.4686931172893,82.47167870274986,O_top
193,3,290.0696698865478,85.85801887534079,O_top
194,3,285.65199107489474,79.87511649949246,O_top
195,3,284.18591158949744,77.82093334942347,O_top
196,3,282.94651278541136,76.30172379149896,O_top
197,3,285.5710907245011,79.38086504773813,O_top
198,3,284.4078169970716,77.91509614906674,O_top
199,3,284.4108923720531,78.67996509118663,O_top
200,3,284.94331785233254,79.2733940578316,O_top
201,3,285.86888672552686,82.65493021767296,O_top
202,3,285.5856085081047,82.25401344104235,O_top
203,3,284.89374649568833,82.19598217530051,O_top
204,3,285.49740090759923,83.59282235953914,O_top
205,3,282.84431386447096,81.13748975119738,O_top
206,3,279.4084328339732,77.41258807363664,O_top
1,4,606.1894129441702,118.38414449226978,O_left
2,4,606.1894129441702,118.38414449226978,O_left
3,4,606.1337876651377,118.36037794605704,O_left
4,4,603.7770398551778,120.2936306933192,O_left
5,4,600.6403852855286,132.8752722367103,O_left
6,4,597.0980623021347,131.79498945145642,O_left
7,4,599.516173536847,134.3098101865572,O_left
8,4,596.5226182176328,138.0025811078432,O_left
9,4,597.3911639802143,148.13985408222766,O_left
10,4,601.1913427770613,146.42384322139696,O_left
11,4,590.7633157245757,145.9829755297228,O_left
12,4,582.9534611632123,138.36916724713902,O_left
13,4,548.8665831709164,105.884579120139,O_left
14,4,545.3235483100092,108.93834874325248,O_left
15,4,544.1095561701011,117.66367785159548,O_left
16,4,537.3814031235285,114.51398852282658,O_left
17,4,522.8428010146274,115.52553513552677,O_left
18,4,527.4600744062552,127.09120551328049,O_left
19,4,520.5614192698754,131.93248519452342,O_left
20,4,500.3806356937918,107.71165168265796,O_left
21,4,498.6338054458517,113.18646601502547,O_left
22,4,489.7355342968823,109.61524241999604,O_left
23,4,470.2798065412602,104.40610849042132,O_left
24,4,475.3262853482298,121.5151660637587,O_left
25,4,456.1945166076644,111.73874524287268,O_left
26,4,453.44211072375657,114.73019247342113,O_left
27,4,438.72733444123895,118.99472409040014,O_left
28,4,372.3705017302869,38.58127604527552,O_left
29,4,373.2361057481013,55.82222077836781,O_left
30,4,363.0875554264449,52.299416324366845,O_left
31,4,389.4213158951927,114.5686267964428,O_left
32,4,379.4646087628847,105.97774772712278,O_left
33,4,370.7826929233358,110.56251167701096,O_left
34,4,354.9931570655441,96.0617154669235,O_left
35,4,345.77778121648595,98.20602707377849,O_left
36,4,338.553590890562,92.77232907686393,O_left
37,4,316.696270937862,81.04104500066595,O_left
38,4,307.65120131548406,77.45117317407723,O_left
39,4,318.64610537641863,99.37855235202755,O_left
40,4,316.69785577443514,103.97483063996272,O_left
41,4,306.86817355530417,114.73284708245204,O_left
42,4,303.9751054058555,117.2348160442888,O_left
43,4,295.5580319783508,112.72881373023284,O_left
44,4,295.8968303953342,114.50523423906834,O_left
45,4,292.8063536199719,110.74111994406576,O_left
46,4,284.51827341944374,103.8876082725345,O_left
47,4,279.4538756095903,103.18913270939086,O_left
48,4,274.18457335149543,100.85983044113782,O_left
49,4,237.6134884746632,67.21311210528083,O_left
50,4,229.24640620312277,58.47447759017111,O_left
51,4,233.63741648096115,69.55132621304548,O_left
52,4,234.2097327731845,73.46065524576574,O_left
53,4,238.1223406153198,83.35367585296679,O_left
54,4,235.57860526807775,90.1333512562138,O_left
55,4,227.9071696741593,85.1593962781727,O_left
56,4,226.54141052415093,83.88567929787624,O_left
57,4,224.53247152284757,85.35776660012064,O_left
58,4,224.6390359062088,86.39463670233599,O_left
59,4,221.0108974458043,87.58624315724833,O_left
60,4,217.6423590518777,85.9259197853316,O_left
61,4,221.42304327085765,93.63664697954592,O_left
62,4,214.95855816034083,87.3109170060387,O_left
63,4,214.50538743824893,87.4091495376613,O_left
64,4,214.29093222193853,88.16415551491646,O_left
65,4,214.24760373298216,89.1813392774282,O_left
66,4,213.75254689118765,88.78007003090332,O_left
67,4,212.31189632283144,87.47522155718487,O_left
68,4,212.21128763585796,87.73736330188895,O_left
69,4,212.9440572250296,88.3043669331229,O_left
70,4,213.45399816045045,89.29265132867299,O_left
71,4,211.93863826072055,85.88478217671512,O_left
72,4,212.0153519526151,85.98116773905618,O_left
73,4,212.29302219216623,85.01270304765535,O_left
74,4,212.6787981122293,84.11263070282747,O_left
75,4,212.7887736287827,83.62977068573186,O_left
76,4,212.9412936935505,83.47896438650743,O_left
77,4,214.4933045588629,84.03858208141108,O_left
78,4,215.58586546736825,85.01223391144391,O_left
79,4,217.35857748439,86.59582104195655,O_left
80,4,217.661742213059,87.01191550741663,O_left
81,4,215.04079714810703,83.15443606386518,O_left
82,4,215.147065557286,83.20807773972915,O_left
83,4,215.58387609174017,83.81144115022389,O_left
84,4,216.34977472294568,84.06432809879371,O_left
85,4,216.264010135287,84.10379773037751,O_left
86,4,216.24340908172016,84.08834048020401,O_left
87,4,216.89625603722365,84.59009284541379,O_left
88,4,217.3873697597348,84.8861438547312,O_left
89,4,217.98112106188248,85.32367211317806,O_left
90,4,218.67104551535007,86.1474601123265,O_left
91,4,215.0423143306648,82.0067796711794,O_left
92,4,215.26969196388623,82.26685049296981,O_left
93,4,217.08001631824465,83.60103869587908,O_left
94,4,217.2252109594739,83.63770696441715,O_left
95,4,215.9497788752764,81.96562948769055,O_left
96,4,216.09478587925963,82.3251821691341,O_left
97,4,217.0964593850312,82.5319643436718,O_left
98,4,218.40282826539087,83.46045369867879,O_left
99,4,219.08798559956023,83.87246573051686,O_left
100,4,219.7581345851572,84.34753818183526,O_left
101,4,215.817789767257,79.24182856799307,O_left
102,4,216.44917123517712,80.260854827036,O_left
103,4,215.7239783780455,79.0195753487674,O_left
104,4,214.8722510939592,77.61185730176958,O_left
105,4,215.2338530611223,77.80801072299481,O_left
106,4,214.54069078729665,77.08812245857062,O_left
107,4,214.1170023043613,76.5549480755542,O_left
108,4,214.7500604568855,77.21191713323012,O_left
109,4,214.33483442355356,76.70070856835433,O_left
110,4,214.9928095347657,77.42580566127401,O_left
111,4,215.4417975780672,78.31019723840386,O_left
112,4,217.3066556909308,80.56324873083267,O_left
113,4,221.3374970177985,84.38467662291828,O_left
114,4,211.1930921762197,72.21818190008067,O_left
115,4,224.34698441842323,86.20750580214047,O_left
116,4,224.28697140717665,85.0448798637441,O_left
117,4,237.45774319896245,94.93592509774211,O_left
118,4,238.3186628387109,90.74267241885234,O_left
119,4,243.81564103493903,91.60123431362966,O_left
120,4,245.081855686308,87.74033642419424,O_left
121,4,255.75503182550617,90.4410302662462,O_left
122,4,252.8420436780609,81.59000187086049,O_left
123,4,291.2088671328577,107.6583114452633,O_left
124,4,296.87315216961167,105.95188376895078,O_left
125,4,306.2779614117138,90.07600579631794,O_left
126,4,306.5416394665656,78.78972502624148,O_left
127,4,321.0177657888193,79.97238563898308,O_left
128,4,335.0188635829554,86.73506599776925,O_left
129,4,362.299480548949,89.37946844961424,O_left
130,4,364.3565570987994,81.38300932602287,O_left
131,4,377.3457866186287,76.59479636810829,O_left
132,4,394.3846789802452,83.65669827646687,O_left
133,4,428.7806584177959,100.29087622538096,O_left
134,4,451.7077164404907,125.81199649619074,O_left
135,4,466.1079093860954,126.64614080024715,O_left
136,4,468.5200814163059,124.09293253355848,O_left
137,4,476.82533167983087,116.07451218136907,O_left
138,4,483.8609809228011,117.72879556703286,O_left
139,4,491.9831371004763,110.85983202923798,O_left
140,4,506.543566751886,120.19430792896844,O_left
141,4,523.5697208490312,128.29861700817307,O_left
142,4,532.7557439641594,137.79440044611607,O_left
143,4,555.7020401780818,158.51265220596272,O_left
144,4,561.9709001736094,156.2111973780155,O_left
145,4,543.9471960483231,98.28782608392586,O_left
146,4,567.8272290611956,121.7706634688042,O_left
147,4,554.7545116125253,78.1452333523329,O_left
148,4,617.5930505977607,150.90695527566953,O_left
149,4,635.0750981716171,159.61263657043204,O_left
150,4,638.7277274947223,161.56799727080573,O_left
151,4,645.6970844872667,164.1821973008992,O_left
152,4,646.1474418349288,163.39249646740538,O_left
153,4,645.7122003336304,162.05425237564918,O_left
154,4,644.187658236213,160.20326311626866,O_left
155,4,647.0434189645529,163.5052861179971,O_left
156,4,645.8607542202747,163.20742997663777,O_left
157,4,647.473038495222,172.48151049052464,O_left
158,4,645.5288089009634,174.06491410646555,O_left
159,4,647.7057533700349,180.9154686096959,O_left
160,4,643.8130043122168,176.6707254143635,O_left
161,4,644.4615249183499,188.87243452523265,O_left
162,4,647.9247872165803,196.78095767086447,O_left
163,4,645.0908904370884,182.21539987088372,O_left
164,4,646.7691803955316,187.60465532898772,O_left
165,4,640.4332529658604,199.19253511643709,O_left
166,4,641.0494854306509,200.0555253915271,O_left
167,4,670.377805786347,254.2239248700413,O_left
168,4,669.3163909779967,260.6148314357958,O_left
169,4,670.6650084674799,279.23985929700245,O_left
170,4,661.5461635594909,275.0759266996636,O_left
171,4,698.1576042756028,341.44446246038353,O_left
172,4,700.7365409639706,354.5709659971599,O_left
173,4,700.9313312022924,374.1032807834962,O_left
174,4,696.9380759126019,377.5006309230266,O_left
175,4,704.4641634178842,404.9053131767412,O_left
176,4,703.1706566359348,410.66539707588936,O_left
177,4,682.2344687937602,408.85736540517536,O_left
178,4,687.9148790007539,429.6766597368284,O_left
179,4,661.1175611707396,432.1081018401124,O_left
180,4,662.5105529280993,457.7271121303217,O_left
181,4,640.8978781610856,468.3284923760135,O_left
182,4,606.7218925273921,444.9222182810993,O_left
183,4,641.5444574676249,523.9145622505754,O_left
184,4,626.0907670960145,512.3772502392483,O_left
185,4,609.1124700188406,536.7840240893934,O_left
186,4,612.5628185059726,552.1903240747513,O_left
187,4,615.8608501821839,604.7737148116214,O_left
188,4,607.0450355049734,614.4641727200597,O_left
189,4,610.8589487767284,645.6225551817226,O_left
190,4,576.5519053910916,647.1962410062065,O_left
191,4,542.2448620054548,648.7699268306903,O_left
192,4,540.9937432886176,654.9225351873658,O_left
193,4,530.0503376479566,664.8548431859638,O_left
194,4,525.1381024601894,665.8732513714716,O_left
195,4,512.4892204579027,664.648066741779,O_left
196,4,513.4616012325208,672.1131432406586,O_left
197,4,438.9504764216507,649.0086611115871,O_left
198,4,384.46923218114114,616.7888440542237,O_left
199,4,351.2172594961108,590.8789992446334,O_left
200,4,359.85849140128835,609.0297844793956,O_left
201,4,427.698730136865,687.4509108632527,O_left
202,4,318.4161466913628,574.5342024830533,O_left
203,4,453.6563844966259,728.1182711444814,O_left
204,4,445.76752548089024,726.0099292102282,O_left
205,4,439.0463203691936,757.0303914453757,O_left
206,4,439.0463203691936,757.0303914453757,O_left
1,5,551.0187005772976,460.2457598165995,D_left
2,5,551.0187005772976,460.2457598165995,D_left
3,5,549.4463899033942,458.5782059042666,D_left
4,5,549.8592233334904,459.4778895406019,D_left
5,5,549.1669583431029,460.64314034430544,D_left
6,5,548.7685537430546,460.4888176501129,D_left
7,5,548.3743652355823,461.5200826369626,D_left
8,5,549.3298724978597,462.411250426081,D_left
9,5,546.9020457808017,463.5882604554562,D_left
10,5,545.4673031618697,465.6578698001277,D_left
11,5,544.3355295718011,467.6615674803007,D_left
12,5,546.1285314023697,473.1240060588039,D_left
13,5,539.6197879664603,474.2627951101643,D_left
14,5,537.0526288843354,474.2838667798631,D_left
15,5,530.7802073856599,475.1087716275648,D_left
16,5,531.2535863119164,478.65395359614666,D_left
17,5,518.3567674017874,480.1393937527285,D_left
18,5,515.1389916959831,484.98333616361367,D_left
19,5,514.3271599432829,495.1647966795247,D_left
20,5,513.237781538578,497.66260103182026,D_left
21,5,503.9138921036264,494.11683166424496,D_left
22,5,504.3393166712784,494.936354171769,D_left
23,5,498.4926372621469,491.7660077009793,D_left
24,5,497.7725187173803,496.4448608101032,D_left
25,5,480.2268577484724,506.8360244888085,D_left
26,5,482.8343416162402,517.3641767515104,D_left
27,5,464.2528207333699,515.1110181944262,D_left
28,5,448.4993904533008,512.2340619196589,D_left
29,5,457.3838787002881,541.0496188851747,D_left
30,5,452.2585553068372,541.6763592372973,D_left
31,5,443.8404118459536,566.0115615405366,D_left
32,5,439.776939812271,571.8450570756942,D_left
33,5,435.5709650543852,576.6633246013057,D_left
34,5,437.9816220605883,586.3661902648042,D_left
35,5,425.2031504458307,583.323096415729,D_left
36,5,421.4535354889641,592.034184203938,D_left
37,5,419.2726835467712,615.126954445999,D_left
38,5,411.8571578908134,611.3297410213711,D_left
39,5,399.489231713613,615.8260820116664,D_left
40,5,402.82853529861336,624.2433209263421,D_left
41,5,428.0451215511839,662.8586085483062,D_left
42,5,425.7219559801005,667.7190999840881,D_left
43,5,409.3590255090035,679.3101492789757,D_left
44,5,405.4146881661362,689.3509483987506,D_left
45,5,403.0965245436144,703.7666760269294,D_left
46,5,402.1137001029605,703.3375704521027,D_left
47,5,396.8353161887149,708.1091017490311,D_left
48,5,402.446157359524,715.8240191885226,D_left
49,5,396.71934979966665,717.8746382247625,D_left
50,5,389.409609505291,720.0090875446308,D_left
51,5,377.4190680207024,718.2369611247378,D_left
52,5,379.5561860350016,721.7832279307788,D_left
53,5,364.0927169320567,714.9211826007813,D_left
54,5,364.1789320793842,716.5180666170028,D_left
55,5,365.6959970201247,722.4210359440598,D_left
56,5,363.5416326443839,721.7635275069433,D_left
57,5,362.1875822621381,721.7086534732571,D_left
58,5,361.2813943423579,721.5598317273837,D_left
59,5,364.172507581078,723.2624802476747,D_left
60,5,359.21378183223624,718.8870329608767,D_left
61,5,361.5355499292298,714.0147517157201,D_left
62,5,365.6336072113583,713.4273792492888,D_left
63,5,362.03736687191054,707.0097632824398,D_left
64,5,363.399766578346,707.5263007739989,D_left
65,5,352.53248319615784,696.4656826354768,D_left
66,5,359.70395970007496,701.8552364734152,D_left
67,5,402.1046397066569,739.521119522831,D_left
68,5,357.1377518354376,702.0819961136908,D_left
69,5,413.83566490511816,749.1435592314153,D_left
70,5,407.7663611177594,743.6904426575045,D_left
71,5,404.5710331159888,748.9922413188053,D_left
72,5,402.6298363386137,747.6379367480325,D_left
73,5,398.0102198573179,748.9013759103407,D_left
74,5,407.45216694500846,755.6797194775845,D_left
75,5,406.0400159058243,760.0238765461166,D_left
76,5,392.5513640270584,752.9729913330098,D_left
77,5,381.8258274804791,752.8242781388253,D_left
78,5,366.68525785395934,746.9101967764894,D_left
79,5,364.3464894835114,750.0032495816113,D_left
80,5,362.8872521803955,750.392427852904,D_left
81,5,362.4094469725224,761.5730377305206,D_left
82,5,342.4939525739808,752.1032533667866,D_left
83,5,336.7077636300118,752.762887746922,D_left
84,5,347.68766287962046,762.9309186016926,D_left
85,5,348.72309780893374,768.550097720165,D_left
86,5,352.9126946405854,772.5782819561958,D_left
87,5,365.8260463768388,783.470294095116,D_left
88,5,365.6813673196984,784.4353424660485,D_left
89,5,366.8687553607175,785.0280543804232,D_left
90,5,367.1357155675755,785.655513641164,D_left
91,5,366.97419535905726,782.9621868873697,D_left
92,5,367.0448451514414,782.6121379750375,D_left
93,5,367.232950084462,782.5420064058083,D_left
94,5,368.3793742844547,778.1984425446373,D_left
95,5,371.4404657369377,774.149147838019,D_left
96,5,373.4631137346888,773.9135276526972,D_left
97,5,375.9342886060485,773.9639138647774,D_left
98,5,376.15641720852426,771.3387224931206,D_left
99,5,380.6719972819308,753.5726661880855,D_left
100,5,379.7412129198856,749.0388756097234,D_left
101,5,365.1969956400221,724.4861360015959,D_left
102,5,352.675430312523,707.2675677063835,D_left
103,5,363.4169213811976,711.0967637799926,D_left
104,5,362.71019998824926,708.4833620028434,D_left
105,5,363.29390198978086,705.6095439295916,D_left
106,5,365.95159426700303,702.3700391191832,D_left
107,5,370.1145890256845,695.1986270460121,D_left
108,5,368.4290929668691,686.9372781293476,D_left
109,5,372.30531951106417,686.7559559795577,D_left
110,5,366.9189338250265,682.7224004168477,D_left
111,5,377.920586362014,684.3859958752199,D_left
112,5,375.1391519367883,675.7447673908389,D_left
113,5,337.3137306300764,633.9664492507352,D_left
114,5,352.80704239423187,646.1573082305192,D_left
115,5,350.063091485294,638.9321162688535,D_left
116,5,354.2395543232178,640.4317343275357,D_left
117,5,330.63829456485337,610.6035382226988,D_left
118,5,344.28973567554243,625.104854137867,D_left
119,5,348.75458475124714,627.2615643120132,D_left
120,5,350.4074436544057,626.5308588898531,D_left
121,5,348.35654551740924,619.585539043114,D_left
122,5,349.8688178752576,618.1131847622988,D_left
123,5,353.595650562256,619.6434664213356,D_left
124,5,352.8328240705285,615.358348554262,D_left
125,5,355.3111171612192,609.7465842994505,D_left
126,5,356.69089954362505,606.8944927873442,D_left
127,5,358.0082344239937,606.7985771619061,D_left
128,5,358.7894311235788,604.0327065174479,D_left
129,5,357.95235736499944,601.7869422259959,D_left
130,5,361.5035846665098,600.7694609202262,D_left
131,5,353.5646534239044,577.5760462061215,D_left
132,5,359.283904549501,575.0123571831585,D_left
133,5,334.9644782483216,537.7188164226474,D_left
134,5,335.214498257031,524.1177765494982,D_left
135,5,331.5933324606973,518.696238854621,D_left
136,5,330.9979703617086,513.4310314262009,D_left
137,5,345.743403934319,516.545371840425,D_left
138,5,346.0339045434957,507.5815233562535,D_left
139,5,351.800629471393,498.8677861559109,D_left
140,5,368.4136759911702,509.2273758742822,D_left
141,5,382.4124932814366,505.5078554674286,D_left
142,5,383.41482810860447,502.5894124176453,D_left
143,5,397.4910434353287,487.85621403551386,D_left
144,5,399.355503267398,478.2173834401312,D_left
145,5,420.6801964601706,461.9557711366759,D_left
146,5,422.211768480752,457.8266400329467,D_left
147,5,423.3010781766048,447.27324346272064,D_left
148,5,426.3506696447308,440.3591150936531,D_left
149,5,447.1763297619276,440.22211618500256,D_left
150,5,451.8627288647655,432.17551574318304,D_left
151,5,465.26060965248274,402.2708432714872,D_left
152,5,467.41868977055,392.8805787140577,D_left
153,5,479.4251718343081,390.78856460361857,D_left
154,5,502.9517754741911,393.0910799685899,D_left
155,5,497.38106921012127,364.6361853321045,D_left
156,5,540.3252878908797,390.6067503840487,D_left
157,5,547.9692555290454,388.1255768434692,D_left
158,5,548.8432089517224,382.0049621317228,D_left
159,5,538.169582900806,364.1643920166253,D_left
160,5,536.1630922792083,354.0641695156462,D_left
161,5,539.4286877602525,345.7878707951576,D_left
162,5,540.2197286768657,346.3241827557812,D_left
163,5,543.5542114475825,344.1040457168559,D_left
164,5,543.7245137012316,338.8096522546245,D_left
165,5,542.3471895989397,335.00550117243745,D_left
166,5,544.0680794492637,338.24979316194555,D_left
167,5,549.6115585451132,342.3503692506416,D_left
168,5,542.3605283266664,335.9364601837258,D_left
169,5,540.5782495524059,334.64508628749144,D_left
170,5,536.9994166299149,333.95722069168943,D_left
171,5,531.9406785730127,338.01779892028804,D_left
172,5,531.2889433682694,339.65172325023025,D_left
173,5,530.6453504765354,353.75092763372135,D_left
174,5,522.6755769247887,356.94756875316125,D_left
175,5,502.623736163368,375.0296936393008,D_left
176,5,507.6296051612927,383.0494422805105,D_left
177,5,472.3446282117962,365.5254692385715,D_left
178,5,460.9131147379816,357.8408085330275,D_left
179,5,507.3593680762823,421.874059894831,D_left
180,5,507.8970036830232,433.2906289030319,D_left
181,5,504.15174216346617,467.90085486147103,D_left
182,5,500.8468043650362,469.6561646969407,D_left
183,5,494.0294688586936,487.0541489722406,D_left
184,5,489.1123376227939,497.1510531556825,D_left
185,5,428.4053294297088,466.8342743012592,D_left
186,5,344.5737115362021,407.5697986212548,D_left
187,5,436.7456913668036,531.5143154102103,D_left
188,5,462.7665497645369,567.277627617158,D_left
189,5,471.26951706819074,598.4005043396157,D_left
190,5,488.4921216727319,624.7780446524597,D_left
191,5,457.0238567791268,619.6122523437289,D_left
192,5,442.5522474781784,613.9886381543073,D_left
193,5,446.4343042151412,650.0082351726151,D_left
194,5,442.3538195153284,660.0338694164998,D_left
195,5,430.99231336295423,689.3274390569005,D_left
196,5,427.3213284166428,694.9975546305989,D_left
197,5,424.4554227049217,706.17387359629,D_left
198,5,422.2039652747444,707.1965841832044,D_left
199,5,418.2016926898937,710.7665263171502,D_left
200,5,416.6377935697103,718.1635442077896,D_left
201,5,407.03231965730487,718.6588956455503,D_left
202,5,405.10331901122606,722.995227831053,D_left
203,5,397.5926326420198,731.4371795292834,D_left
204,5,388.4873295543648,731.5815207863702,D_left
205,5,392.5634278773668,739.3613085574708,D_left
206,5,406.43315180792496,752.7848138682866,D_left
1,7,562.8277932549057,1250.943367251971,D_right
2,7,562.8277932549057,1250.943367251971,D_right
3,7,562.6373229837378,1250.982298483064,D_right
4,7,535.2548953476727,1237.1967382954952,D_right
5,7,544.2778679492866,1235.2877212815129,D_right
6,7,553.3008405509005,1233.3787042675308,D_right
7,7,562.3238131525144,1231.4696872535485,D_right
8,7,585.2509629724946,1231.1492135794335,D_right
9,7,576.2885965092095,1221.3845383964426,D_right
10,7,573.9914772940248,1220.5782902014955,D_right
11,7,582.6315016330166,1219.439175565356,D_right
12,7,582.1913334689042,1216.1275074634564,D_right
13,7,588.9850761076932,1209.0761160212974,D_right
14,7,595.4964366504187,1207.6372859289825,D_right
15,7,598.8027562140958,1203.485994481597,D_right
16,7,599.4224574794943,1202.2446857848506,D_right
17,7,590.1224268401694,1199.7511288155106,D_right
18,7,588.5090098884644,1197.917764431868,D_right
19,7,605.0054749877212,1208.9555746830908,D_right
20,7,621.8512743959457,1213.9782811142395,D_right
21,7,618.9285185459819,1208.0622842719588,D_right
22,7,620.5149773383829,1211.0168215134863,D_right
23,7,606.9397501972811,1214.3022249791447,D_right
24,7,594.9799476852043,1218.8344103495942,D_right
25,7,583.8927861488985,1236.0060944565057,D_right
26,7,651.6711114524823,1269.2909119563476,D_right
27,7,662.0341134513494,1275.6933874348729,D_right
28,7,666.9660023841235,1279.296089701582,D_right
29,7,666.5282047038646,1281.5678226990058,D_right
30,7,665.8392415878918,1279.8034613470654,D_right
31,7,666.4429057372147,1277.4083512395669,D_right
32,7,666.6108271116774,1275.5526970632795,D_right
33,7,667.0327147302219,1278.8535740647624,D_right
34,7,666.7812904369691,1280.6567081452254,D_right
35,7,663.6590581551588,1282.9409691843634,D_right
36,7,660.9147238809016,1285.0315202335266,D_right
37,7,618.1063664381855,1273.714726075463,D_right
38,7,595.8102457373711,1277.4534251613345,D_right
39,7,596.960580648117,1283.0689058705038,D_right
40,7,594.2049958868921,1283.930299969575,D_right
41,7,586.7613197330174,1301.248156454361,D_right
42,7,594.2215818502676,1290.7205612222006,D_right
43,7,587.0719023625644,1308.1849629034807,D_right
44,7,581.7567645207703,1305.9382443421216,D_right
45,7,573.1310183241146,1301.8907818461134,D_right
46,7,568.6432921193885,1299.1218552122616,D_right
47,7,551.6040803788898,1290.6440439475691,D_right
48,7,543.6069555273789,1286.715161089313,D_right
49,7,540.4483853593837,1292.5574085306844,D_right
50,7,539.8241640446836,1293.3104568683689,D_right
51,7,533.6851018384557,1290.3419345762695,D_right
52,7,530.0301121729469,1287.8855275245114,D_right
53,7,529.1668710405849,1285.2918586621597,D_right
54,7,526.6730234020395,1284.8539352887033,D_right
55,7,525.5870317754143,1285.7559160613034,D_right
56,7,531.041177841178,1282.57346350966,D_right
57,7,536.3829122926275,1274.3472975355508,D_right
58,7,531.7159003936899,1272.0190883432997,D_right
59,7,525.4270159875226,1277.1955808323971,D_right
60,7,525.0186929586514,1280.376772081624,D_right
61,7,521.9460779156409,1275.3395128625716,D_right
62,7,524.5921669532856,1271.8697702076656,D_right
63,7,524.7566469062226,1265.4664064308322,D_right
64,7,523.240516908754,1265.6446440694365,D_right
65,7,507.8183247972124,1263.096576856546,D_right
66,7,492.07362959875314,1257.242914526114,D_right
67,7,467.27150931502433,1252.397547241575,D_right
68,7,448.2555345687938,1248.6518213918516,D_right
69,7,453.88097929775887,1250.6317897764793,D_right
70,7,452.8135038910546,1250.178074228111,D_right
71,7,450.7448621257268,1250.2166707904762,D_right
72,7,448.7431174024311,1250.6256666484985,D_right
73,7,423.79192694520367,1243.0563372754818,D_right
74,7,409.8052040907601,1238.5295548715928,D_right
75,7,384.0312138882967,1228.999688675398,D_right
76,7,380.4366348653995,1229.0610631149275,D_right
77,7,375.076527441129,1223.398568365584,D_right
78,7,377.8446359220017,1225.2281694559792,D_right
79,7,376.4168870272298,1227.607844423531,D_right
80,7,375.6204207159522,1229.749947679152,D_right
81,7,356.29974763927703,1230.5308455270922,D_right
82,7,344.0398201047371,1230.2744316130886,D_right
83,7,337.43185173480623,1236.302092169239,D_right
84,7,330.0186459498033,1235.0866699091555,D_right
85,7,336.74230039475856,1240.4329263204668,D_right
86,7,337.8645283885318,1241.530255083329,D_right
87,7,332.8568962570098,1245.0023672734922,D_right
88,7,336.0498597680209,1243.2569020279277,D_right
89,7,338.2327951758229,1246.8139782416267,D_right
90,7,342.0034038953386,1248.4667035703762,D_right
91,7,339.94501483505206,1248.1697624787269,D_right
92,7,339.8441807291616,1247.982940069027,D_right
93,7,338.6351996831549,1249.7672707233692,D_right
94,7,336.8411065198992,1255.396961229574,D_right
95,7,337.2320800366087,1251.6809841492002,D_right
96,7,334.7948770641919,1251.3077761966117,D_right
97,7,333.61514766562107,1251.2613101369916,D_right
98,7,336.08140072859766,1251.160477165639,D_right
99,7,335.85620224107294,1252.284754191856,D_right
100,7,333.4058237494872,1250.7056139762467,D_right
101,7,333.5701196335594,1243.4283547384466,D_right
102,7,332.72121505071783,1238.7542816943262,D_right
103,7,319.04632190445966,1227.3037308001385,D_right
104,7,318.40121028054614,1232.311449201252,D_right
105,7,322.30793154072313,1225.6987315518086,D_right
106,7,328.20065046437537,1221.3115884162178,D_right
107,7,332.5430629346016,1217.886726584086,D_right
108,7,341.2759869706762,1192.6658718252768,D_right
109,7,340.38522294731325,1176.884494226957,D_right
110,7,345.22760601970134,1178.602360543034,D_right
111,7,360.334648270546,1166.3516705722477,D_right
112,7,353.35653488358,1152.3119058675536,D_right
113,7,361.8566908645934,1132.0411371940206,D_right
114,7,368.80489040662087,1118.5868533691903,D_right
115,7,373.2888814139216,1103.073213484514,D_right
116,7,377.7728724212222,1087.5595735998372,D_right
117,7,382.2568634285229,1072.0459337151606,D_right
118,7,386.7408544358235,1056.532293830484,D_right
119,7,391.2248454431242,1041.0186539458073,D_right
120,7,395.7088364504248,1025.5050140611304,D_right
121,7,400.1928274577255,1009.991374176454,D_right
122,7,404.6768184650261,994.4777342917772,D_right
123,7,409.1608094723268,978.9640944071004,D_right
124,7,413.64480047962746,963.4504545224238,D_right
125,7,418.12879148692815,947.9368146377471,D_right
126,7,422.6127824942288,932.4231747530704,D_right
127,7,427.0967735015295,916.9095348683936,D_right
128,7,431.58076450883016,901.3958949837172,D_right
129,7,436.0647555161308,885.8822550990404,D_right
130,7,445.6397833803707,891.5158171497219,D_right
131,7,446.7828780974652,871.3605705480657,D_right
132,7,452.6035307200199,863.1763972214236,D_right
133,7,430.4376764813091,837.8397262541816,D_right
134,7,419.35033398064286,824.4959885538115,D_right
135,7,419.0154295784519,805.7490553965525,D_right
136,7,422.06118261906914,810.5876787324216,D_right
137,7,421.5465104473036,793.732204498436,D_right
138,7,523.3242863916569,796.4123350349158,D_right
139,7,475.477998418809,806.6534735192489,D_right
140,7,434.8632979215064,775.9489224903792,D_right
141,7,433.5239604223596,763.4836339717607,D_right
142,7,439.7192224786604,766.6301616872938,D_right
143,7,435.195016026524,751.5244377268868,D_right
144,7,440.990964494295,755.3537551262352,D_right
145,7,433.5621481197399,746.6810457953908,D_right
146,7,432.5715012768629,747.6509991766161,D_right
147,7,432.959936641838,748.6199242988964,D_right
148,7,433.348372006813,749.5888494211767,D_right
149,7,433.7368073717881,750.5577745434571,D_right
150,7,435.7944277467036,755.2943768607986,D_right
151,7,445.0095358285119,767.487106658877,D_right
152,7,456.2111043602884,776.3930020827879,D_right
153,7,445.6538172563007,775.2110360793422,D_right
154,7,437.4390065076534,776.5095885126166,D_right
155,7,434.0968003689762,780.0741566810367,D_right
156,7,432.73297423810703,782.8818844993182,D_right
157,7,431.50597466534015,789.6772196967257,D_right
158,7,431.4770352780309,787.9991491834494,D_right
159,7,420.7525324648962,790.7961166560666,D_right
160,7,418.9479949296105,793.5262199591682,D_right
161,7,429.5819325729357,789.4155782911602,D_right
162,7,432.637376524333,788.7497298309559,D_right
163,7,435.8897557060261,785.717519705933,D_right
164,7,440.5179445581963,782.3367704645063,D_right
165,7,446.7679287392351,770.2749914769884,D_right
166,7,450.3157586883127,766.2452969082514,D_right
167,7,454.1932943194026,748.3694096501482,D_right
168,7,457.0805721608109,744.6786594745229,D_right
169,7,461.4885287453891,737.8293981580706,D_right
170,7,483.9460641827777,747.777063138603,D_right
171,7,498.4614097473077,738.3304582616963,D_right
172,7,502.3485087624776,730.6780920719057,D_right
173,7,519.5608443960825,712.5345908958428,D_right
174,7,550.6842030677275,733.1790528737346,D_right
175,7,588.3292377782504,748.5744205471475,D_right
176,7,590.5554586439465,748.5428679178873,D_right
177,7,597.9532557459204,739.5960619672887,D_right
178,7,607.6970693200476,739.4836818625291,D_right
179,7,638.0797621297736,751.7501832718533,D_right
180,7,644.6168330158629,755.3234444387658,D_right
181,7,660.205957223781,743.7540550320183,D_right
182,7,662.708493154089,741.9452037604302,D_right
183,7,662.814102443268,738.7689050229624,D_right
184,7,661.7742312121841,736.0656952859996,D_right
185,7,658.3420139056424,729.3000027502756,D_right
186,7,653.2002870363458,721.084789359697,D_right
187,7,641.7055150807515,710.221391221568,D_right
188,7,633.8791900232416,700.6144852353492,D_right
189,7,624.3188687893348,689.1160108059735,D_right
190,7,631.3815212271567,691.0339779078298,D_right
191,7,632.0640249481474,682.9585610553306,D_right
192,7,632.8667585702633,682.3809246258215,D_right
193,7,627.7432903850312,682.29156430708,D_right
194,7,625.848382160545,680.7536951727324,D_right
195,7,632.3325750305021,665.1664461093201,D_right
196,7,616.0277626508203,665.5411400873294,D_right
197,7,595.7552731112864,638.2939839054721,D_right
198,7,589.4095801385391,622.6153121742908,D_right
199,7,583.9165181784808,631.3255032957582,D_right
200,7,586.1529035311977,628.441099889817,D_right
201,7,577.7318496499121,602.6239710816407,D_right
202,7,578.2028853373866,596.9449333705537,D_right
203,7,585.0594961784047,585.8779667742984,D_right
204,7,586.1999795169803,584.6470766359749,D_right
205,7,585.0368082877192,585.5691691537832,D_right
206,7,595.3580056491796,578.3881950298471,D_right
