1,1,822.72561816252,992.434518253822,D_top
2,1,822.72561816252,992.434518253822,D_top
3,1,822.7435153574772,992.3279118362392,D_top
4,1,822.9956200373233,992.5024695119484,D_top
5,1,822.2230849381691,993.7201944395956,D_top
6,1,820.4637325537251,1001.151963998544,D_top
7,1,818.4411348791733,1000.3699825858008,D_top
8,1,815.2035915731857,1001.0122885084962,D_top
9,1,814.2762427052548,1002.169121719374,D_top
10,1,813.3606278280506,1006.2565119129416,D_top
11,1,811.7833339911689,1006.4018623029532,D_top
12,1,804.8514650865973,1006.769953352988,D_top
13,1,799.9729132692942,1012.7475365641284,D_top
14,1,794.4925788783996,1023.1498028072568,D_top
15,1,796.5813791277383,1023.4566807198884,D_top
16,1,791.9369355845205,1021.0808322987672,D_top
17,1,787.5947262025306,1018.6079139419778,D_top
18,1,778.380425964627,1016.9353578450886,D_top
19,1,778.8705902679185,1017.9224021698046,D_top
20,1,778.2932706424209,1019.8188703458676,D_top
21,1,776.1219625072224,1021.1516151518288,D_top
22,1,773.1585085737746,1022.9631449242175,D_top
23,1,770.8352604339386,1028.8743020052418,D_top
24,1,758.2384519222862,1038.328643413883,D_top
25,1,752.2781147011804,1043.6366548801143,D_top
26,1,741.3201802778243,1048.3241888865975,D_top
27,1,738.8598041507321,1051.7847685877075,D_top
28,1,728.2713154259048,1052.5390689048645,D_top
29,1,724.0067809020709,1058.1557325599315,D_top
30,1,723.8410527102111,1076.431480202622,D_top
31,1,724.3571520243389,1086.201365582442,D_top
32,1,713.4486390313795,1100.1537054757778,D_top
33,1,717.4328152730658,1092.4789377203272,D_top
34,1,716.4072206161786,1104.746337974222,D_top
35,1,715.3816259592915,1117.0137382281168,D_top
36,1,714.3560313024043,1129.2811384820118,D_top
37,1,713.3304366455172,1141.5485387359067,D_top
38,1,712.3048419886301,1153.8159389898017,D_top
39,1,711.2792473317429,1166.0833392436964,D_top
40,1,648.5625723095634,1144.5137913068468,D_top
41,1,651.1579693918817,1161.6620940176326,D_top
42,1,644.4283426160368,1168.16467942205,D_top
43,1,637.6987158401919,1174.667264826467,D_top
44,1,630.3190858874076,1180.420015705386,D_top
45,1,620.8185771425814,1181.4119977234582,D_top
46,1,578.4235676713948,1175.1978149742804,D_top
47,1,570.0918168210794,1175.7849851621988,D_top
48,1,550.6722253787184,1174.7067186096087,D_top
49,1,546.363131295113,1172.9359249390309,D_top
50,1,524.5805295811494,1170.4370141648094,D_top
51,1,517.547984948005,1168.9381404767864,D_top
52,1,502.2959718421139,1165.2964484247564,D_top
53,1,494.9141643249944,1161.8882056853913,D_top
54,1,499.9651248916148,1154.7700671050525,D_top
55,1,497.6198127946344,1156.963956450706,D_top
56,1,475.0972946242836,1130.9613188130052,D_top
57,1,493.19009150098606,1136.599090139108,D_top
58,1,481.7306940273364,1117.6179707535453,D_top
59,1,502.96512856243714,1119.0352007098495,D_top
60,1,513.5114672317144,1103.1361483335247,D_top
61,1,507.6738705905187,1093.6619309017765,D_top
62,1,515.5471070642408,1085.5467543564416,D_top
63,1,515.8105398574294,1079.537723244007,D_top
64,1,526.7815790463235,1064.7135466887848,D_top
65,1,530.429711928592,1058.1656129652397,D_top
66,1,541.5092363194718,1054.2345261882797,D_top
67,1,546.9348384357022,1052.1597500383446,D_top
68,1,561.7941146071513,1046.252190413247,D_top
69,1,562.025520549878,1047.543875996817,D_top
70,1,591.834586721301,1061.4191964889935,D_top
71,1,600.0923317978313,1065.2660890723505,D_top
72,1,633.0838739590575,1079.2047710147276,D_top
73,1,584.6016454666749,1050.896982474669,D_top
74,1,599.4759572689167,1052.563992739006,D_top
75,1,630.8078167284222,1073.8810770086038,D_top
76,1,584.5242118946327,1039.1345568777222,D_top
77,1,587.6241400623067,1036.1155999281525,D_top
78,1,487.0424123593073,973.5290806653584,D_top
79,1,575.6532030337762,1031.290525352843,D_top
80,1,604.5582522612158,1043.257957123952,D_top
81,1,607.5984756051441,1038.8821563253616,D_top
82,1,610.2827759725527,1033.503859978344,D_top
83,1,611.4776195155373,1031.0939752628146,D_top
84,1,615.8457341887918,1030.3266342154966,D_top
85,1,614.4659358369776,1024.4149797702712,D_top
86,1,592.339283089318,989.7924357558456,D_top
87,1,591.1491023967736,957.1308778573608,D_top
88,1,600.3619225258807,952.6291259522474,D_top
89,1,605.546703824335,949.6021034563018,D_top
90,1,608.9119531257663,939.7941628239228,D_top
91,1,601.5937095461484,928.2263131166446,D_top
92,1,596.1213499741567,903.431275865995,D_top
93,1,575.36416133828,881.1023188999643,D_top
94,1,584.2035516280511,862.3381168783944,D_top
95,1,585.909568047571,860.5213263650885,D_top
96,1,595.4513474595982,850.9461694793822,D_top
97,1,592.9894966063325,845.3339218647366,D_top
98,1,588.5715722959645,830.933066876754,D_top
99,1,592.5616474774167,825.567314870042,D_top
100,1,558.5193426221235,797.4817749450624,D_top
101,1,535.5172894526128,772.8397670647498,D_top
102,1,528.174635625461,756.7538758408762,D_top
103,1,521.681506255868,744.548920240177,D_top
104,1,510.0071623030385,715.7710207025125,D_top
105,1,490.8887037364482,700.3190593622273,D_top
106,1,519.0021634425805,713.1926393139516,D_top
107,1,513.7219885139231,703.1788251817259,D_top
108,1,523.5063529167609,705.9948287788127,D_top
109,1,513.0327782399721,700.0230862318391,D_top
110,1,502.55920356318336,694.0513436848654,D_top
111,1,492.0856288863946,688.0796011378918,D_top
112,1,481.6120542096058,682.1078585909181,D_top
113,1,471.138479532817,676.1361160439445,D_top
114,1,460.6649048560283,670.1643734969708,D_top
115,1,450.1913301792395,664.1926309499972,D_top
116,1,449.29645474253937,675.26676331289,D_top
117,1,443.8211791940385,677.583213567201,D_top
118,1,449.3670834563835,685.9554725625725,D_top
119,1,450.10351050150666,691.7054723221711,D_top
120,1,406.8758731223588,682.065459613802,D_top
121,1,401.3002180175331,678.544884066094,D_top
122,1,380.5770037925981,702.4649265583133,D_top
123,1,374.6519402887099,700.1589685389305,D_top
124,1,352.4960057229253,709.4164056561284,D_top
125,1,322.2460445802054,688.3443659833025,D_top
126,1,356.3351957742444,731.3025634193492,D_top
127,1,327.7217111346065,728.588087496611,D_top
128,1,314.29249769816494,738.2761886907413,D_top
129,1,309.82875315768763,738.6360156123445,D_top
130,1,305.5569516933587,744.890563699827,D_top
131,1,299.9364296253923,745.743309577581,D_top
132,1,286.03620970389346,759.1118917064196,D_top
133,1,279.02791112188675,770.3010508741952,D_top
134,1,267.22518098153324,779.5330921654382,D_top
135,1,262.7859764496121,784.5026239016422,D_top
136,1,255.24840715410895,796.1825708059921,D_top
137,1,251.8622449912752,805.425835724509,D_top
138,1,249.8662937524369,831.9808556865651,D_top
139,1,247.52885815894197,835.8875397666,D_top
140,1,241.02488734131109,859.4382187551684,D_top
141,1,246.64531811993243,866.7717876105669,D_top
142,1,247.9278876043345,870.4700831110931,D_top
143,1,245.72541403446283,874.0449292667812,D_top
144,1,240.54427223689584,889.130954962667,D_top
145,1,234.16673774872976,903.4438186387516,D_top
146,1,240.08459168142332,919.1175188152072,D_top
147,1,244.8678222000238,930.0296672584118,D_top
148,1,245.35476272690028,947.2688239702544,D_top
149,1,246.5960268031632,954.676077511494,D_top
150,1,248.3738236294309,966.3983667941304,D_top
151,1,254.1470853652347,993.4214512866678,D_top
152,1,280.09217064060306,1017.5623397249524,D_top
153,1,289.77021317428654,1028.7857163615174,D_top
154,1,305.7309404119667,1045.334626674439,D_top
155,1,306.32985664494896,1048.9463053970298,D_top
156,1,297.9847126747717,1055.386520398862,D_top
157,1,295.5369118528595,1056.9865782991326,D_top
158,1,309.0815725562333,1075.7382000405953,D_top
159,1,322.2172817904693,1083.9492043536347,D_top
160,1,325.67333654704663,1097.3166168211874,D_top
161,1,334.5569876972916,1106.6733875336074,D_top
162,1,341.947303605804,1116.366268984642,D_top
163,1,344.1406108133904,1119.4713611249283,D_top
164,1,345.54329810606265,1121.048303668941,D_top
165,1,345.17906483400304,1122.096454995502,D_top
166,1,344.9679656410942,1121.4097959631997,D_top
167,1,344.5940127437824,1121.435146483536,D_top
168,1,342.2337133990368,1120.9293998591024,D_top
169,1,343.2232254707611,1121.6258506049248,D_top
170,1,342.10662105221746,1123.0875024496097,D_top
171,1,338.1461101084302,1123.8299016865656,D_top
172,1,338.53682131476177,1124.114085536344,D_top
173,1,340.06857867549127,1123.7003136501012,D_top
174,1,336.2325926072462,1120.0417535720148,D_top
175,1,333.99395610417145,1119.3369770819395,D_top
176,1,322.743030812567,1115.4595861222072,D_top
177,1,317.89977727774647,1113.583289853518,D_top
178,1,316.6152387877033,1113.919513902565,D_top
179,1,315.4756272650744,1113.7076461828026,D_top
180,1,315.98953887525744,1113.8831165141144,D_top
181,1,315.09439244756527,1113.6248987811236,D_top
182,1,313.37293804106105,1113.1620770304728,D_top
183,1,313.20008189689355,1113.159841052733,D_top
184,1,312.8754419673888,1113.6321824610402,D_top
185,1,312.69332056236675,1113.4974960033855,D_top
186,1,312.1686156005624,1113.2340975774462,D_top
187,1,312.34471474390585,1113.1874873334086,D_top
188,1,313.0960588892353,1113.471845374735,D_top
189,1,313.3452965312142,1113.5744750965223,D_top
190,1,313.7341680367791,1113.5336996378323,D_top
191,1,313.73731971655315,1113.5287368833551,D_top
192,1,314.85622688848406,1113.7657600962857,D_top
193,1,314.9517536491853,1113.7138155854166,D_top
194,1,317.0712944228115,1114.1048759953678,D_top
195,1,317.17721146696584,1114.2048593767763,D_top
196,1,316.54854010732214,1113.8897312661952,D_top
197,1,318.05591890780374,1114.682892147039,D_top
198,1,318.3696465232218,1114.8705011441352,D_top
199,1,318.91747305037484,1115.142246934346,D_top
200,1,325.6689373258075,1119.449009440494,D_top
201,1,324.4018864080934,1119.4504955174025,D_top
202,1,324.8848662013307,1120.284519915103,D_top
203,1,323.68891356388144,1120.639841600152,D_top
204,1,321.0316793708272,1124.056683942419,D_top
205,1,320.3534152349504,1126.5526581719748,D_top
206,1,315.8177124729259,1134.673559088923,D_top
207,1,313.1806178165618,1136.795708483219,D_top
208,1,311.7639313905177,1137.6154279848258,D_top
209,1,311.5000920125023,1136.1884702826787,D_top
210,1,307.8511039709579,1137.758380714373,D_top
211,1,306.31611598230234,1137.950306071091,D_top
212,1,304.16178595900953,1135.3155070961473,D_top
213,1,302.5499185309741,1137.713791774292,D_top
214,1,286.3102646026495,1142.034992380094,D_top
215,1,289.48612454225247,1146.5292126358884,D_top
216,1,276.42340702662256,1147.6588010563207,D_top
217,1,274.8589015208242,1149.4034873165651,D_top
218,1,282.3815007380123,1155.8464559348806,D_top
219,1,280.1049301757697,1155.840102065807,D_top
220,1,271.43155115383934,1163.871805115583,D_top
221,1,264.59398257945213,1169.5404157323287,D_top
222,1,258.9465051888924,1177.0616396637952,D_top
223,1,254.13681532978103,1178.9094419990367,D_top
224,1,256.6489470399441,1182.2017014410164,D_top
225,1,254.21661862040008,1183.7094159163516,D_top
226,1,254.2227958923904,1186.1970865213725,D_top
227,1,251.105041673216,1185.9390159588809,D_top
228,1,251.2270427019697,1186.9189218138768,D_top
229,1,252.8684803058146,1186.3601451953325,D_top
230,1,249.38665445880352,1188.6596167347325,D_top
231,1,245.4767422016968,1191.6053534443529,D_top
232,1,245.34276998241185,1195.660001424823,D_top
233,1,243.16204811581812,1196.4971940560993,D_top
234,1,246.71442952297505,1198.691545427914,D_top
235,1,245.1883798827563,1198.0606546168713,D_top
236,1,241.25623761875937,1203.771656607158,D_top
237,1,243.16525086288271,1206.4991334600727,D_top
238,1,245.79801021179748,1207.3257319257125,D_top
239,1,243.90393154560277,1209.381658659827,D_top
240,1,238.69292830985225,1222.2475659297788,D_top
241,1,239.45821275298945,1224.7078628246977,D_top
242,1,241.93383295996009,1243.1748860702592,D_top
243,1,241.81854960879747,1250.5544622118232,D_top
244,1,259.3013085128676,1266.468630729206,D_top
245,1,258.5637409568584,1272.343668188617,D_top
246,1,264.4325159512906,1279.7415836692762,D_top
247,1,267.6965636981936,1280.4152855846437,D_top
248,1,276.4931213950084,1285.55943397561,D_top
249,1,278.5994000692905,1286.164440559477,D_top
250,1,275.72453669461686,1284.9740919498893,D_top
251,1,275.890913315112,1285.277949437905,D_top
252,1,275.3331953057974,1285.538252646666,D_top
253,1,274.9910762588848,1283.2269239657924,D_top
254,1,273.2252025370707,1287.035831219137,D_top
255,1,274.5091729248706,1286.8360658513827,D_top
256,1,268.5738126368753,1286.8864374796233,D_top
257,1,270.35451079883575,1287.5797783061498,D_top
258,1,272.4658126256927,1288.555937267527,D_top
259,1,272.4694959296015,1288.1054631773768,D_top
260,1,271.29094472780355,1288.489992181357,D_top
261,1,266.91352246272305,1289.1736223684386,D_top
262,1,266.22469244673346,1283.3546019345329,D_top
263,1,263.2731676828211,1288.2456973629548,D_top
264,1,262.5757448912726,1291.670899321972,D_top
265,1,262.7167759282334,1291.8112358333933,D_top
266,1,262.37132880909235,1291.8778444895086,D_top
267,1,259.90669886781285,1291.3573569712785,D_top
268,1,256.9079982066882,1289.8913912533085,D_top
269,1,257.4842697526411,1288.7664574886808,D_top
270,1,250.2247818398848,1294.203930693514,D_top
271,1,248.16829858585547,1293.9351094060164,D_top
272,1,246.95069864794576,1293.8516710029264,D_top
273,1,248.21535795533248,1294.8243804230528,D_top
274,1,247.1151807688373,1300.0858203481623,D_top
275,1,243.18119139429405,1304.6292910363445,D_top
276,1,241.0608801157,1313.206369415704,D_top
277,1,256.9021163521994,1323.5271112992675,D_top
278,1,253.50868830942656,1324.3588631424084,D_top
279,1,252.27598031758825,1324.105798729392,D_top
280,1,252.43353481680245,1323.2515666866814,D_top
281,1,253.0992894626334,1323.7189933692482,D_top
282,1,252.05722378982844,1322.474421359624,D_top
283,1,229.85257600731612,1315.176800844097,D_top
284,1,231.15581573959105,1292.3059886548638,D_top
285,1,239.71294351693683,1276.764827518631,D_top
286,1,252.53211602890207,1275.1036355663296,D_top
287,1,270.91738445526687,1271.8970883945633,D_top
288,1,289.30265288163173,1268.6905412227968,D_top
289,1,307.68792130799653,1265.4839940510303,D_top
290,1,326.07318973436134,1262.277446879264,D_top
291,1,344.4584581607262,1259.0708997074978,D_top
292,1,334.61700790841286,1228.688184036056,D_top
293,1,324.77555765609947,1198.3054683646146,D_top
294,1,314.93410740378613,1167.922752693173,D_top
295,1,305.09265715147274,1137.5400370217317,D_top
296,1,295.2512068991594,1107.1573213502895,D_top
297,1,336.6625454597517,1115.0993883073809,D_top
298,1,350.8827187385336,1106.423953624353,D_top
299,1,353.7903869297361,1093.1726272564183,D_top
300,1,361.8626246973053,1073.0748420644825,D_top
1,2,957.220498802397,1016.3855504294648,O_top
2,2,957.220498802397,1016.3855504294648,O_top
3,2,957.1911808607412,1016.3600462402388,O_top
4,2,955.2230216380976,1023.4256874504802,O_top
5,2,954.7227170810786,1025.8731685616726,O_top
6,2,952.6157177626468,1031.1843485019294,O_top
7,2,952.2339125886706,1032.210240349672,O_top
8,2,952.2513821588008,1034.0733994979337,O_top
9,2,952.0642813119696,1034.0110882021927,O_top
10,2,952.5373513113552,1034.503111143781,O_top
11,2,951.9614317593404,1035.3555586077543,O_top
12,2,947.0447529326824,1042.9088031188965,O_top
13,2,944.5451990003652,1047.163025383437,O_top
14,2,947.9430141877782,1041.2818891692325,O_top
15,2,947.9806509177064,1041.1879147521931,O_top
16,2,948.0775685142396,1041.997647731136,O_top
17,2,946.8682761815844,1034.100991169608,O_top
18,2,942.768151500153,1041.377856066775,O_top
19,2,943.4770465744014,1042.9273413257472,O_top
20,2,943.6862326208892,1044.1913617099276,O_top
21,2,941.3134988480653,1042.941481993157,O_top
22,2,934.6445765575098,1051.2281005483844,O_top
23,2,939.968391751392,1052.7252982830937,O_top
24,2,914.5599242947764,1066.337134108636,O_top
25,2,908.554994556918,1075.7847241474165,O_top
26,2,896.3800748339488,1092.048292020605,O_top
27,2,887.3176502596699,1096.7199975168553,O_top
28,2,871.2385162692453,1100.839987029245,O_top
29,2,840.5561434685685,1083.5192118698433,O_top
30,2,824.573671929184,1097.4251458681042,O_top
31,2,819.9754001588547,1108.2975753749995,O_top
32,2,807.085905321569,1122.488435940332,O_top
33,2,805.3108478328024,1126.4051576825557,O_top
34,2,785.273757062371,1138.088489713597,O_top
35,2,762.1261879835089,1134.6238714983197,O_top
36,2,739.7391123879482,1143.1300548608492,O_top
37,2,733.352738532365,1154.0882528974084,O_top
38,2,716.0960836367744,1160.187843622858,O_top
39,2,722.8201550028559,1182.8542259278283,O_top
40,2,708.7363999943378,1195.3205853536465,O_top
41,2,689.4570216044274,1194.205537400882,O_top
42,2,636.476109656226,1182.901387500992,O_top
43,2,627.8281042799522,1188.4755486794163,O_top
44,2,613.88251279998,1205.6411390474857,O_top
45,2,614.9689886501842,1213.7211860381328,O_top
46,2,590.8047940783689,1218.6634677232971,O_top
47,2,580.242362192152,1224.5265807069989,O_top
48,2,564.3765372745321,1232.541734211257,O_top
49,2,562.255711376318,1233.705711054533,O_top
50,2,557.6677079679708,1243.481666355873,O_top
51,2,552.5876389442356,1243.4770191343314,O_top
52,2,549.069072258699,1246.4524405704728,O_top
53,2,519.8130577625423,1232.2398099002603,O_top
54,2,511.7347834062844,1228.327580498211,O_top
55,2,519.8518635634889,1230.6693134463233,O_top
56,2,482.4740109582955,1219.890001280962,O_top
57,2,523.4308005626651,1237.6107469690935,O_top
58,2,502.2758399398245,1226.961674816073,O_top
59,2,478.2133332866677,1216.8554095324416,O_top
60,2,482.93810628131104,1220.0436109318275,O_top
61,2,470.8207288183767,1213.4957189449633,O_top
62,2,429.4547503775495,1207.7522408082332,O_top
63,2,432.9256037177288,1209.0613749551014,O_top
64,2,464.7768272201753,1212.3324844136462,O_top
65,2,460.7386827888894,1217.0748432776372,O_top
66,2,459.32774231047847,1218.187413720496,O_top
67,2,455.0378980906149,1216.6992408359208,O_top
68,2,448.8587514147784,1220.4899410500325,O_top
69,2,451.8216704145728,1226.0153059660374,O_top
70,2,433.5349433018184,1223.159185448806,O_top
71,2,429.0211423139973,1224.6737654207618,O_top
72,2,400.8531722433361,1222.550860240146,O_top
73,2,387.4038686669184,1221.227860086405,O_top
74,2,394.8105637185033,1234.2384306440852,O_top
75,2,392.1860851550447,1235.1947639719792,O_top
76,2,393.2323313570601,1242.8284577424467,O_top
77,2,393.862490041128,1249.0296605940907,O_top
78,2,395.2757296047552,1252.0852278910777,O_top
79,2,402.00593640198207,1257.036182311083,O_top
80,2,399.41417479030025,1265.252794469763,O_top
81,2,402.0647732503163,1273.5292913751764,O_top
82,2,429.8322179914453,1302.6349099390602,O_top
83,2,423.3802754636778,1302.6631809608332,O_top
84,2,463.4886216476367,1323.7586482776476,O_top
85,2,468.00416630895154,1325.6443327123648,O_top
86,2,464.05566814617566,1327.1338542617054,O_top
87,2,464.0473001813218,1332.314146893643,O_top
88,2,462.8778259639208,1329.447765005301,O_top
89,2,463.33699039824967,1327.8609601120434,O_top
90,2,470.9699026273679,1326.779002014269,O_top
91,2,478.0924935445039,1323.9599550390697,O_top
92,2,489.77366828890223,1321.668704098139,O_top
93,2,491.9353548395636,1315.8925790757146,O_top
94,2,513.3244517282297,1299.8167450747028,O_top
95,2,514.8322113438317,1294.134344859452,O_top
96,2,549.5179367845227,1301.78977941087,O_top
97,2,548.0427040021464,1296.9574929039409,O_top
98,2,564.403697178823,1290.7880435032057,O_top
99,2,569.8141636282802,1284.4359548744485,O_top
100,2,581.4568074278163,1265.7360687277023,O_top
101,2,585.3197430011938,1250.8499099680257,O_top
102,2,593.6732062152325,1242.591328177277,O_top
103,2,594.6688721625682,1241.9149335327384,O_top
104,2,607.8162991526519,1233.2342265844138,O_top
105,2,615.5506448177362,1230.9879540697743,O_top
106,2,624.531719309385,1218.774742689347,O_top
107,2,631.8027856997446,1203.7144747779903,O_top
108,2,638.0536131115246,1195.3901344408578,O_top
109,2,645.4770593356634,1193.9660301387512,O_top
110,2,665.4992461443464,1184.3365515382857,O_top
111,2,679.8156408272016,1181.2737627933716,O_top
112,2,686.7733491776025,1172.3242129477576,O_top
113,2,690.9178386681255,1165.4893819227282,O_top
114,2,701.8572695801556,1145.5422329609892,O_top
115,2,706.4980188585106,1139.6965817749674,O_top
116,2,713.5843600154544,1130.9649037142717,O_top
117,2,717.3840957938513,1120.7368900504532,O_top
118,2,731.9289341516492,1111.6091692841242,O_top
119,2,731.8611032132803,1105.9000847711477,O_top
120,2,741.8654339133814,1089.6319548172394,O_top
121,2,746.3606449318755,1083.5361360999834,O_top
122,2,750.7134309483481,1069.1721124553687,O_top
123,2,752.1509596257443,1063.0021284330126,O_top
124,2,763.1515941980075,1049.6400368942484,O_top
125,2,767.3793011411765,1044.581525918924,O_top
126,2,776.4083146450247,1027.1798382596266,O_top
127,2,781.6872718838894,1020.110616289687,O_top
128,2,793.780771348218,1022.23855552144,O_top
129,2,794.609749451913,1022.7116486910398,O_top
130,2,795.1327972574702,1020.7744817596032,O_top
131,2,797.9419406940017,1019.3603277477898,O_top
132,2,800.4986570422533,1018.7897832026972,O_top
133,2,800.0104020662693,1018.3828248750006,O_top
134,2,798.0680486866082,1018.0358645822266,O_top
135,2,797.9897095308471,1018.4378090745066,O_top
136,2,800.5933121611353,1017.1455343595302,O_top
137,2,800.2877840113642,1014.935891335428,O_top
138,2,800.1071797503407,1014.0152259803984,O_top
139,2,798.4837076290654,1014.2164302727908,O_top
140,2,795.7316069084197,1018.4999755601568,O_top
141,2,797.5390566873165,1018.9226406942144,O_top
142,2,798.8798571093247,1015.6725456497044,O_top
143,2,797.4762636626564,1010.8633658073458,O_top
144,2,792.180283595317,1000.6259630348976,O_top
145,2,793.2567254072281,1000.8937035261498,O_top
146,2,800.6641640859602,1004.041752733441,O_top
147,2,813.339601073307,999.2321896898528,O_top
148,2,827.8550178245005,987.7046353589222,O_top
149,2,834.1240367181904,981.358290760436,O_top
150,2,839.4535888026393,967.5848531068908,O_top
151,2,843.1585255590278,965.7002489379352,O_top
152,2,830.2560331440337,936.228793438512,O_top
153,2,834.7941033775775,930.6469807983472,O_top
154,2,853.0129626505454,912.0730181691104,O_top
155,2,857.3707574911633,911.2796055939914,O_top
156,2,856.5514060634135,896.4196440744226,O_top
157,2,859.203663623376,890.7062367386511,O_top
158,2,851.2472911662858,862.6004349230237,O_top
159,2,845.8535851938808,850.2490855663115,O_top
160,2,851.505845906854,830.7551495875666,O_top
161,2,859.3170611129015,821.907390902444,O_top
162,2,858.8351310715045,809.860076795565,O_top
163,2,860.3562017033418,812.6532992219283,O_top
164,2,856.4471107984552,781.4897186446491,O_top
165,2,834.8940265818301,750.0600494108296,O_top
166,2,839.9395747748131,737.974582512944,O_top
167,2,839.6293105980249,732.4272523604703,O_top
168,2,838.5118544258148,716.9939393091788,O_top
169,2,839.7590087430395,712.3009435875832,O_top
170,2,807.1529806965173,663.6198179474065,O_top
171,2,807.685609852503,659.508177317641,O_top
172,2,798.5519982806519,636.4788717941086,O_top
173,2,801.7377705617779,633.1456347527801,O_top
174,2,818.3345177898841,645.5940651420667,O_top
175,2,819.8025718774076,644.5787415310073,O_top
176,2,826.8677084718349,644.8866911629746,O_top
177,2,823.8270594470795,636.9241851960338,O_top
178,2,819.3380577496921,629.8130211082699,O_top
179,2,820.336258229961,630.5449688593621,O_top
180,2,820.4797232353903,628.6139671933495,O_top
181,2,822.4713339380701,631.571315168797,O_top
182,2,823.340805719754,633.4959484390206,O_top
183,2,825.133902562637,635.1975912526489,O_top
184,2,827.5429975950442,640.2877566523252,O_top
185,2,827.4662255051763,639.6505757275628,O_top
186,2,827.3573313227728,639.6810247482389,O_top
187,2,829.0035877346525,637.6936180556028,O_top
188,2,828.1557301102481,627.6473391900322,O_top
189,2,831.3406446206089,626.4019439166191,O_top
190,2,830.6878957695126,622.9150971828257,O_top
191,2,828.834790981481,625.9517284650719,O_top
192,2,826.1367845855539,638.34815312084,O_top
193,2,821.797076261566,646.5559169616004,O_top
194,2,804.8453213782938,670.2641121612021,O_top
195,2,798.9293768436974,675.3105439652632,O_top
196,2,794.584691694303,671.8598094618391,O_top
197,2,783.5535056661299,664.5459529248461,O_top
198,2,757.618204973938,682.3678639219746,O_top
199,2,755.2343410576593,689.383155569147,O_top
200,2,748.2092050820497,701.2051419706286,O_top
201,2,767.2891327925913,727.7311556182799,O_top
202,2,774.4345333718447,757.0444729454132,O_top
203,2,759.8775679336139,785.8005785494083,O_top
204,2,745.3206024953831,814.5566841534035,O_top
205,2,747.9894166246787,810.4802534755373,O_top
206,2,740.0211414101018,827.7935370023508,O_top
207,2,724.5625905768699,826.1879202048111,O_top
208,2,717.15240498206,845.6947476200202,O_top
209,2,711.7439574847316,862.5877608606088,O_top
210,2,702.0301247690113,871.2260230901588,O_top
211,2,707.664512164365,885.7063027049056,O_top
212,2,693.85881410437,894.2581794561225,O_top
213,2,692.0613771719644,896.8468401141038,O_top
214,2,677.4834709102317,913.4883601487348,O_top
215,2,673.7887058916774,918.7899860987134,O_top
216,2,661.7576109487143,944.4510371984132,O_top
217,2,655.7550871142461,951.9601543075664,O_top
218,2,635.9372620416758,971.2523318869156,O_top
219,2,632.5800283655843,967.8580697258244,O_top
220,2,606.4616770217739,988.4784734842448,O_top
221,2,586.7571718359601,989.8568791501336,O_top
222,2,580.2157647267863,1005.8520585084374,O_top
223,2,582.5805606173185,1006.5250759637483,O_top
224,2,535.8630277651802,1009.3688201706176,O_top
225,2,481.2890760519112,978.6368275944576,O_top
226,2,466.4634790250601,976.3623042987152,O_top
227,2,454.7509271856868,983.0638326120788,O_top
228,2,438.1678195943096,1003.4726060118325,O_top
229,2,436.7864573877958,1006.4369297880228,O_top
230,2,413.8986709089097,1002.7957955012848,O_top
231,2,394.12814226059845,995.1055433260368,O_top
232,2,364.66415333738286,1007.8614043766212,O_top
233,2,355.0553016523891,1001.6512536184932,O_top
234,2,336.3263115320343,990.003925494195,O_top
235,2,330.5083741391568,990.0222257334408,O_top
236,2,321.3205040345712,1003.1655877640004,O_top
237,2,316.87349930300854,1008.5617078928188,O_top
238,2,307.35380488564954,1006.2176976405278,O_top
239,2,305.45514470880573,1011.3458172158068,O_top
240,2,263.2330761940744,994.7618761114084,O_top
241,2,231.77296232872072,983.0784083123156,O_top
242,2,202.89717146977995,974.3297989952158,O_top
243,2,194.48647575659984,971.9669997883636,O_top
244,2,178.16507248614377,970.0777988194388,O_top
245,2,170.76607136319552,967.757298247907,O_top
246,2,170.28062458180133,975.0429889748834,O_top
247,2,174.9677454639261,978.4085747421244,O_top
248,2,156.01811489656794,976.7405221635254,O_top
249,2,136.47789672025576,971.3485741696968,O_top
250,2,108.65215106439226,962.1753435406696,O_top
251,2,133.2563756113535,976.5384760501644,O_top
252,2,98.53173697025754,966.4427671012496,O_top
253,2,100.11986610405675,969.7364687919218,O_top
254,2,74.9743492607112,966.0685053684268,O_top
255,2,79.24308139802972,972.6039770378082,O_top
256,2,74.17506435415436,976.2725234703836,O_top
257,2,76.48404371045228,980.9480726364676,O_top
258,2,74.44715926325955,984.3088023250292,O_top
259,2,73.57902743364565,985.7317507540764,O_top
260,2,66.57241370914836,987.5005175025036,O_top
261,2,56.86857076113891,985.5180605360692,O_top
262,2,51.02124874739377,1001.4621569710536,O_top
263,2,54.1496662352304,1002.8644257531548,O_top
264,2,50.76013367942012,1008.8871690341396,O_top
265,2,48.15133383622078,1009.3096853245138,O_top
266,2,43.910851834490174,1017.0289757733858,O_top
267,2,34.45112074049644,1017.4026441064752,O_top
268,2,43.2079659545778,1027.9129131943057,O_top
269,2,43.05819113200531,1025.8786886950693,O_top
270,2,38.02341782489904,1030.509793856864,O_top
271,2,34.97877625870242,1036.22357599227,O_top
272,2,33.029581259394455,1041.383715656632,O_top
273,2,26.233907843774126,1048.4134425757602,O_top
274,2,13.71267846031816,1070.6962505823726,O_top
275,2,24.430702120218854,1075.4979395459973,O_top
276,2,43.79391949441159,1082.620291208798,O_top
277,2,42.38664928447634,1082.068234183162,O_top
278,2,54.32766109885328,1091.4476205481724,O_top
279,2,57.08477220494553,1093.9514651726895,O_top
280,2,51.34712409236276,1097.58706272907,O_top
281,2,53.64345815198022,1101.336606181116,O_top
282,2,49.04255126575303,1106.0395244622423,O_top
283,2,50.8676191503507,1109.2470178097255,O_top
284,2,45.2058796475204,1115.8495183170285,O_top
285,2,47.23236907304437,1119.2768014007638,O_top
286,2,49.818587151226005,1129.918516387006,O_top
287,2,62.20957694637878,1136.96599808078,O_top
288,2,69.31688978304369,1147.5732581586865,O_top
289,2,79.64530209397493,1151.902062664639,O_top
290,2,91.8856940333346,1160.5031876169,O_top
291,2,103.85016053744764,1169.9952319972303,O_top
292,2,117.30170256215357,1175.7673900113357,O_top
293,2,68.68337094984793,1158.564093542925,O_top
294,2,73.75693173189437,1160.332706260422,O_top
295,2,89.00137185901967,1165.4622220405677,O_top
296,2,109.18868823265764,1174.7570390777214,O_top
297,2,116.4225133405419,1177.5408688682958,O_top
298,2,119.63008512315916,1181.1594679113778,O_top
299,2,123.40662784661784,1183.768494165689,O_top
300,2,122.9853633129393,1188.530706735667,O_top
1,3,627.6806468485378,1347.15508647293,O_right
2,3,627.6806468485378,1347.15508647293,O_right
3,3,627.7280793535275,1347.1529892056835,O_right
4,3,634.2387151366397,1338.5817341751122,O_right
5,3,636.6077079388878,1334.0894899059765,O_right
6,3,641.056507476215,1330.549212032429,O_right
7,3,641.2962981057443,1329.75359026206,O_right
8,3,640.6098592959032,1323.3114620605577,O_right
9,3,638.446988295363,1319.6542013770056,O_right
10,3,646.3215727332214,1318.8864418101748,O_right
11,3,647.1384977570373,1317.302078727732,O_right
12,3,655.9571781577469,1316.911306260519,O_right
13,3,655.7743321522079,1315.988044813197,O_right
14,3,647.7830020811084,1313.5774991813605,O_right
15,3,650.3240678405225,1314.7009385562612,O_right
16,3,655.7438628281787,1316.7502975133152,O_right
17,3,664.9801784461864,1321.420057163282,O_right
18,3,673.4133671710875,1325.0216608665307,O_right
19,3,670.3551290200523,1330.2115693135445,O_right
20,3,664.5670834170828,1345.2615326323946,O_right
21,3,660.4868095353294,1352.8471920692714,O_right
22,3,652.3335507903272,1366.5363575527545,O_right
23,3,652.5531397788462,1366.9047685925557,O_right
24,3,654.5422576318326,1382.174813669551,O_right
25,3,656.0180522367172,1385.6208204749018,O_right
26,3,651.4309215387307,1393.8320947966413,O_right
27,3,647.8422290592985,1398.893728116689,O_right
28,3,639.7790153542969,1408.7149794786967,O_right
29,3,640.3324382061261,1410.8863739567153,O_right
30,3,628.25540940495,1413.633651358645,O_right
31,3,618.7196879815109,1411.770754317405,O_right
32,3,605.4640131132355,1409.171919668241,O_right
33,3,597.2218100169667,1407.0477266432206,O_right
34,3,591.2028586380619,1406.6858759162187,O_right
35,3,591.2478564540157,1407.536057770558,O_right
36,3,588.819797332166,1407.8785505364217,O_right
37,3,587.9722509861414,1408.2618898050168,O_right
38,3,584.1665263397599,1407.8976965793568,O_right
39,3,584.8884709043576,1408.6810884038491,O_right
40,3,583.4423235923388,1409.2973166463346,O_right
41,3,579.8829210313723,1407.834962713851,O_right
42,3,571.5997424560634,1404.2276126101358,O_right
43,3,563.6620277967642,1399.5012260636122,O_right
44,3,592.0989050568883,1397.7968188877155,O_right
45,3,593.2808261811832,1395.5272315275367,O_right
46,3,593.9717511399857,1395.313375049426,O_right
47,3,593.9936476933312,1394.9749185184314,O_right
48,3,598.7777917792497,1391.746801936826,O_right
49,3,606.6356960887833,1386.5950722922394,O_right
50,3,617.3318116945451,1378.2089392093387,O_right
51,3,619.8778986641072,1371.7617369250931,O_right
52,3,628.9074620377529,1351.110936519691,O_right
53,3,640.9227753582373,1329.6673152136802,O_right
54,3,652.0923615567214,1323.5209382026117,O_right
55,3,647.5676883660626,1324.7032663007956,O_right
56,3,645.5331021357274,1299.5057713901929,O_right
57,3,660.7965899138637,1277.7713623742345,O_right
58,3,660.9930119635255,1273.4590676959986,O_right
59,3,673.350054945324,1261.27323548854,O_right
60,3,640.2266725745629,1225.8212428692607,O_right
61,3,700.7265621294296,1248.9927377109404,O_right
62,3,705.384966186724,1238.0801324470615,O_right
63,3,710.3466123263261,1227.376544503067,O_right
64,3,721.0818526730997,1216.1968745177674,O_right
65,3,723.6709264850483,1215.6104566708177,O_right
66,3,728.3259713782168,1212.703023177285,O_right
67,3,729.7066303807807,1212.0029793061544,O_right
68,3,726.5584489304902,1204.5378068336686,O_right
69,3,727.5316469658388,1202.4392704472273,O_right
70,3,726.0581911831385,1195.6783927203765,O_right
71,3,726.2781832992806,1190.185747253813,O_right
72,3,730.4518424874763,1183.9391276066626,O_right
73,3,733.7880428531937,1181.1299429663673,O_right
74,3,732.3975679708374,1176.7542133592897,O_right
75,3,732.8775343985351,1177.2979051484024,O_right
76,3,734.4409188149717,1171.0527830900292,O_right
77,3,730.1612964306378,1165.7142049215863,O_right
78,3,751.2279653049826,1135.3208487674087,O_right
79,3,758.9843296939531,1126.7179473983992,O_right
80,3,772.2339708800251,1107.161002000691,O_right
81,3,773.8905926285038,1099.199586756578,O_right
82,3,776.2388592806267,1087.6657629652482,O_right
83,3,733.1054298338075,1038.50929998345,O_right
84,3,744.079013765654,1032.310922363721,O_right
85,3,747.4326350497595,1014.4019215101506,O_right
86,3,757.9150235105772,1005.3959827749258,O_right
87,3,756.1028531089237,995.9153612538508,O_right
88,3,753.748099351591,975.1783641826644,O_right
89,3,731.8341467761188,953.6209398065846,O_right
90,3,714.2521257297575,928.6544594372564,O_right
91,3,718.9218098873056,922.5426542356396,O_right
92,3,731.9241492664673,900.4821398366643,O_right
93,3,730.72638623439,896.2334883978351,O_right
94,3,725.7806979147795,880.6965847710446,O_right
95,3,722.1005962166007,873.5644052668382,O_right
96,3,672.7028668377202,822.8155113726247,O_right
97,3,666.6139017178415,811.4907734789966,O_right
98,3,663.5733339432971,804.0304199039657,O_right
99,3,661.6735712075232,798.8445617258794,O_right
100,3,628.1818285258497,762.6706525477987,O_right
101,3,623.1747076034673,750.9734955776892,O_right
102,3,618.7120808033001,741.9384669198796,O_right
103,3,598.1982675172112,721.932996776791,O_right
104,3,600.9159760724006,717.3261964485548,O_right
105,3,598.1983313125984,712.4734230460729,O_right
106,3,592.7634913660171,705.735318491896,O_right
107,3,595.7451969969616,711.3247610828566,O_right
108,3,584.965236531872,711.6206011543275,O_right
109,3,571.0556917289676,711.5043622286954,O_right
110,3,531.005602315653,714.3339119540894,O_right
111,3,530.3545898052282,718.6533615472449,O_right
112,3,520.050380764324,718.9000334549038,O_right
113,3,494.247473453821,706.0205098104046,O_right
114,3,441.0147499830891,687.4707342079836,O_right
115,3,447.1028230788264,705.7775183339555,O_right
116,3,429.5194626576896,731.0750850835566,O_right
117,3,427.4096108294109,738.1537999480207,O_right
118,3,424.9257251806344,751.1420174944367,O_right
119,3,422.4418395318578,764.1302350408525,O_right
120,3,414.1793476190276,768.2679203107582,O_right
121,3,385.1206979375136,779.884071385136,O_right
122,3,356.0620482559996,791.5002224595139,O_right
123,3,348.3630356089658,798.8708974205152,O_right
124,3,316.81840646225044,803.892464415627,O_right
125,3,315.99461429996387,807.3488136485383,O_right
126,3,311.0672072715212,828.7892618730175,O_right
127,3,300.52600350124885,838.8347669719087,O_right
128,3,260.30589402568665,850.2700139035827,O_right
129,3,249.08805853224584,860.6743045962371,O_right
130,3,240.8096109328836,876.5647257119156,O_right
131,3,231.83299875630112,897.6982774550851,O_right
132,3,223.19218400371557,899.3427648920557,O_right
133,3,155.6424571177208,871.3871054676146,O_right
134,3,217.2425145510936,971.0230429063536,O_right
135,3,204.12424037614107,976.2162650298452,O_right
136,3,191.00596620118856,981.409487153337,O_right
137,3,186.7738393675013,994.2628230974764,O_right
138,3,170.96685865701608,1025.7032693165122,O_right
139,3,169.57379315598484,1027.3119516627671,O_right
140,3,169.43253923685504,1042.718187878081,O_right
141,3,231.59946170324835,1093.3450905181255,O_right
142,3,216.7924057245528,1103.3752761803887,O_right
143,3,206.03253793008105,1122.1687306013866,O_right
144,3,223.87867596702375,1151.097567884825,O_right
145,3,233.40576324900755,1165.199546902815,O_right
146,3,268.4452469525373,1192.718751276743,O_right
147,3,273.5878279610218,1203.470107705417,O_right
148,3,260.6526157807698,1223.8114805020737,O_right
149,3,257.0744703125212,1231.6866601726122,O_right
150,3,252.02480124907436,1247.5094684796877,O_right
151,3,253.2988082073365,1254.2334493268013,O_right
152,3,284.65599789393417,1281.2861219380318,O_right
153,3,295.52727673885545,1292.904348711396,O_right
154,3,322.5143459097354,1323.1676594099545,O_right
155,3,328.0057776211646,1334.0831795713843,O_right
156,3,311.80065817508284,1356.887862214079,O_right
157,3,307.7595558792187,1364.305169661092,O_right
158,3,302.6431031013659,1370.118423892676,O_right
159,3,296.9923755525045,1376.3404839403718,O_right
160,3,288.21218778435497,1393.9834734568994,O_right
161,3,285.1812636263516,1400.1510438174244,O_right
162,3,283.2159163698357,1401.7913201252393,O_right
163,3,284.3973738266561,1402.1720345455751,O_right
164,3,282.2321548776038,1410.4145523700142,O_right
165,3,280.3352530534244,1414.8653418736262,O_right
166,3,641.826791166304,726.3118490947171,O_right
167,3,284.5091977973878,1428.101229423662,O_right
168,3,281.35243751589826,1435.9642320276096,O_right
169,3,290.97756575982623,1440.2888249574896,O_right
170,3,282.7507521424308,1445.3084199107666,O_right
171,3,628.0802527548767,675.2299286870153,O_right
172,3,280.175122553902,1448.9055853632,O_right
173,3,280.90668219574565,1449.1185168911584,O_right
174,3,282.3698000782908,1449.5399676754157,O_right
175,3,280.4396261850032,1450.6682105313148,O_right
176,3,268.74681262802784,1456.4797949637589,O_right
177,3,261.38262441726283,1459.2602472507228,O_right
178,3,249.07643393918252,1461.2342734990657,O_right
179,3,241.67676233578428,1462.0205312045289,O_right
180,3,234.84318169460323,1464.802139939407,O_right
181,3,231.6822428109248,1465.7790998687954,O_right
182,3,222.5389068603205,1464.581934781,O_right
183,3,220.7148349789077,1464.3354196043394,O_right
184,3,219.7052817401782,1466.531265871655,O_right
185,3,219.3350602685506,1466.5046806896707,O_right
186,3,573.5471502939279,588.6883451117931,O_right
187,3,219.6969240309552,1464.3313541573775,O_right
188,3,211.32273667051976,1461.3197618978218,O_right
189,3,208.861225833271,1460.671565418636,O_right
190,3,209.9920055575081,1458.9592022721,O_right
191,3,210.65111833881207,1454.9383853672598,O_right
192,3,211.6467365333428,1448.5690831396062,O_right
193,3,213.3806110493248,1448.5249446810035,O_right
194,3,214.9947223950529,1444.9922755168757,O_right
195,3,214.95279370540848,1444.9689079966486,O_right
196,3,214.4792508799376,1444.4240417914184,O_right
197,3,754.6457696047619,668.5441682191919,O_right
198,3,214.1953737685812,1444.868817798405,O_right
199,3,212.25360957383288,1445.1949102791575,O_right
200,3,209.5658495707419,1448.824588866437,O_right
201,3,206.80467090812616,1449.9878925794933,O_right
202,3,203.87375188033707,1453.0210365229104,O_right
203,3,203.57424191266773,1453.1552067410137,O_right
204,3,202.29971706022005,1453.5103651164438,O_right
205,3,202.22491236500625,1453.3887779454617,O_right
206,3,204.24462395666544,1453.73661898178,O_right
207,3,201.73350192429183,1452.27341675212,O_right
208,3,201.37650221007672,1452.735896659738,O_right
209,3,201.73319959197187,1452.9418070021532,O_right
210,3,203.5545625130736,1453.4361030803404,O_right
211,3,203.2202006339737,1453.3072887713388,O_right
212,3,203.7038515620365,1453.1859106583106,O_right
213,3,204.12047711976328,1453.080656238924,O_right
214,3,204.130087665108,1453.0268407450635,O_right
215,3,204.598941227867,1452.7765788809093,O_right
216,3,205.69453579184227,1452.057365274245,O_right
217,3,204.4863959659482,1452.150912206027,O_right
218,3,204.8566040885099,1452.538677372282,O_right
219,3,204.7491895695506,1452.7026345039935,O_right
220,3,204.58495458057615,1453.1115703489183,O_right
221,3,204.14115526622467,1453.500861737719,O_right
222,3,204.30463201867687,1453.475676241567,O_right
223,3,204.206694546122,1453.6959670162814,O_right
224,3,203.29234653155652,1454.8963155847837,O_right
225,3,203.4119862783234,1454.449986031194,O_right
226,3,203.15066756768596,1454.6452545918223,O_right
227,3,203.685680511384,1454.559292742409,O_right
228,3,204.5074422881348,1455.0570268328856,O_right
229,3,204.683602687162,1455.1819121102253,O_right
230,3,205.70027548294527,1454.72860767631,O_right
231,3,206.9943026999817,1454.7224843751353,O_right
232,3,214.8218199065771,1455.693958892522,O_right
233,3,220.5547250287031,1453.6347621617283,O_right
234,3,234.82176494980365,1449.8012751507256,O_right
235,3,233.9004289991235,1458.229232869278,O_right
236,3,248.60500835278415,1446.2480305170789,O_right
237,3,248.52920702315063,1446.362812272669,O_right
238,3,257.49020211474806,1446.6472883902843,O_right
239,3,256.2179060042198,1447.270353070234,O_right
240,3,259.2764273909034,1444.4716709702866,O_right
241,3,257.2989101817394,1445.6609011529197,O_right
242,3,258.296867689714,1443.612310598345,O_right
243,3,257.1488071910564,1443.5617795510682,O_right
244,3,257.8815073768423,1447.782791069883,O_right
245,3,259.2840451486068,1442.894869187014,O_right
246,3,264.5664743375551,1441.791681931805,O_right
247,3,77.50680107553285,756.4095024585217,O_right
248,3,280.6760372789098,1442.8509709737834,O_right
249,3,287.96384287648794,1446.1875100325751,O_right
250,3,310.1470969488915,1448.6154290959907,O_right
251,3,310.1358965926863,1450.8481668200127,O_right
252,3,317.8176940575499,1451.6208638969304,O_right
253,3,318.5295933539717,1451.0297775641784,O_right
254,3,322.9471469083493,1450.4784318077895,O_right
255,3,321.72919678102807,1451.2328820115747,O_right
256,3,315.65339846897405,1451.9213065528934,O_right
257,3,314.7301008137697,1451.4383735477563,O_right
258,3,276.4394432788771,1443.521489998449,O_right
259,3,286.46223342728194,1446.363419180066,O_right
260,3,270.1125037172044,1442.2478723927145,O_right
261,3,261.4577284326583,1439.4330013313847,O_right
262,3,258.9509149750767,1438.0047815115788,O_right
263,3,257.0324248353842,1435.9467120144573,O_right
264,3,262.5245806033427,1441.2047806379176,O_right
265,3,263.0313661364856,1440.3130673972296,O_right
266,3,261.3789560930313,1443.2347445546677,O_right
267,3,260.5258456731552,1441.6167401303985,O_right
268,3,260.63218201267966,1446.6462653247486,O_right
269,3,259.8994145438425,1450.708900825666,O_right
270,3,265.31064892573426,1448.1418412991263,O_right
271,3,264.5615274125728,1447.8701311747147,O_right
272,3,268.8768778740378,1451.8606394370788,O_right
273,3,269.66880070773857,1451.170255459466,O_right
274,3,274.7998031698113,1451.7745586030808,O_right
275,3,277.2962485980492,1453.3577987111237,O_right
276,3,281.00495478803765,1460.6570759476947,O_right
277,3,279.5934418235513,1458.2174888520756,O_right
278,3,289.0588490301185,1455.327546823101,O_right
279,3,291.82360682546204,1453.8894584394634,O_right
280,3,296.79215250936403,1449.343565711279,O_right
281,3,302.5037141421942,1444.3274231600417,O_right
282,3,321.0700095603242,1411.8270564973404,O_right
283,3,332.7669141752265,1404.482693840204,O_right
284,3,343.2142351786986,1389.5214155202727,O_right
285,3,345.47517082124784,1388.094054908802,O_right
286,3,352.9632222674838,1381.8517088344786,O_right
287,3,347.7957472464107,1367.8188195872174,O_right
288,3,349.5982632632614,1316.5852263583809,O_right
289,3,352.9817752233988,1306.622978528968,O_right
290,3,320.7269337126277,1240.1933283165015,O_right
291,3,351.16181286419607,1285.514830256584,O_right
292,3,366.0276946224694,1263.549532346116,O_right
293,3,360.3832670336548,1251.8606519288028,O_right
294,3,380.28236306814017,1203.0891889388329,O_right
295,3,382.2707306425856,1193.751154225215,O_right
296,3,388.3385305027461,1193.0311088850333,O_right
297,3,394.6545249441896,1190.6803044206729,O_right
298,3,411.68103387252,1169.0671322743208,O_right
299,3,412.4402623711598,1153.4292726496117,O_right
300,3,407.4308022634687,1139.0663327708985,O_right
1,4,580.5941255501189,466.5925052429667,D_left
2,4,580.5941255501189,466.5925052429667,D_left
3,4,580.3160854307778,466.1874151135048,D_left
4,4,579.0562909954057,469.5793795093649,D_left
5,4,578.6870364768192,469.6974137112283,D_left
6,4,580.1320276651599,472.0186026366579,D_left
7,4,577.8661041194442,474.2876452178268,D_left
8,4,577.8019251934986,478.104901425658,D_left
9,4,576.3207855369651,476.8934610365957,D_left
10,4,575.3809592604613,477.0490600338561,D_left
11,4,574.9342750636122,479.2749593501098,D_left
12,4,563.3788224199192,482.15340812453735,D_left
13,4,558.8683811915474,483.3922299809733,D_left
14,4,545.2102344231367,482.4638870673562,D_left
15,4,541.5399382468038,483.256278764222,D_left
16,4,532.2838799156951,486.9902772751517,D_left
17,4,525.2599385280215,494.5879654579974,D_left
18,4,510.55634120809503,497.68983886644367,D_left
19,4,510.6715661677741,503.1487201857833,D_left
20,4,502.1515812955747,505.9952952884129,D_left
21,4,499.6175271640166,507.8891190713072,D_left
22,4,503.7534282360718,514.5921912502796,D_left
23,4,488.5625944946966,504.3113601066137,D_left
24,4,471.09916512641,527.284518297285,D_left
25,4,469.3729915780891,529.2691660830909,D_left
26,4,452.1057619017596,546.2008403298195,D_left
27,4,460.0624331636592,553.3208841399887,D_left
28,4,457.59741678922506,578.408719466817,D_left
29,4,460.0044468888578,588.262752686593,D_left
30,4,470.25674416296783,616.526935270614,D_left
31,4,469.1667020135869,625.7036040671064,D_left
32,4,455.551991446758,634.9431115066162,D_left
33,4,450.303395909073,645.3826294785888,D_left
34,4,437.6831702396419,662.7544134518758,D_left
35,4,436.4143864745381,671.6043783081159,D_left
36,4,438.4299014550056,684.8967100145228,D_left
37,4,438.7608563760415,691.9022481159589,D_left
38,4,436.5866802486506,697.7162494803189,D_left
39,4,431.9484963438557,698.8903349817843,D_left
40,4,426.1315170482258,706.1552431063216,D_left
41,4,420.0223578732506,708.7531148880553,D_left
42,4,415.7206272672514,714.6887962888519,D_left
43,4,412.6562093603084,714.8441877828773,D_left
44,4,403.644699118835,716.8914099686122,D_left
45,4,398.5996990868789,716.3979696402599,D_left
46,4,388.7182668785903,716.7313127597592,D_left
47,4,388.3830791548584,721.4522260737158,D_left
48,4,384.72249516532605,721.7278817512938,D_left
49,4,383.8166810090194,722.1455192269113,D_left
50,4,389.9467086642015,728.8961246712306,D_left
51,4,390.2036711252629,730.0971184781031,D_left
52,4,388.1299711424956,727.8082574311808,D_left
53,4,390.3996434344436,727.7625212359815,D_left
54,4,386.78173706919966,717.688694311005,D_left
55,4,387.74482525952845,714.5735064139872,D_left
56,4,394.0180833543277,711.5630741879072,D_left
57,4,394.7056200106086,707.7272971635183,D_left
58,4,399.1446650976297,708.417908520115,D_left
59,4,404.7826306745052,710.234161783904,D_left
60,4,398.5120082080296,692.3509229515945,D_left
61,4,397.50381751182687,678.0405888046059,D_left
62,4,410.1414876826034,671.4517723940706,D_left
63,4,413.3980500787561,664.4861721983827,D_left
64,4,430.90529826512005,657.0202398517067,D_left
65,4,433.5759279634496,655.6781957491947,D_left
66,4,446.5758070365623,650.7815665177574,D_left
67,4,453.5621592934052,646.6223560426282,D_left
68,4,452.1454492439794,638.1120273644656,D_left
69,4,451.8575188064477,637.0387082375802,D_left
70,4,450.3573757051722,634.953550107345,D_left
71,4,448.5798314461958,633.4385603324841,D_left
72,4,446.7023447566848,633.1892864605994,D_left
73,4,442.2392003897218,631.4118276613244,D_left
74,4,429.7036348382061,625.0169817279271,D_left
75,4,431.9704233529666,628.6484418079872,D_left
76,4,429.4903099169906,628.9275022464964,D_left
77,4,430.60002545250666,630.3173815676687,D_left
78,4,429.0575412355067,628.6138197534392,D_left
79,4,428.5009020645335,628.019067171401,D_left
80,4,425.4627785283446,623.2281076533926,D_left
81,4,426.3631035680289,623.1151617982263,D_left
82,4,425.5180697929222,621.3428259690144,D_left
83,4,427.2776602992052,622.7299608366536,D_left
84,4,425.8654173691368,621.2849578143404,D_left
85,4,429.61357213125865,620.5058078738244,D_left
86,4,434.2072342440015,602.9541784389088,D_left
87,4,440.3687584965124,594.8408675778066,D_left
88,4,446.85110888841166,587.4836215976767,D_left
89,4,443.987308894456,581.2668393937214,D_left
90,4,452.5585828864944,577.365002265592,D_left
91,4,451.3716908034098,564.2212414079911,D_left
92,4,447.5856576843813,559.5435171541438,D_left
93,4,445.5668775913024,558.3777770674,D_left
94,4,446.49067458194327,561.9993967610354,D_left
95,4,444.97185607210025,559.5385704619762,D_left
96,4,452.57878750088577,556.557559948223,D_left
97,4,445.4561996047676,549.2678725594852,D_left
98,4,432.6806152335533,528.1713027252125,D_left
99,4,441.1072549277493,532.857917506083,D_left
100,4,449.1555048998048,522.7815791396133,D_left
101,4,452.92575082863726,518.6412201635358,D_left
102,4,469.03500316851375,506.3037959223475,D_left
103,4,475.78635445349664,506.67440984144633,D_left
104,4,466.0824766086999,485.9707654206364,D_left
105,4,479.058835001422,488.22485667215705,D_left
106,4,476.3990211437388,466.3843335353095,D_left
107,4,483.531831505825,451.60012915651504,D_left
108,4,488.8504220297128,439.16329342813685,D_left
109,4,492.559202397464,431.33744647938113,D_left
110,4,506.07613656583857,424.751406625092,D_left
111,4,495.6287522966561,398.2575637208407,D_left
112,4,467.85173669208376,351.589193459372,D_left
113,4,477.7091009618153,343.5774787419349,D_left
114,4,506.3808428676199,349.0988361722517,D_left
115,4,507.378868668151,343.4376056553459,D_left
116,4,514.1311852897172,346.6932117224657,D_left
117,4,512.3089041996512,342.58045622489817,D_left
118,4,519.374140783704,327.8955259136082,D_left
119,4,520.8520029067693,326.8794730042551,D_left
120,4,521.247218132608,326.97958715636736,D_left
121,4,518.7112932618262,320.5946915507466,D_left
122,4,525.8796227399126,320.7326493355328,D_left
123,4,526.6856637146377,320.89295552373454,D_left
124,4,525.817635240432,315.4088037577672,D_left
125,4,528.3685427508427,317.2548296405107,D_left
126,4,534.3648628928804,323.4338689548749,D_left
127,4,545.122275088354,333.5790467823162,D_left
128,4,566.7936693370228,358.6970109424515,D_left
129,4,568.4914862983383,359.4784762810433,D_left
130,4,569.9531558272465,361.07854038010527,D_left
131,4,569.0814092881708,360.04528997364514,D_left
132,4,567.2648462208747,358.38719738173154,D_left
133,4,571.6254077265958,364.1520777483639,D_left
134,4,571.9765231772221,364.9398971720559,D_left
135,4,577.084512663623,373.6461014274674,D_left
136,4,593.3742863913678,396.06592016511286,D_left
137,4,595.8448696441172,402.3340534714464,D_left
138,4,604.7354529358286,420.9030332892028,D_left
139,4,600.8234883664979,432.9049981676125,D_left
140,4,608.7906873729128,432.2251325390636,D_left
141,4,607.7307909554501,431.6882103583084,D_left
142,4,609.9353984768293,441.2660936370627,D_left
143,4,610.6652719126029,446.5315717804804,D_left
144,4,622.7669501452203,471.9065149102093,D_left
145,4,625.820462216329,479.9781900633776,D_left
146,4,625.815577204241,507.0667818645449,D_left
147,4,623.3012090045756,511.5524366269024,D_left
148,4,622.4434390799861,519.8075687993202,D_left
149,4,624.5385340428674,527.3063891097917,D_left
150,4,634.9475336130603,550.7981444158291,D_left
151,4,634.7832577102322,550.8131737460556,D_left
152,4,624.31217505807,557.3737535590849,D_left
153,4,623.8263274500746,561.847736039838,D_left
154,4,601.1194355298918,556.9922962501537,D_left
155,4,613.0824261290895,574.6687943301854,D_left
156,4,619.2925030931507,603.3943873401587,D_left
157,4,630.1217308288072,607.7268969038668,D_left
158,4,619.132068432233,624.1481866448473,D_left
159,4,617.376513404392,624.185991047832,D_left
160,4,632.8946590053881,637.484503905672,D_left
161,4,643.3129804658995,652.5552610816533,D_left
162,4,647.7223837252719,672.9402640137233,D_left
163,4,642.5284622074709,671.7349122595338,D_left
164,4,629.8669065080721,662.984418964738,D_left
165,4,630.5910266549901,666.3528052359942,D_left
166,4,631.2852103627391,688.5405524559746,D_left
167,4,630.3367948535046,711.9521328785676,D_left
168,4,623.2908829958244,711.814600312662,D_left
169,4,622.289030197642,713.4001857526438,D_left
170,4,616.4032918688861,716.0510986756783,D_left
171,4,620.4830437268765,716.558503578706,D_left
172,4,614.8669820735131,726.376621993973,D_left
173,4,615.2559790586278,729.5183157715237,D_left
174,4,614.7975482286383,736.6300324118287,D_left
175,4,614.9509970329326,750.9207168296189,D_left
176,4,617.1203949785637,764.7066773232274,D_left
177,4,614.442303280664,767.5074592014863,D_left
178,4,618.1625805517197,774.5008448388219,D_left
179,4,614.9808704008205,772.2989832174686,D_left
180,4,614.9768985775601,773.6520284609309,D_left
181,4,611.4375224327815,770.4015319025658,D_left
182,4,613.3723749398671,785.2734102195192,D_left
183,4,611.1651908097101,792.6423367900815,D_left
184,4,615.2543764476386,789.3488307168025,D_left
185,4,614.0903215475026,790.479503979453,D_left
186,4,614.5066611058048,788.4586755604911,D_left
187,4,616.2134800815467,787.9536480890894,D_left
188,4,621.8386982965092,806.1106526918843,D_left
189,4,623.1400055484278,807.5860121661739,D_left
190,4,622.7253859045713,808.513317798325,D_left
191,4,620.1328984991845,805.7641195620934,D_left
192,4,620.2352647728006,805.5718384663099,D_left
193,4,620.8025357018829,805.4054076623366,D_left
194,4,621.0473597614755,803.0827357127935,D_left
195,4,622.4104338017195,803.5105712482275,D_left
196,4,621.959140748087,802.5421675295593,D_left
197,4,622.379885220424,800.2878170743852,D_left
198,4,624.0823621431823,801.9259357428513,D_left
199,4,623.3275689699924,800.1399878299367,D_left
200,4,618.443081729645,790.6176148297669,D_left
201,4,615.9739939477324,782.5544766999529,D_left
202,4,595.9158738360873,778.4254165251492,D_left
203,4,586.6689726954153,790.1020968501954,D_left
204,4,572.0992332194777,787.0460046068779,D_left
205,4,576.249702868978,794.7552810393125,D_left
206,4,571.1314600219387,794.0652306723307,D_left
207,4,569.9495563947224,796.3340451815319,D_left
208,4,542.293555898855,787.849309546988,D_left
209,4,540.5713837555143,793.5924099282673,D_left
210,4,530.4478901328129,809.1839787113416,D_left
211,4,530.9981591077055,820.8052403008595,D_left
212,4,522.7291010154014,827.2855412084753,D_left
213,4,516.4521751406619,825.4796794598205,D_left
214,4,507.269077042064,835.4240354119559,D_left
215,4,509.9364584901546,836.1412906828798,D_left
216,4,506.53395439642105,847.7579998711274,D_left
217,4,527.0251708318962,855.2931138103282,D_left
218,4,541.149497549613,876.4673839911948,D_left
219,4,539.2080727310434,881.6957039184604,D_left
220,4,535.1476036042287,893.8432239524365,D_left
221,4,530.4611958887613,895.2962137766631,D_left
222,4,518.735380115934,894.6111298818957,D_left
223,4,516.4020277716586,894.99394117616,D_left
224,4,483.9251531545993,902.2721878185192,D_left
225,4,476.8770470528377,920.6568676443512,D_left
226,4,472.8149590122754,924.8465253573432,D_left
227,4,469.35042667224366,940.2624167619368,D_left
228,4,407.9384869495839,909.660189331815,D_left
229,4,411.24309750664565,913.1629110873477,D_left
230,4,401.05143656489554,926.1512783814748,D_left
231,4,391.6598419049802,938.7322060660928,D_left
232,4,385.8101594852552,944.8205693060715,D_left
233,4,382.2273077981994,943.0710460937509,D_left
234,4,368.0076148790605,937.22982771926,D_left
235,4,367.48840389525054,940.0983784345522,D_left
236,4,354.528578283314,944.6231655561656,D_left
237,4,333.1858181832824,936.9597164147044,D_left
238,4,298.83096307064085,925.8768118841556,D_left
239,4,282.7749476152475,919.7619257287292,D_left
240,4,262.21479768451263,918.586361189904,D_left
241,4,255.9082281034937,917.7889777650608,D_left
242,4,240.8051685396472,919.6789260789244,D_left
243,4,233.86494077072643,917.126916042954,D_left
244,4,229.65500263795025,927.0286306651208,D_left
245,4,228.3526572207103,929.6205413332316,D_left
246,4,218.08855245271383,929.99390578614,D_left
247,4,216.2136210600092,934.4585840325076,D_left
248,4,214.5555331219566,943.3256579505088,D_left
249,4,212.88713104919464,944.8411712800428,D_left
250,4,210.6662740825335,943.1889789921494,D_left
251,4,209.75571862403757,943.9616430701068,D_left
252,4,214.261113125504,945.8189334064132,D_left
253,4,214.37316634856032,945.4945097920444,D_left
254,4,208.00250175163748,938.1969402710469,D_left
255,4,207.94937051795523,939.2669332758744,D_left
256,4,203.25835596662728,931.3527683633894,D_left
257,4,193.24666672816068,922.7195069110468,D_left
258,4,188.70490447659336,919.892726808324,D_left
259,4,190.1369016414804,920.7774628855268,D_left
260,4,178.61149030086744,915.0384308988884,D_left
261,4,183.6343386615328,917.5596954120826,D_left
262,4,186.8698149265742,919.0623853655918,D_left
263,4,188.1531701274637,920.7510863402524,D_left
264,4,183.27518680271476,920.1169439193112,D_left
265,4,184.78180944942116,920.750866504221,D_left
266,4,184.3097158008992,921.5091300652686,D_left
267,4,186.85211748065632,923.7420814084832,D_left
268,4,185.078214216051,924.6166486677416,D_left
269,4,184.7631654622826,924.962660334898,D_left
270,4,184.08814761830556,930.6872031106992,D_left
271,4,179.42842435350383,933.8576487377354,D_left
272,4,175.43630388119956,934.537325842672,D_left
273,4,176.60556507809773,934.0178036379396,D_left
274,4,172.8860089814915,935.550191487096,D_left
275,4,170.80092358981392,936.7573288620524,D_left
276,4,166.2806508408384,940.5479305816692,D_left
277,4,163.39331710433922,942.0974532581567,D_left
278,4,159.2255007290155,948.5722870575228,D_left
279,4,145.04040135076133,947.9076836849896,D_left
280,4,167.96134248302786,966.0093887539442,D_left
281,4,171.79685661166823,971.725727020532,D_left
282,4,171.20804041978624,977.4673392587252,D_left
283,4,166.8446154116841,978.3853025737816,D_left
284,4,170.85690833943974,984.2123199260312,D_left
285,4,170.6601833540836,984.7928774695224,D_left
286,4,165.23347602953925,987.1879124154896,D_left
287,4,166.67781357438872,989.8487009822502,D_left
288,4,165.55452652920206,1000.5506975510552,D_left
289,4,161.6134019980471,1001.1761911180444,D_left
290,4,157.92243431938715,1004.4948857513224,D_left
291,4,156.63864437613154,1007.2786644696108,D_left
292,4,155.8967597450329,1017.2870035781928,D_left
293,4,157.35976331055204,1021.1663648750038,D_left
294,4,155.40716068458502,1020.9523947528425,D_left
295,4,149.30796122353428,1015.7583033168312,D_left
296,4,149.91966607754725,1022.6774499167389,D_left
297,4,151.05404155612126,1021.1859669710084,D_left
298,4,127.9228237569031,1026.2069680568345,D_left
299,4,124.76947573652552,1026.0831244029375,D_left
300,4,172.87277804570667,1050.7278891294743,D_left
1,5,609.8621379581551,109.5298549247626,O_left
2,5,609.8621379581551,109.5298549247626,O_left
3,5,610.0286217164263,109.7398346074778,O_left
4,5,612.0671487545942,112.73076760322712,O_left
5,5,612.1167156965909,112.88658910879288,O_left
6,5,611.9682083351078,112.60836275157592,O_left
7,5,611.9140163342415,112.2798105600408,O_left
8,5,612.287047601212,112.5912616547646,O_left
9,5,612.6146140596152,112.86146289835538,O_left
10,5,612.3760254647808,112.4433035454056,O_left
11,5,612.4060889339828,112.4407588330625,O_left
12,5,613.1332561270046,114.2782005150082,O_left
13,5,613.2087629966386,114.53461456536304,O_left
14,5,612.4774976750177,114.16331597195057,O_left
15,5,612.1625047130592,113.65343638133568,O_left
16,5,611.8857756534189,113.29585826548951,O_left
17,5,611.7358695336072,112.96064941959972,O_left
18,5,611.4767676986497,113.54182089814462,O_left
19,5,611.7550445499465,113.69929956162056,O_left
20,5,610.6734058206638,113.627884690822,O_left
21,5,611.3757168969933,114.8082579912876,O_left
22,5,610.2682022447773,115.9167868039962,O_left
23,5,609.2182161520939,116.80522894391126,O_left
24,5,605.7347891019923,114.7061506430485,O_left
25,5,604.5576415918954,114.135148625684,O_left
26,5,603.3853660935962,114.56453566687324,O_left
27,5,604.2397792136295,117.29915812553313,O_left
28,5,604.7327472526609,119.57818994664484,O_left
29,5,604.8660915556278,121.2247105030644,O_left
30,5,602.872177045142,121.46234935713473,O_left
31,5,601.0233242030229,119.84967507935134,O_left
32,5,601.7853383293531,123.75099634016404,O_left
33,5,602.2204568071785,126.26328838350976,O_left
34,5,601.6028299438658,129.60431718925756,O_left
35,5,597.9886581341406,126.98905225219048,O_left
36,5,591.9191344447532,125.103504866601,O_left
37,5,590.5253401424089,124.34272921449548,O_left
38,5,586.9105086837678,123.64746524702949,O_left
39,5,585.8298048720964,123.83224391041291,O_left
40,5,588.4732371893487,134.0945461934271,O_left
41,5,586.4567333387857,135.29713139308296,O_left
42,5,587.5411589424984,139.46847935522703,O_left
43,5,585.5722345875088,137.6463824396839,O_left
44,5,592.7966182695832,151.4106956948382,O_left
45,5,592.2420414573127,151.44807579426194,O_left
46,5,588.6460271395443,147.12502629464538,O_left
47,5,589.1893902139622,149.59232228893697,O_left
48,5,587.831185894284,148.51308518770176,O_left
49,5,585.1042384398146,148.30901709169063,O_left
50,5,582.1967147575523,147.2826358930017,O_left
51,5,581.6490327157619,148.5888892508685,O_left
52,5,580.4057843574918,147.88577788170815,O_left
53,5,581.0916437940618,149.7785872681624,O_left
54,5,581.3143374360814,150.78937113109538,O_left
55,5,581.4160375912674,151.34179181670316,O_left
56,5,580.1373171736994,152.21059076907738,O_left
57,5,580.8259477783716,151.8821510316353,O_left
58,5,580.8223590444503,152.4636267058542,O_left
59,5,580.8599552503507,152.6690046653538,O_left
60,5,579.6747931428544,152.13111313759347,O_left
61,5,579.5851617521232,152.02971156571664,O_left
62,5,579.7884207397057,153.24815451797195,O_left
63,5,579.9583405262081,154.4068647406452,O_left
64,5,580.4231694007896,158.42692090138146,O_left
65,5,580.5563172280146,157.89727811592647,O_left
66,5,575.5437434108738,151.33291128548356,O_left
67,5,575.4237652997135,150.7960585555174,O_left
68,5,575.6086326921147,151.02754238672958,O_left
69,5,575.4221788814742,150.85513520976284,O_left
70,5,575.1924235363956,150.73362416586562,O_left
71,5,575.1385984781873,150.81549275047738,O_left
72,5,575.572858713543,151.34582231289374,O_left
73,5,575.6168333690995,151.37943883378253,O_left
74,5,576.9029772810281,152.89734986719893,O_left
75,5,576.8752442770717,152.83218794468584,O_left
76,5,577.0287646820912,153.08863098515528,O_left
77,5,577.0104788339768,153.2533506833004,O_left
78,5,576.9854614520724,153.62482171576772,O_left
79,5,576.9351738674623,153.538331501992,O_left
80,5,577.0753122891107,153.62872039973058,O_left
81,5,577.522129388298,153.5377494909961,O_left
82,5,577.8952818170077,153.6615032704053,O_left
83,5,577.7962272722694,154.19401719373695,O_left
84,5,577.5790274056374,151.88263738364262,O_left
85,5,577.3023970900891,151.09186572695774,O_left
86,5,577.1145230059764,150.72217531170108,O_left
87,5,577.6169870206907,150.77481638483863,O_left
88,5,577.4280199658186,150.78238549853072,O_left
89,5,578.18391422733,151.78781753114723,O_left
90,5,576.8867652429834,150.92091849896713,O_left
91,5,574.9890513877267,149.9479045350841,O_left
92,5,574.2093358527428,151.0405722095158,O_left
93,5,575.2199555913185,153.2651420600778,O_left
94,5,571.9247475927425,154.13136122045572,O_left
95,5,571.0347714263842,155.1611541820464,O_left
96,5,570.8494334606412,156.89141293068582,O_left
97,5,569.6410232634396,158.80681281631823,O_left
98,5,571.7110486465033,166.66522565626445,O_left
99,5,571.600296674135,167.6272227700267,O_left
100,5,564.362438931059,158.76163234984074,O_left
101,5,564.0499543852397,157.27329143933605,O_left
102,5,564.6824336256976,158.55089157743868,O_left
103,5,565.0316676883393,158.44281056158718,O_left
104,5,564.7967835801077,155.6202081408538,O_left
105,5,567.3664695064749,158.93224114377415,O_left
106,5,568.4752742978355,160.13955369289206,O_left
107,5,569.285891501977,159.69048108670367,O_left
108,5,570.1943333545692,157.0037831911898,O_left
109,5,569.5589976409606,154.67621278534952,O_left
110,5,573.1460714164174,154.34413061246858,O_left
111,5,570.9167149742893,150.16412311524346,O_left
112,5,576.8748366353237,161.24841066706404,O_left
113,5,576.479130829516,160.95514051213462,O_left
114,5,571.3131033675917,154.87373155683596,O_left
115,5,571.1902607375093,154.8036881937648,O_left
116,5,571.8848754934603,155.45710537367117,O_left
117,5,572.202554731826,154.97748105068408,O_left
118,5,575.5973674966124,158.2109376195725,O_left
119,5,574.4963536062171,157.34008350070093,O_left
120,5,575.8245291178106,159.1957851510696,O_left
121,5,583.0307870099961,171.15885735924212,O_left
122,5,592.0746807065324,179.51662621887206,O_left
123,5,593.1299401287289,177.7887093443826,O_left
124,5,603.2086342095382,192.32631313920285,O_left
125,5,605.1063160376502,198.45562210783663,O_left
126,5,611.6715005067804,213.9885053941245,O_left
127,5,607.8588759963243,210.9790757217034,O_left
128,5,604.104489064112,203.08414453287747,O_left
129,5,611.7249313132259,213.09903569085853,O_left
130,5,630.4004864432713,235.77769311172497,O_left
131,5,631.3244871077924,251.9781342732284,O_left
132,5,647.9556474263511,261.65467338778217,O_left
133,5,656.4935471083435,274.6154466949592,O_left
134,5,671.888558779236,299.2802969745889,O_left
135,5,668.8787638810938,297.65104451158334,O_left
136,5,682.4662295230155,322.876041168097,O_left
137,5,687.8020991521366,337.9909968727294,O_left
138,5,687.1755432093222,348.1047096632105,O_left
139,5,685.6612909816763,355.4525296781256,O_left
140,5,694.9970371301712,386.21500997482383,O_left
141,5,684.1951660603909,381.9542324054799,O_left
142,5,697.8831358953271,412.2032718227724,O_left
143,5,704.6742843216254,426.711524950346,O_left
144,5,709.4419525882823,443.1130428142695,O_left
145,5,710.1649210778886,450.3304254110252,O_left
146,5,704.7793647957732,465.3929660496491,O_left
147,5,709.791939709465,463.51245828092834,O_left
148,5,713.7208736728951,473.33815348293,O_left
149,5,728.7797489400195,497.0302830184276,O_left
150,5,730.9561377406541,522.1566685370276,O_left
151,5,740.4470422857722,542.3693351233759,O_left
152,5,745.6263320529122,564.1388266261883,O_left
153,5,744.8069416520129,569.8161522332841,O_left
154,5,747.1343601327088,576.0575068158554,O_left
155,5,743.2148351067153,579.6227096151825,O_left
156,5,725.2797890962494,575.8045224347732,O_left
157,5,731.9375040641061,589.0583239236324,O_left
158,5,732.5763419655885,610.752858317245,O_left
159,5,736.353894411385,625.8735736242668,O_left
160,5,742.530339007593,638.953189219976,O_left
161,5,743.4455701882922,642.6281037542933,O_left
162,5,736.9416079632849,665.5399940525998,O_left
163,5,736.582407238704,667.8941289203992,O_left
164,5,731.3848246389372,680.8987498418727,O_left
165,5,731.1422055993872,681.9145607663628,O_left
166,5,720.7260170193335,682.8363621764979,O_left
167,5,711.9790964948799,686.3653843070299,O_left
168,5,715.0817877965862,700.7112825240971,O_left
169,5,713.2735745609184,703.6216260359756,O_left
170,5,695.1819172970916,719.5846299740424,O_left
171,5,693.8233046736045,724.8674778415261,O_left
172,5,692.8986118598862,719.1361385297695,O_left
173,5,611.7044524877299,662.725079670892,O_left
174,5,618.6427538694261,675.8685754980208,O_left
175,5,616.5513098991441,676.892270342397,O_left
176,5,619.2845580390157,683.2029886291521,O_left
177,5,624.1437668029726,687.92540756303,O_left
178,5,666.8139781402008,707.200751763367,O_left
179,5,670.9763301107291,705.83251501454,O_left
180,5,670.3601252185383,707.9659499993991,O_left
181,5,669.528175304351,708.0192524639203,O_left
182,5,668.4661316843882,710.2175978155637,O_left
183,5,668.548308399676,708.7469271186689,O_left
184,5,672.4127133270929,708.0077219280481,O_left
185,5,673.2768873586325,707.8265963066567,O_left
186,5,665.5978624045028,712.823179763439,O_left
187,5,667.3906929962922,715.6838978862526,O_left
188,5,661.6148392999423,709.7462737181645,O_left
189,5,664.9206177404182,714.5654449334019,O_left
190,5,673.410182861916,723.1911567238651,O_left
191,5,672.7658484830768,721.6970556151962,O_left
192,5,681.5929222279443,730.1786611808192,O_left
193,5,682.5640464378118,732.1396786383693,O_left
194,5,682.3327434257889,732.2122258241859,O_left
195,5,681.9065203805644,731.6070364208349,O_left
196,5,687.2266076316162,727.3373988859694,O_left
197,5,690.6062617579714,730.5151314479266,O_left
198,5,693.502829549352,718.1652414651389,O_left
199,5,692.7345285024242,724.8697310245809,O_left
200,5,690.0366092174853,725.1983200336607,O_left
201,5,692.0163362583105,727.2249107443677,O_left
202,5,702.6648645106991,714.5694143496773,O_left
203,5,716.0762600911137,710.9949416070256,O_left
204,5,680.9247679431631,678.8176274887018,O_left
205,5,689.5731665847468,687.716658033836,O_left
206,5,677.293910786342,691.2247200363807,O_left
207,5,698.3713997893038,712.3733867546944,O_left
208,5,707.2530033894095,711.2994093889379,O_left
209,5,702.166515659473,699.6045380091408,O_left
210,5,734.1722852376063,725.0943800836413,O_left
211,5,736.84683306321,724.7950606379784,O_left
212,5,746.1804675729205,706.5115557768546,O_left
213,5,751.3031102798323,699.9978817558964,O_left
214,5,760.0970685021082,682.1554479450479,O_left
215,5,761.3011168753524,678.7992296597312,O_left
216,5,752.4724763691353,643.1838787749946,O_left
217,5,774.0011897151468,648.4308399288385,O_left
218,5,783.7476227806791,638.6080593063233,O_left
219,5,788.702765189503,638.5088707301211,O_left
220,5,816.3270505961387,660.8496121836973,O_left
221,5,821.361740770607,657.6620387015352,O_left
222,5,826.0962918674591,657.4085501932506,O_left
223,5,826.4388135026518,653.1707633648592,O_left
224,5,836.7333680243127,644.9906101077789,O_left
225,5,836.6765772566438,640.4000420146293,O_left
226,5,842.8251049870655,634.7776715441377,O_left
227,5,847.9743317975946,631.4319477970176,O_left
228,5,861.3928449225184,625.1382029171103,O_left
229,5,864.3009507990384,616.8559598162173,O_left
230,5,872.1034186432755,617.0312379779848,O_left
231,5,873.6900903757523,613.8077728935542,O_left
232,5,877.995567895126,614.0689821859332,O_left
233,5,878.2617195258924,612.7464374842303,O_left
234,5,879.2056695925319,609.2974279118747,O_left
235,5,880.6918345911869,607.8445106742953,O_left
236,5,884.1585134225503,607.5503898411963,O_left
237,5,884.2773446306751,607.9873519241233,O_left
238,5,884.9017820867089,606.9293232803469,O_left
239,5,885.0778352037008,606.8188219388516,O_left
240,5,886.2107839853675,606.2278244803553,O_left
241,5,886.318516413701,605.976988070265,O_left
242,5,886.1062721263238,605.0338225629447,O_left
243,5,886.6794927213829,606.0836514891528,O_left
244,5,884.572253355206,606.5128975579047,O_left
245,5,884.4182530128807,606.692381925379,O_left
246,5,883.8305280825203,606.9491524012433,O_left
247,5,884.8139867381138,607.4338870357116,O_left
248,5,884.4664256246273,607.9762865571648,O_left
249,5,884.7530132559302,607.8993923461378,O_left
250,5,883.546238334177,607.014899028061,O_left
251,5,882.714341586851,606.0529716552807,O_left
252,5,881.9456918760818,604.8631507285478,O_left
253,5,882.136779586777,605.1440027703615,O_left
254,5,884.2157221087983,606.1412711047974,O_left
255,5,884.3329238782567,606.0086440176907,O_left
256,5,884.3076977300547,606.1410745177202,O_left
257,5,883.4123754618452,605.334660691733,O_left
258,5,883.0411888858043,604.7564577715623,O_left
259,5,883.1252702070672,604.7722679314245,O_left
260,5,882.5025616086424,604.0868578471242,O_left
261,5,882.7820436773573,605.1621414690075,O_left
262,5,881.7479678852771,605.1275538692657,O_left
263,5,881.0974806631377,606.1587158955556,O_left
264,5,878.0976284053987,608.5489371284337,O_left
265,5,877.4066544120085,609.7733473448106,O_left
266,5,881.1078987181825,604.9740847551449,O_left
267,5,880.9987364141166,604.1518016040532,O_left
268,5,881.0332811911469,605.5229151352262,O_left
269,5,879.51170181222,607.0139034577875,O_left
270,5,879.6169835250353,605.1876875627386,O_left
271,5,879.1865975628933,604.5399535246742,O_left
272,5,879.2487719948216,604.8020042800283,O_left
273,5,879.1483456105486,604.8021858156942,O_left
274,5,877.9755779736604,605.174022085983,O_left
275,5,878.0851038337682,605.3886722451005,O_left
276,5,877.9232646347781,605.7152954643439,O_left
277,5,878.9165829189757,605.37979492143,O_left
278,5,879.0675171760665,606.8610372262605,O_left
279,5,878.4953921330264,606.9817616944251,O_left
280,5,878.0098293933029,607.3925512569479,O_left
281,5,878.7226568944872,607.9034154575301,O_left
282,5,879.2646681053039,607.8363529162331,O_left
283,5,879.2275359478625,607.9346267533535,O_left
284,5,878.1187939203368,610.4175646938684,O_left
285,5,876.8072296391869,610.936307281032,O_left
286,5,877.925030437766,608.2326606558221,O_left
287,5,878.5919092109057,607.5371794112709,O_left
288,5,878.5810430027317,606.6694597611005,O_left
289,5,878.9896476436473,607.4922447376156,O_left
290,5,877.6600018973106,605.9413354078187,O_left
291,5,877.6037078049457,606.269369852058,O_left
292,5,876.5132191697381,603.1911459220416,O_left
293,5,878.1599162349618,603.6774335356599,O_left
294,5,879.4093282813502,602.9138888014292,O_left
295,5,878.1977371517007,601.1547338756418,O_left
296,5,874.2704459655511,594.4109991916237,O_left
297,5,873.9141854927208,592.6727127284275,O_left
298,5,873.6190499499803,592.6734585927296,O_left
299,5,873.7497896678309,592.5312623652575,O_left
300,5,875.2426684708469,593.9564650477179,O_left
1,6,562.5580371510556,1270.8679852791104,D_right
2,6,562.5580371510556,1270.8679852791104,D_right
3,6,562.4956380060462,1270.9966757654568,D_right
4,6,559.1927517744126,1259.6624158268007,D_right
5,6,549.0316131287914,1252.6758736103784,D_right
6,6,559.8618180592472,1257.0810320164237,D_right
7,6,561.1570858916019,1254.991653754436,D_right
8,6,563.4152519353368,1254.016393846672,D_right
9,6,566.1789246862783,1252.7151914778965,D_right
10,6,566.6416757655569,1244.345652393617,D_right
11,6,568.6851299757969,1245.720165207979,D_right
12,6,569.6554292781408,1247.5983318697115,D_right
13,6,570.6020998909344,1244.0343593320256,D_right
14,6,564.2077924688399,1244.20760580835,D_right
15,6,563.9669229518147,1244.181047109023,D_right
16,6,565.8855962188103,1244.7389017564965,D_right
17,6,568.5242676852969,1245.138883344683,D_right
18,6,568.2537737855888,1247.9666483370015,D_right
19,6,565.1146126700258,1250.7710002673953,D_right
20,6,564.0835190060478,1255.083030228379,D_right
21,6,563.573753264933,1258.9500305470117,D_right
22,6,562.2194689740026,1258.6929830876766,D_right
23,6,561.082735644845,1262.0894973624625,D_right
24,6,555.0039624177326,1266.0465100535796,D_right
25,6,555.4000239242176,1271.379042593563,D_right
26,6,543.446337677993,1282.3353009600655,D_right
27,6,543.2279074892348,1287.892197973665,D_right
28,6,534.7454381095943,1295.321466978089,D_right
29,6,532.3613381756376,1299.2142722126814,D_right
30,6,528.2822536812,1308.049734991104,D_right
31,6,526.8551610422686,1309.3816377264666,D_right
32,6,524.9207687854871,1312.6673859137384,D_right
33,6,522.7671880979741,1312.1767083101809,D_right
34,6,518.2395363093942,1314.6688191566,D_right
35,6,510.4967008961945,1315.02505928022,D_right
36,6,486.4380839464426,1314.10565699916,D_right
37,6,474.7207947816512,1309.2729253328057,D_right
38,6,460.2112768832969,1308.3541439771998,D_right
39,6,462.2570086780489,1308.5261110693189,D_right
40,6,457.1727951130816,1305.9424418523206,D_right
41,6,458.6994376499746,1306.069400358541,D_right
42,6,455.8301138012181,1306.6089291366072,D_right
43,6,459.4256799159006,1305.3822118212072,D_right
44,6,447.21029369364624,1298.725596923641,D_right
45,6,446.8995420595299,1296.9259692331364,D_right
46,6,449.57855805675246,1294.2651599357098,D_right
47,6,452.11145825628665,1293.3059050521106,D_right
48,6,453.6058232124756,1281.8595139992758,D_right
49,6,449.9675634805744,1279.3566722213786,D_right
50,6,460.7653516457906,1270.1309517293307,D_right
51,6,467.7836320249076,1269.2134005587973,D_right
52,6,474.9143565676361,1285.0960861205829,D_right
53,6,480.56969395612384,1285.0947007631453,D_right
54,6,479.5038782441944,1282.573580602237,D_right
55,6,465.8438114876858,1271.0487145519091,D_right
56,6,453.3520980946185,1252.737668624669,D_right
57,6,443.2091292204559,1242.7758411028958,D_right
58,6,422.4436992330108,1222.0079873267566,D_right
59,6,427.52282549671554,1221.6584700551996,D_right
60,6,431.3583010927197,1218.3482382139298,D_right
61,6,433.7800838443843,1214.9113673546165,D_right
62,6,465.216573827559,1213.0657330389363,D_right
63,6,466.4337820521209,1214.3984169530434,D_right
64,6,365.8044800823495,1161.4782802943712,D_right
65,6,374.4712635375383,1159.6919069245223,D_right
66,6,372.5730397851858,1152.8895253443611,D_right
67,6,363.0658099548954,1140.6923279129294,D_right
68,6,344.5939491694603,1123.419625124352,D_right
69,6,344.6097117163097,1118.131672569365,D_right
70,6,346.47687867453743,1109.746479955901,D_right
71,6,347.6683626839647,1107.667488820567,D_right
72,6,344.8480150957544,1108.923683226501,D_right
73,6,344.3685405923256,1110.0876692903514,D_right
74,6,362.6670093903954,1115.874299286293,D_right
75,6,367.36559567880863,1116.6337332899604,D_right
76,6,371.5080901306591,1109.1644877187523,D_right
77,6,376.480537595289,1106.2829728289046,D_right
78,6,377.1524376442024,1102.9810405942546,D_right
79,6,380.3032220314951,1103.250859785756,D_right
80,6,381.5429684793839,1100.9308771309773,D_right
81,6,381.5690720148465,1098.9142806678865,D_right
82,6,383.5860453036877,1098.029537366633,D_right
83,6,384.1785496475598,1096.8593807982706,D_right
84,6,384.0628758434698,1096.6646222901477,D_right
85,6,384.4122253825392,1096.6208318172155,D_right
86,6,386.0657162193924,1094.0189625575592,D_right
87,6,384.7087435612717,1091.354433204328,D_right
88,6,387.9183598278767,1088.3842846090342,D_right
89,6,383.9905251548318,1085.5693155776414,D_right
90,6,383.2623082889431,1083.5791934623137,D_right
91,6,387.76367778544153,1083.754960210732,D_right
92,6,390.7832215235527,1081.091319750221,D_right
93,6,393.2171781935255,1077.7003225304543,D_right
94,6,372.2067770603641,1044.8433616296977,D_right
95,6,372.0855637344081,1035.1314413668767,D_right
96,6,396.6766820257188,1041.2465981579044,D_right
97,6,409.69866376903343,1026.6655649925558,D_right
98,6,409.9838274383426,1031.8403613232454,D_right
99,6,410.39995234184096,1030.120030042158,D_right
100,6,418.8959457399518,1023.2878940210844,D_right
101,6,417.84892631742935,1020.9039218783628,D_right
102,6,419.9837514124378,1015.4296888844584,D_right
103,6,423.4138565949137,1013.89619964953,D_right
104,6,398.57358192237785,983.5111325888604,D_right
105,6,404.69081070305737,976.8562359612544,D_right
106,6,409.0251897012982,963.764926288647,D_right
107,6,432.9376592830253,973.1608821464504,D_right
108,6,442.4939703949866,963.4373925762056,D_right
109,6,441.6433176103541,955.4561948714204,D_right
110,6,451.8898588291531,950.5211694538974,D_right
111,6,453.0257357185805,948.5507356669696,D_right
112,6,456.5923599011795,941.9573584135836,D_right
113,6,440.0498898018124,926.1976692935956,D_right
114,6,441.4974346984727,909.6458159985152,D_right
115,6,444.709607273174,905.204452007676,D_right
116,6,458.2335199546805,883.8206148677414,D_right
117,6,465.1858731295659,886.4701450229165,D_right
118,6,497.5628098981288,879.746432892557,D_right
119,6,509.660384401122,898.9421834152821,D_right
120,6,519.5482379500147,891.3538648111776,D_right
121,6,524.4951006392963,876.706470126744,D_right
122,6,528.8140952322668,868.9062496141884,D_right
123,6,532.2235414846915,877.6297306087353,D_right
124,6,537.0614421044736,856.2139135571988,D_right
125,6,535.3246834017158,847.3503955062602,D_right
126,6,536.3066229489872,841.0847656926975,D_right
127,6,538.4554192689181,838.3456649616284,D_right
128,6,558.9593848971149,842.6201241002138,D_right
129,6,563.4140959382412,839.5293722590645,D_right
130,6,582.2749826846069,847.30850681051,D_right
131,6,574.1599127729289,819.2697304946288,D_right
132,6,580.0396408027908,819.2991788230647,D_right
133,6,582.1625113254355,817.7661180843359,D_right
134,6,584.6669129721311,813.0032237462782,D_right
135,6,583.8280782480331,809.1105010627217,D_right
136,6,585.2853334145595,810.1262275814254,D_right
137,6,589.1392380921167,810.3013953916451,D_right
138,6,589.2651070038236,816.7504023075602,D_right
139,6,588.6155311988933,820.2264778592646,D_right
140,6,618.6569712383829,852.4269669643085,D_right
141,6,661.1252754577697,892.7413799134639,D_right
142,6,612.6248754230188,868.4640576050798,D_right
143,6,671.3472757592556,919.0104140804166,D_right
144,6,592.1007751688262,867.6107093008436,D_right
145,6,605.0834528332044,878.6665164202182,D_right
146,6,609.881448340498,879.7483675719461,D_right
147,6,611.698521639199,876.8702563482956,D_right
148,6,611.8148722719044,876.9550468880163,D_right
149,6,618.5079974785441,883.5593560024548,D_right
150,6,647.6255443329826,903.3089551873372,D_right
151,6,656.2651557523818,885.7737936576236,D_right
152,6,657.9327584890452,875.8476256846509,D_right
153,6,661.3479600946545,869.0303679087715,D_right
154,6,684.3346982754371,892.9373690971005,D_right
155,6,695.5954660253975,887.7555405893662,D_right
156,6,701.1069502940899,880.8103708620106,D_right
157,6,704.2807460690956,875.7133850370246,D_right
158,6,714.7741667374186,868.5566684896619,D_right
159,6,713.4024595128378,864.1530630875685,D_right
160,6,712.520144147477,858.156255028359,D_right
161,6,694.6043586179376,828.8509449190627,D_right
162,6,695.3035626518003,801.7651950327614,D_right
163,6,690.8514967582302,786.1220501441232,D_right
164,6,701.5547899647654,787.6558371957426,D_right
165,6,703.791565926513,787.2562426936057,D_right
166,6,705.0553197590806,770.7882073502518,D_right
167,6,716.533822133197,757.3244417465235,D_right
168,6,712.8589612052433,766.1269271572557,D_right
169,6,703.063823225628,755.1491102062192,D_right
170,6,673.602385343387,724.1796943749715,D_right
171,6,644.1409474611461,693.2102785437239,D_right
172,6,614.6795095789051,662.2408627124762,D_right
173,6,692.0652631852311,719.0713099049315,D_right
174,6,675.2662306703818,710.0563446843174,D_right
175,6,677.0730596238302,713.2837428131612,D_right
176,6,649.8259628157276,684.4015874959657,D_right
177,6,661.9443291598349,704.2692826665645,D_right
178,6,590.4553797521278,659.5848764385146,D_right
179,6,566.0091654030435,639.7086637280538,D_right
180,6,587.1247502716841,667.9852832454458,D_right
181,6,584.6438306097441,667.309936116415,D_right
182,6,591.695655374447,670.4856635658949,D_right
183,6,592.6159700881211,668.9162150159074,D_right
184,6,600.8293748092675,664.4455089436728,D_right
185,6,609.0427795304138,659.9748028714382,D_right
186,6,617.2561842515602,655.5040967992036,D_right
187,6,625.4695889727066,651.0333907269691,D_right
188,6,626.9871394201602,639.2687091407162,D_right
189,6,625.9960425212328,644.726680561757,D_right
190,6,629.9271191727229,643.8380505948194,D_right
191,6,633.243659973987,627.1247374656618,D_right
192,6,634.9125450976167,626.0947510641627,D_right
193,6,637.4075873191213,627.1414857966577,D_right
194,6,617.0687974677628,599.0948394452083,D_right
195,6,623.4538700396862,601.6099915357502,D_right
196,6,623.3448853184993,593.1494135328933,D_right
197,6,638.4574845710436,611.8944418198192,D_right
198,6,675.7316431137397,640.4463815866895,D_right
199,6,652.0551014783143,620.8411369043063,D_right
200,6,644.9025521621804,620.4602950286908,D_right
201,6,637.7500028460465,620.0794531530754,D_right
202,6,630.5974535299126,619.6986112774599,D_right
203,6,623.4449042137787,619.3177694018445,D_right
204,6,616.2923548976449,618.936927526229,D_right
205,6,609.139805581511,618.5560856506136,D_right
206,6,601.9872562653771,618.1752437749982,D_right
207,6,594.8347069492432,617.7944018993827,D_right
208,6,645.3803868731417,702.7770979562611,D_right
209,6,649.6556378868966,708.2034109434882,D_right
210,6,648.1681588012364,711.2696234276084,D_right
211,6,644.5543069736073,715.7549383723446,D_right
212,6,635.0021327429199,720.0878925818812,D_right
213,6,631.048985972328,719.4628452481934,D_right
214,6,620.8604956210154,723.3694556817703,D_right
215,6,610.6565796350122,720.5601792514193,D_right
216,6,598.5794276493054,729.1847599871475,D_right
217,6,597.9461106518916,729.2292069880835,D_right
218,6,593.7159913354128,741.2499874037725,D_right
219,6,592.3506104568833,743.927969247157,D_right
220,6,594.2438983022685,738.6121320052179,D_right
221,6,592.3781868586012,734.7371170708817,D_right
222,6,593.4688757186426,734.4137798145479,D_right
223,6,595.0529871192443,733.3349923138251,D_right
224,6,595.7659088081879,728.3807635117638,D_right
225,6,596.7674540089282,727.2333267889193,D_right
226,6,585.7638071711107,715.3139646532413,D_right
227,6,580.1550402847201,710.3944803052096,D_right
228,6,573.0131611580622,703.0747315771316,D_right
229,6,570.8793422554364,700.5399367397077,D_right
230,6,566.6918994295369,697.4440233351212,D_right
231,6,563.4492731198095,694.522526709184,D_right
232,6,560.3000393858985,696.8086157217004,D_right
233,6,559.0679474489533,698.5000062542794,D_right
234,6,553.4398751466935,697.3450885770027,D_right
235,6,550.5976447378945,699.9398562767286,D_right
236,6,546.9005572343021,699.6272674210684,D_right
237,6,545.2818593926098,702.7314518064691,D_right
238,6,544.8450223341347,705.0662387619927,D_right
239,6,542.5346299400258,705.8546578513583,D_right
240,6,541.5484032397151,708.6626800903592,D_right
241,6,541.8757733586448,709.1832899104286,D_right
242,6,543.7474792017723,709.684815543659,D_right
243,6,549.9701848034923,716.7914547032987,D_right
244,6,554.4713652538034,714.6423477113198,D_right
245,6,547.6958323045643,706.4192377817698,D_right
246,6,566.4530329192795,716.1473319788048,D_right
247,6,576.7481288710823,723.3947627814255,D_right
248,6,587.8298939324736,728.5623573203438,D_right
249,6,590.5424619620163,728.0929620567636,D_right
250,6,593.7794904574233,718.7891137500404,D_right
251,6,599.6725052269935,719.8898053885158,D_right
252,6,609.0182560844945,722.5119723630296,D_right
253,6,621.6189351790557,731.3205623148567,D_right
254,6,637.2990043996491,743.8330289033681,D_right
255,6,641.944466282207,744.4009637166258,D_right
256,6,638.8505279566939,742.9753056509841,D_right
257,6,640.4036252195418,741.9635377662415,D_right
258,6,644.1443486695855,738.3082531481765,D_right
259,6,644.8268647970683,737.3575127159681,D_right
260,6,646.5710867441904,734.1805944640917,D_right
261,6,646.9602210135445,733.6489267606154,D_right
262,6,645.3914579971535,731.9606257261775,D_right
263,6,644.6582639755893,731.0551421274309,D_right
264,6,641.727607131765,726.6178286640927,D_right
265,6,641.2084811377176,726.3835765194261,D_right
266,6,638.5694860861188,724.1372529378617,D_right
267,6,638.4003282680645,724.852374606944,D_right
268,6,637.2457904634468,724.8131537095999,D_right
269,6,636.8270541578979,724.846207319191,D_right
270,6,636.9812497544206,725.4670936127948,D_right
271,6,636.3038234194842,725.1440010371573,D_right
272,6,636.4841862870188,724.8842403797478,D_right
273,6,636.5188092388943,724.4297111890073,D_right
274,6,636.6937855875892,725.1131232394721,D_right
275,6,637.0937399714727,725.0660787332937,D_right
276,6,637.0118698074846,724.8984599684833,D_right
277,6,637.3783712354929,724.6540281836327,D_right
278,6,637.8320384759655,723.2721938698643,D_right
279,6,638.0516278100487,722.937491633902,D_right
280,6,639.280461503007,721.4179261343346,D_right
281,6,639.6742760180388,721.5758469326671,D_right
282,6,640.9584208115525,721.4432459748709,D_right
283,6,641.2751614163559,720.9071626348618,D_right
284,6,640.1937270387167,720.185860127856,D_right
285,6,640.8019405124331,720.2772442165367,D_right
286,6,640.5152169512537,719.4631326492728,D_right
287,6,641.3233003695011,719.2153477807341,D_right
288,6,639.6684787847713,718.7127502999593,D_right
289,6,637.086293682627,715.8701749301766,D_right
290,6,631.0670899114937,711.2939532779307,D_right
291,6,630.1785285561673,710.0998718222727,D_right
292,6,624.9853663689687,703.8568115487016,D_right
293,6,625.90205692454,702.9636408924019,D_right
294,6,625.0769230871047,701.2211607344598,D_right
295,6,625.4707710075681,701.5324459276901,D_right
296,6,630.3049863338425,702.1167226505831,D_right
297,6,627.2684290382786,700.0546777880126,D_right
298,6,632.5938244845016,699.885142430228,D_right
299,6,632.6619290432283,690.5974943011691,D_right
300,6,627.2811869879275,678.4854571852168,D_right
