1,1,615.542472994571,331.2374847443409,D_left
1,2,981.3471265796936,524.4716777317651,O_top
1,3,596.1908291377403,1151.5340953144216,D_right
1,4,886.4310559233559,551.7667427046421,D_top
1,6,611.7525249919404,1420.1451888554743,O_right
1,7,617.2662837318219,160.84544643599654,O_left
2,1,615.542472994571,331.2374847443409,D_left
2,2,981.3471265796936,524.4716777317651,O_top
2,3,596.1908291377403,1151.5340953144216,D_right
2,4,886.4310559233559,551.7667427046421,D_top
2,6,611.7525249919404,1420.1451888554743,O_right
2,7,617.2662837318219,160.84544643599654,O_left
3,1,615.4897671368661,331.18516406415137,D_left
3,2,981.3702905551264,524.4698058175794,O_top
3,3,596.0917881896205,1151.422230334585,D_right
3,4,886.3445469765505,551.6606202209665,D_top
3,6,611.6519039016855,1420.1301795154554,O_right
3,7,617.1777371304267,160.74785256940365,O_left
4,1,615.642344372633,331.1552134448459,D_left
4,2,981.944581797924,523.4881061849366,O_top
4,3,596.7221041017689,1151.7546356800792,D_right
4,4,884.1589659551544,550.9249571225893,D_top
4,6,611.5429151457503,1420.1665574311664,O_right
4,7,609.4374523139966,149.82115488991798,O_left
5,1,616.0489975360197,331.332452894103,D_left
5,2,982.9092962128168,522.1030545196191,O_top
5,3,595.2215405211958,1150.9377897182935,D_right
5,4,883.7279050066583,551.5979797265253,D_top
5,6,611.3265457337261,1420.00457674752,O_right
5,7,599.5507142564674,136.67407090441205,O_left
6,1,616.3051153639219,331.5030249715032,D_left
6,2,982.321265243248,520.9919829012828,O_top
6,3,594.8347965677535,1150.5402073318974,D_right
6,4,883.8190238816735,552.4870972662372,D_top
6,6,611.3154255654456,1419.9157261660816,O_right
6,7,598.813317286433,135.69316905773312,O_left
7,1,616.1882444828949,331.2077977969888,D_left
7,2,982.9461023074348,521.9391394851361,O_top
7,3,594.8119570230449,1150.459500729234,D_right
7,4,883.5764400279039,552.6085805364039,D_top
7,6,611.4518528736453,1419.8631702270316,O_right
7,7,597.4169220825032,136.25835632535345,O_left
8,1,615.7063420294954,330.5350368422174,D_left
8,2,982.4758210054594,521.4409657837824,O_top
8,3,595.0112850387841,1150.5480266263216,D_right
8,4,883.8229587439641,553.4170352194685,D_top
8,6,611.8313608778601,1419.826614976418,O_right
8,7,596.6711030671356,137.67375533783516,O_left
9,1,616.0419879273272,330.7445184641195,D_left
9,2,983.0265842087938,522.9291843304624,O_top
9,3,595.4325045605297,1150.634237404294,D_right
9,4,883.3247726706408,554.1401409141694,D_top
9,6,612.1433109745236,1419.8155968468448,O_right
9,7,603.4709165104113,151.70192138729433,O_left
10,1,615.4089591505631,329.8444008552863,D_left
10,2,982.7372234119656,522.8726192856055,O_top
10,3,596.0802078040313,1150.823779176456,D_right
10,4,882.9537001158101,553.6808828926322,D_top
10,6,612.3437890219661,1419.693323701062,O_right
10,7,604.312129068249,155.56054583167193,O_left
11,1,614.9785532310167,328.51108066022505,D_left
11,2,982.5903519861728,522.7646524394834,O_top
11,3,597.073612333327,1150.6333179123935,D_right
11,4,882.8518078948514,554.1850805227466,D_top
11,6,613.7499871370356,1420.0252448595038,O_right
11,7,581.9920260318096,131.01067372002936,O_left
12,1,614.5492589070428,327.935045921335,D_left
12,2,982.4977835932264,522.668477681468,O_top
12,3,598.1475477500628,1151.243324907068,D_right
12,4,882.7392626025946,553.931345944088,D_top
12,6,613.8395957494133,1419.810317381357,O_right
12,7,588.6989501006391,145.10505882430215,O_left
13,1,616.6498293360986,329.79291555647404,D_left
13,2,982.3283138402874,523.0272233555364,O_top
13,3,596.5121454095569,1150.4003251678116,D_right
13,4,881.8516690976157,555.7977881494263,D_top
13,6,614.273135280095,1419.2674897416553,O_right
13,7,610.584000989974,196.58347751182825,O_left
14,1,619.722015946791,332.8124147402327,D_left
14,2,981.3673870981262,521.093333996576,O_top
14,3,595.8600325029507,1149.7212644593308,D_right
14,4,880.2161955960523,557.4112899159143,D_top
14,6,613.6953025288827,1418.4444901276042,O_right
14,7,623.245171747748,217.83159295696652,O_left
15,1,623.269054276587,333.1673706544186,D_left
15,2,980.4209633665744,520.0377718948515,O_top
15,3,596.3687091179569,1150.012023416764,D_right
15,4,884.462283031169,556.9587844635295,D_top
15,6,613.8284894673617,1417.3527599651995,O_right
15,7,634.9589701450956,231.5753077064199,O_left
16,1,628.3180120993388,336.80000432664343,D_left
16,2,979.3650077723684,519.3432346765268,O_top
16,3,596.6949531320224,1150.1784589819003,D_right
16,4,885.9115602311031,556.7677734374541,D_top
16,6,613.5859959041829,1417.2707523513002,O_right
16,7,638.9397027083886,240.85313097224795,O_left
17,1,632.2187422749879,338.9360928807355,D_left
17,2,977.3605105947644,517.9759898715901,O_top
17,3,596.3637805814542,1150.2528231554495,D_right
17,4,881.2679227570919,560.7584016886126,D_top
17,6,612.3733563996633,1415.3311188909408,O_right
17,7,656.3357075741698,212.82220374295773,O_left
18,1,638.7140674330883,344.6258505152056,D_left
18,2,976.48532876356,519.895959975356,O_top
18,3,597.7690654335884,1150.9495351089347,D_right
18,4,879.4291527053175,563.1368139977566,D_top
18,6,612.274601514026,1414.9422943592822,O_right
18,7,654.6603078684717,209.11682298631723,O_left
19,1,645.5300308731005,339.30879777393807,D_left
19,2,975.9544497694536,520.0680152151051,O_top
19,3,596.6272035820643,1150.7141861084751,D_right
19,4,878.6769185831392,559.608179955643,D_top
19,6,611.9324295517871,1413.980724832776,O_right
19,7,674.3321802212555,199.96073786099697,O_left
20,1,654.3247069147611,342.9217970973741,D_left
20,2,976.1684199791646,519.6490857977158,O_top
20,3,597.1393823865722,1151.141232299632,D_right
20,4,879.0014989022342,560.5440531959867,D_top
20,6,613.0206857525056,1413.6486802500772,O_right
20,7,676.9304263961756,197.5049511720395,O_left
21,1,650.2820635748933,316.2750121841979,D_left
21,2,978.996863876234,519.3026877955273,O_top
21,3,597.7592005198194,1151.191574727651,D_right
21,4,872.1567181125615,554.8420487159517,D_top
21,6,611.8759555151645,1411.6083629767234,O_right
21,7,690.5199932307488,167.9447594007703,O_left
22,1,654.2114067016706,320.6864404115843,D_left
22,2,979.5620343383684,520.2830586257193,O_top
22,3,597.5706263694333,1151.4811558658855,D_right
22,4,869.9935395823001,549.0116918471273,D_top
22,6,608.828133252099,1410.2594227187583,O_right
22,7,690.108164835063,171.8937660856483,O_left
23,1,661.2001874227257,310.6668518267634,D_left
23,2,971.8002925814236,519.2895600978496,O_top
23,3,596.4668143696135,1151.5739594489758,D_right
23,4,863.7448914696371,547.710191751011,D_top
23,6,605.1806639328256,1407.702623904526,O_right
23,7,693.9107400792743,166.10418817133703,O_left
24,1,667.9199667423192,315.9609483131096,D_left
24,2,968.2470298461748,515.5968126534344,O_top
24,3,595.4012299196917,1151.6838808328778,D_right
24,4,862.5823721073089,550.2131541991018,D_top
24,6,604.1217318325879,1406.4674683452183,O_right
24,7,698.4242455056713,155.29032701990968,O_left
25,1,666.3478788809874,306.9622581363954,D_left
25,2,968.0044752440308,516.3904118582282,O_top
25,3,596.3961599921689,1151.835858914722,D_right
25,4,864.0214338345154,555.2914632932059,D_top
25,6,602.0853128073169,1403.7674761876428,O_right
25,7,721.8863108279675,157.54763624124382,O_left
26,1,677.1370449442785,318.6508712142926,D_left
26,2,965.8889976207332,514.5780117236126,O_top
26,3,595.0088463931756,1150.3238375312276,D_right
26,4,862.5870057800339,554.6260555122798,D_top
26,6,602.9452260672416,1402.4431523016422,O_right
26,7,728.0322827588911,155.50566141597068,O_left
27,1,691.7711604807209,323.200312821757,D_left
27,2,960.7529371182484,508.872648871843,O_top
27,3,591.5533411238132,1146.9492901243514,D_right
27,4,861.6559846567666,550.0360915288292,D_top
27,6,602.650737481844,1397.3818220943929,O_right
27,7,746.725654590122,155.2399141216306,O_left
28,1,714.8309971158499,337.512742709631,D_left
28,2,961.9681232658464,500.4696116000168,O_top
28,3,583.699907591465,1142.1069519783282,D_right
28,4,865.3452758857674,555.1483887744398,D_top
28,6,603.4843717748481,1395.2070395385315,O_right
28,7,760.5844209735062,154.22501907930146,O_left
29,1,731.902286784482,343.6261438682404,D_left
29,2,948.5251697809016,506.3739461092951,O_top
29,3,564.7888135650126,1129.7123999704747,D_right
29,4,855.5926737341956,538.3726884562818,D_top
29,6,606.6766389901641,1391.5397476669016,O_right
29,7,768.2631262708486,143.66403465664916,O_left
30,1,723.3829459173762,329.51553755329445,D_left
30,2,930.4027553281936,481.5668784987139,O_top
30,3,554.751091839063,1123.357660596412,D_right
30,4,850.9580534076479,529.4646593311028,D_top
30,6,604.8774591472659,1390.2894321118808,O_right
30,7,766.704946566211,136.45622515463538,O_left
31,1,722.2196973834839,311.3891547422142,D_left
31,2,934.2170849202575,492.1865548978965,O_top
31,3,543.3737058575726,1114.6052460332842,D_right
31,4,833.6242832904799,508.0691517245249,D_top
31,6,607.3683722462706,1385.9115823033453,O_right
31,7,773.1720580723959,146.7430459673332,O_left
32,1,720.9059655178548,312.488435813851,D_left
32,2,926.4490294229008,481.39931065803614,O_top
32,3,544.5943076304678,1113.2608490612438,D_right
32,4,829.8906334005928,500.30391279521206,D_top
32,6,606.9897986569524,1384.9153115960369,O_right
32,7,773.2542249778518,148.10067342533847,O_left
33,1,714.2128192468691,298.02609071337184,D_left
33,2,909.593056780036,462.3038841315703,O_top
33,3,542.8134668431356,1106.6308520221698,D_right
33,4,810.6190460909995,472.7576113572222,D_top
33,6,603.964006200277,1381.9933447770395,O_right
33,7,770.4145881136872,134.80204661630373,O_left
34,1,707.4961913556547,293.02998412315617,D_left
34,2,906.758477018922,466.5730874961214,O_top
34,3,544.5357078244498,1104.2337039353504,D_right
34,4,805.8761033583219,467.0757088721073,D_top
34,6,604.0226846107504,1380.1263378122828,O_right
34,7,766.5802285648448,133.59642092670865,O_left
35,1,700.7795634644402,288.0338775329405,D_left
35,2,899.7144122166716,458.77808931058905,O_top
35,3,542.0511054241658,1097.2485219430027,D_right
35,4,788.5028128526014,440.1226271424604,D_top
35,6,598.0584234884689,1374.1973608151368,O_right
35,7,764.0684932285616,136.84549659613936,O_left
36,1,694.0629355732258,283.0377709427248,D_left
36,2,884.0538605990056,448.8035882469804,O_top
36,3,539.29001877143,1094.2156432944369,D_right
36,4,792.4348925733798,447.69919672026447,D_top
36,6,598.6441512375859,1370.4741770454823,O_right
36,7,762.7081939752078,139.78775683245166,O_left
37,1,687.3463076820113,278.04166435250914,D_left
37,2,857.556009412139,418.9450045502745,O_top
37,3,545.3540748499098,1086.1806457555194,D_right
37,4,783.8421866497603,441.1236833541447,D_top
37,6,592.4449337564856,1361.6020079788225,O_right
37,7,761.2111708396727,146.60423826524004,O_left
38,1,685.5369769666049,272.732784634346,D_left
38,2,838.7610894827013,396.4363950433105,O_top
38,3,533.0938464175653,1074.0663365591615,D_right
38,4,780.713265526189,438.6938283747977,D_top
38,6,585.4662824672838,1353.6335532080448,O_right
38,7,750.6810921383138,133.64628517353574,O_left
39,1,684.4740515282431,256.1041652819133,D_left
39,2,831.0764283206174,393.712265929224,O_top
39,3,515.5167134092069,1055.2718024356727,D_right
39,4,780.0550685124618,438.0312677024813,D_top
39,6,590.328585662972,1339.5994105708062,O_right
39,7,740.1981526309987,131.73439131136593,O_left
40,1,683.6163390892846,255.72366627781736,D_left
40,2,827.4817641346705,391.074171409099,O_top
40,3,522.5465969026741,1052.4505654122952,D_right
40,4,781.4180786807032,438.7078684807692,D_top
40,6,596.2581254852566,1337.482322720485,O_right
40,7,735.8817756443228,133.5357403912718,O_left
41,1,682.758626650326,255.3431672737214,D_left
41,2,815.8035901520817,386.90861241954485,O_top
41,3,508.5893466697288,1041.2262255185449,D_right
41,4,766.2491340907475,423.36803663499353,D_top
41,6,595.689909102773,1330.227622485147,O_right
41,7,711.920616268212,119.21117379246986,O_left
42,1,686.3646402481228,263.4418338003042,D_left
42,2,811.9279250313207,385.3615376796922,O_top
42,3,506.4654035251058,1035.5241510438022,D_right
42,4,763.4748287102643,423.88219860729856,D_top
42,6,599.2224498291918,1327.640797355008,O_right
42,7,699.4014740252488,107.59379667229854,O_left
43,1,679.9918399170011,255.14827443618432,D_left
43,2,802.0547829150364,380.0342815848404,O_top
43,3,499.6635636339305,1022.6054099709664,D_right
43,4,744.5551986630674,396.2943303253821,D_top
43,6,598.9821623620743,1321.93225351999,O_right
43,7,691.1970984877869,108.45302704899908,O_left
44,1,673.6190395858794,246.8547150720645,D_left
44,2,787.3255974094625,362.6150665712215,O_top
44,3,501.4106831803834,1020.1544829533668,D_right
44,4,730.1698663218137,375.6315516497819,D_top
44,6,591.4322540687004,1315.0278154052448,O_right
44,7,685.0170501709894,104.05029879165065,O_left
45,1,667.2462392547577,238.56115570794455,D_left
45,2,769.5704444248053,347.9003531645548,O_top
45,3,499.23480097882265,1007.774601974777,D_right
45,4,716.0117755262414,360.69250904644616,D_top
45,6,591.075535795207,1307.8238273705078,O_right
45,7,683.3524040726783,115.77859051519258,O_left
46,1,660.8734389236361,230.2675963438247,D_left
46,2,765.7097610092424,344.70090871723977,O_top
46,3,506.0772323948217,1010.0723902460652,D_right
46,4,710.9300144989005,356.8769341568316,D_top
46,6,591.8466963527313,1306.272034013358,O_right
46,7,675.4533148301063,110.21285195424208,O_left
47,1,654.5006385925144,221.9740369797048,D_left
47,2,751.3530389971183,329.3981921144674,O_top
47,3,512.1963031149309,1010.883195641466,D_right
47,4,706.1785075855533,361.94689974434976,D_top
47,6,596.1688453567809,1301.3351723857074,O_right
47,7,678.4242217080194,130.58359822176055,O_left
48,1,648.1278382613926,213.68047761558492,D_left
48,2,748.5526610372697,328.7467659226984,O_top
48,3,516.6382202456916,1009.4474003684672,D_right
48,4,701.9006809615458,359.7520643357776,D_top
48,6,606.0785260087854,1304.0064283151885,O_right
48,7,675.5836941208024,136.81903042523294,O_left
49,1,641.755037930271,205.38691825146503,D_left
49,2,714.1381902670265,292.5442895974934,O_top
49,3,518.8780525379794,999.2504738565289,D_right
49,4,698.1692310208119,361.9199621396796,D_top
49,6,609.8143478157428,1301.977626767171,O_right
49,7,682.9246637819258,158.0123385645484,O_left
50,1,635.3822375991493,197.0933588873452,D_left
50,2,713.12865033714,296.61082202790544,O_top
50,3,510.7975945666356,989.8926174525528,D_right
50,4,696.2531485736181,362.73248372381903,D_top
50,6,610.5295530984242,1298.8758913861946,O_right
50,7,684.8909641123505,166.65244762471326,O_left
51,1,629.0094372680277,188.7997995232253,D_left
51,2,715.6822548567649,313.3782408396368,O_top
51,3,485.1835656492175,963.1871291420492,D_right
51,4,693.9536120533247,373.9197089832524,D_top
51,6,609.7117465490982,1295.0630215759772,O_right
51,7,687.4611612469066,173.6784739626455,O_left
52,1,622.6366369369059,180.50624015910543,D_left
52,2,715.4406608764458,330.35539148315576,O_top
52,3,497.6763434382541,967.3564893816028,D_right
52,4,692.167179673142,380.3858952890995,D_top
52,6,611.8571931508552,1294.8439887033946,O_right
52,7,685.9428236278488,175.72789117033113,O_left
53,1,616.2638366057843,172.21268079498554,D_left
53,2,708.4325804762781,327.3801074044916,O_top
53,3,514.5446660900946,970.9813692487024,D_right
53,4,688.118926713762,374.7807287987248,D_top
53,6,615.0912428921931,1295.057774987294,O_right
53,7,628.4950463280601,127.49655330416223,O_left
54,1,609.8910362746626,163.9191214308657,D_left
54,2,703.7407887562889,317.17357573856265,O_top
54,3,508.4622787230304,962.6929200301709,D_right
54,4,681.1014989947334,369.3201566646241,D_top
54,6,616.7762559781986,1295.7710298837076,O_right
54,7,600.6614802710318,113.1605260731912,O_left
55,1,603.518235943541,155.6255620667458,D_left
55,2,692.2329155748829,304.9800627601981,O_top
55,3,509.48451236738936,956.064821192356,D_right
55,4,669.8309339311785,366.41733023907926,D_top
55,6,615.9115015825973,1294.1419828544235,O_right
55,7,593.426362142241,129.53651647548634,O_left
56,1,597.1454356124192,147.3320027026259,D_left
56,2,687.4469029193232,303.61493179374986,O_top
56,3,510.5497063376493,954.314723010805,D_right
56,4,667.9802035593983,373.1946168163065,D_top
56,6,616.891548907757,1294.369429567746,O_right
56,7,591.5397583971949,134.68654287204808,O_left
57,1,590.7726352812975,139.03844333850606,D_left
57,2,668.6206752953331,286.5249867795705,O_top
57,3,509.7208319272529,948.6295918118374,D_right
57,4,660.5857383814632,385.7692333911182,D_top
57,6,617.0189692661042,1293.7522588253544,O_right
57,7,591.7267493275396,155.39512113115782,O_left
58,1,656.1986382277067,303.41785313223414,D_left
58,2,664.6750096614859,289.019920793924,O_top
58,3,508.3724143333339,944.2946528021544,D_right
58,4,653.6302512275898,385.25204203013584,D_top
58,6,617.0160225069466,1293.250103350152,O_right
58,7,599.3657117456796,191.2747992756368,O_left
59,1,636.954932711189,303.7164222868893,D_left
59,2,660.4356052913795,291.19054148075804,O_top
59,3,507.7191066223272,941.5179330618896,D_right
59,4,651.2787054147049,387.8983840055293,D_top
59,6,616.0890344101794,1293.5278791341211,O_right
59,7,607.0046741638198,227.1544774201157,O_left
60,1,617.7112271946714,304.01499144154457,D_left
60,2,660.5456029712399,292.79391495765884,O_top
60,3,501.57924652373487,940.5569971560374,D_right
60,4,649.8630903915653,384.6432097068642,D_top
60,6,615.6972866494774,1294.3428752441596,O_right
60,7,614.64363658196,263.03415556459464,O_left
61,1,598.4675216781537,304.3135605961997,D_left
61,2,657.9216899741856,292.5677456558131,O_top
61,3,527.4794765114611,955.6864962564288,D_right
61,4,642.592699853986,391.30907621761696,D_top
61,6,614.6312370140997,1297.2860718906936,O_right
61,7,622.2825990001,298.91383370907363,O_left
62,1,579.223816161636,304.612129750855,D_left
62,2,656.1151598028181,291.14737933744817,O_top
62,3,525.8361571773356,956.8151699228258,D_right
62,4,640.0802600185614,392.0982092236011,D_top
62,6,614.4429404688951,1299.6072642666993,O_right
62,7,629.9215614182401,334.79351185355256,O_left
63,1,559.9801106451184,304.9106989055102,D_left
63,2,649.4455765651463,283.08554094975426,O_top
63,3,529.3525408133916,956.1358167717766,D_right
63,4,624.4699531989436,391.3936779142469,D_top
63,6,611.5793664310654,1303.4821988352433,O_right
63,7,637.5605238363803,370.6731899980315,O_left
64,1,540.7364051286007,305.20926806016536,D_left
64,2,643.9827053961448,276.7975115506451,O_top
64,3,529.6927605406029,956.5743526897264,D_right
64,4,640.9719206131365,381.5850869559604,D_top
64,6,607.6814604237295,1303.679535889422,O_right
64,7,621.1086537706012,399.16550804373145,O_left
65,1,521.492699612083,305.5078372148206,D_left
65,2,640.1894764226302,275.1997474695797,O_top
65,3,528.19394973652,957.8974484918148,D_right
65,4,624.822973810013,410.6963442831941,D_top
65,6,607.0766269151778,1309.4398000225467,O_right
65,7,580.7959912848694,382.6562666417882,O_left
66,1,502.2489940955654,305.8064063694758,D_left
66,2,642.7584918123097,280.97071044879533,O_top
66,3,526.7818732865916,958.7852666790824,D_right
66,4,625.5646170784732,412.3021065470521,D_top
66,6,604.018736146965,1310.7764999970811,O_right
66,7,540.4833287991374,366.14702523984494,O_left
67,1,483.0052885790477,306.104975524131,D_left
67,2,638.1046610320544,285.1842614831789,O_top
67,3,522.0383468009076,957.7244173326042,D_right
67,4,624.8644846852358,422.57278551504805,D_top
67,6,603.3722200214781,1312.621567436184,O_right
67,7,500.1706663134056,349.6377838379017,O_left
68,1,463.76158306253006,306.4035446787862,D_left
68,2,632.7593563076214,280.06416479232416,O_top
68,3,519.7474525248446,957.2745008452266,D_right
68,4,619.113061432909,416.674190216442,D_top
68,6,605.3489129475698,1314.176755297087,O_right
68,7,459.85800382767366,333.1285424359585,O_left
69,1,450.2533507305915,314.55036922776605,D_left
69,2,631.2517669234377,280.8989138699277,O_top
69,3,487.0278070153626,938.1134621473702,D_right
69,4,608.1599843144737,411.5167117554474,D_top
69,6,601.6146775183516,1314.2939952927234,O_right
69,7,419.54534134194176,316.6193010340152,O_left
70,1,436.7451183986529,322.697193776746,D_left
70,2,627.4975112024692,279.57493717475444,O_top
70,3,486.8115876080412,937.7914008001966,D_right
70,4,609.6184823403821,417.1495380583079,D_top
70,6,602.3242888460564,1316.1925135539982,O_right
70,7,390.6107896579738,318.830097201141,O_left
71,1,423.2368860667143,330.8440183257258,D_left
71,2,616.6217515695209,274.49114474121484,O_top
71,3,445.8712361988247,913.3744629905084,D_right
71,4,586.6937747915082,414.86547961550656,D_top
71,6,593.0863366219877,1322.189730436888,O_right
71,7,361.67623797400586,321.0408933682668,O_left
72,1,409.7286537347757,338.99084287470566,D_left
72,2,618.6487026359985,278.9835641395652,O_top
72,3,447.5738565101458,915.1390555033448,D_right
72,4,584.9983320374417,418.936065409777,D_top
72,6,596.7620768645255,1324.8484328104064,O_right
72,7,332.74168629003793,323.25168953539253,O_left
73,1,396.22042140283713,347.1376674236855,D_left
73,2,615.6255751582586,283.532653307406,O_top
73,3,442.2208623428403,911.2672939918946,D_right
73,4,584.7515930290116,427.1071488944821,D_top
73,6,590.6061420408936,1328.58723850267,O_right
73,7,312.9309579817667,337.34036698903566,O_left
74,1,382.71218907089855,355.2844919726654,D_left
74,2,614.981712657201,289.183040581571,O_top
74,3,438.03707097721593,909.6513905345706,D_right
74,4,582.7286760479309,432.43497138032745,D_top
74,6,591.5264925018693,1332.6537480760162,O_right
74,7,335.7904734295597,387.22680180755,O_left
75,1,369.20395673896,363.4313165216453,D_left
75,2,611.4768924203455,294.4165510823739,O_top
75,3,413.8171403603007,893.7077844708423,D_right
75,4,566.9459181336239,429.8307496044994,D_top
75,6,587.642087864123,1339.8821839602042,O_right
75,7,325.85520692648214,418.9037356701941,O_left
76,1,367.6894665050245,375.32075536703206,D_left
76,2,611.6238602246653,297.9927103603081,O_top
76,3,401.5585504733812,884.6142288453184,D_right
76,4,565.5885711383071,437.56303951207593,D_top
76,6,585.590955599475,1342.7381432710577,O_right
76,7,302.30417516352645,424.82866001470927,O_left
77,1,347.3977297382067,390.3403045275683,D_left
77,2,605.0786037694234,292.015827014368,O_top
77,3,366.6881647607709,859.0984735815456,D_right
77,4,563.5077179868155,460.16766621325786,D_top
77,6,583.5573561118038,1349.5185631108118,O_right
77,7,278.7531434005708,430.7535843592244,O_left
78,1,358.1584797306264,409.89409938174015,D_left
78,2,607.1718089435533,297.16016772587903,O_top
78,3,358.9083503530064,853.1184115593682,D_right
78,4,560.5028646735258,465.9526974502069,D_top
78,6,582.9795406330971,1351.074606699168,O_right
78,7,346.0634732035408,514.7375685422331,O_left
79,1,334.31624079779664,410.414727975042,D_left
79,2,610.2007283164038,301.74363854593065,O_top
79,3,348.08692363496266,843.6072832054891,D_right
79,4,550.0443628807355,479.92621852565,D_top
79,6,581.3248988211609,1352.436672846118,O_right
79,7,234.60217000297268,452.4471960251186,O_left
80,1,323.0965553949552,411.460463869274,D_left
80,2,607.4355364629853,298.62752687384966,O_top
80,3,352.98034528860927,844.1614146550547,D_right
80,4,547.3339489664003,481.2079688932788,D_top
80,6,581.2774893936876,1353.6804445434018,O_right
80,7,218.00691083350156,445.0664226335544,O_left
81,1,308.18753135497644,425.3762476216821,D_left
81,2,605.2137063795047,299.0341229601341,O_top
81,3,351.12533338762745,834.7847451496796,D_right
81,4,541.2474396770809,482.9598299131376,D_top
81,6,581.9844574079563,1352.740829127321,O_right
81,7,304.2864313435614,561.1091091918588,O_left
82,1,302.654115701024,438.8147751801248,D_left
82,2,603.912576506191,298.00216030433256,O_top
82,3,344.9207733895249,819.7494795460477,D_right
82,4,535.6227149765208,479.9327432498101,D_top
82,6,581.1752913859019,1353.0427933063777,O_right
82,7,295.41053854569475,571.2507105782755,O_left
83,1,320.4774021942767,503.2968893976796,D_left
83,2,602.958367692434,298.30424275677643,O_top
83,3,311.4977602950998,792.0039961090055,D_right
83,4,527.5288990294157,482.91739470846096,D_top
83,6,583.3438070914864,1355.121243918417,O_right
83,7,286.3280909418617,594.3027371998597,O_left
84,1,318.20702478646047,507.513002323822,D_left
84,2,603.9032097391927,300.0288129276413,O_top
84,3,296.9220060756332,767.4722024745803,D_right
84,4,519.742745635843,485.56059363878927,D_top
84,6,582.508726445269,1354.9810281051734,O_right
84,7,281.52159977387777,603.0166996372368,O_left
85,1,307.5874184864581,521.3400758494014,D_left
85,2,602.429670923959,299.5729576189213,O_top
85,3,252.14318775217097,732.9836595676167,D_right
85,4,519.5174895595168,502.76151757817263,D_top
85,6,583.9139085907165,1356.2193063759548,O_right
85,7,270.7428262957935,617.1582908999987,O_left
86,1,303.22376290949984,528.5015162837011,D_left
86,2,601.3210055456636,298.8133091665809,O_top
86,3,262.9784213850258,747.6539302747549,D_right
86,4,514.7912187375345,510.6889164448168,D_top
86,6,584.3146284709744,1357.7399794484838,O_right
86,7,268.11901522984897,631.9189702716512,O_left
87,1,276.2352832984191,526.5099541332818,D_left
87,2,601.3666096221633,299.64693535977386,O_top
87,3,237.42880387654543,736.8253986482773,D_right
87,4,487.6858185852076,502.7348083774749,D_top
87,6,577.7256987330704,1359.2374781803242,O_right
87,7,258.56721427825954,652.5619817864896,O_left
88,1,253.36251981911,519.1252629994761,D_left
88,2,598.9607570413409,297.10476281778966,O_top
88,3,234.86156768837515,734.6289409887501,D_right
88,4,471.4358697950421,493.36194955405045,D_top
88,6,578.6955648194224,1360.8266026112972,O_right
88,7,238.44159648205735,656.2365423403311,O_left
89,1,292.30734113099965,577.9886705052818,D_left
89,2,596.4848282692799,295.4377253231878,O_top
89,3,252.0807990572301,739.9012230836515,D_right
89,4,469.7739149623192,514.7176896641317,D_top
89,6,573.6537239657753,1362.6320343899915,O_right
89,7,247.2618029965711,679.9220870360064,O_left
90,1,297.87787313460325,592.0937791690415,D_left
90,2,596.5359354368269,296.6276148156342,O_top
90,3,254.2599675400704,742.0569516716901,D_right
90,4,464.4307286436794,522.0563213819429,D_top
90,6,571.0779693684075,1362.9143659493698,O_right
90,7,259.62571742656576,702.3867832064055,O_left
91,1,293.27525281624577,605.6706708108708,D_left
91,2,593.8660623417555,292.4815739593742,O_top
91,3,250.51913204122823,738.6906005237497,D_right
91,4,454.483280439811,529.4728730678993,D_top
91,6,577.0510788061931,1358.038286386369,O_right
91,7,80.89048489972055,677.3143541437234,O_left
92,1,284.5893123790948,611.5528206989322,D_left
92,2,591.3678579365666,289.3883814875921,O_top
92,3,266.4186530889596,750.8675262077226,D_right
92,4,463.414709172422,547.7985774552981,D_top
92,6,578.7224236504671,1358.5597620647743,O_right
92,7,-97.84474762712466,652.2419250810414,O_left
93,1,260.305346450358,609.7054310904558,D_left
93,2,599.2379015553787,299.2956328306293,O_top
93,3,222.74965596086685,715.4400916676595,D_right
93,4,451.2190893666288,540.4337031245269,D_top
93,6,580.5340876958634,1358.715315430961,O_right
93,7,218.57238753899708,718.6228651792254,O_left
94,1,257.70269780286617,610.170121850909,D_left
94,2,595.8029697973009,298.5516239664203,O_top
94,3,179.08065883277416,680.0126571275964,D_right
94,4,457.526981707953,557.1813083601863,D_top
94,6,577.2484934427656,1359.5594868248488,O_right
94,7,235.23235588749185,752.1287756001726,O_left
95,1,235.08456033240387,602.1282422830251,D_left
95,2,588.5071448374683,292.66234830410286,O_top
95,3,163.27226717331453,674.7052786735302,D_right
95,4,455.6299202873313,578.2977746590491,D_top
95,6,574.68391063146,1366.611943189116,O_right
95,7,248.95405369456344,778.4786370157273,O_left
96,1,237.90321000210096,608.2707374204444,D_left
96,2,587.9472302437313,295.205174169845,O_top
96,3,168.78390418916456,678.1960697407555,D_right
96,4,462.3778901671896,589.1880004221028,D_top
96,6,572.2413055318441,1368.4810819049414,O_right
96,7,245.2800380858617,784.0710615118966,O_left
97,1,254.7021575117763,628.661173054991,D_left
97,2,601.1975804808598,316.4602498760388,O_top
97,3,171.39639581332466,690.0546532844143,D_right
97,4,448.65929759349,611.794028884556,D_top
97,6,572.0969196538412,1365.9188840797206,O_right
97,7,261.5931197100349,818.8434661013791,O_left
98,1,283.9129629428333,657.382791978359,D_left
98,2,602.3948115428356,320.96562036796456,O_top
98,3,171.1721336164926,685.649589650622,D_right
98,4,452.5609803344174,624.9292413605262,D_top
98,6,570.623155716206,1367.775586542621,O_right
98,7,261.18181182395614,836.5832955371736,O_left
99,1,315.7464604977202,692.8417457946096,D_left
99,2,595.6317632279953,323.4955143195889,O_top
99,3,179.9281611185016,703.69905427181,D_right
99,4,441.9992682832501,631.0875521604718,D_top
99,6,571.9617952996857,1367.7067011257343,O_right
99,7,263.7325240839999,849.7026642161222,O_left
100,1,324.37952305696564,704.7231552382358,D_left
100,2,597.3865203308528,325.2952322281453,O_top
100,3,169.3488664645673,697.0144864937125,D_right
100,4,434.8488623088103,633.9128844801078,D_top
100,6,571.8853598511602,1368.5626347688808,O_right
100,7,258.76171157853975,850.1177687218129,O_left
101,1,319.34631588601394,711.5071543339587,D_left
101,2,632.1632076198008,360.5370412109495,O_top
101,3,140.4056980565343,678.8247640882262,D_right
101,4,422.9101783185183,652.5242966343329,D_top
101,6,569.9908594223067,1370.7014300624312,O_right
101,7,242.4903335261204,876.2764687171014,O_left
102,1,333.1250940477704,726.2151015570312,D_left
102,2,630.351716708041,363.2536443796573,O_top
102,3,145.65852085058012,684.7021681413668,D_right
102,4,437.32636913641727,672.2856482677571,D_top
102,6,569.4179790917545,1371.651160516894,O_right
102,7,239.8470713898113,880.8460248024587,O_left
103,1,346.0148872455852,758.1957138501023,D_left
103,2,620.8383000483748,368.522012620285,O_top
103,3,121.2925852808982,686.8484299496185,D_right
103,4,477.47812230668376,719.9182552500087,D_top
103,6,567.1808285650379,1372.3637796303594,O_right
103,7,230.1768328396295,894.347417376876,O_left
104,1,347.4432625793659,766.3583806675557,D_left
104,2,620.4228582282965,369.8003866575917,O_top
104,3,121.18760399402976,684.7500133751435,D_right
104,4,477.65236821618015,732.634980578025,D_top
104,6,563.8353450699086,1372.205069539017,O_right
104,7,228.29322582296496,904.7817267759704,O_left
105,1,339.1893013214219,781.3649593414402,D_left
105,2,620.5704198050915,380.28531412977134,O_top
105,3,111.87079349543087,703.4701314658449,D_right
105,4,463.046704459299,749.6494823161939,D_top
105,6,563.3422835241439,1371.978417386492,O_right
105,7,233.665864257778,932.9206364306816,O_left
106,1,335.0588566696511,785.118828705966,D_left
106,2,621.24085772686,383.7288603933501,O_top
106,3,116.84382429940996,708.077093734396,D_right
106,4,458.67267509224166,756.9633042826374,D_top
106,6,562.4572243555072,1371.1084376901367,O_right
106,7,233.0273234651392,937.9749600365816,O_left
107,1,343.3188365754685,807.0681104258899,D_left
107,2,622.8345902935893,396.2968785462437,O_top
107,3,103.84092194075458,711.2841506328252,D_right
107,4,463.91383299048994,774.845410545653,D_top
107,6,562.1223747173469,1370.4372117021394,O_right
107,7,237.87073393108844,953.5168444525804,O_left
108,1,335.5809803241376,811.6306476709422,D_left
108,2,619.3171372047225,403.2756819541332,O_top
108,3,9.639807336305374,656.6558563349997,D_right
108,4,491.91594795877296,802.6879201122616,D_top
108,6,563.5555496849319,1371.175206041013,O_right
108,7,233.0911650388901,960.8984104612816,O_left
109,1,320.85455475400187,824.8751502990168,D_left
109,2,617.1688921392255,418.25981068866014,O_top
109,3,-24.11171913334333,645.8076353987473,D_right
109,4,491.3336460788471,816.2768013127109,D_top
109,6,563.0365389595901,1370.139821814015,O_right
109,7,224.37787003274985,979.5901910146796,O_left
110,1,347.20576546296195,849.8989160390614,D_left
110,2,622.5995055242994,432.8108120834338,O_top
110,3,0.0380374746778866,665.3483931726752,D_right
110,4,495.6340689268823,826.3923122398356,D_top
110,6,563.5313238665981,1369.7272397509978,O_right
110,7,219.55048040275105,985.7233083777476,O_left
111,1,355.94366737451406,894.4553070759297,D_left
111,2,605.5111607196853,447.6278737536917,O_top
111,3,168.469352991549,784.6544847829638,D_right
111,4,508.4897955218514,848.6184493782029,D_top
111,6,562.6325616770548,1367.629002618582,O_right
111,7,225.2123116061848,1003.6686470497024,O_left
112,1,347.85662752581555,897.1016292158791,D_left
112,2,598.7813960378804,451.8506719463539,O_top
112,3,157.0778260550993,781.0886614287548,D_right
112,4,508.26366013822405,849.4288158090061,D_top
112,6,562.0645889162538,1366.9370697426125,O_right
112,7,239.7725274124199,1017.3198065493572,O_left
113,1,343.69222563181785,910.090511273168,D_left
113,2,594.3235555008032,466.0825228496619,O_top
113,3,110.14221178308952,759.6701671316232,D_right
113,4,503.6646933427144,863.7056940344906,D_top
113,6,562.3923302374542,1366.8067439803065,O_right
113,7,254.3861790287472,1033.5409438649742,O_left
114,1,339.79812254530555,918.0203520515686,D_left
114,2,604.8893780225085,492.1964902796896,O_top
114,3,74.0750932584709,741.9634577991335,D_right
114,4,500.47668669512007,870.6135918352302,D_top
114,6,562.3394495921451,1362.0431168316682,O_right
114,7,243.2011450065012,1042.2237800390276,O_left
115,1,352.3536168380629,940.4141820353888,D_left
115,2,595.3702416238301,504.8347215587229,O_top
115,3,86.67595852343776,755.3845144908414,D_right
115,4,494.8564667331064,877.0373925456956,D_top
115,6,559.1466956002154,1351.491858161182,O_right
115,7,239.61356249131984,1054.3407955845105,O_left
116,1,340.70737562776554,937.9050270138256,D_left
116,2,594.9846643756472,512.3541553007827,O_top
116,3,106.83095394889123,769.6829917311701,D_right
116,4,491.54098577728377,879.9638307865528,D_top
116,6,519.9292687015904,1335.1221591110857,O_right
116,7,235.82679479687192,1059.9826710403229,O_left
117,1,354.0676767556411,962.73507611663,D_left
117,2,557.8888866754347,518.2832737793315,O_top
117,3,111.08103330401292,776.1142636907757,D_right
117,4,485.6982643940147,889.5243959717122,D_top
117,6,499.8747017206505,1332.043013675255,O_right
117,7,232.2103658309034,1076.2213975636005,O_left
118,1,347.7232404726952,966.2382159104624,D_left
118,2,563.2056974113638,535.0361921433444,O_top
118,3,112.00762868570372,778.125904456542,D_right
118,4,486.5829996632768,896.268826217714,D_top
118,6,483.407465988126,1327.1581334016155,O_right
118,7,226.20889206343537,1081.5949733519794,O_left
119,1,366.6392073875817,995.7694197676705,D_left
119,2,551.9734398014148,547.0088293781138,O_top
119,3,108.97116232257557,783.1563380664525,D_right
119,4,485.51233353011503,900.8003043997692,D_top
119,6,480.8414181899876,1323.165663953992,O_right
119,7,239.9816585465877,1095.7125365807692,O_left
120,1,368.0323216808331,1000.9615603703152,D_left
120,2,552.2118401534212,560.6560077952753,O_top
120,3,114.16217335902591,788.2553051581141,D_right
120,4,488.7024251411593,905.4276748590554,D_top
120,6,483.3852315409981,1322.5489027705598,O_right
120,7,250.38800196287767,1103.5343546377107,O_left
121,1,375.2247769135244,1021.2777242107874,D_left
121,2,511.1775316505984,550.2316756776999,O_top
121,3,108.40724327164952,800.6381115504398,D_right
121,4,488.0238335702891,920.550820077028,D_top
121,6,490.1439369485148,1320.3615146178,O_right
121,7,258.3885552123557,1121.6046629524712,O_left
122,1,367.634313569234,1025.4018445564398,D_left
122,2,513.0524513206219,563.5249129327369,O_top
122,3,104.93347949065866,809.6286986675852,D_right
122,4,488.7137103164054,924.9288660504864,D_top
122,6,493.4560710427728,1320.326820707051,O_right
122,7,264.10017651018,1127.3908033629405,O_left
123,1,399.0178280499396,1056.8052084915882,D_left
123,2,509.0071680320029,582.1593850249171,O_top
123,3,105.19429899054578,819.6355519646479,D_right
123,4,486.1462190344933,933.1707501609231,D_top
123,6,537.6721659714935,1335.1393994269554,O_right
123,7,252.2301291060428,1137.172003869747,O_left
124,1,402.7371641883613,1064.269980987235,D_left
124,2,499.218525280334,593.2192191197075,O_top
124,3,97.60772120135006,812.7172971056714,D_right
124,4,482.4054211551356,933.2460410517176,D_top
124,6,538.6828710753203,1334.7892741005996,O_right
124,7,243.40520082013128,1142.3221700987249,O_left
125,1,412.2424338045685,1078.2431508332631,D_left
125,2,490.1116957493286,617.8987321068623,O_top
125,3,97.69040996728444,826.3488155628168,D_right
125,4,495.5938226251022,949.4794522409184,D_top
125,6,540.2288724390371,1327.8079089646287,O_right
125,7,235.08509703314107,1153.6021189284834,O_left
126,1,412.8259186142012,1084.9530151789727,D_left
126,2,473.81783767262255,610.8757033203223,O_top
126,3,97.96921798460802,832.6157048991336,D_right
126,4,496.3630645851598,953.7143904973532,D_top
126,6,539.9093387883161,1329.9641223862866,O_right
126,7,235.45584946075255,1162.0905450140735,O_left
127,1,398.6985281913719,1098.950569624104,D_left
127,2,472.6188720205325,640.0123581482401,O_top
127,3,107.37945327421134,847.8809024853103,D_right
127,4,485.1383447262459,959.4581829355044,D_top
127,6,532.6407395173763,1332.596994034005,O_right
127,7,245.5694522438147,1170.455591095224,O_left
128,1,413.1470004094798,1113.6815134374276,D_left
128,2,457.6727209704008,639.7368443841117,O_top
128,3,104.8539767343561,846.5032544385376,D_right
128,4,494.4644855778851,971.9128412138716,D_top
128,6,529.7212451734728,1332.4418483095535,O_right
128,7,244.96148512479647,1173.8665764408402,O_left
129,1,418.4381988371087,1128.1525126434462,D_left
129,2,439.76557766837215,645.2923202891409,O_top
129,3,121.18333229025755,871.389111976645,D_right
129,4,503.55072491397135,983.4067989589556,D_top
129,6,528.2984851670344,1333.512123806757,O_right
129,7,241.08650165983076,1178.6656129691662,O_left
130,1,408.6043767162867,1128.699162186767,D_left
130,2,437.718379231956,650.3704441307883,O_top
130,3,126.72680843840648,877.7210636911922,D_right
130,4,504.9845430008599,985.2892716970788,D_top
130,6,532.4781626792827,1335.5219282631306,O_right
130,7,244.05562600392224,1181.9813322623074,O_left
131,1,425.25670802188125,1143.6205238188268,D_left
131,2,430.8927152197005,667.9717320952303,O_top
131,3,132.16465802417326,888.4116437321868,D_right
131,4,506.1417181330997,989.5829294750756,D_top
131,6,533.2688025608924,1336.690531309113,O_right
131,7,233.9121645964429,1189.5710998823758,O_left
132,1,423.2754545129861,1146.6977481690792,D_left
132,2,423.0152077696743,672.04722190819,O_top
132,3,130.12593275876478,888.1931470798967,D_right
132,4,506.5175691005159,990.870851963335,D_top
132,6,535.6893611219233,1338.230519706733,O_right
132,7,244.0953643028476,1200.0444203528937,O_left
133,1,432.0123961812485,1163.1609689444383,D_left
133,2,411.1689133889867,676.5894163810334,O_top
133,3,140.7028214526182,894.8946391875658,D_right
133,4,504.6123388908824,994.776765648714,D_top
133,6,536.4288068848077,1337.7797222909824,O_right
133,7,257.692447622404,1216.7317460703212,O_left
134,1,431.6891064847615,1170.737851157078,D_left
134,2,398.4657503303664,680.414181615442,O_top
134,3,139.00933849187132,894.3037620659328,D_right
134,4,502.98221606862165,997.6019019547784,D_top
134,6,535.3737151737284,1338.4266819151358,O_right
134,7,251.6254095331611,1219.380320678987,O_left
135,1,404.0631537394999,1162.5735844260355,D_left
135,2,368.1807305674596,675.9548408857543,O_top
135,3,134.28488754041717,890.2605145966946,D_right
135,4,496.1615569036616,1001.6404136976796,D_top
135,6,533.790159830565,1337.927832688608,O_right
135,7,213.8317654059699,1213.7475652674864,O_left
136,1,434.2140123993725,1179.0674246212573,D_left
136,2,357.8912391735625,677.078846390098,O_top
136,3,133.96442258142767,891.2029997613442,D_right
136,4,497.7522503899927,1006.546836195032,D_top
136,6,533.7765312848285,1338.750085367463,O_right
136,7,219.75367377421,1219.2536063520502,O_left
137,1,441.85841910602977,1188.6751108467329,D_left
137,2,341.00773636676126,678.7190499232534,O_top
137,3,131.64139028564057,890.7203593585865,D_right
137,4,492.4035886154047,1009.7274872887068,D_top
137,6,533.7848857885538,1338.9488869521351,O_right
137,7,214.6969805650868,1225.3348120958726,O_left
138,1,446.8857950758997,1192.6162504645515,D_left
138,2,337.9005890713088,682.7614849263086,O_top
138,3,136.43398518760927,894.6342748805769,D_right
138,4,499.6423070936944,1014.8087311280552,D_top
138,6,534.5652954735297,1338.104148570817,O_right
138,7,239.61365115915743,1238.7389721878424,O_left
139,1,461.898551169929,1201.7418582166592,D_left
139,2,333.0302516921423,694.5111339768972,O_top
139,3,153.9168156611593,910.8835762222892,D_right
139,4,494.62429961516136,1013.9030319197236,D_top
139,6,532.2431581308938,1340.1348132579228,O_right
139,7,266.68497753006915,1259.1310200016078,O_left
140,1,468.7872283178726,1205.1403922192496,D_left
140,2,327.2794476972231,693.8072527176404,O_top
140,3,159.21219588082198,916.0319129885792,D_right
140,4,497.430700067372,1016.5037173034748,D_top
140,6,533.0697110307277,1341.9743937754092,O_right
140,7,263.3940176344201,1259.3554984291814,O_left
141,1,459.4520021109966,1206.0826143848865,D_left
141,2,301.84586186486007,698.3146156830376,O_top
141,3,152.80856052760376,914.9620631534384,D_right
141,4,517.9968929523785,1031.5726434786286,D_top
141,6,537.3810327504418,1339.82947825797,O_right
141,7,268.3302144730644,1267.4824276427514,O_left
142,1,461.8751435145999,1206.7557426677577,D_left
142,2,309.1284129939598,709.0011710324561,O_top
142,3,156.04158121531518,917.3794231791984,D_right
142,4,525.6465584456888,1036.7521484398194,D_top
142,6,538.6372344151856,1339.481292192164,O_right
142,7,270.7747513266428,1272.5438356360664,O_left
