1,1,533.6544067382812,407.9008850097656,96.81657714843755,118.2052001953125,0.9468604642804017,-1,-1,-1
1,2,853.7598083496093,390.6960754394531,73.89849243164065,109.23546752929684,0.9315130586686564,-1,-1,-1
1,3,922.620849609375,399.23937377929684,79.59287109374998,126.84221191406249,0.9275711717779132,-1,-1,-1
1,4,488.4923583984375,416.7245819091797,51.478967285156216,147.68044738769532,0.9198040291536067,-1,-1,-1
1,5,400.12624511718747,318.375,51.80817260742191,98.42882080078124,0.9183948766110284,-1,-1,-1
1,6,306.9832763671875,311.1554718017578,33.08208618164059,87.85255737304686,0.9030542230509653,-1,-1,-1
1,7,1066.8398071289062,445.86408691406245,103.576904296875,244.67958984375002,0.884941424017434,-1,-1,-1
1,8,735.2962646484375,315.6598388671875,34.52728271484375,66.18960571289062,0.7715778486725391,-1,-1,-1
1,9,0.0,631.4817260742187,101.02334518432616,87.51827392578127,0.6788411206922973,-1,-1,-1
1,10,984.4147705078125,654.7787841796875,101.00632324218748,64.22121582031252,0.6563307180581077,-1,-1,-1
2,10,984.4147705078125,654.7787841796875,101.00632324218748,64.22121582031252,0.6563307180581077,-1,-1,-1
2,9,0.0,631.4817260742187,101.02334518432616,87.51827392578127,0.6788411206922973,-1,-1,-1
2,8,735.2962646484375,315.6598388671875,34.52728271484375,66.18960571289062,0.7715778486725391,-1,-1,-1
2,7,1066.8398071289062,445.86408691406245,103.576904296875,244.67958984375002,0.884941424017434,-1,-1,-1
2,6,306.9832763671875,311.1554718017578,33.08208618164059,87.85255737304686,0.9030542230509653,-1,-1,-1
2,2,853.7598083496093,390.6960754394531,73.89849243164065,109.23546752929684,0.9315130586686564,-1,-1,-1
2,4,488.4923583984375,416.7245819091797,51.478967285156216,147.68044738769532,0.9198040291536067,-1,-1,-1
2,3,922.620849609375,399.23937377929684,79.59287109374998,126.84221191406249,0.9275711717779132,-1,-1,-1
2,1,533.6544067382812,407.9008850097656,96.81657714843755,118.2052001953125,0.9468604642804017,-1,-1,-1
2,5,400.12624511718747,318.375,51.80817260742191,98.42882080078124,0.9183948766110284,-1,-1,-1
3,8,735.2029357910156,315.5647521972656,34.67208251953116,65.1939697265625,0.7708041850998129,-1,-1,-1
3,10,984.6845947265624,654.4396362304688,100.88371582031255,64.56036376953125,0.66222498707954,-1,-1,-1
3,9,0.0,631.1943786621093,100.98443298339843,87.80562133789067,0.6912232187443657,-1,-1,-1
3,6,306.66857299804684,311.80311584472656,33.65090332031252,87.21287841796874,0.9009078701849305,-1,-1,-1
3,7,1066.8712280273437,445.9427215576172,103.79619140625005,243.86531066894526,0.8865577854997149,-1,-1,-1
3,2,849.4203186035156,392.3197998046875,78.71281127929683,107.30302734374999,0.9195198611386957,-1,-1,-1
3,4,489.35231323242186,416.40067749023433,51.365148925781284,147.8563110351563,0.9181716080004776,-1,-1,-1
3,5,403.79592590332027,318.48675842285155,48.12209472656252,98.27572631835938,0.9287171388156672,-1,-1,-1
3,3,910.608837890625,401.4600952148437,91.72573242187502,125.0091430664063,0.9348077145306952,-1,-1,-1
3,1,536.378741455078,406.04348144531247,94.96175537109377,118.05040283203124,0.9435195967296011,-1,-1,-1
4,9,0.0,631.1296691894531,100.92511367797852,87.87033081054688,0.6906104290499684,-1,-1,-1
4,8,735.1513000488281,315.53234252929684,34.750195312499955,62.72468261718751,0.7607653716877252,-1,-1,-1
4,7,1066.8745239257812,446.1273193359375,103.86936035156259,243.23807373046873,0.8885922948503406,-1,-1,-1
4,6,307.65888061523435,312.8785400390625,33.03753662109375,86.0443176269531,0.8994995484875261,-1,-1,-1
4,10,984.6572387695312,654.1726135253906,100.33571777343741,64.8273864746094,0.673804352827915,-1,-1,-1
4,4,491.1823059082031,416.3644775390625,52.11903076171876,146.15299072265623,0.9203152177168938,-1,-1,-1
4,5,407.3656860351562,318.6386993408203,44.285888671875,97.54694824218745,0.9213209947682799,-1,-1,-1
4,3,893.5439392089843,403.9304534912109,108.71240844726572,122.07576599121097,0.9387548561539205,-1,-1,-1
4,1,541.1730651855469,404.7772521972656,92.05916748046877,116.11724853515625,0.9417163617928388,-1,-1,-1
4,2,843.0673645019531,393.96417846679685,86.0596984863281,106.74662475585939,0.9122329688545037,-1,-1,-1
5,10,984.9214599609375,654.0725830078125,100.07028808593759,64.92741699218755,0.6761559635595198,-1,-1,-1
5,9,0.0,631.0196411132812,100.7598518371582,87.98035888671882,0.6885632641417772,-1,-1,-1
5,8,735.1473449707031,315.56016540527344,34.75546874999998,63.95152587890624,0.7671537870961487,-1,-1,-1
5,7,1066.3676147460938,446.10682983398436,104.41428222656236,242.7687377929687,0.8906287789978151,-1,-1,-1
5,6,308.1167358398437,312.1634948730469,32.647247314453125,86.7468383789062,0.9004162618056455,-1,-1,-1
5,2,840.5127685546875,394.1880798339844,84.18537597656245,106.38693237304688,0.9052811078232565,-1,-1,-1
5,5,408.18004760742184,319.1166320800781,43.46477050781249,97.4091796875,0.9172758623567105,-1,-1,-1
5,3,890.2088745117187,402.54169921874995,110.392822265625,123.49654541015627,0.9387004629205897,-1,-1,-1
5,1,541.4171813964844,404.42604675292966,91.724853515625,116.29750671386716,0.9399511573580881,-1,-1,-1
5,4,491.6427978515625,416.43363647460933,52.4794921875,145.21058349609382,0.9166181004404379,-1,-1,-1
6,8,735.1254821777344,315.6264953613281,34.83742675781241,63.73410644531248,0.7598543165050771,-1,-1,-1
6,10,985.6171142578124,654.06796875,99.46977539062493,64.93203125000002,0.6762983494261405,-1,-1,-1
6,9,0.0,631.1053894042968,100.68631210327148,87.89461059570317,0.6837587568290786,-1,-1,-1
6,6,308.7174407958984,312.40980834960936,33.24418945312499,86.59105224609374,0.9013265658845171,-1,-1,-1
6,7,1066.6884155273438,446.2195220947265,104.08952636718755,243.640365600586,0.8875557448181155,-1,-1,-1
6,4,492.2794555664062,417.209765625,55.60971679687498,149.21433105468753,0.9103822415646796,-1,-1,-1
6,1,537.9468200683593,403.4349426269531,96.16354980468748,116.37081298828127,0.9407655789069125,-1,-1,-1
6,3,882.5411315917968,401.10369873046875,106.05986938476565,125.02496337890625,0.9376838921197646,-1,-1,-1
6,5,408.6275756835937,318.9381591796875,43.14649658203126,97.48157958984376,0.9088286257391509,-1,-1,-1
6,2,835.2258178710937,394.5577423095703,97.19044189453132,106.69452209472655,0.9285464256454077,-1,-1,-1
7,10,985.2999389648437,654.1019714355468,99.82089843750009,64.89802856445317,0.6781926925371806,-1,-1,-1
7,1,536.7758422851563,403.61083374023434,96.65397949218743,116.29291992187501,0.9429733029038729,-1,-1,-1
7,3,879.7023742675781,399.7580383300781,101.38200073242183,124.1522094726563,0.9218606728239287,-1,-1,-1
7,4,492.88458251953125,418.06359558105464,57.686901855468705,152.16627502441406,0.9151553505528796,-1,-1,-1
7,2,833.3193054199219,393.39093933105465,98.91557006835933,108.32670593261719,0.9120346419629968,-1,-1,-1
7,5,409.4642120361328,318.8835845947265,42.33394775390627,97.34661254882815,0.9092430548458736,-1,-1,-1
7,6,309.18968811035154,312.6832580566406,34.62593994140627,85.91874389648433,0.9035381203744741,-1,-1,-1
7,7,1064.1434326171875,446.27601928710936,106.85280761718741,242.2556762695312,0.8936982766390749,-1,-1,-1
7,8,735.1186157226563,315.62254028320314,34.877197265624886,64.73995971679688,0.7615277571195023,-1,-1,-1
7,9,0.0,631.0135437011719,100.8190544128418,87.9864562988281,0.688245333873919,-1,-1,-1
8,10,984.5561645507812,653.8940551757812,100.940185546875,65.1059448242188,0.674087471542407,-1,-1,-1
8,9,0.0,631.1783935546874,100.46848754882812,87.82160644531257,0.6870844296773342,-1,-1,-1
8,8,735.0629150390624,315.5755187988281,34.87587890625002,63.56491699218748,0.7608199105649049,-1,-1,-1
8,3,862.800732421875,398.7073608398437,58.035937500000045,126.41462402343751,0.775766883168103,-1,-1,-1
8,2,832.7767456054687,393.4120330810547,77.6710327148437,109.38880920410156,0.8472665486704152,-1,-1,-1
8,5,409.99281921386716,318.9136596679687,41.43581542968752,97.41318969726564,0.9132676355758633,-1,-1,-1
8,6,310.597998046875,312.73448181152344,35.33757934570315,85.5493286132812,0.8978751714518829,-1,-1,-1
8,7,1062.834631347656,446.3006286621094,108.1680908203125,241.79282226562498,0.9015595866285366,-1,-1,-1
8,1,536.7277221679688,403.7362152099609,94.47308349609375,116.09744567871093,0.9391375244300484,-1,-1,-1
8,4,494.8382263183594,420.49844055175777,60.08455810546877,151.96506042480473,0.8930796093723252,-1,-1,-1
9,8,735.0992248535156,315.5298706054687,34.867419433593795,65.41748657226566,0.7644494973728229,-1,-1,-1
9,9,0.0,631.1521911621094,100.47221603393554,87.84780883789062,0.6841092937453546,-1,-1,-1
9,2,832.9522521972656,393.6014099121094,75.74392089843752,110.55910034179686,0.7050794533522264,-1,-1,-1
9,3,840.785888671875,397.3746368408203,82.53215332031243,126.629653930664,0.7281409906969216,-1,-1,-1
9,10,983.8697387695312,653.8068786621094,102.10078125000007,65.1931213378906,0.6673151835089364,-1,-1,-1
9,6,311.3146087646484,312.82819519042965,36.228680419921886,85.27818603515624,0.8928797912042334,-1,-1,-1
9,4,495.4852661132812,420.8309692382812,61.908947753906205,151.97629394531248,0.903779294864048,-1,-1,-1
9,5,410.1143829345703,318.9234375,41.35627441406251,97.2746520996094,0.9137210474014843,-1,-1,-1
9,1,537.1373474121093,403.8406677246094,92.39018554687505,116.46134033203123,0.9373703622987506,-1,-1,-1
9,7,1063.1091796875,446.3077697753906,107.79301757812482,241.87862548828127,0.9004246187518525,-1,-1,-1
10,10,983.8110717773437,653.5529296875,101.66660156249998,65.44707031250005,0.6723433640789978,-1,-1,-1
10,9,0.0,631.0505676269531,100.48156127929687,87.94943237304688,0.672520208927402,-1,-1,-1
10,8,735.0089721679688,315.7517944335937,35.04122314453116,62.83569946289066,0.7567334107087653,-1,-1,-1
10,4,498.8661437988281,425.3895263671875,64.70463867187499,150.58267822265623,0.8819325684058583,-1,-1,-1
10,7,1063.1159912109374,446.2416595458984,107.83168945312514,241.48940734863277,0.9024585558702505,-1,-1,-1
10,3,827.1385620117187,394.1663818359375,85.38530273437505,130.4379821777344,0.9044268303934899,-1,-1,-1
10,5,411.2495178222656,319.2994445800781,40.15936889648435,97.07151489257814,0.9106603140627385,-1,-1,-1
10,6,313.70778808593747,312.07420349121094,39.3118835449219,86.47360839843748,0.9147995211218714,-1,-1,-1
10,1,536.5749572753906,404.3393920898437,89.81389160156255,115.79732666015627,0.9433629604475904,-1,-1,-1
11,2,821.8605651855469,395.4164611816406,58.92802734374993,107.54577026367184,0.5175995145806453,-1,-1,-1
11,10,983.5349853515625,653.5988525390625,102.08210449218745,65.40114746093752,0.6652499042036197,-1,-1,-1
11,9,0.0,630.9164794921875,100.67510604858398,88.08352050781252,0.6874587544052702,-1,-1,-1
11,8,734.963818359375,315.8116973876953,35.16372070312502,62.3128601074219,0.7557008940881325,-1,-1,-1
11,4,500.22015380859375,426.1066589355469,61.751953125,153.9458129882812,0.8741502557019274,-1,-1,-1
11,1,535.4685791015625,404.48864135742184,90.76717529296877,115.46960449218756,0.9429566958609747,-1,-1,-1
11,5,411.2724243164062,319.0476928710937,40.120697021484375,97.33419799804688,0.910088178328099,-1,-1,-1
11,3,822.883721923828,395.1560577392578,87.91182861328127,129.46923522949214,0.9103821234795291,-1,-1,-1
11,6,313.7785675048828,311.4668243408203,40.35091552734377,87.02352905273432,0.9181835565187235,-1,-1,-1
11,7,1063.399658203125,446.2733276367187,107.53461914062495,241.6783447265625,0.9016824864649067,-1,-1,-1
12,8,734.9700805664062,315.83924560546876,35.13361816406257,63.80870361328124,0.764366651980346,-1,-1,-1
12,10,983.4101806640624,653.66982421875,101.80393066406259,65.33017578124998,0.6676286048779474,-1,-1,-1
12,9,0.0,630.8972534179687,100.70041580200194,88.10274658203127,0.6922733899067737,-1,-1,-1
12,2,803.1978149414062,393.0218536376953,68.45405273437495,110.77940368652344,0.708449351416867,-1,-1,-1
12,4,503.4942993164062,431.52541809082027,60.13729248046877,148.6788848876953,0.8898817235776448,-1,-1,-1
12,5,411.88161621093747,319.00075378417966,39.35357666015625,97.41917724609374,0.9122254826347138,-1,-1,-1
12,7,1063.3554931640624,446.3426513671875,107.56582031250014,241.63088378906252,0.9018446212741082,-1,-1,-1
12,3,818.2390869140625,394.4431274414062,89.37465820312502,129.34083251953132,0.8933869292553283,-1,-1,-1
12,6,315.137548828125,313.0350677490234,40.187164306640625,85.54520874023439,0.9169127511218846,-1,-1,-1
12,1,539.9854431152344,405.0798431396484,86.46306152343743,115.65738830566403,0.936682777790736,-1,-1,-1
13,9,0.0,630.9346069335937,100.50520935058593,88.06539306640627,0.6870735714375229,-1,-1,-1
13,8,734.958984375,315.86195983886716,35.18833007812498,64.9676513671875,0.7596319911565672,-1,-1,-1
13,2,787.1966674804687,391.9860626220703,80.2508422851563,116.17369079589844,0.8018824760162211,-1,-1,-1
13,4,501.88458251953125,432.04306640625,81.04075927734368,147.38236083984373,0.8654655603014305,-1,-1,-1
13,10,983.0668579101562,653.709375,102.40114746093764,65.29062499999998,0.6652844159944493,-1,-1,-1
13,7,1062.7096069335937,446.30150756835934,108.33002929687495,241.11342773437497,0.9098288030404191,-1,-1,-1
13,5,411.97313232421874,319.0006439208984,39.647790527343716,97.35595092773434,0.9139140842465956,-1,-1,-1
13,6,315.9230163574219,313.26300659179685,42.94248046874998,85.23890991210936,0.9179024766363675,-1,-1,-1
13,1,542.5352050781249,405.78936767578125,85.27302246093757,114.07005615234368,0.9379942894164373,-1,-1,-1
13,3,808.3851745605468,393.9009796142578,92.1169555664062,132.1948333740234,0.8747860328998236,-1,-1,-1
14,10,982.191357421875,653.8361022949218,103.16887207031255,65.16389770507817,0.6708725569853868,-1,-1,-1
14,9,0.0,630.9396606445313,100.42548294067382,88.06033935546873,0.6829152136936045,-1,-1,-1
14,8,734.8068237304688,315.7976623535156,35.406628417968705,59.921850585937534,0.746067761120802,-1,-1,-1
14,3,793.2071228027344,394.108071899414,92.15057373046875,135.41042175292972,0.8164150874265701,-1,-1,-1
14,4,493.98541259765625,434.5781616210937,84.5473754882812,146.04631347656255,0.8376338936277428,-1,-1,-1
14,2,765.5919982910156,393.74903869628906,107.49265136718748,113.63573913574214,0.8525274658215487,-1,-1,-1
14,7,1062.8972534179686,446.2952453613281,108.09711914062518,240.86447753906253,0.9133414707580094,-1,-1,-1
14,6,318.7235961914062,313.6250335693359,42.115814208984375,84.75078735351559,0.9153685769918773,-1,-1,-1
14,1,541.0626525878906,405.10151367187495,93.03079833984373,114.82822265624998,0.9186041911448228,-1,-1,-1
14,5,412.4299713134765,318.91431884765626,39.911407470703125,97.57677612304684,0.9124060173139732,-1,-1,-1
15,8,734.8685119628906,315.812548828125,35.317089843749955,65.18375244140623,0.757670505206832,-1,-1,-1
15,10,982.5324829101562,653.7245910644531,102.52836914062505,65.27540893554692,0.6695192246013164,-1,-1,-1
15,9,0.0,630.9268615722656,100.4144691467285,88.07313842773442,0.6871034902885498,-1,-1,-1
15,3,788.6689453125,394.7232788085937,75.82060546874993,136.83339843750002,0.8291064006996862,-1,-1,-1
15,2,759.9919921874999,394.784390258789,101.49323730468757,111.3439910888672,0.8642191371525598,-1,-1,-1
15,1,544.1260803222656,405.2617492675781,92.89511718749998,115.26119384765627,0.9025495704920523,-1,-1,-1
15,7,1062.984375,446.3057647705078,108.063720703125,241.1606414794922,0.9110809816549761,-1,-1,-1
15,6,319.59288940429684,313.6822998046875,40.97466430664065,84.68294677734372,0.911452695181115,-1,-1,-1
15,5,412.9862915039062,319.1104797363281,39.74644775390624,97.3174987792969,0.9140672565563364,-1,-1,-1
15,4,492.72418212890625,434.7272735595703,98.17745361328127,146.16988220214847,0.8946611787398595,-1,-1,-1
16,10,981.8848388671875,653.7398071289062,103.48989257812491,65.26019287109375,0.6640695169558342,-1,-1,-1
16,9,0.0,630.935870361328,100.67992630004882,88.06412963867194,0.6782591366214419,-1,-1,-1
16,3,774.0144470214843,403.31793823242185,87.83052978515627,129.9332153320313,0.7258768304806829,-1,-1,-1
16,2,745.9109252929687,394.94805908203125,79.84654541015618,111.10929565429683,0.791813000809217,-1,-1,-1
16,8,735.0364929199219,315.94276428222656,34.82677001953118,52.07244873046875,0.7092430035298349,-1,-1,-1
16,7,1063.5439086914062,446.2544311523437,107.5220947265625,240.75274658203125,0.9140683173292921,-1,-1,-1
16,6,321.464273071289,312.5757843017578,39.655371093750034,86.12330932617186,0.9161270552952487,-1,-1,-1
16,1,543.1025939941406,403.5936401367187,99.00263671874995,117.0099975585938,0.921457270664348,-1,-1,-1
16,4,493.58364257812497,434.9519439697265,101.81832275390622,145.36128845214847,0.9302310666817846,-1,-1,-1
16,5,413.37962951660154,318.9047058105469,39.416033935546864,97.98189697265622,0.908639148884081,-1,-1,-1
17,10,982.6878295898437,653.7556274414062,102.31149902343759,65.2443725585938,0.6813680703366458,-1,-1,-1
17,4,495.3028930664062,432.6061706542969,103.65842285156248,148.33992919921877,0.9330770800003414,-1,-1,-1
17,7,1063.7924194335938,446.32831420898435,107.32302246093741,240.29472656250005,0.9199570473406027,-1,-1,-1
17,1,547.6799377441406,402.3855285644531,95.72014160156255,117.63566894531243,0.9155774695231855,-1,-1,-1
17,6,322.215380859375,313.4418090820312,39.575335693359364,85.2489074707031,0.9129941754035755,-1,-1,-1
17,5,414.208657836914,319.9874359130859,38.54641113281252,97.11661376953128,0.9054486658270555,-1,-1,-1
17,3,747.0042846679687,393.9772247314453,76.1768920898437,135.2034393310547,0.7884969232357442,-1,-1,-1
17,2,766.3749389648438,393.67683105468745,95.21608886718741,115.13770751953126,0.7399725842963889,-1,-1,-1
17,8,734.9378356933594,315.81504821777344,34.985302734374955,54.49460449218748,0.7090264954048564,-1,-1,-1
17,9,0.0,630.8647888183593,100.62243347167968,88.13521118164067,0.6928847508749314,-1,-1,-1
18,8,734.97216796875,315.89332580566406,34.90147705078118,52.87285766601559,0.7017559991247602,-1,-1,-1
18,2,755.8415771484375,391.0547241210937,77.91888427734364,109.79148559570314,0.8237711627822577,-1,-1,-1
18,10,983.1614501953125,653.8316528320312,102.14187011718741,65.16834716796882,0.6868355579747885,-1,-1,-1
18,9,0.0,630.8035949707031,100.86171569824218,88.1964050292969,0.6994230050788595,-1,-1,-1
18,5,415.17877807617185,320.3074951171875,38.439898681640614,96.91600341796874,0.8984999844803454,-1,-1,-1
18,7,1063.549072265625,446.3315551757812,107.53220214843736,240.14311523437505,0.92013726036474,-1,-1,-1
18,1,555.2518798828124,399.9384887695312,90.84133300781252,120.28079223632812,0.9070456757023173,-1,-1,-1
18,6,324.3583740234375,310.1508544921875,36.842816162109386,88.0823913574219,0.907861590407304,-1,-1,-1
18,3,745.1327087402343,395.17943115234374,73.30319824218748,136.02216796875,0.910499448501433,-1,-1,-1
18,4,501.04555664062497,428.6590576171875,102.09177246093753,152.28017578125002,0.9056214820165458,-1,-1,-1
19,8,735.1122985839844,315.89719848632814,34.697460937499955,51.35114135742185,0.6673168172589072,-1,-1,-1
19,10,983.1589233398437,653.7669982910156,101.88281250000011,65.23300170898438,0.6919361683110026,-1,-1,-1
19,9,0.0,630.8193603515625,100.85368881225585,88.18063964843748,0.6969424362448429,-1,-1,-1
19,2,750.6364196777344,390.44355468749995,67.40408935546873,105.52005615234378,0.7713504950918875,-1,-1,-1
19,1,562.6992919921875,398.8657012939453,84.86466064453123,121.93294372558597,0.8998001704256069,-1,-1,-1
19,6,325.02378845214844,308.99278564453124,36.64588623046876,89.27226562499999,0.9071406770255592,-1,-1,-1
19,4,501.31878662109375,426.80582885742183,105.20980224609377,154.38251953125007,0.9116315698153628,-1,-1,-1
19,7,1063.3134155273438,446.2780517578125,107.65634765624986,240.46018066406248,0.9176522838701686,-1,-1,-1
19,3,726.1146606445312,392.954067993164,88.921142578125,139.34501037597659,0.9209731726986092,-1,-1,-1
19,5,416.123876953125,320.93324890136716,37.843341064453114,96.23551025390623,0.9063291556090292,-1,-1,-1
20,2,736.3730895996093,390.26856994628906,59.97359619140627,107.04377746582031,0.7767278088503815,-1,-1,-1
20,10,984.2859008789062,653.8648315429688,100.5523681640625,65.13516845703123,0.6966068494979147,-1,-1,-1
20,8,734.1064453125,315.92738342285156,36.04526367187498,77.12133178710934,0.7069854177622119,-1,-1,-1
20,9,0.0,631.3356628417969,99.66542129516601,87.66433715820312,0.713991357498287,-1,-1,-1
20,3,692.9920349121094,393.8184173583984,107.58218994140623,130.92333068847654,0.8658967940459483,-1,-1,-1
20,7,1062.5061401367186,446.32628173828124,107.54165039062514,240.86678466796872,0.9280652291913327,-1,-1,-1
20,5,416.23854675292966,319.56275939941406,41.24179687499998,96.89963378906248,0.9133890930703998,-1,-1,-1
20,1,568.5808227539062,398.3552764892578,79.79644775390625,122.24501037597656,0.91398516403504,-1,-1,-1
20,4,516.268212890625,422.465982055664,79.85489501953123,157.5679779052735,0.9210320672651768,-1,-1,-1
20,6,327.0437072753906,309.4502838134766,34.41038818359374,88.78233032226558,0.9044054386753864,-1,-1,-1
21,2,734.5831420898437,389.8748474121094,53.112194824218705,106.094970703125,0.8370079983570236,-1,-1,-1
21,10,984.166259765625,653.846759033203,100.7215576171875,65.15324096679694,0.6955712619482028,-1,-1,-1
21,9,0.0,631.3138549804687,99.67221221923828,87.6861450195313,0.7128862724401586,-1,-1,-1
21,8,734.4160400390625,316.09173889160155,35.535827636718636,77.09760131835935,0.7554238003896572,-1,-1,-1
21,3,685.9468322753906,397.06298217773434,93.36972656249998,120.08908081054693,0.885340102894375,-1,-1,-1
21,7,1062.5255859375,446.29584960937495,107.52956542968741,240.95258789062507,0.9274468687442692,-1,-1,-1
21,4,520.9101013183594,422.0295776367187,77.80594482421873,157.87595214843748,0.9045722467779527,-1,-1,-1
21,1,571.1778259277344,398.90516967773436,76.25390625,121.72846069335941,0.9124597553280864,-1,-1,-1
21,5,416.9122833251953,319.5595733642578,41.63263549804685,96.96450805664062,0.9127551878557405,-1,-1,-1
21,6,328.0891387939453,309.9781494140625,33.079119873046864,88.44856567382811,0.8907219454588216,-1,-1,-1
22,10,984.5744018554688,653.8303894042969,100.18696289062495,65.16961059570315,0.6986233704742162,-1,-1,-1
22,9,0.0,631.3441223144531,99.65165405273437,87.6558776855469,0.7177260387926907,-1,-1,-1
22,8,734.0765625,315.79466857910154,36.10173339843743,79.07288818359376,0.7215962555369515,-1,-1,-1
22,2,715.8341491699218,391.38129272460935,60.39876708984377,111.24118652343748,0.858106577207959,-1,-1,-1
22,4,528.4529846191406,423.48268432617186,81.158203125,156.19075927734372,0.8585292465636876,-1,-1,-1
22,1,573.3732238769531,401.9867797851562,70.49893798828123,122.33594970703126,0.8867242931845709,-1,-1,-1
22,5,420.3643524169922,319.59536132812497,38.597497558593716,96.32076416015627,0.9026390651713463,-1,-1,-1
22,3,681.913916015625,397.63822631835933,81.04086914062498,117.32931518554688,0.9127401581325785,-1,-1,-1
22,7,1062.5889770507813,446.3020843505859,107.4451904296875,240.87351379394534,0.9285223479461706,-1,-1,-1
22,6,331.8779388427734,310.3221038818359,29.19935302734376,86.04014282226564,0.8771282857765357,-1,-1,-1
23,2,701.3685607910156,392.8890014648437,70.83599853515625,117.47768554687502,0.8611099921226106,-1,-1,-1
23,10,984.5746215820312,653.7679321289062,100.06765136718752,65.23206787109382,0.6942153121226333,-1,-1,-1
23,9,0.0,630.8594055175781,99.9078758239746,88.14059448242188,0.6962603623032493,-1,-1,-1
23,8,734.0568420410156,315.92169799804685,35.955615234375045,74.18446655273436,0.7313558416612977,-1,-1,-1
23,3,681.5596069335937,397.4112213134765,65.97641601562498,116.52799987792969,0.88562736401461,-1,-1,-1
23,6,332.5810089111328,310.7933624267578,31.463140869140602,85.50252685546872,0.8916018551294584,-1,-1,-1
23,4,527.8041870117187,424.3319549560547,90.7021362304688,158.21243591308587,0.888079891043354,-1,-1,-1
23,7,1062.504052734375,446.2594848632812,107.52187500000014,240.88612060546876,0.9283621848584147,-1,-1,-1
23,1,572.2709106445312,404.9385589599609,76.78597412109377,123.22268371582027,0.8879411545907416,-1,-1,-1
23,5,421.9233947753906,320.5346649169922,40.44056396484376,94.47984008789058,0.9006184193037114,-1,-1,-1
24,7,1063.3316528320313,445.58805541992183,107.56362304687491,242.06099853515627,0.9294942520468936,-1,-1,-1
24,4,529.9893127441406,430.02501525878904,102.64240722656245,149.9868621826172,0.916871105409669,-1,-1,-1
24,1,570.0010253906249,410.0439056396484,85.07658691406255,124.66864929199221,0.9061789215719145,-1,-1,-1
24,6,333.8859375,310.64276733398435,32.813195800781216,88.23856201171873,0.8955727217837861,-1,-1,-1
24,5,425.92296752929684,318.5628936767578,43.485205078125034,96.90089721679686,0.8879071222629022,-1,-1,-1
24,3,677.9045654296875,395.21002807617185,66.4134521484375,128.78020019531255,0.8608392969550636,-1,-1,-1
24,2,685.4208618164063,397.1890228271484,80.3780639648437,114.55155944824219,0.853256082923636,-1,-1,-1
24,8,734.0437683105469,315.841552734375,36.11173095703123,75.88064575195312,0.7411465374086639,-1,-1,-1
24,9,0.0,630.8600646972656,99.95390167236327,88.13993530273444,0.7014322569317244,-1,-1,-1
24,10,984.997265625,653.6075866699218,99.7613525390625,65.39241333007817,0.6873409992553903,-1,-1,-1
25,10,984.9825439453125,653.6254943847656,99.81123046874995,65.3745056152344,0.6830029139019018,-1,-1,-1
25,9,0.0,631.2648010253906,99.69053192138671,87.73519897460938,0.7209487057339814,-1,-1,-1
25,8,734.1110046386718,315.8615478515625,36.0032958984375,74.19309082031248,0.7505821614946129,-1,-1,-1
25,3,673.7837585449219,394.1113403320312,58.576245117187455,124.10941772460944,0.8124056793269219,-1,-1,-1
25,2,681.2267211914062,397.93834533691404,84.0860595703125,114.30689392089846,0.8546308876292912,-1,-1,-1
25,4,530.6958984375,433.5476440429687,105.25605468749995,145.39680175781245,0.9225650717002765,-1,-1,-1
25,6,334.0614440917969,310.49574279785156,33.96807861328125,89.01985473632811,0.8971415089864934,-1,-1,-1
25,1,574.7663452148437,411.4878387451172,80.94583740234384,126.49199523925779,0.905484513702703,-1,-1,-1
25,7,1062.5791992187499,446.1162231445312,107.51484375000018,240.98939208984382,0.9289751433892945,-1,-1,-1
25,5,429.0497314453125,318.8454345703125,42.35800781249998,97.04718017578125,0.8862872509601978,-1,-1,-1
26,6,335.17768249511715,310.9259399414062,35.883654785156295,89.23090209960935,0.8983116863202127,-1,-1,-1
26,5,430.4474670410156,319.38714294433595,43.919659423828136,94.31070556640623,0.8910843770274255,-1,-1,-1
26,1,576.9558654785156,410.52073974609374,79.79436035156243,128.52147216796874,0.897202365957753,-1,-1,-1
26,4,538.5175598144531,441.7528656005859,106.41840820312507,144.09593811035154,0.938207062313289,-1,-1,-1
26,7,1062.5499755859375,446.13671264648434,107.373779296875,240.9031494140625,0.929083194382585,-1,-1,-1
26,9,0.0,631.3430236816406,99.63693237304688,87.6569763183594,0.7256599450602863,-1,-1,-1
26,2,670.5024169921875,400.32619628906247,94.59953613281255,111.17548828125001,0.8881177906766737,-1,-1,-1
26,3,664.0509704589844,395.19599304199215,53.98516845703125,137.21465148925785,0.8318468230460248,-1,-1,-1
26,10,985.3349853515624,653.6375793457031,99.39396972656255,65.3624206542969,0.6861742219896527,-1,-1,-1
26,8,734.1023254394531,315.8050231933594,36.05295410156248,73.17246093749998,0.755790948407487,-1,-1,-1
27,10,985.3731079101562,653.7474426269531,99.08854980468755,65.2525573730469,0.6860296350108683,-1,-1,-1
27,9,0.0,631.3810913085937,99.60463943481444,87.61890869140632,0.7307809458347592,-1,-1,-1
27,3,656.4675476074218,396.30300292968747,56.43446044921882,129.94442138671872,0.8249935846978396,-1,-1,-1
27,2,669.4526184082031,401.389892578125,93.79544677734373,109.65091552734373,0.8738614823168369,-1,-1,-1
27,8,734.0988647460937,315.7734924316406,36.054492187500045,70.7701354980469,0.7484054043142123,-1,-1,-1
27,6,336.6261474609375,311.3567413330078,35.093243408203136,88.57452392578125,0.9015343079627911,-1,-1,-1
27,5,434.6121917724609,321.5465057373047,49.16368103027344,91.0677612304687,0.9104567400985673,-1,-1,-1
27,7,1062.2392822265624,446.0050964355469,107.33928222656255,240.74088134765623,0.9300235545861995,-1,-1,-1
27,4,541.2573852539062,447.51154174804685,103.29257812499998,139.44748535156248,0.9417790521468064,-1,-1,-1
27,1,573.8959533691406,409.2845031738281,86.18323974609382,132.48489990234378,0.8831194041605244,-1,-1,-1
28,10,984.72216796875,653.6153869628906,100.17949218750005,65.38461303710938,0.678129508506359,-1,-1,-1
28,4,545.7568908691406,452.05048828124995,100.97215576171868,134.50209960937502,0.948319706289908,-1,-1,-1
28,7,1062.07294921875,445.9790863037109,107.48210449218755,240.80528869628904,0.9310275900752885,-1,-1,-1
28,5,437.855712890625,321.9664581298828,52.28635253906248,90.24675292968749,0.91703411781765,-1,-1,-1
28,1,570.4097717285156,407.0652648925781,102.849609375,134.50539550781247,0.9169399163284631,-1,-1,-1
28,6,338.0434661865234,311.6573822021484,34.342327880859386,88.33694458007812,0.9061100559957893,-1,-1,-1
28,2,671.699542236328,401.93165588378906,87.32581787109382,104.9619232177734,0.8857497694711007,-1,-1,-1
28,3,655.5002014160156,399.2925750732422,49.75620117187509,145.27350769042965,0.8137690039144232,-1,-1,-1
28,8,734.6513671875,315.9654235839844,35.35675048828125,66.46223144531251,0.7472765366849394,-1,-1,-1
28,9,0.0,630.9860229492188,99.98177261352538,88.01397705078125,0.6979669057361804,-1,-1,-1
29,9,0.0,630.9855834960937,99.99012908935546,88.01441650390632,0.6980460434339157,-1,-1,-1
29,7,1062.2404907226562,445.9520599365234,107.33225097656259,240.61764221191407,0.9316440412326834,-1,-1,-1
29,8,734.6112670898438,315.96547851562497,35.41234130859368,66.6464721679688,0.744576709193776,-1,-1,-1
29,10,984.8445556640625,653.6619689941406,100.00876464843759,65.33803100585942,0.6785088793582261,-1,-1,-1
29,3,652.3548706054687,401.4627319335937,52.70767822265623,144.28311767578128,0.8251186620398272,-1,-1,-1
29,4,542.5842590332031,450.1764953613281,105.35811767578127,136.15444335937502,0.9392806666073525,-1,-1,-1
29,1,571.4945068359375,407.13480834960933,104.73563232421873,135.41901855468757,0.9066140723532641,-1,-1,-1
29,6,338.2789581298828,311.80108337402345,34.03916015624998,88.79084472656245,0.9066441674982535,-1,-1,-1
29,5,438.62420654296875,322.81773376464844,54.26817626953124,89.0440795898437,0.9148596559068523,-1,-1,-1
29,2,671.3147460937499,402.31268920898435,87.42788085937502,104.44899902343752,0.8928564162283692,-1,-1,-1
30,10,985.3793701171875,653.528155517578,100.27661132812489,65.47184448242194,0.6695757304130332,-1,-1,-1
30,9,0.0,630.9795410156249,100.26757507324218,88.02045898437507,0.6917560724427148,-1,-1,-1
30,8,734.6212097167969,315.86127319335935,35.35323486328116,74.71219482421873,0.7861877204888117,-1,-1,-1
30,3,647.7437438964844,403.0565185546875,52.68339843749993,142.26119384765627,0.805295097186324,-1,-1,-1
30,1,604.709912109375,409.8887512207031,79.53035888671877,133.53541259765626,0.8413116109841852,-1,-1,-1
30,7,1062.6392944335937,445.7023681640625,108.14194335937509,241.62539062500002,0.9185753411124722,-1,-1,-1
30,2,671.7962768554687,402.4387573242187,82.61971435546877,98.83784179687501,0.926258408283509,-1,-1,-1
30,5,440.25084228515624,324.43651428222654,63.910546874999966,87.60272827148435,0.9308378983684662,-1,-1,-1
30,4,545.4773986816406,442.5804931640625,107.81685791015627,141.7868041992187,0.9381568698351757,-1,-1,-1
30,6,338.66889038085935,311.9041351318359,33.593060302734386,88.56315307617189,0.9108654304436712,-1,-1,-1
31,1,612.5092712402344,411.5474670410156,61.0048828125,127.80318603515627,0.836949660720677,-1,-1,-1
31,10,985.5497680664062,653.5696838378906,99.94196777343745,65.43031616210942,0.6726944251289311,-1,-1,-1
31,9,0.0,631.2166259765625,100.36847076416015,87.78337402343755,0.6935087004460918,-1,-1,-1
31,8,734.6501037597656,315.9421875,35.35675048828125,72.66862792968749,0.7809211484734533,-1,-1,-1
31,3,648.2395568847656,403.5500793457031,49.7274169921875,142.48773193359375,0.8502883413202866,-1,-1,-1
31,4,544.005615234375,440.9735229492187,104.6810302734375,141.84689941406248,0.9435934381356148,-1,-1,-1
31,7,1062.5716186523437,445.70453796386715,108.059326171875,241.71352844238282,0.920776178147662,-1,-1,-1
31,5,440.7163879394531,323.34697265625,64.90975341796872,89.32478027343751,0.926134726739452,-1,-1,-1
31,2,670.5814086914062,402.53771667480464,84.02607421875007,98.4642242431641,0.9283339369589534,-1,-1,-1
31,6,339.29546813964845,311.8858978271484,32.79803466796875,88.25921630859375,0.9111177098803864,-1,-1,-1
32,3,647.1487243652343,400.5653137207031,50.78529052734382,147.6903076171875,0.8477049710669959,-1,-1,-1
32,10,985.5667968749999,653.5455139160156,99.78903808593759,65.45448608398442,0.6726710581814004,-1,-1,-1
32,9,0.0,631.1913024902343,100.3335205078125,87.8086975097657,0.6895357497141745,-1,-1,-1
32,8,734.568310546875,315.88343811035156,35.463757324218705,72.66176147460936,0.781457633705287,-1,-1,-1
32,1,609.3595458984374,413.9150756835937,75.58198242187507,122.97381591796875,0.8655121395869543,-1,-1,-1
32,5,441.4647766113281,322.4439788818359,65.38315429687503,90.40556030273439,0.9257097140389305,-1,-1,-1
32,4,538.8470397949219,440.06231689453125,88.27239990234375,140.59160156249993,0.9198988395278604,-1,-1,-1
32,2,671.1895568847656,403.4544982910156,83.56025390625007,98.009033203125,0.9212303624097622,-1,-1,-1
32,7,1061.9119995117187,446.16893005371094,107.97319335937505,241.1980499267578,0.9230796758643578,-1,-1,-1
32,6,339.8192138671875,311.8111907958984,32.13555908203125,88.14034423828122,0.909070128743565,-1,-1,-1
33,10,985.2006225585938,653.4910766601562,100.4293212890625,65.50892333984382,0.6734709115203259,-1,-1,-1
33,9,0.0,631.1336791992187,100.3220947265625,87.8663208007813,0.6925408214152284,-1,-1,-1
33,8,734.5957214355468,315.92026977539064,35.40036621093748,72.3455200195312,0.7821824764506253,-1,-1,-1
33,3,646.5431030273437,400.26005859375,51.33845214843757,146.6998901367187,0.8445990918062307,-1,-1,-1
33,1,611.022052001953,415.1951477050781,72.81936035156252,129.23854980468747,0.8853136284032175,-1,-1,-1
33,2,672.458203125,403.0496520996094,81.35299072265627,97.45834350585938,0.9136249751511372,-1,-1,-1
33,5,441.1554016113281,321.1745361328125,65.66319580078124,90.75327758789064,0.9255124564590993,-1,-1,-1
33,7,1062.0784423828125,446.13141174316405,107.82114257812509,241.0880218505859,0.9281512878449405,-1,-1,-1
33,4,533.9159362792968,439.9981018066406,76.60426025390632,135.34804687499997,0.9358748111349371,-1,-1,-1
33,6,340.4299713134765,311.14000854492184,31.879138183593795,89.02271118164066,0.9070068206132476,-1,-1,-1
34,1,610.5773803710937,419.9451965332031,79.80007324218752,129.93464355468745,0.8908019253993444,-1,-1,-1
34,9,0.0,630.9513061523437,100.310009765625,88.0486938476563,0.6940065232356218,-1,-1,-1
34,3,647.0395202636719,400.3976623535156,52.528820800781205,141.55751953124997,0.7838630054400717,-1,-1,-1
34,8,734.6097839355468,315.839794921875,35.43607177734373,73.08737182617182,0.7850015036736302,-1,-1,-1
34,10,985.1122924804687,653.4696533203124,100.86218261718761,65.53034667968757,0.6610641777184085,-1,-1,-1
34,2,671.5967651367188,401.84511108398436,80.22711181640625,98.06879882812501,0.8966783197390527,-1,-1,-1
34,5,459.35040893554685,319.35509033203124,47.69011230468749,92.61881103515623,0.9082079291456466,-1,-1,-1
34,4,522.0742675781249,436.44501342773435,70.37973632812509,138.5497924804688,0.9098420238553793,-1,-1,-1
34,7,1062.017138671875,446.12446289062495,107.89431152343741,241.32733154296875,0.927555246491579,-1,-1,-1
34,6,340.82017822265624,310.7298889160156,32.584735107421864,88.93800659179686,0.9025886205219251,-1,-1,-1
35,10,985.0888916015624,653.501953125,100.54731445312495,65.498046875,0.6695791575681938,-1,-1,-1
35,9,0.0,630.9580627441406,100.27856140136718,88.04193725585935,0.6935538253976148,-1,-1,-1
35,8,734.6410949707031,315.8755279541015,35.37850341796877,72.97657470703126,0.7867379263124867,-1,-1,-1
35,3,647.9702819824219,401.7181915283203,51.73956298828125,143.84934997558594,0.8154524701745913,-1,-1,-1
35,1,610.4823486328124,420.5369476318359,79.64604492187505,129.41661071777344,0.8784287513847318,-1,-1,-1
35,4,516.7825378417969,432.7276245117187,68.9468994140625,142.39830322265624,0.8855852316315804,-1,-1,-1
35,5,465.9280334472656,318.38502502441406,41.59467773437501,93.34138183593745,0.8913081504722342,-1,-1,-1
35,6,341.2276611328125,310.6526824951172,33.3072509765625,88.88609619140624,0.8961106796496985,-1,-1,-1
35,2,674.3202758789063,402.1036743164062,75.21822509765616,97.91240844726565,0.9038903914525207,-1,-1,-1
35,7,1061.9636352539062,446.18507995605466,107.91672363281259,241.26869201660156,0.9290415156388931,-1,-1,-1
36,9,0.0,631.0387573242188,100.4136863708496,87.96124267578125,0.6923850058431036,-1,-1,-1
36,8,734.5861083984374,315.8988464355469,35.48463134765632,71.71572875976557,0.7723104859862318,-1,-1,-1
36,3,648.3359619140625,403.96063842773435,55.00766601562498,140.1986206054687,0.7729845853584862,-1,-1,-1
36,1,610.1308959960937,418.2299560546875,82.4492065429688,131.54172363281248,0.8607355226441626,-1,-1,-1
36,10,985.8083862304687,653.4899780273437,99.92373046875002,65.51002197265632,0.6534855622529889,-1,-1,-1
36,4,509.4648742675781,424.81090393066404,70.92850341796873,149.16761169433596,0.8913393100009444,-1,-1,-1
36,5,471.0606262207031,317.1521392822265,40.96241455078126,94.58091430664064,0.8925343891051511,-1,-1,-1
36,6,341.83885803222654,311.52700195312497,37.224261474609364,89.09274902343753,0.9089373764020685,-1,-1,-1
36,7,1061.9533081054688,446.1761535644531,107.93869628906236,241.28250732421873,0.9284022552262101,-1,-1,-1
36,2,676.6907409667969,401.77416687011714,72.79793701171877,97.75697937011722,0.8900486541656782,-1,-1,-1
37,9,0.0,631.1319763183593,100.39644470214843,87.8680236816407,0.6883470162421439,-1,-1,-1
37,8,734.5228820800781,315.9496307373047,35.51682128906248,71.18085937499995,0.7744321318108405,-1,-1,-1
37,3,650.9373596191406,404.3630126953125,56.26680908203127,140.16621093749995,0.7905670009407224,-1,-1,-1
37,1,610.8789001464844,416.5348480224609,80.39729003906245,126.16268005371091,0.8382170402626272,-1,-1,-1
37,10,985.2853271484374,653.6152221679687,100.66992187500011,65.38477783203132,0.6454627416771999,-1,-1,-1
37,4,508.4898376464844,421.7715637207031,73.6357543945312,145.81933593749994,0.8941163029682002,-1,-1,-1
37,5,472.43468627929684,316.21387939453126,43.159570312499966,95.26448364257811,0.905403091265697,-1,-1,-1
37,6,341.9934631347656,311.9174835205078,36.710430908203136,88.51256103515624,0.9124421337024273,-1,-1,-1
37,7,1061.9391357421875,446.2402862548828,107.93364257812482,241.0963714599609,0.9271591645269268,-1,-1,-1
37,2,676.8886047363281,401.9236358642578,75.38609619140618,96.18307800292968,0.8609336873239215,-1,-1,-1
38,10,985.6790771484375,653.5478759765625,100.15158691406236,65.45212402343748,0.6381979032667253,-1,-1,-1
38,9,0.0,631.1435668945312,100.37546081542968,87.8564331054688,0.6863425903935649,-1,-1,-1
38,8,734.4808044433594,315.945263671875,35.51791992187498,70.26959838867185,0.7606511270964731,-1,-1,-1
38,3,658.6205383300781,401.08796081542965,55.971936035156205,140.59657287597662,0.7888038101015127,-1,-1,-1
38,1,616.2849975585938,414.35142517089844,72.8480346679687,131.7575225830078,0.8639340189777052,-1,-1,-1
38,2,684.0140625,402.066650390625,68.72354736328123,94.82332763671872,0.8718686129362538,-1,-1,-1
38,4,505.2455200195312,416.2955657958984,68.89471435546875,140.64897766113285,0.8802675280758336,-1,-1,-1
38,6,342.10475463867186,313.5577697753906,36.59771118164065,87.83333129882811,0.9101534874504225,-1,-1,-1
38,7,1062.1390869140625,446.12946166992185,107.82180175781241,241.07958984375,0.9298941347283289,-1,-1,-1
38,5,477.85534057617184,315.6737915039062,42.108618164062534,95.98441772460939,0.8766402825973003,-1,-1,-1
39,3,660.6931640624999,401.0419006347656,59.18104248046882,139.89946289062493,0.8255727471117495,-1,-1,-1
39,9,0.0,631.16103515625,100.43433380126953,87.83896484374998,0.6872423783571513,-1,-1,-1
39,8,734.4450439453125,315.9263122558594,35.59097900390623,70.91345214843744,0.7649473971466954,-1,-1,-1
39,5,482.8149536132812,316.7735229492187,40.57767333984373,93.67091674804686,0.8750465530930285,-1,-1,-1
39,10,985.5893188476562,653.540185546875,100.33659667968755,65.45981445312498,0.6317570426828638,-1,-1,-1
39,4,520.2533386230468,415.69928283691405,50.99326171874998,139.78517761230472,0.888034383245369,-1,-1,-1
39,7,1062.1966552734375,446.2031799316406,107.71809082031245,241.05344238281253,0.9268951699397192,-1,-1,-1
39,2,686.4243530273437,401.38764038085935,66.2487670898438,95.4311462402344,0.8852708228744604,-1,-1,-1
39,1,619.1330932617187,414.2672973632812,69.55026855468748,133.8348999023438,0.8931455715600976,-1,-1,-1
39,6,342.4317352294922,313.705728149414,36.23851318359374,88.64857177734376,0.9077886519726661,-1,-1,-1
40,9,0.0,630.9302124023437,99.95760955810546,88.06978759765627,0.7471377081095341,-1,-1,-1
40,8,734.4438354492187,315.78132019042965,35.477160644531295,69.50214843750001,0.7517960213918862,-1,-1,-1
40,2,678.8471923828125,396.1022552490234,74.56245117187495,101.06150207519534,0.8272401302351184,-1,-1,-1
40,3,669.0143737792969,397.8858306884765,60.112683105468705,146.67953796386723,0.8289854311294107,-1,-1,-1
40,10,986.1028198242187,653.684161376953,99.97185058593743,65.31583862304694,0.6043266643214871,-1,-1,-1
40,4,517.5720153808594,410.49684448242186,48.85268554687491,134.68480224609374,0.9002929773524215,-1,-1,-1
40,6,343.02488708496094,314.14141845703125,35.114666748046886,89.44810180664058,0.9069306922934253,-1,-1,-1
40,5,484.50756225585934,320.5481231689453,55.60839843750006,89.61657714843744,0.9235096443569226,-1,-1,-1
40,7,1062.3347534179686,445.6013488769531,107.70314941406264,241.34326171875,0.9334569764310849,-1,-1,-1
40,1,629.9882995605468,414.3540069580078,76.45572509765634,133.7670867919922,0.8506462507884294,-1,-1,-1
41,10,986.1026000976562,653.6334594726562,99.9591064453125,65.36654052734377,0.6086936220874151,-1,-1,-1
41,9,0.0,630.9483947753906,99.95650405883788,88.05160522460938,0.74582090121325,-1,-1,-1
41,8,734.3786315917969,315.8953033447265,35.62382812499993,68.37918090820312,0.7526702705675348,-1,-1,-1
41,1,631.7018920898437,413.32928466796875,70.91597900390627,134.89409179687493,0.8342527509769653,-1,-1,-1
41,2,681.7857055664062,392.3605041503906,71.43925781249993,104.08458251953124,0.8581439108457616,-1,-1,-1
41,3,668.3259704589843,392.74969482421875,62.11527099609373,153.0734985351562,0.8664222506210422,-1,-1,-1
41,4,517.6985229492187,407.5036193847656,46.45096435546873,136.47875976562494,0.9065810881867122,-1,-1,-1
41,7,1062.3799072265624,445.6249694824219,107.64536132812509,241.27020263671875,0.9335993330749304,-1,-1,-1
41,6,342.8695129394531,314.245458984375,35.35114746093751,89.42228393554689,0.9052986013961615,-1,-1,-1
41,5,484.9739318847656,321.9409973144531,61.16627197265626,89.0556701660156,0.9200843492156707,-1,-1,-1
42,10,986.0728271484375,653.7075622558593,99.96833496093745,65.29243774414067,0.5874418331014795,-1,-1,-1
42,1,637.6430236816406,408.4711029052734,54.05855712890627,140.18063049316407,0.865884132705439,-1,-1,-1
42,8,734.399560546875,315.96416015625,35.62382812499993,67.24830322265626,0.7483084024773206,-1,-1,-1
42,9,0.0,630.9533935546875,99.72266693115233,88.04660644531248,0.7501547585433386,-1,-1,-1
42,2,657.5708496093749,379.8560577392578,95.84890136718752,118.21736755371097,0.8629240450417797,-1,-1,-1
42,3,672.3277404785156,406.40949096679685,66.95485839843752,139.61239013671877,0.8693347470472901,-1,-1,-1
42,4,515.7837158203125,403.1829162597656,48.63043212890625,121.0863647460938,0.8935746587207305,-1,-1,-1
42,6,342.77247619628906,313.8836242675781,35.65667724609375,89.90584716796872,0.9068668637621684,-1,-1,-1
42,7,1062.4933959960938,445.5783325195312,107.5133056640625,241.30942382812503,0.9334870360804786,-1,-1,-1
42,5,493.6181396484375,325.3144592285156,58.62161865234373,83.44962158203123,0.8928095494908774,-1,-1,-1
43,2,655.0719543457031,377.74599609374997,95.69509277343741,117.64555664062499,0.6771846320640229,-1,-1,-1
43,9,0.0,630.9724548339843,100.04392089843749,88.02754516601567,0.7460173321519434,-1,-1,-1
43,8,734.8607666015624,315.8945617675781,35.00002441406252,63.71971435546874,0.7468565826985412,-1,-1,-1
43,3,670.4105163574219,407.1975952148437,71.22612304687493,137.51685791015626,0.8676684154072944,-1,-1,-1
43,10,986.1729125976562,653.7786987304687,99.64248046874991,65.2213012695313,0.6223246702251473,-1,-1,-1
43,6,342.50666198730465,313.8046875,36.72405395507815,89.68403320312495,0.9004642602942496,-1,-1,-1
43,5,499.07460937499997,326.6004638671875,62.05726318359376,84.67877197265625,0.9046721964750759,-1,-1,-1
43,4,517.7855346679687,400.05411987304683,46.460192871093795,129.287109375,0.916173872609864,-1,-1,-1
43,7,1062.340576171875,445.8588684082031,107.71369628906245,241.08343505859375,0.9326025014039345,-1,-1,-1
43,1,641.4385253906249,404.6449493408203,52.853137207031295,143.71993103027341,0.8691719835709222,-1,-1,-1
44,10,986.1767578125,653.67158203125,99.91230468749995,65.32841796875005,0.633822274400373,-1,-1,-1
44,9,0.0,630.9871765136719,99.81006317138672,88.0128234863281,0.7420848011544834,-1,-1,-1
44,2,654.8457458496093,377.81444091796874,63.02603759765623,89.20744628906249,0.7468851361584754,-1,-1,-1
44,8,734.8699401855469,315.9480926513672,35.00606689453127,64.18580932617186,0.75939767578177,-1,-1,-1
44,1,644.85263671875,398.649380493164,41.871203613281295,146.19833679199223,0.8810331508111666,-1,-1,-1
44,6,341.6404724121094,313.8347625732422,36.87555541992185,89.5127014160156,0.8968016943135595,-1,-1,-1
44,4,518.1838989257812,397.65119018554685,44.30950927734375,117.32151489257808,0.9178462807743202,-1,-1,-1
44,5,502.8924682617187,327.1528839111328,57.66207275390627,82.25150756835939,0.9203679719061597,-1,-1,-1
44,7,1062.2839965820312,445.8306610107422,107.7506103515625,241.08928527832035,0.9329781543698807,-1,-1,-1
44,3,668.0515869140625,409.0795532226562,83.76163330078123,133.56760253906253,0.9081728330375682,-1,-1,-1
45,8,734.3293029785156,316.05463256835935,35.796862792968795,67.73334960937501,0.767408196395948,-1,-1,-1
45,10,985.9634033203124,653.7354125976562,99.98569335937509,65.26458740234375,0.6443952199216199,-1,-1,-1
45,9,0.0,630.9924499511718,99.79233398437499,88.0075500488282,0.7421009730990384,-1,-1,-1
45,1,645.3317504882813,396.9396606445312,42.70363769531241,145.24925537109374,0.8690583460627721,-1,-1,-1
45,2,650.6579772949218,374.749365234375,63.330249023437545,93.5722595214844,0.7942480578450883,-1,-1,-1
45,3,674.0267211914062,411.4043426513672,81.92109375000007,125.15204772949221,0.9047022010139898,-1,-1,-1
45,6,341.5120147705078,313.7621154785156,36.534704589843784,89.44530029296874,0.8942548757753102,-1,-1,-1
45,4,517.5756408691406,396.16715698242183,42.9576416015625,117.9548217773438,0.9163290867629357,-1,-1,-1
45,5,502.76661987304686,326.0720489501953,59.83264160156244,83.56212158203124,0.9176116233383311,-1,-1,-1
45,7,1062.2923461914063,445.8355499267578,107.78005371093741,241.0693450927734,0.9328605299441648,-1,-1,-1
46,10,985.9556030273437,653.6798217773437,100.03007812499993,65.3201782226563,0.6366386756114579,-1,-1,-1
46,2,645.6967163085938,373.3353698730469,74.75734863281252,107.6269592285156,0.7233735503898622,-1,-1,-1
46,9,0.0,631.0223876953124,100.03138275146483,87.97761230468757,0.7507877388292172,-1,-1,-1
46,8,734.4489990234375,315.9400177001953,35.59636230468743,69.54653320312497,0.7731899383676648,-1,-1,-1
46,1,647.6787048339844,388.671240234375,47.79360351562491,143.89788208007815,0.8400478259087052,-1,-1,-1
46,6,340.94262084960934,314.2742980957031,36.76442871093752,87.958740234375,0.8985276770943074,-1,-1,-1
46,5,508.4851135253906,321.11449584960934,56.743176269531205,90.16792602539061,0.9016430992123681,-1,-1,-1
46,4,517.3704711914062,392.43507385253906,46.36538085937502,118.40852966308591,0.9096289432769851,-1,-1,-1
46,7,1062.689501953125,446.1485229492187,107.56406249999986,240.81602783203124,0.9308828608040471,-1,-1,-1
46,3,680.864501953125,412.6816955566406,87.44875488281241,119.86292724609376,0.9410221580488809,-1,-1,-1
47,9,0.0,631.4482177734375,99.87420959472655,87.55178222656252,0.7446940333424266,-1,-1,-1
47,2,630.7304809570312,371.93389892578125,88.33721923828125,109.36516113281249,0.7492269614068334,-1,-1,-1
47,8,734.3776977539062,315.9297180175781,35.668212890625,69.60690307617188,0.771373974358994,-1,-1,-1
47,1,641.9538391113281,386.87571716308594,72.0989868164063,141.24685363769527,0.7847901281450191,-1,-1,-1
47,10,985.5326293945312,653.7852905273437,100.40009765625007,65.2147094726563,0.6398689873583017,-1,-1,-1
47,6,340.622314453125,314.3793273925781,36.973114013671875,88.69026489257811,0.8915000598418885,-1,-1,-1
47,4,518.0921630859375,389.29119873046875,52.02158203124998,120.68453979492188,0.9129522454374239,-1,-1,-1
47,7,1063.37724609375,446.0660705566406,107.66645507812495,241.31480712890618,0.92480710501804,-1,-1,-1
47,3,685.7787414550781,412.9047180175781,85.84420166015616,117.49680175781253,0.9301948641853031,-1,-1,-1
47,5,513.9399353027344,321.10834350585935,53.22568359374998,87.91688232421876,0.8740779263578276,-1,-1,-1
48,2,622.951611328125,370.94691467285156,62.3408203125,96.04849548339843,0.7285256297519567,-1,-1,-1
48,9,0.0,631.0150268554687,99.92566680908203,87.9849731445313,0.7485172687412778,-1,-1,-1
48,8,734.24619140625,315.93218994140625,35.85970458984377,68.44883422851558,0.7569798593266768,-1,-1,-1
48,5,520.6863647460938,320.3302368164062,54.58732910156243,97.28574829101564,0.8642957940814,-1,-1,-1
48,10,985.9758178710937,653.797265625,99.78420410156252,65.20273437499998,0.651487648987505,-1,-1,-1
48,6,340.49583435058594,314.2730346679687,36.78546752929685,88.54326782226565,0.8909754378968664,-1,-1,-1
48,3,709.6764221191406,411.4762756347656,75.16801757812493,117.4465942382812,0.8987016710897855,-1,-1,-1
48,4,519.4150268554687,383.8880676269531,61.01839599609377,124.96354980468749,0.9012625080461518,-1,-1,-1
48,7,1062.6915893554688,446.2932952880859,107.53461914062495,240.71849670410154,0.9261271926215251,-1,-1,-1
48,1,639.5879333496093,385.2967895507812,64.70859374999998,134.54329833984377,0.874708601477117,-1,-1,-1
49,10,986.1869750976562,653.7806213378906,99.76201171875005,65.21937866210942,0.6482595652178134,-1,-1,-1
49,9,0.0,631.0012939453125,99.79099502563476,87.99870605468755,0.7463533873606316,-1,-1,-1
49,2,629.8199890136718,371.48766174316404,54.92636718749998,96.78804016113281,0.7519888046986587,-1,-1,-1
49,8,734.728271484375,315.9242248535156,35.277539062499955,64.9692443847656,0.7557193133146605,-1,-1,-1
49,5,528.01435546875,320.8263793945312,50.567980957031295,96.48001098632812,0.8774304236432044,-1,-1,-1
49,6,340.47894287109375,314.3098114013672,36.5833740234375,89.01513061523434,0.8923152582937988,-1,-1,-1
49,4,519.0954895019531,381.97735290527345,66.30260009765618,121.38467102050777,0.9014662727202136,-1,-1,-1
49,3,718.2622924804688,410.5615264892578,69.44381103515616,118.49795837402343,0.9172595327466979,-1,-1,-1
49,7,1062.6835693359374,446.2899993896484,107.50166015625018,240.77221984863286,0.9294949395193157,-1,-1,-1
49,1,640.0285949707031,385.8928527832031,64.12027587890623,132.16360473632812,0.8989905005881731,-1,-1,-1
50,1,644.2080688476562,386.7200958251953,83.49609375,129.1230560302734,0.7774547326459569,-1,-1,-1
50,9,0.0,630.8558349609375,100.66452484130859,88.1441650390625,0.7278038339094444,-1,-1,-1
50,8,734.9367919921875,316.2548583984375,34.65340576171866,48.480084228515636,0.7323491031769791,-1,-1,-1
50,2,629.2877563476562,369.3415924072265,61.54617919921873,103.9517852783203,0.8420931001065313,-1,-1,-1
50,10,987.3151611328125,654.0859313964844,98.34938964843752,64.9140686035156,0.6465183364813356,-1,-1,-1
50,5,529.9935974121094,326.25983276367185,59.517773437499955,88.81276245117186,0.9079206879725881,-1,-1,-1
50,7,1063.0768798828124,446.39208984375,107.31621093750005,240.12960205078127,0.9342626246647256,-1,-1,-1
50,6,340.49811401367185,313.9343811035156,35.606414794921875,89.52220458984374,0.8902247732397512,-1,-1,-1
50,4,518.8466491699219,380.3882629394531,65.4377563476562,113.67086791992188,0.9129017101703738,-1,-1,-1
50,3,720.777667236328,406.05394592285154,80.55131835937505,120.74394836425779,0.9290905275731234,-1,-1,-1
51,9,0.0,630.79892578125,100.60109252929686,88.20107421875002,0.7244454572137684,-1,-1,-1
51,8,734.886474609375,316.26142272949215,34.77260742187491,47.8564453125,0.7527753093870899,-1,-1,-1
51,2,626.8810363769531,367.4716094970703,61.71734619140625,106.02149963378906,0.8049848163407027,-1,-1,-1
51,1,650.0753723144531,388.23200683593745,93.35775146484366,128.88912963867188,0.8053206199889082,-1,-1,-1
51,10,987.1165283203125,654.0846130371093,98.57768554687505,64.9153869628907,0.6365487429141901,-1,-1,-1
51,5,532.9546875,324.34129028320314,60.096203613281205,93.48859863281245,0.8893251593154616,-1,-1,-1
51,6,340.12095336914064,314.0268310546875,35.744952392578114,89.14394531250002,0.8902590144087164,-1,-1,-1
51,3,720.2234619140625,404.09815979003906,89.8616821289063,123.21603698730462,0.9169764897579178,-1,-1,-1
51,7,1063.1409301757812,446.44957580566404,107.27006835937505,240.16604919433598,0.9345706862970999,-1,-1,-1
51,4,520.9698120117188,379.9128845214844,51.23265380859368,113.10507202148432,0.8632116888570138,-1,-1,-1
52,10,987.0150146484375,654.1153747558593,98.76027832031241,64.8846252441407,0.6316978730916105,-1,-1,-1
52,9,0.0,630.9498229980469,100.62942352294921,88.0501770019531,0.7169607182199798,-1,-1,-1
52,8,734.9162475585937,316.2439270019531,34.65999755859377,48.986004638671886,0.738668140287615,-1,-1,-1
52,4,524.281201171875,373.3488555908203,44.07912597656252,118.09410095214844,0.8444795691253226,-1,-1,-1
52,2,619.3201354980469,361.9739959716797,48.792590332031295,109.50075988769527,0.8566131341928731,-1,-1,-1
52,3,769.8409606933593,400.54699401855464,53.422229003906295,113.36591491699221,0.8635003580672596,-1,-1,-1
52,1,652.1911193847656,391.2462158203125,89.13735351562502,124.07783203124995,0.8986107540349195,-1,-1,-1
52,7,1063.1805908203125,446.4583099365234,107.206787109375,240.17555236816406,0.9342252142581131,-1,-1,-1
52,6,339.7550537109375,314.3351623535156,35.55296630859374,88.35161132812499,0.8873597887331925,-1,-1,-1
52,5,535.9712036132812,326.5135070800781,56.99904785156252,89.0068359375,0.9088532187161924,-1,-1,-1
53,10,987.0004028320312,654.1559692382813,98.50781249999989,64.84403076171873,0.6357599348526435,-1,-1,-1
53,6,339.73700866699215,314.15089416503906,35.020678710937545,88.82188110351558,0.8862078437478189,-1,-1,-1
53,9,0.0,630.8022216796875,100.5645767211914,88.19777832031252,0.7310652390674406,-1,-1,-1
53,8,734.8623596191406,316.1861114501953,34.78623046874998,50.25278320312498,0.7417628443746196,-1,-1,-1
53,4,522.7721740722656,368.5822448730469,46.73177490234377,122.20257568359375,0.8841695643351883,-1,-1,-1
53,2,615.9465637207031,358.33897705078124,49.623046875,112.78795166015624,0.8883375616232527,-1,-1,-1
53,1,652.0693908691406,387.70153198242184,86.45295410156245,127.71243896484378,0.9121793749791713,-1,-1,-1
53,5,539.6184448242187,327.4875,53.509020996093795,88.28624267578124,0.9166512101740096,-1,-1,-1
53,7,1063.1285156249999,446.54051513671874,107.29665527343764,240.19738769531244,0.9340039402980587,-1,-1,-1
53,3,751.4333679199218,400.61244506835936,79.17374267578123,112.51796264648436,0.9087515501135037,-1,-1,-1
54,10,986.6674072265624,654.1313598632812,98.90793457031248,64.8686401367188,0.6249575115323012,-1,-1,-1
54,9,0.0,630.776953125,100.61472244262694,88.22304687500002,0.7372264837463263,-1,-1,-1
54,8,734.9032287597656,316.2711730957031,34.73876953125,47.95460815429692,0.7548896737742012,-1,-1,-1
54,4,529.0885437011718,368.1852264404297,42.99301757812498,106.15317077636718,0.8777773712141155,-1,-1,-1
54,2,619.9448181152344,357.1227081298828,44.31961669921873,104.96466979980465,0.8847958316577866,-1,-1,-1
54,1,652.8654602050781,384.3643524169922,85.50802001953127,128.10709533691403,0.8978314220591059,-1,-1,-1
54,3,778.8416748046875,397.4939758300781,71.12625732421873,115.30859985351566,0.9022955505363441,-1,-1,-1
54,5,536.8637329101563,325.8168914794922,56.335034179687455,89.56065673828124,0.9078013279853927,-1,-1,-1
54,7,1063.1668579101563,446.5364227294922,107.22678222656236,240.19192199707027,0.9340270258274224,-1,-1,-1
54,6,339.75898132324215,314.8901092529297,34.81726684570316,87.0897216796875,0.8912390536772286,-1,-1,-1
55,4,530.7247375488281,368.3888854980469,42.427111816406295,103.13426513671874,0.8762483633975116,-1,-1,-1
55,10,986.9271240234375,654.0957641601562,98.63481445312505,64.90423583984375,0.6366683525493144,-1,-1,-1
55,8,734.7850158691406,316.0442230224609,35.09670410156252,54.34771728515625,0.7312708574238158,-1,-1,-1
55,9,0.0,630.73212890625,100.61959762573241,88.26787109375005,0.7425876523952759,-1,-1,-1
55,2,618.2967041015625,355.4381469726562,44.15756835937498,102.73853759765626,0.8808041769898409,-1,-1,-1
55,7,1063.2385986328125,446.63035583496094,107.13933105468755,240.08117980957024,0.9338723122334258,-1,-1,-1
55,5,537.0330322265625,324.9920654296875,55.62542724609375,90.14403076171874,0.9002755820942276,-1,-1,-1
55,3,782.3581787109374,396.68219604492185,71.38190917968757,115.47504272460935,0.9145417541717293,-1,-1,-1
55,1,658.7474304199219,382.58934631347654,95.29552001953118,118.13189392089845,0.9210813359440664,-1,-1,-1
55,6,339.4640258789062,315.27647094726564,35.071270751953136,86.85521850585934,0.8930072057520633,-1,-1,-1
56,5,534.3981811523437,323.19879455566405,58.335864257812545,94.09751586914064,0.8694070967500451,-1,-1,-1
56,10,986.9384399414062,654.0784057617187,98.88530273437505,64.92159423828127,0.6377828055191586,-1,-1,-1
56,9,0.0,630.7199340820313,100.49660568237304,88.28006591796873,0.7245293220600892,-1,-1,-1
56,8,734.7949035644531,316.04205322265625,35.0233154296875,54.18940429687501,0.7261249643909657,-1,-1,-1
56,4,533.6304016113281,367.0470703125,40.36464843750002,101.47675781249995,0.8709894103038707,-1,-1,-1
56,6,338.8814483642578,315.3351654052734,35.73072509765626,86.8793884277344,0.8890079778387623,-1,-1,-1
56,2,613.7940124511719,353.2349487304687,47.621777343749955,100.8649841308594,0.9016593594998312,-1,-1,-1
56,1,670.5368041992188,379.3436004638672,84.04628906250002,113.61761169433595,0.9197095199935177,-1,-1,-1
56,3,785.449951171875,394.75865478515624,89.64030761718743,117.33074340820309,0.9198721619310888,-1,-1,-1
56,7,1063.2005859375,446.6120361328125,107.13361816406245,240.13553466796873,0.9340512545782147,-1,-1,-1
57,10,987.0201782226562,654.0536865234375,98.67304687500007,64.94631347656252,0.6500433806309616,-1,-1,-1
57,9,0.0,630.7541015625,100.53436431884765,88.24589843750005,0.722086176447938,-1,-1,-1
57,8,734.9263000488281,316.13458557128905,34.76239013671875,49.56036987304685,0.7544196331033248,-1,-1,-1
57,4,533.1708984375,364.8056396484375,56.062573242187455,101.40084228515627,0.8046931162280835,-1,-1,-1
57,5,529.8739013671875,323.08148803710935,60.21617431640618,91.56170654296875,0.809254546604123,-1,-1,-1
57,2,610.90048828125,352.9921508789062,49.35915527343752,97.81468505859374,0.8772237622744754,-1,-1,-1
57,6,338.6416442871094,315.45299377441404,36.058502197265625,87.03973388671875,0.8916095332107261,-1,-1,-1
57,1,680.1301757812499,377.7914245605469,74.65682373046877,114.67886352539057,0.9089159389374117,-1,-1,-1
57,3,786.6199401855469,392.5812744140625,98.16767578124995,119.26164550781249,0.9327149520149014,-1,-1,-1
57,7,1063.2422241210936,446.63834838867183,107.13559570312509,240.11015625000005,0.9334813438306888,-1,-1,-1
58,9,0.0,630.7436096191406,100.59194641113281,88.25639038085944,0.7260182562327202,-1,-1,-1
58,8,734.8569763183593,316.14455566406247,34.88345947265623,46.599884033203125,0.7830362063176111,-1,-1,-1
58,5,519.5548828125,320.36811218261715,49.38958740234375,89.41717529296875,0.8208486077105661,-1,-1,-1
58,2,611.9977478027344,350.22194824218747,46.34714355468748,101.16331787109374,0.8664913861136725,-1,-1,-1
58,10,987.1476196289062,654.0447875976562,98.53879394531248,64.95521240234382,0.6568984213768907,-1,-1,-1
58,4,531.986572265625,358.6239074707031,59.89987792968748,105.81053466796874,0.8961512581312654,-1,-1,-1
58,1,692.1154357910156,371.89418334960936,70.69207763671875,120.21998291015626,0.9039384948308822,-1,-1,-1
58,7,1063.255517578125,446.67649841308594,107.103515625,240.03075256347654,0.934611860142823,-1,-1,-1
58,3,799.4531799316405,390.2054809570312,110.82974853515634,123.20430908203127,0.9351469656531535,-1,-1,-1
58,6,337.9881225585937,314.7790100097656,36.687908935546886,87.65952758789064,0.8891324901779285,-1,-1,-1
59,9,0.0,630.875830078125,100.18509521484374,88.12416992187502,0.7258289867196339,-1,-1,-1
59,8,734.7220642089843,316.1771575927734,35.05001220703127,46.614056396484386,0.7831306521693584,-1,-1,-1
59,5,519.7625244140625,319.6416412353515,47.95334472656248,92.62875366210938,0.8299245895472929,-1,-1,-1
59,2,602.7096862792969,349.31700439453124,53.81455078124998,102.07902832031249,0.8759095504559582,-1,-1,-1
59,10,986.7615600585937,654.0915893554687,99.06108398437505,64.90841064453127,0.6552359697066059,-1,-1,-1
59,1,693.3173400878906,368.0535552978516,72.38111572265632,123.79194030761715,0.893131155447719,-1,-1,-1
59,4,534.0030578613281,357.62184448242186,57.614611816406295,99.90411987304685,0.9001894211275214,-1,-1,-1
59,3,807.521923828125,388.830322265625,109.039306640625,125.58762817382808,0.927296093618736,-1,-1,-1
59,7,1063.2443115234375,446.66567687988277,107.13845214843741,240.05464782714841,0.9340843687904012,-1,-1,-1
59,6,337.6807525634766,314.91933288574216,36.5877685546875,87.66936035156249,0.885586667488635,-1,-1,-1
60,10,985.7927856445312,654.2087585449218,100.43701171875,64.7912414550782,0.6334182352632496,-1,-1,-1
60,9,0.0,630.9401000976562,100.04067306518554,88.05989990234377,0.7285549938253553,-1,-1,-1
60,8,734.3864868164062,316.04869995117184,35.637890624999955,73.50628051757815,0.7883088291536886,-1,-1,-1
60,5,524.9753723144531,320.3051330566406,37.483154296875,85.67446289062497,0.8772376046510431,-1,-1,-1
60,2,609.5132995605469,347.02967834472656,44.37388916015618,100.57846069335938,0.8826235209665363,-1,-1,-1
60,1,701.8452575683593,363.2263275146484,71.86849365234377,128.09402160644532,0.8926343718343617,-1,-1,-1
60,4,544.5335083007812,353.1435974121094,45.26663818359373,91.45349121093744,0.9125099773944427,-1,-1,-1
60,7,1063.421301269531,446.6237915039062,108.20390625000005,240.2546264648438,0.9223328877513417,-1,-1,-1
60,3,831.4504211425781,385.8803283691406,97.1987365722656,128.45247802734372,0.9269034290656641,-1,-1,-1
60,6,336.81618347167966,315.3272277832031,37.47612304687499,87.00188598632809,0.8962813939956078,-1,-1,-1
61,3,846.062841796875,382.1312713623047,87.4203002929687,132.38879699707024,0.9271693214773649,-1,-1,-1
61,4,548.0984069824218,350.7412170410156,46.71749267578127,93.38966674804686,0.9085345444876793,-1,-1,-1
61,7,1063.465246582031,446.6480712890625,108.16523437500018,240.23188476562495,0.9232324679649295,-1,-1,-1
61,10,985.9088012695312,654.1579467773437,100.19970703125011,64.84205322265632,0.6375986683277333,-1,-1,-1
61,6,335.8785003662109,315.1585327148437,37.549237060546886,87.32664184570314,0.8952895993973229,-1,-1,-1
61,8,734.3329833984375,316.1652374267578,35.599987792968705,66.48777465820314,0.7584116555188238,-1,-1,-1
61,5,524.8883605957031,320.3989562988281,37.79549560546866,84.98485107421874,0.8587240210108291,-1,-1,-1
61,9,0.0,630.9573486328125,100.0299476623535,88.04265136718755,0.7339013335898059,-1,-1,-1
61,2,605.6581970214844,346.60939636230466,46.78549804687498,93.13835449218749,0.8172286603457479,-1,-1,-1
61,1,707.5172790527344,362.09303283691406,69.66331787109368,121.63719177246094,0.8422062094513052,-1,-1,-1
62,9,0.0,630.9403198242187,100.0145668029785,88.0596801757813,0.7291235239685818,-1,-1,-1
62,8,734.5881958007812,315.9386444091797,35.704357910156205,73.76011962890624,0.7819018424169428,-1,-1,-1
62,1,722.2742797851562,358.4597717285156,58.75949707031248,108.69450073242189,0.8363534413986642,-1,-1,-1
62,2,608.6001708984375,341.7803009033203,41.47932128906257,92.0900939941406,0.8529914045688116,-1,-1,-1
62,10,985.747412109375,654.1801940917968,100.62136230468752,64.8198059082032,0.6278758182127682,-1,-1,-1
62,6,335.19677124023434,315.5034484863281,37.995227050781295,86.07293701171875,0.9029630251370548,-1,-1,-1
62,5,515.6624267578125,321.19947509765626,49.58393554687507,87.48176879882811,0.9065014386360595,-1,-1,-1
62,3,885.9798522949218,376.29176330566406,61.20576782226567,137.6149383544922,0.9111289654570243,-1,-1,-1
62,7,1063.4968872070312,446.6798217773437,107.92617187499991,240.10026855468755,0.9246610199647094,-1,-1,-1
62,4,552.89619140625,345.25107421875,37.579943847656295,97.28514404296874,0.8964859398103187,-1,-1,-1
63,10,985.7270874023437,654.2728088378906,100.34143066406239,64.72719116210942,0.6400632729741069,-1,-1,-1
63,9,0.0,631.3049011230469,99.91582031249999,87.69509887695312,0.7411916871620647,-1,-1,-1
63,8,735.3803100585938,316.23516540527345,34.287121582031205,56.99119262695308,0.7420168188818934,-1,-1,-1
63,2,601.4599914550781,342.5319580078125,47.643749999999955,89.99675903320315,0.8526130706525166,-1,-1,-1
63,1,731.557452392578,358.48602905273435,53.01254882812498,105.43743896484375,0.8821123535156659,-1,-1,-1
63,6,336.0275024414062,317.4430023193359,36.71444091796877,82.99945678710941,0.8939758184445594,-1,-1,-1
63,4,554.7175048828125,341.6222351074219,38.602001953124955,100.62333984374999,0.912426201717814,-1,-1,-1
63,5,510.49852294921874,321.5880889892578,54.472082519531284,86.76699829101562,0.92415017719728,-1,-1,-1
63,3,893.131787109375,375.3964599609375,62.57395019531248,138.83164672851558,0.9100930340490123,-1,-1,-1
63,7,1063.5569824218749,446.7578247070312,107.79060058593768,240.04489746093748,0.9229042689668177,-1,-1,-1
64,10,985.554931640625,654.1788757324218,100.57719726562505,64.82112426757817,0.6323550224999863,-1,-1,-1
64,1,746.5327514648437,357.87560119628904,41.906689453124955,105.82489929199221,0.8785467460590368,-1,-1,-1
64,9,0.0,631.3339050292968,99.91003875732422,87.66609497070317,0.7368140165426666,-1,-1,-1
64,8,735.2687438964844,316.32099609375,34.21757812499993,53.470184326171875,0.7614338102413676,-1,-1,-1
64,6,336.00437622070314,320.21828613281247,35.57933349609374,83.15919799804686,0.8616452567133699,-1,-1,-1
64,2,604.4178955078124,343.2034423828125,44.117907714843795,83.6669311523437,0.8941448981106888,-1,-1,-1
64,4,556.4381286621093,338.33880615234375,37.575549316406295,98.03507080078123,0.908325582488402,-1,-1,-1
64,7,1063.6011474609375,446.88251953124995,107.79191894531255,239.92305908203127,0.9238735867959669,-1,-1,-1
64,5,509.07568359375,321.63958740234375,55.138073730468705,85.14635009765624,0.9246475772065139,-1,-1,-1
64,3,906.0523132324219,369.5236083984375,66.09391479492183,143.85580444335932,0.9026873386076559,-1,-1,-1
65,9,0.0,631.2948486328124,99.92458190917968,87.70515136718757,0.7274751746846064,-1,-1,-1
65,8,735.2164489746093,316.39606018066405,34.38215332031257,52.55095825195315,0.7529208888511221,-1,-1,-1
65,6,336.618814086914,322.09227905273434,34.96437377929692,81.31931762695314,0.8556199343032524,-1,-1,-1
65,2,603.1793518066406,345.2278381347656,45.28850097656243,81.00362548828127,0.8804177511245435,-1,-1,-1
65,10,985.4945068359375,654.1577270507812,100.79802246093755,64.8422729492188,0.6261770410701217,-1,-1,-1
65,1,749.9153869628906,355.65526428222654,43.77908935546873,107.34848327636718,0.8971904207641046,-1,-1,-1
65,4,556.7199279785156,338.2353973388672,39.71612548828125,93.42586669921872,0.8980467268857524,-1,-1,-1
65,7,1063.4968872070312,447.3844573974609,107.84157714843741,240.05382385253904,0.9220715329977622,-1,-1,-1
65,5,508.8462890625,321.3077728271484,56.15474853515627,85.82277832031247,0.922171042189678,-1,-1,-1
65,3,910.7782470703124,368.9440521240234,72.12897949218757,141.74684143066406,0.8943705789154421,-1,-1,-1
66,3,922.6031616210937,368.7915893554687,81.97800292968748,135.90928344726564,0.9309387032836369,-1,-1,-1
66,10,985.5203247070312,654.238916015625,100.6116943359375,64.76108398437498,0.6265780233680154,-1,-1,-1
66,9,0.0,631.3632385253906,99.93731231689452,87.63676147460944,0.730115530149817,-1,-1,-1
66,8,734.4449890136718,316.1244232177734,35.726330566406205,77.48882446289059,0.7756750308731526,-1,-1,-1
66,6,337.3229553222656,323.05621948242185,38.09663085937501,80.76066284179689,0.8636597856879789,-1,-1,-1
66,4,562.837060546875,337.6845703125,36.30124511718748,88.03515014648434,0.8711801961909345,-1,-1,-1
66,2,602.9247985839844,339.1028778076172,39.72052001953125,87.54318237304688,0.8767357472311126,-1,-1,-1
66,7,1063.0386474609375,447.27687377929686,108.28652343749991,239.2279541015625,0.9212084789160428,-1,-1,-1
66,5,508.74774169921875,320.1097961425781,51.588391113281205,88.47603149414061,0.9287184759467095,-1,-1,-1
66,1,756.1423828124999,348.3833312988281,41.49261474609375,113.15352172851561,0.8719568461700078,-1,-1,-1
67,6,337.65781860351564,322.56150512695314,35.086376953124955,81.53234252929684,0.8562254205037192,-1,-1,-1
67,10,985.607666015625,654.2207885742188,100.41196289062486,64.77921142578123,0.6317366930968547,-1,-1,-1
67,8,734.6259887695312,315.98585815429686,35.483642578125,74.72318115234373,0.7913458257972827,-1,-1,-1
67,2,587.5499267578125,314.48106079101564,54.45670166015623,111.99814453124998,0.8799646381526713,-1,-1,-1
67,9,0.0,631.3993835449219,99.90966796875,87.60061645507812,0.7289296798326177,-1,-1,-1
67,1,755.6301452636718,344.34239501953124,47.48587646484373,115.56221923828122,0.8985131983910684,-1,-1,-1
67,3,941.5157958984374,371.5894775390625,65.13134765625,133.99502563476562,0.9053843135355777,-1,-1,-1
67,7,1063.4311889648436,447.1764862060547,108.0977783203125,240.13248596191403,0.9227636498708414,-1,-1,-1
67,5,507.1164367675781,320.1272369384765,54.30322265625,87.37289428710938,0.9254929780689594,-1,-1,-1
67,4,565.5303588867188,338.2340515136719,35.71929931640625,83.37788085937495,0.8876303960428622,-1,-1,-1
68,9,0.0,631.4626647949218,99.88667907714843,87.5373352050782,0.7349171447972083,-1,-1,-1
68,8,734.6117614746094,315.99566345214845,35.39256591796868,73.11417846679683,0.7947628741750101,-1,-1,-1
68,2,584.9834655761719,310.3597045898437,53.714245605468705,114.57240600585936,0.850103322338061,-1,-1,-1
68,6,338.23383178710935,319.75372924804685,36.63654785156251,84.36972656249998,0.8694134556275124,-1,-1,-1
68,10,985.7378540039062,654.2201843261719,100.10544433593736,64.77981567382812,0.6354147698117494,-1,-1,-1
68,3,963.3997924804687,371.9863586425781,50.38527832031252,132.75823974609375,0.8916816658494326,-1,-1,-1
68,1,758.8624877929688,343.10668029785154,53.988354492187455,106.45394897460938,0.9008449260800084,-1,-1,-1
68,5,500.9302551269531,319.09108886718747,59.46899414062494,84.68355102539061,0.9219473517582699,-1,-1,-1
68,7,1063.6179565429686,446.91871948242186,107.91716308593755,240.00501708984376,0.9249662691983929,-1,-1,-1
68,4,566.2626525878906,338.05321655273434,38.137939453125,84.56791992187499,0.8865991531185387,-1,-1,-1
69,10,985.8157470703125,654.2678100585937,99.99624023437491,64.73218994140632,0.6300832550853244,-1,-1,-1
69,9,0.0,631.4155883789062,99.92169799804687,87.58441162109375,0.731665781332623,-1,-1,-1
69,8,734.8014404296874,315.9407043457031,35.103515625,75.01080322265625,0.8028687746504488,-1,-1,-1
69,2,585.4911437988281,309.8808929443359,51.99367675781241,114.57965698242185,0.8683960922614844,-1,-1,-1
69,4,566.7123779296875,334.96094970703126,39.79742431640625,87.0671997070312,0.881382501411835,-1,-1,-1
69,6,338.70396423339844,318.8452697753906,36.933563232421875,84.56407470703124,0.8823932210171144,-1,-1,-1
69,1,759.7585327148437,342.50770568847656,55.67145996093757,107.17503662109374,0.9068176755431558,-1,-1,-1
69,5,500.9037780761719,318.6397979736328,59.51249999999993,85.01253662109372,0.9197142159344516,-1,-1,-1
69,7,1063.814501953125,447.00084228515624,107.77499999999986,239.79001464843753,0.9259699209085923,-1,-1,-1
69,3,972.2831176757812,372.371044921875,48.9539794921875,133.92037353515622,0.8901164863344135,-1,-1,-1
70,8,735.1007629394531,315.8914031982422,34.79172363281248,75.15922851562499,0.8052387167437303,-1,-1,-1
70,10,986.0838134765625,654.1042236328125,99.96064453124995,64.89577636718752,0.6314896500832461,-1,-1,-1
70,9,0.0,631.0255737304688,100.40950469970703,87.97442626953125,0.7288522106279345,-1,-1,-1
70,4,573.4846252441406,328.79039611816404,36.343212890624955,90.00730590820314,0.8280842094480434,-1,-1,-1
70,2,584.944189453125,309.38027343749997,53.753796386718705,107.08406982421877,0.8309792967185885,-1,-1,-1
70,1,771.3836608886718,337.57001037597655,46.733203125000045,110.8289794921875,0.9001636925203371,-1,-1,-1
70,3,985.8517822265625,368.7563781738281,55.01667480468757,136.20426635742183,0.9053962516013812,-1,-1,-1
70,5,500.88026733398436,318.4980743408203,60.69287109374994,85.10603027343745,0.9239184080598335,-1,-1,-1
70,7,1063.803515625,446.81956787109374,108.25554199218732,240.37888183593753,0.9260062737936892,-1,-1,-1
70,6,342.3134399414062,318.3494567871094,34.496630859375045,84.26865234374998,0.8784860708046267,-1,-1,-1
71,10,986.1505004882812,654.0746154785156,99.89956054687502,64.92538452148438,0.618057089043976,-1,-1,-1
71,11,600.2812133789063,326.10069580078124,36.87176513671875,83.300537109375,0.6693534881404446,-1,-1,-1
71,2,586.5537414550781,309.78558654785155,51.04116210937502,100.1964111328125,0.7525826251225496,-1,-1,-1
71,4,577.2147583007812,328.33361206054684,34.92169189453125,83.95515747070311,0.7928265580361824,-1,-1,-1
71,8,734.9440979003906,315.9212310791016,35.01298828124993,73.43195800781245,0.7952935068153266,-1,-1,-1
71,9,0.0,631.1070373535156,100.38663940429687,87.89296264648442,0.7375124048426507,-1,-1,-1
71,3,988.0291625976562,366.95245056152345,61.57001953125007,137.6084014892578,0.8854004240602187,-1,-1,-1
71,1,775.4264099121093,335.9477142333984,45.05635986328127,110.01022338867188,0.8975958571500513,-1,-1,-1
71,5,500.9754638671875,317.5116394042969,60.386242675781205,86.03547363281245,0.9249953113022684,-1,-1,-1
71,7,1063.8867919921875,446.89174804687497,108.18193359375005,240.2211181640625,0.9260697615439284,-1,-1,-1
71,6,344.1087432861328,318.91102294921876,33.84481201171877,79.48981933593745,0.8280138864563469,-1,-1,-1
72,10,986.17060546875,654.0999938964843,99.91669921874995,64.9000061035157,0.6182533526535643,-1,-1,-1
72,5,505.68414916992185,316.0865203857422,55.65267333984377,87.42788085937497,0.9311048571840956,-1,-1,-1
72,7,1063.2936401367188,447.0324829101562,107.86684570312491,239.96634521484373,0.9273691678527314,-1,-1,-1
72,3,991.8418579101562,365.4028289794922,83.408203125,137.8875091552734,0.920837370026252,-1,-1,-1
72,1,784.4958984374999,333.8091156005859,41.40604248046873,110.77586059570314,0.8499495736922569,-1,-1,-1
72,4,577.7662170410156,324.8756378173828,36.248291015625,78.89287719726559,0.840065879910938,-1,-1,-1
72,6,349.40363159179685,318.8824035644531,33.095379638671886,75.64037475585934,0.8394422184139216,-1,-1,-1
72,2,603.5413513183594,327.47533264160154,34.059704589843705,81.30975952148435,0.8386415752846332,-1,-1,-1
72,8,734.98798828125,315.9220001220703,34.75601806640623,73.19053344726564,0.7914101254281647,-1,-1,-1
72,9,0.0,630.8380920410156,100.91232147216796,88.16190795898444,0.7289595401094289,-1,-1,-1
73,4,578.8197509765624,318.35906982421875,36.33486328125002,85.75812377929685,0.7823868854074298,-1,-1,-1
73,8,735.142236328125,316.0895141601562,34.426098632812455,73.78275146484373,0.7872596698004237,-1,-1,-1
73,10,986.0200927734375,654.0706604003906,100.07270507812495,64.92933959960942,0.6245631168426122,-1,-1,-1
73,9,0.0,630.7627807617188,100.89541625976562,88.23721923828123,0.7201908681498992,-1,-1,-1
73,2,595.8158203125,324.49037475585936,42.366467285156205,83.60952758789062,0.8221007144036143,-1,-1,-1
73,7,1063.9144775390625,446.93561096191405,108.13315429687486,240.22537536621093,0.9274124845721516,-1,-1,-1
73,1,785.7845397949218,332.57342834472655,48.571765136718795,111.46915283203123,0.8832862217366184,-1,-1,-1
73,6,350.834326171875,312.54222106933594,38.968505859375,82.29699096679684,0.840946818067696,-1,-1,-1
73,5,506.52839355468745,316.58656311035156,52.28162841796882,86.6964111328125,0.9336004566578993,-1,-1,-1
73,3,993.7210693359375,364.75636596679686,90.08657226562491,138.78231811523438,0.9373107873769158,-1,-1,-1
74,9,0.0,630.8162841796875,100.95055389404297,88.1837158203125,0.726451391307485,-1,-1,-1
74,8,735.0452819824219,315.9481750488281,34.60056152343748,74.89846801757812,0.7958849889709114,-1,-1,-1
74,6,353.3332489013672,310.4420471191406,41.550128173828114,81.12271728515623,0.8564788184803334,-1,-1,-1
74,1,790.2782226562499,332.8994201660156,49.16250000000002,108.9652038574219,0.890373795493808,-1,-1,-1
74,10,986.1418212890625,654.1069702148437,99.95009765625002,64.89302978515627,0.6345731017558478,-1,-1,-1
74,5,507.348193359375,316.843505859375,50.09501953124999,86.15802612304685,0.9214658270121276,-1,-1,-1
74,7,1063.8128540039063,446.95912170410156,108.37177734374995,240.08321228027341,0.9276286769196815,-1,-1,-1
74,3,997.5506835937499,368.1337554931641,101.1983642578125,134.58578796386718,0.934445935753466,-1,-1,-1
74,2,588.9225036621093,302.9148468017578,47.918627929687545,104.49283447265623,0.893376331771627,-1,-1,-1
75,10,986.170166015625,654.1179565429687,99.99799804687495,64.88204345703127,0.6285202779982555,-1,-1,-1
75,9,0.0,631.0112915039062,100.35796508789062,87.98870849609375,0.7220343917489345,-1,-1,-1
75,8,735.0286376953125,315.9446319580078,34.685375976562455,73.7044738769531,0.7935620706011974,-1,-1,-1
75,2,590.6108276367187,296.1267517089844,45.28751220703134,109.5473693847656,0.8673359839093919,-1,-1,-1
75,6,354.8320037841797,310.1692840576172,44.651568603515614,80.91535034179685,0.8743387902900963,-1,-1,-1
75,5,506.87111206054686,313.6135528564453,50.58094482421876,89.56554565429684,0.9105683166493179,-1,-1,-1
75,3,1000.1900390625,370.0498809814453,105.17541503906239,132.66482849121093,0.926826424154509,-1,-1,-1
75,7,1063.662890625,446.87477416992186,108.32080078125,240.4746826171875,0.9319632178329584,-1,-1,-1
75,1,792.4675781249999,333.34013671875,48.73996582031248,107.76604614257809,0.8882746325684181,-1,-1,-1
76,10,986.282666015625,654.1065307617188,99.819580078125,64.89346923828123,0.6405989319680039,-1,-1,-1
76,9,0.0,630.8416076660156,100.83597335815429,88.15839233398435,0.7290764040227415,-1,-1,-1
76,8,734.7731506347656,316.15147705078124,35.03265380859375,70.78007812499999,0.7907884038263546,-1,-1,-1
76,6,356.6606231689453,308.5947784423828,44.14899902343751,79.85813598632814,0.889767867131539,-1,-1,-1
76,2,594.8049682617187,309.07276611328126,39.47003173828125,92.1231079101562,0.8536837360295522,-1,-1,-1
76,3,1016.4637573242187,375.05335693359376,93.5694580078125,127.12456054687499,0.9202345036975572,-1,-1,-1
76,5,506.350634765625,311.64049072265624,51.553015136718784,91.49952392578126,0.9234183947101648,-1,-1,-1
76,7,1063.2426635742188,446.7422790527344,108.80375976562482,240.4115112304687,0.9318855705101328,-1,-1,-1
76,1,796.3091674804687,336.11330566406247,50.0921630859375,103.93445434570316,0.890643556956352,-1,-1,-1
77,10,986.4439453125,654.1938171386719,99.65522460937507,64.80618286132812,0.646160981829702,-1,-1,-1
77,9,0.0,630.7324035644531,100.91203308105469,88.26759643554692,0.7236637112822635,-1,-1,-1
77,8,734.7682067871093,316.20838623046876,35.06374511718752,70.56282348632811,0.7921016166139623,-1,-1,-1
77,2,592.4791625976562,307.0041778564453,41.305187988281205,91.71320800781245,0.8492666246839349,-1,-1,-1
77,11,590.5651794433594,303.2438598632812,29.13607177734366,72.20972900390626,0.6394961704099558,-1,-1,-1
77,3,1028.7939331054688,375.212109375,81.955810546875,125.07171020507809,0.9051994717796994,-1,-1,-1
77,1,799.1888488769531,336.9604064941406,48.74436035156248,102.82258300781251,0.9090688716170234,-1,-1,-1
77,5,506.1607360839844,309.4824737548828,52.71416015624993,94.12393798828123,0.9221488789684003,-1,-1,-1
77,7,1063.2383789062499,446.8365966796875,108.83342285156255,240.34427490234378,0.9314030720837785,-1,-1,-1
77,6,362.14219665527344,308.41754150390625,40.13909912109375,75.84944458007811,0.8830173333213196,-1,-1,-1
78,11,594.2169799804688,300.6446319580078,28.620812988281273,73.24041137695315,0.4700298225265165,-1,-1,-1
78,10,986.5004150390624,654.184423828125,99.38825683593757,64.81557617187502,0.6540397100884014,-1,-1,-1
78,9,0.0,630.8273803710937,100.88467712402343,88.17261962890632,0.728394524649616,-1,-1,-1
78,8,734.592919921875,316.20498046874997,35.23656005859368,68.10661010742189,0.7819318633075625,-1,-1,-1
78,6,371.8898162841797,313.7809295654297,32.40258178710934,70.53228149414059,0.7974823206829953,-1,-1,-1
78,2,594.6683532714843,303.78331604003904,39.48409423828127,91.18284301757814,0.8438322085160017,-1,-1,-1
78,1,800.947100830078,336.1810638427734,46.53687744140632,102.75386352539061,0.9052723630295318,-1,-1,-1
78,5,510.0641235351562,308.37469482421875,47.45819091796875,93.52122802734374,0.9211136560052857,-1,-1,-1
78,7,1063.6196044921874,446.9546447753906,108.344970703125,240.28516845703126,0.9349148311728328,-1,-1,-1
78,3,1052.6111938476563,373.1197082519531,57.95815429687491,123.09180908203126,0.8821251913367192,-1,-1,-1
79,8,734.8141845703125,316.1836944580078,35.04473876953125,70.66741333007815,0.791218078466855,-1,-1,-1
79,10,986.6786132812499,654.1470703125,99.19160156249995,64.85292968750002,0.6549897904607889,-1,-1,-1
79,9,0.0,630.8563293457031,100.82706756591796,88.1436706542969,0.7287970712401162,-1,-1,-1
79,6,378.01524353027344,312.9169647216797,29.78184814453124,71.67667236328123,0.8132180742911892,-1,-1,-1
79,7,1063.8262573242187,446.7928161621094,108.28476562500009,240.59003906249995,0.9327093699774167,-1,-1,-1
79,3,1056.9549682617187,372.02552490234376,53.62075195312491,127.46925659179686,0.8916215606920908,-1,-1,-1
79,5,513.9988220214843,306.4688690185547,43.82303466796873,94.74823608398435,0.914874226758478,-1,-1,-1
79,2,595.9836914062499,301.28192138671875,40.01044921875007,92.61221923828123,0.8148569240577217,-1,-1,-1
79,1,799.784033203125,336.67995300292966,49.71335449218748,101.73109130859376,0.9019425264623067,-1,-1,-1
80,7,1063.0283203125,447.1291076660156,107.81477050781245,239.25135498046876,0.934751311415738,-1,-1,-1
80,3,1061.0396850585937,368.9971435546875,50.05458984374991,130.44204711914057,0.8922464313211087,-1,-1,-1
80,5,524.5199340820312,302.17552185058594,35.00222167968752,97.18813476562497,0.8802628415848623,-1,-1,-1
80,6,381.0935577392578,311.7263488769531,38.939117431640625,73.01557617187495,0.8375314425609339,-1,-1,-1
80,2,603.6929626464844,302.0555786132812,34.00125732421873,87.82816772460939,0.8203972397149428,-1,-1,-1
80,8,734.8139099121094,316.1089874267578,34.96849365234368,71.39256591796874,0.7818331019562379,-1,-1,-1
80,1,796.3961242675781,329.4892639160156,47.77349853515625,98.56779785156249,0.7788365750890591,-1,-1,-1
80,9,0.0,631.1143981933593,100.27744903564452,87.8856018066407,0.7188432973475614,-1,-1,-1
80,10,986.4368041992187,654.50390625,99.52536621093748,64.49609375,0.629017137752264,-1,-1,-1
80,11,598.479345703125,301.1668395996094,23.11138916015625,59.161102294921875,0.4196014833593509,-1,-1,-1
81,10,986.6844360351562,654.4244201660156,99.38803710937498,64.57557983398442,0.6326927560552349,-1,-1,-1
81,9,0.0,630.9430114746093,100.71773300170898,88.0569885253907,0.7324373911491762,-1,-1,-1
81,1,797.5797912597656,327.7122528076172,46.3370361328125,99.53948364257809,0.7706155842213391,-1,-1,-1
81,8,734.7116821289062,315.9804748535156,35.08352050781252,73.21003417968751,0.7896323841906394,-1,-1,-1
81,7,1063.085888671875,447.0278137207031,107.73610839843741,239.3339721679688,0.9344460844381324,-1,-1,-1
81,6,382.1388793945312,312.0735717773437,42.192279052734364,72.50734863281252,0.8592690107134544,-1,-1,-1
81,5,531.9034057617188,302.0759582519531,29.21539306640625,96.91116943359373,0.8643277586690132,-1,-1,-1
81,3,1061.12109375,367.2736083984375,49.59645996093741,132.14108276367188,0.8768034545159509,-1,-1,-1
81,2,603.6227600097656,302.87169799804684,32.56182861328125,87.47072753906252,0.8437150583231734,-1,-1,-1
82,8,734.7049255371094,315.8910736083984,35.15965576171868,74.67484130859373,0.7938378514355939,-1,-1,-1
82,10,986.6018188476562,654.382177734375,99.481201171875,64.61782226562502,0.6376574911253243,-1,-1,-1
82,9,0.0,630.9442749023438,100.79074401855468,88.05572509765625,0.7297145161810654,-1,-1,-1
82,5,537.8176208496094,302.0573364257812,27.704992675781227,99.13145141601564,0.798354871255043,-1,-1,-1
82,2,606.0390380859375,304.4410949707031,31.986364746093727,83.57025146484375,0.8441382764169383,-1,-1,-1
82,6,386.6478332519531,307.1689453125,47.791241455078136,77.0080627441406,0.8711507570642709,-1,-1,-1
82,3,1062.408251953125,367.0154296875,49.428808593749864,132.83591308593748,0.8732887547375867,-1,-1,-1
82,7,1063.282763671875,447.02325439453125,107.48012695312491,239.24718017578118,0.9338357715507684,-1,-1,-1
82,1,789.6457397460937,321.4009094238281,56.97454833984375,104.77606201171875,0.7994117348591736,-1,-1,-1
83,10,986.8145141601562,654.4368896484375,99.32058105468741,64.5631103515625,0.6015085613624684,-1,-1,-1
83,8,734.9333312988281,316.0795166015625,34.73250732421877,75.95842895507809,0.7898420441111753,-1,-1,-1
83,6,393.5904235839844,305.3692199707031,47.640344238281216,70.85566406250001,0.8429399532259261,-1,-1,-1
83,2,607.2388000488281,304.54282836914064,30.520129394531182,83.5175170898437,0.8473781333891566,-1,-1,-1
83,9,0.0,631.1664184570312,100.26246643066406,87.83358154296877,0.7342971638547766,-1,-1,-1
83,3,1061.9196899414062,365.97211303710935,51.35009765625,133.3675964355469,0.8666662127585738,-1,-1,-1
83,1,788.1531921386718,319.1267395019531,52.21955566406257,103.22402343749997,0.8833840297787958,-1,-1,-1
83,7,1063.2435424804687,447.07868041992185,107.50649414062491,239.21553955078127,0.935441395796957,-1,-1,-1
83,5,538.5011352539062,303.6117370605469,29.832604980468773,95.64279785156248,0.8484832001110796,-1,-1,-1
84,10,986.4437255859375,654.4997314453125,99.80068359374991,64.50026855468752,0.6052889999367039,-1,-1,-1
84,7,1063.142138671875,446.8751586914062,107.65766601562495,239.51953125,0.9345017531899522,-1,-1,-1
84,5,538.1046936035156,308.31959838867186,40.386401367187545,92.12761230468749,0.881515187736376,-1,-1,-1
84,1,786.9354675292968,317.0503784179687,47.13936767578127,102.99457397460941,0.8759099616016783,-1,-1,-1
84,3,1064.4682983398436,365.9548095703125,49.809375000000045,134.18140869140626,0.8729586847267612,-1,-1,-1
84,6,408.18683166503905,305.342138671875,38.770916748046886,73.28529052734376,0.854548787612277,-1,-1,-1
84,2,608.1637390136718,305.60462951660156,30.889489746093773,83.36041259765625,0.8173988590675947,-1,-1,-1
84,8,734.7000915527343,316.1157989501953,34.93465576171877,72.26762695312499,0.7467996592200734,-1,-1,-1
84,9,0.0,631.6107604980468,100.2195442199707,87.38923950195317,0.7339596042588283,-1,-1,-1
85,8,734.7800170898437,316.20319519042965,34.77041015625002,72.98624267578128,0.7403272519456152,-1,-1,-1
85,6,414.1878387451172,304.6601623535156,34.182696533203114,72.65934448242189,0.8267580970961639,-1,-1,-1
85,9,0.0,630.9151611328125,100.85817947387694,88.0848388671875,0.7324948254378434,-1,-1,-1
85,10,986.8784545898437,654.4527099609375,99.30410156250002,64.54729003906255,0.596759031059559,-1,-1,-1
85,2,608.3212280273438,305.1969268798828,31.172167968749932,83.57744750976559,0.8288406952095428,-1,-1,-1
85,1,784.9320556640624,316.65687561035156,49.82838134765632,103.14206542968748,0.8664109776112738,-1,-1,-1
85,7,1063.1292846679687,446.8976806640625,107.72775878906259,239.53754882812495,0.9343286294554787,-1,-1,-1
85,3,1066.9400024414062,365.8691436767578,48.79885253906241,134.64610290527344,0.8628415333748549,-1,-1,-1
85,5,538.4658142089844,308.2794708251953,42.83195800781243,90.78425903320311,0.8708242759962985,-1,-1,-1
86,7,1063.1446655273437,446.77501831054684,107.62075195312491,239.63785400390628,0.9342168315360979,-1,-1,-1
86,5,538.2626770019531,311.402197265625,55.48974609375,89.45359497070314,0.9084953195880701,-1,-1,-1
86,1,779.8807067871094,317.90654296875,53.70062255859375,96.02237548828123,0.8633402831927768,-1,-1,-1
86,3,1067.9217407226563,364.62450256347654,47.291088867187455,135.91958312988282,0.8573802114753803,-1,-1,-1
86,2,609.216064453125,301.7810577392578,33.86107177734368,85.60458984374998,0.8321733994196592,-1,-1,-1
86,8,734.7648010253906,316.14845581054686,34.86577148437493,76.41002197265624,0.7657945176611918,-1,-1,-1
86,6,428.2723114013672,303.6410705566406,26.86492309570309,73.18663330078124,0.7549147433609562,-1,-1,-1
86,9,0.0,630.9548217773437,100.75390548706054,88.04517822265632,0.7351437486720158,-1,-1,-1
86,10,987.0384155273437,654.4965454101563,98.9132080078125,64.50345458984373,0.6037884398772917,-1,-1,-1
87,1,781.3156311035156,319.027505493164,53.876513671875045,95.52897949218749,0.9000331917184745,-1,-1,-1
87,11,735.4552917480469,316.54418334960934,33.98323974609366,46.946392822265636,0.4339873139565853,-1,-1,-1
87,10,987.0588500976562,654.4380432128906,99.509765625,64.56195678710935,0.5406864314392301,-1,-1,-1
87,8,734.4234008789062,316.16663818359376,35.353894042968705,73.94534912109373,0.6705247129183824,-1,-1,-1
87,9,0.0,630.9553710937499,100.72044525146484,88.04462890625007,0.7293931077149196,-1,-1,-1
87,7,1063.1481811523438,446.89921875,107.65019531249982,239.4542724609375,0.9354765923769719,-1,-1,-1
87,2,611.631298828125,302.59124450683595,30.757983398437545,82.96298217773432,0.7968559959935781,-1,-1,-1
87,3,1070.655029296875,364.2873596191406,45.400341796874955,136.26776733398435,0.8558327393608778,-1,-1,-1
87,5,538.3891845703125,311.0337707519531,57.97342529296873,87.708251953125,0.9307461068774501,-1,-1,-1
87,6,431.8583312988281,304.44614868164064,27.930157470703136,71.59317626953123,0.789015683637146,-1,-1,-1
88,10,986.9860107421874,654.492041015625,99.73959960937498,64.50795898437502,0.5191077373297723,-1,-1,-1
88,5,542.2611511230468,310.55528869628904,55.38405761718752,87.57806396484375,0.9322573880379004,-1,-1,-1
88,7,1063.1308227539062,446.8432708740234,107.77170410156259,239.48879699707032,0.9360742224623664,-1,-1,-1
88,11,735.7000671386719,316.4067443847656,33.37229003906248,48.709204101562534,0.40781862259446555,-1,-1,-1
88,1,773.0373229980469,320.3146636962891,60.76175537109373,93.03684082031248,0.8842616870981601,-1,-1,-1
88,9,0.0,630.9481201171875,100.61986541748047,88.0518798828125,0.7328610664510364,-1,-1,-1
88,2,622.5606628417969,302.06887207031247,26.16152343749991,71.42437133789065,0.7376184847228586,-1,-1,-1
88,6,434.01857299804686,303.9453094482422,40.6059631347656,71.16459960937499,0.8211429083085058,-1,-1,-1
88,4,600.8682678222656,300.9794677734375,39.76644287109377,84.21652221679688,0.8260083754432586,-1,-1,-1
88,3,1073.4782958984374,366.134765625,44.426953124999955,134.36471557617188,0.8680145304844373,-1,-1,-1
88,8,734.3129333496094,316.1858642578125,35.299511718749955,73.18839111328123,0.6961553017844544,-1,-1,-1
89,10,987.1136718749999,654.5300537109375,99.48801269531259,64.46994628906248,0.5167646952625589,-1,-1,-1
89,11,735.7813659667969,316.4095458984375,32.91910400390623,46.991656494140614,0.5835641918627843,-1,-1,-1
89,8,734.0860107421875,316.2045684814453,35.698315429687455,68.58413085937502,0.6457780484097526,-1,-1,-1
89,9,0.0,630.9464721679688,100.62919006347656,88.05352783203125,0.7355338250799832,-1,-1,-1
89,4,599.3970886230469,300.8161285400391,40.82047119140623,84.1645568847656,0.8276252216974171,-1,-1,-1
89,2,623.5673950195312,302.2280364990234,26.97802734375,71.8199340820313,0.7332936703525874,-1,-1,-1
89,1,767.5134521484375,321.62511291503904,65.27790527343745,90.25784912109373,0.8615222442266841,-1,-1,-1
89,6,437.1778289794922,302.5913543701172,43.89249572753903,72.94229736328123,0.8835758596644254,-1,-1,-1
89,5,544.2492370605469,310.3687408447266,53.8758544921875,87.8960083007812,0.9197656616833605,-1,-1,-1
89,7,1062.9455932617186,446.7856201171875,108.50053710937505,239.6128051757812,0.9354039465286768,-1,-1,-1
89,3,1072.1530151367188,365.74818420410156,46.65761718749991,134.90856628417964,0.8595268705763637,-1,-1,-1
90,2,621.1083801269531,302.3819549560547,29.358325195312545,72.52932128906247,0.7265592506792835,-1,-1,-1
90,7,1063.4064697265624,447.0356964111328,107.76225585937505,239.07796325683591,0.9358992047630679,-1,-1,-1
90,1,767.3349792480468,320.4490539550781,61.61824951171877,89.70161132812501,0.8840800998505074,-1,-1,-1
90,3,1073.6095825195312,367.8323181152344,44.955395507812455,132.79905395507808,0.8691304908914397,-1,-1,-1
90,6,447.5314270019531,302.4550415039062,43.128698730468784,73.42849731445312,0.863344373584745,-1,-1,-1
90,5,552.8975646972656,311.19614868164064,47.99750976562507,87.6609008789062,0.8519448087623971,-1,-1,-1
90,4,603.9168640136719,301.0600250244141,41.3250732421875,82.32577514648438,0.7786964477995824,-1,-1,-1
90,9,0.0,631.1253295898438,100.34665603637694,87.87467041015623,0.7441727387506809,-1,-1,-1
90,8,734.6423583984375,316.227392578125,35.21733398437493,78.35844726562499,0.7426361304453479,-1,-1,-1
90,10,986.9850219726562,654.5338989257813,100.05051269531248,64.46610107421873,0.5179181201717853,-1,-1,-1
