1,1,993.8725708007812,377.3131622314453,53.01145019531259,152.55552062988284,0.9213910290768794,-1.0,-1.0,-1.0
1,2,742.0380798339844,355.5503448486328,48.47145996093741,131.3500946044922,0.9129557168459356,-1.0,-1.0,-1.0
1,3,248.8704071044922,370.599966430664,38.70906372070312,115.4276092529297,0.9104354692095028,-1.0,-1.0,-1.0
1,4,316.25035400390624,364.6477661132813,48.70585327148439,107.6715087890625,0.9101062981206454,-1.0,-1.0,-1.0
1,5,392.0441528320312,325.59730224609376,41.87680664062504,83.2669738769531,0.9002145230092324,-1.0,-1.0,-1.0
1,7,375.477456665039,320.68190917968747,42.09900512695316,85.99097900390626,0.8680978267003567,-1.0,-1.0,-1.0
2,1,993.8725708007812,377.3131622314453,53.01145019531259,152.55552062988284,0.9213910290768794,-1.0,-1.0,-1.0
2,2,742.0380798339844,355.5503448486328,48.47145996093741,131.3500946044922,0.9129557168459356,-1.0,-1.0,-1.0
2,3,248.8704071044922,370.599966430664,38.70906372070312,115.4276092529297,0.9104354692095028,-1.0,-1.0,-1.0
2,4,316.25035400390624,364.6477661132813,48.70585327148439,107.6715087890625,0.9101062981206454,-1.0,-1.0,-1.0
2,5,392.0441528320312,325.59730224609376,41.87680664062504,83.2669738769531,0.9002145230092324,-1.0,-1.0,-1.0
2,7,375.477456665039,320.68190917968747,42.09900512695316,85.99097900390626,0.8680978267003567,-1.0,-1.0,-1.0
3,1,993.86982421875,377.29176635742186,53.00046386718759,152.58839721679686,0.9214238300462512,-1.0,-1.0,-1.0
3,2,742.0484619140625,355.5310089111328,48.49156494140618,131.35910339355468,0.9136934019405344,-1.0,-1.0,-1.0
3,3,248.86669921875,370.60142211914064,38.71142578125,115.41818847656248,0.910944691997848,-1.0,-1.0,-1.0
3,4,316.259033203125,364.64015808105466,48.676190185546886,107.67115173339846,0.910537490296054,-1.0,-1.0,-1.0
3,5,392.0185272216797,325.6048278808594,41.90877685546872,83.26669921874998,0.9001481544740564,-1.0,-1.0,-1.0
3,7,375.4823455810547,320.7129455566406,42.07785644531248,85.92242431640625,0.8675739472287525,-1.0,-1.0,-1.0
4,1,991.0772094726562,376.86033325195314,57.42158203124996,152.92518310546876,0.925296838948924,-1.0,-1.0,-1.0
4,2,741.4502014160156,356.8668640136719,50.40933837890623,129.45119018554686,0.9119969877278358,-1.0,-1.0,-1.0
4,3,248.9489318847656,370.68516540527344,38.571075439453125,115.1997528076172,0.9087179971314684,-1.0,-1.0,-1.0
4,4,316.063394165039,364.4827514648437,48.763092041015625,107.69562377929692,0.9152403967642968,-1.0,-1.0,-1.0
4,5,389.9830627441406,324.97704162597654,51.61887817382808,83.42984619140623,0.8915960240629062,-1.0,-1.0,-1.0
4,7,376.1580871582031,324.0154632568359,46.35791015625,82.92667236328123,0.8202697959964382,-1.0,-1.0,-1.0
5,1,990.7642089843748,376.96827392578126,58.09042968749998,152.7067199707031,0.9269072604472052,-1.0,-1.0,-1.0
5,2,740.866552734375,356.9677185058593,51.19233398437496,129.27540893554686,0.9122934047498958,-1.0,-1.0,-1.0
5,3,248.91361083984373,370.6850280761719,39.12484130859377,115.25394287109371,0.9084732024641936,-1.0,-1.0,-1.0
5,4,316.06226806640626,364.52919616699216,48.74853515625,107.65901184082033,0.9144397451745868,-1.0,-1.0,-1.0
5,5,392.3191955566406,325.1182159423828,51.32554321289064,83.15936279296875,0.9058393993957168,-1.0,-1.0,-1.0
5,7,376.4826232910156,328.27447814941405,44.70485229492186,78.65793457031248,0.8555184521620554,-1.0,-1.0,-1.0
6,1,989.089453125,377.0679748535157,59.22993164062507,152.45370483398432,0.9294656132129616,-1.0,-1.0,-1.0
6,2,739.7092529296875,356.96046752929686,54.179516601562455,129.70321655273438,0.9111205475342103,-1.0,-1.0,-1.0
6,3,249.35479431152345,370.8714935302734,39.41982421875,115.03094787597657,0.909191007266628,-1.0,-1.0,-1.0
6,4,315.7899993896484,365.12751159667965,49.02121582031253,107.0017547607422,0.9163623895405486,-1.0,-1.0,-1.0
6,5,395.4769134521485,325.7319671630859,54.17583618164059,82.31358032226564,0.9145113249694248,-1.0,-1.0,-1.0
6,7,376.8417663574219,328.0979553222656,46.34088134765625,78.72401733398436,0.8490972954023164,-1.0,-1.0,-1.0
7,1,988.6365966796876,377.5066864013672,59.65576171875,152.02883605957032,0.928783037586456,-1.0,-1.0,-1.0
7,2,738.4699401855469,356.881640625,56.41710205078118,129.7300231933594,0.9119694138148589,-1.0,-1.0,-1.0
7,3,249.64269104003904,370.8613037109375,39.73760375976565,114.75054931640624,0.9108834761048286,-1.0,-1.0,-1.0
7,4,315.6438537597656,365.0032287597656,49.50752563476567,107.18684692382811,0.9138936470741328,-1.0,-1.0,-1.0
7,5,393.64837646484375,325.4320678710937,57.6837158203125,82.88223266601562,0.8941350717927747,-1.0,-1.0,-1.0
7,7,376.9371276855469,326.1675750732422,45.46741333007816,81.02252197265625,0.8520314610244917,-1.0,-1.0,-1.0
8,1,987.9885131835936,376.8951049804687,59.42460937499993,153.2323608398438,0.9247344148533044,-1.0,-1.0,-1.0
8,2,737.4147583007813,356.0787322998047,58.94406738281248,130.367202758789,0.9052524771022944,-1.0,-1.0,-1.0
8,3,251.25158386230467,369.3017944335937,38.41902465820314,115.901806640625,0.9101838982323898,-1.0,-1.0,-1.0
8,4,315.32178955078126,365.5061004638672,50.11589355468749,106.70957336425778,0.9142479810310036,-1.0,-1.0,-1.0
8,5,397.9244476318359,328.55894165039064,56.42885742187502,79.58117065429684,0.8641177083813005,-1.0,-1.0,-1.0
8,7,377.9489135742188,327.4346557617187,46.61268310546871,81.29536743164061,0.812445374092249,-1.0,-1.0,-1.0
9,1,987.2296875,376.6764221191406,59.69553222656259,153.48142089843748,0.924406635134858,-1.0,-1.0,-1.0
9,2,736.9505310058594,355.5254333496094,58.43331298828116,129.9666137695312,0.8878829536318733,-1.0,-1.0,-1.0
9,3,251.48284606933592,368.78486022949215,38.61567993164064,116.69647521972657,0.90749530724662,-1.0,-1.0,-1.0
9,4,315.2858642578125,365.5417510986328,50.36500854492186,106.9490203857422,0.9129937836073196,-1.0,-1.0,-1.0
9,5,398.5743713378906,328.8364288330078,55.79055175781247,78.68177490234376,0.8742240522221323,-1.0,-1.0,-1.0
9,7,377.7871948242187,332.8646484375,52.1949462890625,76.34772949218751,0.7917708525911848,-1.0,-1.0,-1.0
10,1,985.4404541015624,377.80845336914064,59.548095703125,152.23754882812494,0.9329053784905312,-1.0,-1.0,-1.0
10,2,736.9221313476562,353.9942138671875,59.24454345703123,129.86740722656248,0.8941875724242507,-1.0,-1.0,-1.0
10,3,251.08058166503903,368.8498992919922,40.050384521484375,116.00060119628904,0.9064442128624536,-1.0,-1.0,-1.0
10,4,313.75181579589844,368.028369140625,52.8519287109375,104.5317810058594,0.91024615813744,-1.0,-1.0,-1.0
10,5,398.65341796875,330.12193908691404,55.0454040527344,79.48383178710935,0.8776522518500229,-1.0,-1.0,-1.0
10,7,378.0133483886719,328.2792572021484,51.88897705078119,79.99392700195312,0.7513562971342935,-1.0,-1.0,-1.0
11,1,984.9763916015625,378.7665161132812,58.88583984375009,151.1663818359375,0.9378445042966064,-1.0,-1.0,-1.0
11,2,737.017822265625,353.1447784423828,58.72423095703118,128.15790710449215,0.9056103894495492,-1.0,-1.0,-1.0
11,3,250.9670654296875,370.3663421630859,40.31641845703123,113.55240783691409,0.9062489647820372,-1.0,-1.0,-1.0
11,4,313.3663330078125,368.7825256347656,54.051416015624966,103.52603759765628,0.9114423789575454,-1.0,-1.0,-1.0
11,5,400.2109497070312,332.938037109375,52.230377197265625,77.41175537109376,0.8531708578589949,-1.0,-1.0,-1.0
11,7,379.6587707519531,329.5083526611328,58.00072631835934,78.95670776367189,0.766951278392014,-1.0,-1.0,-1.0
12,1,983.34052734375,378.7963165283203,58.7493896484375,151.32785339355473,0.9404981696430924,-1.0,-1.0,-1.0
12,2,735.8851867675781,351.26161193847656,58.58481445312498,127.94191589355466,0.9196100841949004,-1.0,-1.0,-1.0
12,3,251.81048583984372,374.4993438720703,39.707611083984375,111.2230316162109,0.9113849584758498,-1.0,-1.0,-1.0
12,4,305.9739624023437,372.0329956054687,61.83314208984376,100.37889404296874,0.89077560562896,-1.0,-1.0,-1.0
12,5,402.9264953613281,333.59312438964844,49.405737304687534,77.03827514648435,0.8951686572341835,-1.0,-1.0,-1.0
12,7,414.68529968261714,333.7173797607422,37.81219482421875,68.50700683593749,0.4086439863585838,-1.0,-1.0,-1.0
13,1,983.3826049804688,378.9249938964844,57.90212402343752,151.16786499023442,0.9416354707327486,-1.0,-1.0,-1.0
13,2,735.5718017578125,350.6148193359375,58.103283691406205,124.8601135253906,0.9189630058437714,-1.0,-1.0,-1.0
13,3,251.54901123046875,375.4346374511719,39.91766967773435,110.50131225585938,0.9079476828949852,-1.0,-1.0,-1.0
13,4,302.90993041992186,372.80181884765625,65.23308105468749,99.56661987304688,0.9159546702962515,-1.0,-1.0,-1.0
13,5,402.8890869140625,333.16001586914064,50.83698120117185,77.44306640624995,0.8931706979325078,-1.0,-1.0,-1.0
13,7,417.6118515014648,332.10298919677734,39.8823486328125,70.7351623535156,0.4086439863585838,-1.0,-1.0,-1.0
14,1,982.5339111328124,378.0871765136719,56.30844726562498,152.19030761718744,0.9354746524492265,-1.0,-1.0,-1.0
14,2,732.8276916503906,349.1046112060547,56.11739501953116,124.19870910644528,0.9261089183001374,-1.0,-1.0,-1.0
14,3,250.76156616210935,377.3552673339844,40.96148071289059,108.19237060546874,0.9053481920116012,-1.0,-1.0,-1.0
14,4,297.0346343994141,375.32581787109376,71.15273437499997,97.7078979492187,0.901924489059784,-1.0,-1.0,-1.0
14,5,401.7070404052734,329.8053131103516,69.30876159667969,80.47150268554685,0.8489575002541301,-1.0,-1.0,-1.0
14,7,420.53840332031245,330.4885986328125,41.95250244140626,72.96331787109374,0.4086439863585838,-1.0,-1.0,-1.0
15,1,982.7057373046874,378.1329345703125,55.045898437500114,152.13471679687495,0.9335552651249656,-1.0,-1.0,-1.0
15,2,731.7064270019531,348.79559326171875,56.28251953124993,124.69108886718747,0.9268164338707194,-1.0,-1.0,-1.0
15,3,250.06747741699215,376.7290466308594,41.17011108398435,108.9848693847656,0.904048134839904,-1.0,-1.0,-1.0
15,4,300.32407836914064,375.36608276367184,66.7121704101562,97.61187744140624,0.9100147475649862,-1.0,-1.0,-1.0
15,5,401.61708984375,330.1589630126953,64.90678710937499,80.21749877929682,0.90542222886274,-1.0,-1.0,-1.0
15,7,423.4649551391601,328.8742080688477,44.02265625000001,75.19147338867185,0.4086439863585838,-1.0,-1.0,-1.0
16,1,982.9338134765624,378.1150268554687,52.15451660156248,152.25990600585942,0.9265915455448236,-1.0,-1.0,-1.0
16,2,729.9780029296875,348.2479248046875,54.31168212890623,124.66268920898438,0.9291381365523036,-1.0,-1.0,-1.0
16,3,249.8901306152344,373.2667053222656,40.95433959960937,111.46102294921872,0.903622387619123,-1.0,-1.0,-1.0
16,4,291.1238525390625,373.0497528076172,75.29271240234374,99.71128234863284,0.901943083711494,-1.0,-1.0,-1.0
16,5,405.7064208984375,326.62205200195314,63.908349609374966,82.86350097656248,0.896344789321688,-1.0,-1.0,-1.0
16,7,426.39150695800777,327.2598175048828,46.09281005859376,77.41962890624997,0.4086439863585838,-1.0,-1.0,-1.0
17,1,983.109375,378.08997802734376,50.81308593749986,152.0154602050781,0.9246801669544952,-1.0,-1.0,-1.0
17,2,729.5517883300781,348.0935119628906,51.99741210937498,124.55848388671876,0.9294126851090354,-1.0,-1.0,-1.0
17,3,250.15424194335932,371.70579528808594,39.86147460937502,112.2102081298828,0.9072079673974898,-1.0,-1.0,-1.0
17,4,294.528076171875,371.560171508789,70.00823364257809,101.17976989746091,0.9136987338461716,-1.0,-1.0,-1.0
17,5,416.4204254150391,323.6997436523437,52.4384857177734,84.32814331054686,0.8365863270927321,-1.0,-1.0,-1.0
17,7,429.3180587768554,325.64542694091796,48.162963867187514,79.6477844238281,0.4086439863585838,-1.0,-1.0,-1.0
18,1,983.0726806640624,377.85448608398434,49.24138183593743,151.89219360351564,0.9238708955175454,-1.0,-1.0,-1.0
18,2,728.1110961914062,346.07774047851564,51.931713867187455,126.07767333984371,0.9261370828882108,-1.0,-1.0,-1.0
18,3,250.36995849609372,371.6564666748047,40.91984252929686,105.32991027832033,0.907322756296125,-1.0,-1.0,-1.0
18,4,297.90766296386715,367.0715698242187,64.13752441406251,104.84478149414063,0.919775512381527,-1.0,-1.0,-1.0
18,5,439.3440856933594,319.5530090332031,53.56043701171871,83.9672973632812,0.6088750408310943,-1.0,-1.0,-1.0
18,7,432.2446105957031,324.0310363769531,50.23311767578127,81.87593994140622,0.5020295387526232,-1.0,-1.0,-1.0
19,1,982.8626220703125,377.9276000976562,49.04868164062509,151.90213623046878,0.9224745697711824,-1.0,-1.0,-1.0
19,2,727.1302368164062,346.2461883544922,52.2587768554688,125.65593566894528,0.924262589017708,-1.0,-1.0,-1.0
19,3,250.1775329589844,371.2815307617187,44.42937011718752,104.65548706054688,0.8910145269316878,-1.0,-1.0,-1.0
19,4,300.3420959472656,364.5345245361328,61.25410766601567,106.31626281738284,0.9166598063047466,-1.0,-1.0,-1.0
19,5,446.3118988037109,320.2566375732422,47.33903503417967,82.95481567382808,0.6088750408310943,-1.0,-1.0,-1.0
19,7,439.6516754150391,322.5637573242187,56.40899963378905,84.10715332031248,0.807149613687244,-1.0,-1.0,-1.0
20,1,982.0736938476562,377.3365356445312,48.631420898437455,152.7863159179687,0.912932867852426,-1.0,-1.0,-1.0
20,2,726.8637634277344,347.4994262695312,51.42062988281248,123.97263793945314,0.9206555086746526,-1.0,-1.0,-1.0
20,3,251.3685333251953,370.29657897949215,52.60869140624999,104.17392883300784,0.8787435608450167,-1.0,-1.0,-1.0
20,4,299.5033447265625,359.6595062255859,61.837646484375,106.6230010986328,0.915710599354668,-1.0,-1.0,-1.0
20,5,453.2797119140625,320.96026611328125,41.117633056640635,81.94233398437495,0.6088750408310943,-1.0,-1.0,-1.0
20,7,445.158544921875,320.0596435546875,53.8385009765625,87.95434570312494,0.8234498094095954,-1.0,-1.0,-1.0
21,1,981.6773071289062,377.0453430175781,48.30908203125,153.17286987304686,0.9120007549810544,-1.0,-1.0,-1.0
21,2,726.0057861328124,347.3403717041015,52.3619384765625,124.0529754638672,0.9178948129801404,-1.0,-1.0,-1.0
21,3,250.88782653808596,367.358642578125,56.767675781250006,106.06997680664062,0.8919622213460272,-1.0,-1.0,-1.0
21,4,300.52647399902344,357.8938934326172,61.09996948242184,105.41082458496096,0.9172616739636936,-1.0,-1.0,-1.0
21,5,460.247525024414,321.6638946533203,34.8962310791016,80.92985229492183,0.7269943143655553,-1.0,-1.0,-1.0
21,7,476.3865234375,319.77965698242184,36.90736083984376,74.12354736328126,0.6354365931435879,-1.0,-1.0,-1.0
22,1,980.4821044921874,376.4862487792969,48.40356445312512,152.95814208984376,0.9117892569437344,-1.0,-1.0,-1.0
22,2,725.7962768554687,347.13978881835936,54.22335205078127,124.34447021484374,0.920115415499474,-1.0,-1.0,-1.0
22,3,249.78111877441404,364.38653869628905,47.091961669921886,108.61800842285156,0.8790075860650468,-1.0,-1.0,-1.0
22,4,299.8368347167969,354.9181640625,61.80699462890624,104.1410522460937,0.8943712063903035,-1.0,-1.0,-1.0
22,5,464.58263397216797,321.5748229980469,38.48704376220704,83.79530639648434,0.7269943143655553,-1.0,-1.0,-1.0
22,7,468.72460327148434,322.4248077392578,42.08060302734378,82.13774414062499,0.6836486356553877,-1.0,-1.0,-1.0
23,1,979.6806518554688,376.4939666748047,49.12404785156252,152.82853088378903,0.911095726085918,-1.0,-1.0,-1.0
23,2,726.738848876953,347.2425659179688,54.30267333984375,124.23779296874994,0.9221536132144336,-1.0,-1.0,-1.0
23,3,248.90625,361.8868194580078,48.96518554687498,111.9201141357422,0.8927060235708311,-1.0,-1.0,-1.0
23,4,298.4063323974609,353.52509765625,63.31926269531249,103.88682861328124,0.9006233384038751,-1.0,-1.0,-1.0
23,5,468.91774291992186,321.4857513427734,42.07785644531248,86.66076049804684,0.7425209258146452,-1.0,-1.0,-1.0
23,7,476.85900878906244,321.0044769287109,47.299584960937516,79.63850097656247,0.6836486356553877,-1.0,-1.0,-1.0
24,1,977.98271484375,375.9408874511719,48.38203125000007,152.86063842773433,0.9142400020016516,-1.0,-1.0,-1.0
24,2,728.4069030761718,347.4947570800781,53.7968627929688,123.76312866210937,0.9222797020154694,-1.0,-1.0,-1.0
24,3,250.2475982666016,357.5435394287109,59.78298339843749,102.68992309570314,0.9082780936254408,-1.0,-1.0,-1.0
24,4,299.74713134765625,354.1377227783203,63.7805236816406,97.85126953124995,0.9301033372333478,-1.0,-1.0,-1.0
24,5,468.8445190429687,319.5942352294922,80.80477294921877,83.51932983398433,0.8318344576507783,-1.0,-1.0,-1.0
24,7,484.9934143066406,319.5841461181641,52.51856689453126,77.13925781249996,0.6836486356553877,-1.0,-1.0,-1.0
25,1,977.5675415039062,376.0577270507813,48.00673828125002,152.51781005859374,0.9149128845253784,-1.0,-1.0,-1.0
25,2,729.2306579589844,347.0459381103515,53.39498291015627,124.30198059082034,0.9244224028356492,-1.0,-1.0,-1.0
25,3,251.4984191894531,355.3310302734375,58.796795654296886,104.24492797851563,0.9111982644681832,-1.0,-1.0,-1.0
25,4,300.4278167724609,354.844775390625,62.79779663085941,96.58108520507812,0.9170718493354536,-1.0,-1.0,-1.0
25,5,473.33073120117183,317.1099517822266,73.01810302734373,82.56318969726561,0.8232274317861084,-1.0,-1.0,-1.0
25,7,493.1278198242187,318.1638153076172,57.737548828125,74.64001464843744,0.42859805680785,-1.0,-1.0,-1.0
26,1,976.70830078125,375.8646423339844,48.36445312500007,153.02686157226566,0.9175658877733746,-1.0,-1.0,-1.0
26,2,730.8577331542969,346.71044311523434,52.22493896484377,123.92067260742186,0.9201244004749612,-1.0,-1.0,-1.0
26,3,251.8202087402344,351.51959838867185,56.708514404296864,105.260009765625,0.9135111979461996,-1.0,-1.0,-1.0
26,4,301.66754150390625,356.96527404785155,61.902246093749966,93.83351440429686,0.9050724352821896,-1.0,-1.0,-1.0
26,5,499.6916015625,315.8082366943359,51.029296875,84.77127685546878,0.826958085473052,-1.0,-1.0,-1.0
26,7,496.1483642578125,320.9804260253906,47.10732421874999,70.15407714843745,0.42859805680785,-1.0,-1.0,-1.0
27,1,976.4970336914062,375.9397613525391,47.9871826171875,152.7443756103516,0.9160077232988506,-1.0,-1.0,-1.0
27,2,732.3023803710937,346.79262084960936,50.41658935546877,123.47742919921876,0.9146436718945452,-1.0,-1.0,-1.0
27,3,252.93589782714844,350.839517211914,54.98442993164059,102.83961181640626,0.9115778080920728,-1.0,-1.0,-1.0
27,4,299.3563201904297,357.7914184570312,66.97765502929684,93.2844177246094,0.9041835542190596,-1.0,-1.0,-1.0
27,5,505.2082214355469,315.6632446289062,45.28289794921875,83.50713500976565,0.8390774287537752,-1.0,-1.0,-1.0
27,7,499.1689086914062,323.7970367431641,36.477099609374974,65.66813964843745,0.42859805680785,-1.0,-1.0,-1.0
28,1,976.3979370117188,374.447021484375,46.50644531249998,154.10895996093743,0.9130690829520632,-1.0,-1.0,-1.0
28,2,732.8410400390625,344.68170776367185,50.459545898437455,124.30799560546876,0.9181508526202364,-1.0,-1.0,-1.0
28,3,255.0107482910156,351.0581451416015,52.86890258789066,101.92835083007816,0.9033358101437834,-1.0,-1.0,-1.0
28,4,303.683203125,356.1424255371094,58.08004760742188,94.54850463867184,0.8697661325177428,-1.0,-1.0,-1.0
28,5,520.1401245117187,316.9435089111328,33.097412109375,74.70071411132807,0.836171737754583,-1.0,-1.0,-1.0
28,7,502.189453125,326.6136474609375,25.846874999999955,61.182202148437455,0.7964050354147858,-1.0,-1.0,-1.0
29,1,975.9897949218748,374.04107666015625,46.71694335937502,153.93290405273433,0.9114620226330388,-1.0,-1.0,-1.0
29,2,732.6140075683594,344.8626800537109,50.019543457031205,123.69053649902344,0.9182494559169498,-1.0,-1.0,-1.0
29,3,255.4016143798828,351.6376739501953,53.565765380859375,100.40031738281247,0.8946953270411058,-1.0,-1.0,-1.0
29,4,303.9595642089844,354.71950378417966,59.41082153320309,95.36330566406252,0.864674809074085,-1.0,-1.0,-1.0
29,5,524.2914184570312,318.7140655517578,32.37593994140627,69.84645996093747,0.739072700029034,-1.0,-1.0,-1.0
29,7,500.69476318359375,324.94883422851564,35.51231689453118,63.54398803710933,0.7023132524978237,-1.0,-1.0,-1.0
30,1,975.4144409179688,373.54518127441406,46.95139160156248,153.59850769042964,0.9156912943458196,-1.0,-1.0,-1.0
30,2,731.5889831542969,344.7510589599609,49.591076660156205,121.74667053222656,0.9265335893119158,-1.0,-1.0,-1.0
30,3,258.52870788574216,353.5979919433594,47.17979736328124,98.25617065429684,0.9069920223166292,-1.0,-1.0,-1.0
30,4,302.19581909179686,351.72658081054686,64.43843994140627,96.74741821289064,0.8914886342019663,-1.0,-1.0,-1.0
30,5,534.4733825683594,323.7057861328125,36.53580322265623,68.62461547851564,0.7980695948296699,-1.0,-1.0,-1.0
30,7,494.3828430175781,326.1535125732421,54.99986572265618,63.86835937500001,0.8592601532131816,-1.0,-1.0,-1.0
31,1,974.9492797851562,372.05150756835934,47.085205078125,154.39822998046878,0.9128467537806416,-1.0,-1.0,-1.0
31,2,730.6064208984375,345.00075073242186,50.211254882812455,119.10201416015622,0.9236491472582776,-1.0,-1.0,-1.0
31,3,493.5993530273437,321.1698669433593,35.752478027343784,67.2587951660156,0.628911683645569,-1.0,-1.0,-1.0
31,4,307.8483123779297,350.3989654541015,59.853350830078114,95.99545898437503,0.9005000826269907,-1.0,-1.0,-1.0
31,5,537.6508483886719,323.0875579833984,40.06175537109368,73.61010131835934,0.834677269377778,-1.0,-1.0,-1.0
31,7,493.784033203125,321.18052368164064,56.25142822265627,70.32365112304683,0.7243960045433084,-1.0,-1.0,-1.0
32,1,973.5408325195312,371.9406829833984,47.08103027343748,152.20769348144535,0.9093468560273656,-1.0,-1.0,-1.0
32,2,728.5224792480468,345.5381195068359,51.74000244140632,117.63240051269533,0.9219125361444468,-1.0,-1.0,-1.0
32,3,263.7655059814453,351.7391876220703,42.97796630859375,98.56521606445312,0.8933187972484014,-1.0,-1.0,-1.0
32,4,317.0317840576172,347.0332489013672,56.93115234375,94.11921386718744,0.9099592234735424,-1.0,-1.0,-1.0
32,5,547.07080078125,325.8812438964844,38.098388671875,72.28223876953126,0.8375828505869336,-1.0,-1.0,-1.0
32,7,484.2757507324218,323.75665283203125,39.34907226562501,65.38315429687498,0.8053290073196209,-1.0,-1.0,-1.0
33,1,973.363623046875,371.97240600585934,46.80043945312502,152.03529052734376,0.9078603368405638,-1.0,-1.0,-1.0
33,2,727.5629333496094,345.55726318359376,52.25998535156248,117.80419921874994,0.91871965631481,-1.0,-1.0,-1.0
33,3,268.00548706054684,351.79010925292965,41.70684814453125,93.85268554687502,0.8956252452300717,-1.0,-1.0,-1.0
33,4,322.445654296875,347.0412963867187,52.190222167968784,91.3238525390625,0.917672105573935,-1.0,-1.0,-1.0
33,5,552.1261047363281,328.9832885742188,40.363879394531295,69.13504028320307,0.8152800598661614,-1.0,-1.0,-1.0
33,7,482.9520629882812,324.1827026367187,38.251538085937455,65.00028076171878,0.7900386864877902,-1.0,-1.0,-1.0
34,1,966.5769287109374,371.85029296875,51.91127929687502,150.4923706054687,0.9202054400219596,-1.0,-1.0,-1.0
34,2,726.2361694335938,344.0111846923828,51.07368164062496,118.64061584472654,0.9250045865641,-1.0,-1.0,-1.0
34,3,277.1795928955078,351.6542633056641,40.18392333984372,85.28867797851558,0.8859721272241075,-1.0,-1.0,-1.0
34,4,329.1941711425781,346.996142578125,52.078216552734375,84.9368957519531,0.9059591304059644,-1.0,-1.0,-1.0
34,5,557.9863220214844,329.5823181152344,59.42482910156241,67.6273315429687,0.9023941426235212,-1.0,-1.0,-1.0
34,7,473.7006408691406,317.73790283203124,50.24992675781249,72.6926330566406,0.7991308481784642,-1.0,-1.0,-1.0
35,1,964.346044921875,372.2006744384765,53.40651855468752,149.9164398193359,0.9229520848529376,-1.0,-1.0,-1.0
35,2,725.732666015625,344.27521362304685,50.802978515625,118.2397521972656,0.9264774501053664,-1.0,-1.0,-1.0
35,3,471.2993591308593,315.8880798339844,52.89235839843752,72.37979736328123,0.4992651241483159,-1.0,-1.0,-1.0
35,4,331.1167510986328,346.82184448242185,52.28305664062504,84.91168212890625,0.9064390994303722,-1.0,-1.0,-1.0
35,5,559.2789733886718,329.36036682128906,60.0370971679688,68.51568603515625,0.8742343792817735,-1.0,-1.0,-1.0
35,7,471.4475646972656,315.6526702880859,40.65062255859374,58.27642822265625,0.5296799621079273,-1.0,-1.0,-1.0
36,1,959.298046875,372.6655609130859,56.87929687500002,148.2584381103515,0.9289327694796868,-1.0,-1.0,-1.0
36,2,725.7887512207031,344.4869750976562,49.40090332031241,117.8448486328125,0.9267130450868386,-1.0,-1.0,-1.0
36,3,281.89797363281247,350.5323944091797,44.63047485351564,83.93098754882811,0.8747632256065287,-1.0,-1.0,-1.0
36,4,336.3064453125,347.9398956298828,54.473345947265614,83.04109497070311,0.9011498167321365,-1.0,-1.0,-1.0
36,5,554.9854614257812,331.09955749511715,66.44069824218752,65.90462036132811,0.9071681814907606,-1.0,-1.0,-1.0
36,7,464.84406738281245,315.65654296875,57.69305419921875,74.00852050781248,0.9035732043596454,-1.0,-1.0,-1.0
37,1,958.4567138671874,372.7785827636719,56.854248046875,147.80066528320316,0.9275676050606698,-1.0,-1.0,-1.0
37,2,725.6048950195312,344.2655456542969,49.13063964843752,117.8767639160156,0.929173247102284,-1.0,-1.0,-1.0
37,3,281.47390136718747,348.95582885742186,51.50115966796875,86.13127441406249,0.8813774406912778,-1.0,-1.0,-1.0
37,4,339.8960906982422,347.6482360839844,57.098419189453125,82.43349609374997,0.8894672392932179,-1.0,-1.0,-1.0
37,5,555.1994750976562,335.32896423339844,66.12209472656252,61.64703369140625,0.8969534920443216,-1.0,-1.0,-1.0
37,7,456.9205352783203,314.6273986816406,63.549893188476574,74.72708129882812,0.8936630269163288,-1.0,-1.0,-1.0
38,1,958.4795654296876,372.41713256835936,55.58444824218748,148.3082885742187,0.915502838681725,-1.0,-1.0,-1.0
38,2,726.5861389160156,344.5028503417969,47.926867675781295,117.78519287109371,0.9286316858204238,-1.0,-1.0,-1.0
38,3,282.32874755859376,344.8654815673828,62.676177978515625,89.18206787109375,0.915297475997562,-1.0,-1.0,-1.0
38,4,347.1505554199219,345.6984375,59.615002441406205,84.18037719726561,0.9107052084765996,-1.0,-1.0,-1.0
38,5,555.2797302246094,336.8846008300781,63.72993164062496,59.05475463867185,0.912499674069899,-1.0,-1.0,-1.0
38,7,450.46730346679686,312.9096313476562,64.26551513671876,75.13505859374999,0.896083013467468,-1.0,-1.0,-1.0
39,1,958.9029785156248,372.2011138916016,54.589526367187545,148.38494567871095,0.9158965449493904,-1.0,-1.0,-1.0
39,2,726.9392395019531,344.4683807373047,47.66484374999993,117.75259094238277,0.928103885380576,-1.0,-1.0,-1.0
39,3,283.37140502929685,343.53676757812497,65.94730224609378,90.13018798828124,0.9063596849079544,-1.0,-1.0,-1.0
39,4,348.8076507568359,343.9512542724609,62.655963134765614,85.84683837890623,0.917682721954094,-1.0,-1.0,-1.0
39,5,550.9071166992187,333.2298614501953,64.99039306640623,62.214862060546864,0.8962187220731082,-1.0,-1.0,-1.0
39,7,449.5413757324218,315.1565277099609,54.18863525390629,70.35122680664062,0.8780513061686541,-1.0,-1.0,-1.0
40,1,957.1062744140625,372.4679168701172,55.713208007812455,148.10287170410152,0.9129900158288252,-1.0,-1.0,-1.0
40,2,727.8453918457031,344.2691986083984,47.28482666015623,118.00137634277344,0.9262854816207984,-1.0,-1.0,-1.0
40,3,294.29395751953126,341.1740478515625,58.34910278320308,85.18754882812499,0.9307257757982904,-1.0,-1.0,-1.0
40,4,351.04710388183594,342.0852813720703,63.21005859374998,86.05777587890623,0.9276620685404212,-1.0,-1.0,-1.0
40,5,542.0755920410156,333.2392547607422,59.57512207031243,62.32148437499996,0.8884928030295214,-1.0,-1.0,-1.0
40,7,447.7868041992188,319.1974365234375,33.90952148437498,65.60826416015624,0.7822138142627431,-1.0,-1.0,-1.0
41,1,956.7062622070312,372.3509948730469,55.23969726562507,147.9651306152344,0.91039696652183,-1.0,-1.0,-1.0
41,2,728.2727600097656,344.4818115234375,47.50850830078116,117.77805175781248,0.9253882951684034,-1.0,-1.0,-1.0
41,3,301.7772674560547,338.2522338867187,52.27695922851564,87.05830078125001,0.8960535092865243,-1.0,-1.0,-1.0
41,4,358.2284271240234,340.3463928222656,56.125689697265614,86.08491210937501,0.9068256641648276,-1.0,-1.0,-1.0
41,5,535.3776123046874,330.9917266845703,62.26380615234382,63.73234863281249,0.8694487003575198,-1.0,-1.0,-1.0
41,7,442.74696350097656,320.2780792236328,38.96726989746094,64.20866088867189,0.7959920284113302,-1.0,-1.0,-1.0
42,1,956.309765625,372.6193359375,54.476806640625,147.2089416503906,0.9163915463307716,-1.0,-1.0,-1.0
42,2,729.2996520996094,344.933349609375,47.51191406249996,117.18610839843744,0.9247668745186104,-1.0,-1.0,-1.0
42,3,318.13190002441405,334.09563903808595,40.50681152343748,86.9737609863281,0.8871790016971453,-1.0,-1.0,-1.0
42,4,365.4255706787109,338.48127136230465,49.60942382812499,84.33099975585941,0.907949451613117,-1.0,-1.0,-1.0
42,5,524.4890624999999,322.73069458007814,70.75766601562509,71.46743774414057,0.8973518380436474,-1.0,-1.0,-1.0
42,7,432.9946197509765,319.09743347167966,47.726724243164085,65.3543701171875,0.8538031599962181,-1.0,-1.0,-1.0
43,1,955.9641357421874,372.811376953125,53.281494140625,146.87034301757808,0.9144315179419706,-1.0,-1.0,-1.0
43,2,729.5620605468749,344.30149841308594,48.49420166015625,117.82488098144528,0.9236353227063674,-1.0,-1.0,-1.0
43,3,324.75445861816405,333.1654541015625,37.89865722656248,86.53271484375,0.8959138634584818,-1.0,-1.0,-1.0
43,4,367.8660736083984,338.17077026367184,47.11448364257808,84.50299072265625,0.90638059512726,-1.0,-1.0,-1.0
43,5,530.7943359375,322.2555358886719,64.18905029296866,72.40391235351558,0.8752489880902559,-1.0,-1.0,-1.0
43,7,427.7587005615234,316.8446594238281,50.417385864257824,66.95161743164067,0.8513262211408268,-1.0,-1.0,-1.0
44,1,954.7786010742188,373.0346740722656,49.47802734375,146.66852416992185,0.914324744924592,-1.0,-1.0,-1.0
44,2,729.6760986328125,344.58629150390624,50.0637084960938,117.63951416015624,0.9265536767603564,-1.0,-1.0,-1.0
44,3,335.58936767578126,330.8346771240234,34.114581298828114,84.71052246093751,0.8913704432444547,-1.0,-1.0,-1.0
44,4,371.2852386474609,337.3227905273437,47.57563476562501,78.07835083007814,0.9205876477668796,-1.0,-1.0,-1.0
44,5,526.1729370117188,316.35126342773435,59.44240722656241,72.75459594726561,0.8975279916283156,-1.0,-1.0,-1.0
44,7,416.29100646972654,319.9100372314453,37.27353515624998,57.51117553710935,0.7807221536237385,-1.0,-1.0,-1.0
45,1,954.2400512695312,373.088671875,49.55537109374996,146.32113647460932,0.912637085940748,-1.0,-1.0,-1.0
45,2,730.04150390625,344.5853302001953,50.18642578124991,117.65052795410156,0.9275237586362302,-1.0,-1.0,-1.0
45,3,340.23070678710934,330.645849609375,33.86898193359377,83.44649047851561,0.8833326987732661,-1.0,-1.0,-1.0
45,4,373.3227355957032,337.41779479980465,47.504113769531216,78.07098999023441,0.9120502756536908,-1.0,-1.0,-1.0
45,5,525.7677062988281,317.5528930664062,46.858447265625045,69.60509033203124,0.8881981479119929,-1.0,-1.0,-1.0
45,7,411.4633941650391,317.870068359375,37.78203735351559,60.884912109374966,0.7893797714351436,-1.0,-1.0,-1.0
46,1,953.1921752929688,373.5029937744141,49.70039062499996,146.2882049560547,0.9168000328350524,-1.0,-1.0,-1.0
46,2,729.9316955566406,344.5895050048828,51.39602050781241,117.5478607177734,0.9267921363190724,-1.0,-1.0,-1.0
46,3,346.00437927246094,331.13820190429686,37.93529663085934,80.88607177734372,0.8521109799686144,-1.0,-1.0,-1.0
46,4,379.7403442382813,336.9493927001953,52.18341064453125,77.06694946289065,0.9070142683518654,-1.0,-1.0,-1.0
46,5,524.9208251953124,315.7174621582031,38.55673828125009,71.54895629882816,0.8629018679020106,-1.0,-1.0,-1.0
46,7,409.9615631103516,325.89830017089844,22.61980590820309,47.33124389648435,0.5719533807859989,-1.0,-1.0,-1.0
47,1,952.6782348632812,373.7813323974609,49.593823242187455,145.42594299316409,0.9150462583909444,-1.0,-1.0,-1.0
47,2,730.2401916503906,344.8846801757812,51.04500732421877,117.19500732421876,0.9251118162476716,-1.0,-1.0,-1.0
47,3,345.1993011474609,333.5400054931641,53.215850830078125,74.81200561523434,0.8559484801677115,-1.0,-1.0,-1.0
47,4,381.0975402832031,337.4546813964844,53.55472412109373,75.86224365234375,0.9020095352938072,-1.0,-1.0,-1.0
47,5,522.25400390625,316.6622589111328,40.756640625000045,70.88527221679686,0.8740174845103503,-1.0,-1.0,-1.0
47,7,401.1240234375,320.2881591796875,27.082781982421864,62.92814941406249,0.457057127197622,-1.0,-1.0,-1.0
48,1,951.791748046875,373.1028442382813,48.97683105468741,145.75957031249993,0.9128196707385284,-1.0,-1.0,-1.0
48,2,730.9884704589844,345.0022338867187,50.421643066406205,116.93045654296871,0.9224960393796168,-1.0,-1.0,-1.0
48,3,359.5774383544922,334.3908416748047,52.30827026367183,76.94115600585934,0.8805222495067753,-1.0,-1.0,-1.0
48,4,388.0268371582031,335.5793975830078,54.42110595703127,76.59959106445314,0.9093657470488594,-1.0,-1.0,-1.0
48,5,513.3760620117188,315.0614135742188,46.715405273437455,70.59446411132808,0.8994726787593414,-1.0,-1.0,-1.0
48,7,392.5772918701172,316.8900329589844,27.58189086914064,61.70394287109377,0.5922294686110945,-1.0,-1.0,-1.0
49,1,951.7670288085938,373.1122924804688,48.53496093749993,145.79395751953126,0.912511602666008,-1.0,-1.0,-1.0
49,2,731.4674743652344,344.9993225097656,49.92758789062498,116.85267333984376,0.9235393390641562,-1.0,-1.0,-1.0
49,3,363.6023345947265,334.1429626464844,50.49409790039061,76.73148193359373,0.8377428695754219,-1.0,-1.0,-1.0
49,4,391.6468597412109,330.5710876464844,53.235516357421886,80.08840942382807,0.8812398896406108,-1.0,-1.0,-1.0
49,5,509.64488525390624,314.6890869140625,50.01855468749994,71.97758789062499,0.8895351097564941,-1.0,-1.0,-1.0
49,7,387.4273406982422,315.63234558105466,30.5139221191406,71.75335693359375,0.5595867704351889,-1.0,-1.0,-1.0
50,1,950.92734375,373.0063018798828,48.69426269531243,145.29092102050777,0.9119507270526306,-1.0,-1.0,-1.0
50,2,731.7960205078125,344.7430114746094,49.91934814453123,116.94611206054684,0.9235523618552364,-1.0,-1.0,-1.0
50,3,367.0252349853516,333.9006317138672,52.864892578124966,78.35460205078124,0.8441723807741646,-1.0,-1.0,-1.0
50,4,392.42411499023433,330.0713745117187,57.13807983398442,74.84721679687499,0.837936032173392,-1.0,-1.0,-1.0
50,5,494.08681640625,313.6750762939453,62.86937255859374,75.03782958984374,0.861514588976398,-1.0,-1.0,-1.0
50,7,376.41126708984376,315.79392700195314,46.37438964843744,77.21054077148432,0.7146597270544532,-1.0,-1.0,-1.0
51,1,950.3947265625,373.0677154541016,48.81577148437498,145.45686950683586,0.9116729917509544,-1.0,-1.0,-1.0
51,2,732.646142578125,344.63421936035155,48.64350585937496,117.0731964111328,0.9236994787443537,-1.0,-1.0,-1.0
51,3,367.4753448486328,318.3522583007812,43.09628906249998,78.11350708007814,0.428435454084628,-1.0,-1.0,-1.0
51,4,386.656787109375,330.4334014892578,66.51771240234376,75.2376708984375,0.8116212580888025,-1.0,-1.0,-1.0
51,5,489.1273681640625,314.0820098876953,60.36053466796869,76.98647460937502,0.8555549590378888,-1.0,-1.0,-1.0
51,7,369.3507934570313,320.9234848022461,44.562881469726534,73.18792419433589,0.7146597270544532,-1.0,-1.0,-1.0
52,1,949.4510009765625,372.7889373779297,48.317211914062455,144.91804504394526,0.9103264794730492,-1.0,-1.0,-1.0
52,2,730.522540283203,344.32981567382814,50.43955078124998,116.72105712890624,0.9257148287899036,-1.0,-1.0,-1.0
52,3,375.77977294921874,330.60187683105465,49.60173339843749,78.22639160156251,0.8716548528555705,-1.0,-1.0,-1.0
52,4,396.6503631591797,326.13392944335936,56.460772705078114,82.52358398437497,0.8501022466284809,-1.0,-1.0,-1.0
52,5,483.6169006347656,314.4474151611328,49.24984130859372,76.47769775390623,0.7689842747293056,-1.0,-1.0,-1.0
52,7,362.2903198242187,326.05304260253905,42.751373291015625,69.16530761718747,0.7464216245661355,-1.0,-1.0,-1.0
53,1,948.4768432617188,372.67047729492185,48.58901367187502,145.24398193359377,0.9112799435397108,-1.0,-1.0,-1.0
53,2,730.3935607910156,344.2506317138672,50.61522216796868,116.83347473144534,0.9252785655007614,-1.0,-1.0,-1.0
53,3,380.8575714111328,329.5288421630859,48.93706054687499,79.138916015625,0.80798207072446,-1.0,-1.0,-1.0
53,4,406.3780151367187,326.25205993652344,46.814007568359386,80.25754394531248,0.8494103321306881,-1.0,-1.0,-1.0
53,5,483.7045715332031,319.1256134033203,39.31754150390623,71.08319091796875,0.7077361079650082,-1.0,-1.0,-1.0
53,7,357.74736328125,326.324267578125,46.95501708984375,68.09567871093748,0.7279397026947443,-1.0,-1.0,-1.0
54,1,947.0832275390624,371.1999298095703,48.03859863281252,145.80019226074222,0.9143396095768388,-1.0,-1.0,-1.0
54,2,728.5919677734374,342.6042755126953,51.97137451171875,118.19704284667966,0.9263521895008608,-1.0,-1.0,-1.0
54,3,392.2800018310547,327.750650024414,37.17718505859375,78.84019775390624,0.8465606173384082,-1.0,-1.0,-1.0
54,4,412.5083587646484,324.77244873046874,42.244903564453125,75.04953002929688,0.8522981765969107,-1.0,-1.0,-1.0
54,5,483.0465454101562,320.53480224609376,34.384350585937455,70.15979003906244,0.8678111679020759,-1.0,-1.0,-1.0
54,7,352.9625701904297,316.2928161621094,36.2707580566406,80.07033691406247,0.8783085263068102,-1.0,-1.0,-1.0
55,1,946.16982421875,371.11217651367184,48.340502929687545,146.09987182617186,0.9142727148914496,-1.0,-1.0,-1.0
55,2,728.6403076171874,342.44835205078124,51.35548095703132,118.49078979492184,0.9257782166137148,-1.0,-1.0,-1.0
55,3,393.299560546875,327.4908782958984,38.60359497070312,76.005615234375,0.8324701810243802,-1.0,-1.0,-1.0
55,4,410.2881317138672,324.6082855224609,47.69741821289063,75.22893676757815,0.8639592457271448,-1.0,-1.0,-1.0
55,5,478.7906066894531,317.64361267089845,37.04622802734372,73.10676269531245,0.874981818633394,-1.0,-1.0,-1.0
55,7,351.7347930908203,316.82252197265626,36.19121704101565,80.11257934570307,0.8701168154312242,-1.0,-1.0,-1.0
56,1,940.0436279296874,369.794970703125,52.95871582031248,148.1979309082031,0.910556494290077,-1.0,-1.0,-1.0
56,2,726.1662414550781,343.39405517578126,52.423901367187455,117.5994140625,0.9252682947498414,-1.0,-1.0,-1.0
56,3,400.4944244384765,327.3882659912109,37.33637695312501,80.14998779296877,0.858006277512402,-1.0,-1.0,-1.0
56,4,420.3165893554688,326.511474609375,44.73973388671874,75.08732299804683,0.8679835627288988,-1.0,-1.0,-1.0
56,5,474.1192199707031,318.48346252441405,37.70244140624999,73.5369873046875,0.8852378452134602,-1.0,-1.0,-1.0
56,7,351.22780151367186,314.9180145263672,33.538238525390625,80.07885131835934,0.853123751932948,-1.0,-1.0,-1.0
57,1,935.9596801757812,370.1977844238281,56.6839599609375,148.56459960937502,0.9186873492098117,-1.0,-1.0,-1.0
57,2,723.8735595703125,342.9545471191406,53.94451904296864,118.3177551269531,0.9240001183478804,-1.0,-1.0,-1.0
57,3,402.4380981445312,327.5903594970703,38.10613403320309,79.75206298828124,0.8335098135073693,-1.0,-1.0,-1.0
57,4,420.3815460205078,326.5189727783203,49.03338317871089,75.00003662109373,0.8649666571195951,-1.0,-1.0,-1.0
57,5,473.6236267089844,318.71112670898435,35.81268310546875,74.61238403320311,0.8758089159726978,-1.0,-1.0,-1.0
57,7,345.6982177734375,317.9081359863281,34.44862060546876,77.82319335937501,0.8101391302558341,-1.0,-1.0,-1.0
58,1,927.6044677734376,370.4938659667969,65.17529296875,148.67578125,0.9299949613072336,-1.0,-1.0,-1.0
58,2,721.8398803710937,343.9986328125,54.01296386718752,117.49026489257812,0.9241244745756916,-1.0,-1.0,-1.0
58,3,407.19721069335935,328.2769500732422,38.643310546875,77.90147094726564,0.7792064093043862,-1.0,-1.0,-1.0
58,4,419.776528930664,325.89025268554684,50.2023834228516,79.12825927734377,0.8389695794953482,-1.0,-1.0,-1.0
58,5,472.4473205566406,318.69052734375,35.101318359375,75.7766052246094,0.8684463113023639,-1.0,-1.0,-1.0
58,7,342.26218872070314,310.5627868652344,39.39548950195308,85.69204101562497,0.8653789779773646,-1.0,-1.0,-1.0
59,1,925.0256469726562,374.1813171386719,66.91354980468748,145.29957275390626,0.927170716636823,-1.0,-1.0,-1.0
59,2,721.5981262207031,343.89964599609374,53.90134277343748,117.65330200195314,0.9268518946289744,-1.0,-1.0,-1.0
59,3,409.5396331787109,328.4737701416016,35.37322998046875,76.7531799316406,0.7426499051049973,-1.0,-1.0,-1.0
59,4,421.90285034179686,326.9535095214844,53.09527587890625,75.92640380859376,0.7913965991074257,-1.0,-1.0,-1.0
59,5,473.3525939941406,319.2667602539062,33.83338623046876,74.682861328125,0.8670067045227015,-1.0,-1.0,-1.0
59,7,341.7156188964844,310.7557067871094,38.383374023437455,86.13176879882809,0.87405081639087,-1.0,-1.0,-1.0
60,1,914.9211364746092,379.4556610107422,76.79800415039062,141.32804260253903,0.9342204381440952,-1.0,-1.0,-1.0
60,2,719.5135803222656,343.4238830566406,55.23903808593741,117.9597106933594,0.921197800968141,-1.0,-1.0,-1.0
60,3,413.7681884765625,327.3395690917969,35.09478149414059,78.94039306640622,0.8454822143192757,-1.0,-1.0,-1.0
60,4,428.21889038085936,327.41331481933594,49.82525024414059,76.94664916992184,0.8278016304770404,-1.0,-1.0,-1.0
60,5,473.25014648437497,320.16242065429685,33.69133300781249,73.26035156249998,0.8853811771930822,-1.0,-1.0,-1.0
60,7,339.39503173828126,312.73382263183595,39.259478759765614,88.59012451171873,0.8950979959426206,-1.0,-1.0,-1.0
61,1,911.855401611328,380.21657409667966,80.40217895507817,139.61439514160156,0.9408226640518648,-1.0,-1.0,-1.0
61,2,717.9074890136718,341.41613159179684,56.40205078125007,119.89346923828128,0.9217926420541288,-1.0,-1.0,-1.0
61,3,433.8783874511719,326.8185150146484,42.71390991210933,64.52808837890626,0.5338610724086941,-1.0,-1.0,-1.0
61,4,427.8518646240234,326.4027099609375,57.67407531738286,80.6626098632812,0.7959358599689139,-1.0,-1.0,-1.0
61,5,471.5746215820312,319.6737487792969,35.33269042968749,73.58719482421873,0.8815424586566394,-1.0,-1.0,-1.0
61,7,338.84796752929685,314.3962188720703,35.861956787109364,88.55513305664061,0.8940270924904752,-1.0,-1.0,-1.0
62,1,908.8201538085935,380.7851989746094,82.39899902343757,139.64672241210934,0.9405051058892512,-1.0,-1.0,-1.0
62,2,717.4350769042968,342.01966552734376,52.30316162109375,115.19351806640624,0.9065036979897236,-1.0,-1.0,-1.0
62,3,431.4275482177734,324.6952880859375,39.38505249023435,71.08617553710938,0.5338610724086941,-1.0,-1.0,-1.0
62,4,428.23907775878905,323.7760986328125,54.74533996582028,82.70831909179685,0.915327470298493,-1.0,-1.0,-1.0
62,5,472.5269165039063,318.06496582031247,34.893457031249966,75.13236694335939,0.8875552069114612,-1.0,-1.0,-1.0
62,7,337.1064422607422,318.33668518066406,33.126965332031205,86.79913330078125,0.8828246045765127,-1.0,-1.0,-1.0
63,1,908.5634033203124,381.6108764648437,80.50341796875,139.44759521484377,0.934804032681562,-1.0,-1.0,-1.0
63,2,716.5405700683593,343.2843017578125,50.95865478515623,113.89768066406248,0.9142854199917564,-1.0,-1.0,-1.0
63,3,428.97670898437497,322.5720611572266,36.056195068359365,77.64426269531249,0.5338610724086941,-1.0,-1.0,-1.0
63,4,428.62782897949216,323.69013061523435,54.30720520019531,82.86075439453123,0.9193517860295692,-1.0,-1.0,-1.0
63,5,473.33820190429685,318.5179870605469,34.3564453125,75.1085266113281,0.871367730949089,-1.0,-1.0,-1.0
63,7,335.78981323242186,320.6823211669921,33.53241577148435,87.85129394531253,0.8657102621532431,-1.0,-1.0,-1.0
64,1,902.6976379394532,380.6196899414063,81.6355041503906,140.4832763671875,0.9365400704759494,-1.0,-1.0,-1.0
64,2,715.0012756347656,340.47284545898435,48.27008056640625,115.70932617187498,0.9128975671159728,-1.0,-1.0,-1.0
64,3,426.5258697509765,320.44883422851564,32.727337646484386,84.20234985351561,0.4319158495867725,-1.0,-1.0,-1.0
64,4,431.173745727539,318.73851013183594,52.27308654785156,87.24649658203123,0.8921938435022447,-1.0,-1.0,-1.0
64,5,471.4363586425781,314.8960418701172,36.63468017578123,79.85637817382809,0.8819671732469203,-1.0,-1.0,-1.0
64,7,333.0342224121094,323.5661224365234,35.34268798828123,87.32900390625002,0.8856749568913003,-1.0,-1.0,-1.0
65,1,899.9973632812499,381.491455078125,80.05913085937505,140.0565124511719,0.9325862602665608,-1.0,-1.0,-1.0
65,2,714.547265625,340.6940551757812,47.72658691406241,114.71066894531252,0.8966627224917616,-1.0,-1.0,-1.0
65,3,428.3002578735351,321.29556427001955,34.61547546386717,83.70818481445312,0.4319158495867725,-1.0,-1.0,-1.0
65,4,430.9353149414062,319.8618621826172,53.025238037109375,85.01434936523435,0.8637996560842076,-1.0,-1.0,-1.0
65,5,470.6444091796875,315.08360595703124,38.174523925781216,77.89537353515624,0.8877980347168872,-1.0,-1.0,-1.0
65,7,333.0652587890625,323.7184204101562,35.537860107421864,87.27110595703124,0.8876861963081524,-1.0,-1.0,-1.0
66,1,889.3994018554687,380.90786132812497,71.21535644531252,140.67520751953128,0.9020635797566534,-1.0,-1.0,-1.0
66,2,713.0824035644531,342.638525390625,47.41721191406248,114.72121582031252,0.9058551963198624,-1.0,-1.0,-1.0
66,3,430.07464599609375,322.1422943115234,36.50361328124996,83.21401977539062,0.7271145235116876,-1.0,-1.0,-1.0
66,4,435.3636016845703,320.486572265625,46.839743041992165,83.28092651367183,0.8058311589141454,-1.0,-1.0,-1.0
66,5,473.5270568847656,315.3406311035156,36.739160156249966,78.50555419921875,0.881171319279872,-1.0,-1.0,-1.0
66,7,331.8090270996093,324.3307434082031,40.06966552734377,86.26453857421876,0.8961155594269421,-1.0,-1.0,-1.0
67,1,872.4821044921874,379.65228881835935,72.73773193359375,142.24031982421877,0.899161297504552,-1.0,-1.0,-1.0
67,2,712.2502990722656,342.7354797363281,47.17496337890623,114.6015197753906,0.9017858414747976,-1.0,-1.0,-1.0
67,3,734.46943359375,316.10256042480466,37.70749511718748,47.99586181640626,0.4682156346245989,-1.0,-1.0,-1.0
67,4,432.0882202148437,321.3752838134765,47.71461181640626,88.18714599609376,0.727669275125848,-1.0,-1.0,-1.0
67,5,473.9103149414062,316.0540557861328,37.46085205078123,78.11691284179688,0.8655878799835648,-1.0,-1.0,-1.0
67,7,331.75914916992184,323.7502807617187,41.53425292968751,86.83099365234375,0.8963593280681366,-1.0,-1.0,-1.0
68,1,858.2486022949219,379.4650817871093,77.09518432617188,142.53722534179684,0.9291638202735548,-1.0,-1.0,-1.0
68,2,711.4660400390625,344.4079284667969,47.598925781250045,112.95554809570308,0.9073195541753484,-1.0,-1.0,-1.0
68,3,432.4822998046875,318.702310180664,47.92840576171875,90.0977783203125,0.8240548818791638,-1.0,-1.0,-1.0
68,4,438.83327636718747,321.23902587890626,60.73198242187499,89.60229492187494,0.8465403373796789,-1.0,-1.0,-1.0
68,5,471.3634643554688,316.4315460205078,45.44615478515618,79.1185363769531,0.8583798973829744,-1.0,-1.0,-1.0
68,7,331.5323638916016,322.75404052734376,44.306378173828136,87.95132446289057,0.8936174166433553,-1.0,-1.0,-1.0
69,1,853.997882080078,378.4305541992188,80.6535461425782,143.5079772949219,0.9319532869015852,-1.0,-1.0,-1.0
69,2,711.3134948730468,342.7633026123047,48.21086425781255,114.58850097656244,0.9012993500719552,-1.0,-1.0,-1.0
69,3,435.3614318847656,325.852212524414,42.04511718750001,82.5738464355469,0.8123420516474056,-1.0,-1.0,-1.0
69,4,448.0322113037109,327.28257751464844,53.1180450439453,82.02848510742183,0.8481856715728497,-1.0,-1.0,-1.0
69,5,473.5717712402344,317.0616943359375,47.19946289062506,78.60893554687499,0.8620301654656544,-1.0,-1.0,-1.0
69,7,331.8476989746094,321.657632446289,44.997088623046864,89.31566162109374,0.8878887505993021,-1.0,-1.0,-1.0
70,1,845.5648864746094,378.2302734375,85.90610961914058,144.29641113281247,0.9397478288127096,-1.0,-1.0,-1.0
70,2,709.22548828125,340.0878021240234,49.14525146484368,116.806201171875,0.8976537969726017,-1.0,-1.0,-1.0
70,3,735.6448059082031,316.27353515625,36.23269042968741,52.04970703125002,0.4019927639550147,-1.0,-1.0,-1.0
70,4,446.2287231445312,327.87355957031247,53.22205810546876,84.78380126953124,0.8546170222500891,-1.0,-1.0,-1.0
70,5,475.8975769042968,317.0178588867187,46.523583984374966,79.99782714843752,0.8791583598981312,-1.0,-1.0,-1.0
70,7,331.35045776367184,320.6768005371094,46.4453063964844,90.43016967773434,0.8760029213684284,-1.0,-1.0,-1.0
71,1,839.8228820800781,378.9963775634765,86.89114379882812,142.55060119628905,0.9340218460371048,-1.0,-1.0,-1.0
71,2,707.6740539550781,339.5301086425781,48.81412353515623,116.80631103515624,0.8674392732166858,-1.0,-1.0,-1.0
71,3,439.7807647705078,325.3761474609375,37.48103942871092,83.13634643554684,0.6284812117836402,-1.0,-1.0,-1.0
71,4,443.61672363281247,328.68731689453125,55.21882324218751,89.54500122070311,0.8808220570199197,-1.0,-1.0,-1.0
71,5,473.3972534179687,317.0959991455078,48.53583984374996,78.7614807128906,0.8761653842449384,-1.0,-1.0,-1.0
71,7,331.4689453125,320.88878173828124,37.30698852539058,90.17424316406247,0.8146066975264077,-1.0,-1.0,-1.0
72,1,836.9034851074218,379.67991943359374,78.64848632812505,143.49440917968747,0.9285650121081376,-1.0,-1.0,-1.0
72,2,703.6613525390625,337.566357421875,54.13271484375002,115.52343749999994,0.8921394866577081,-1.0,-1.0,-1.0
72,3,441.6374176025391,324.25364685058594,35.25235290527341,81.89718017578123,0.6284812117836402,-1.0,-1.0,-1.0
72,4,438.1586059570312,330.4125,58.99702148437501,87.15503540039066,0.8744886423272646,-1.0,-1.0,-1.0
72,5,479.3328918457031,315.5572814941406,42.27791748046877,80.01535034179688,0.854708408640036,-1.0,-1.0,-1.0
72,7,330.900732421875,321.96807861328125,47.47664794921877,89.53879394531248,0.8593926327466761,-1.0,-1.0,-1.0
73,1,836.3850402832031,380.7554534912109,71.03474121093745,140.83838195800786,0.9218670227437222,-1.0,-1.0,-1.0
73,2,703.0552368164062,336.4304260253906,43.81743164062493,107.31038818359376,0.8657506369342691,-1.0,-1.0,-1.0
73,3,443.49407043457035,323.13114624023433,33.0236663818359,80.65801391601563,0.6284812117836402,-1.0,-1.0,-1.0
73,4,438.5928131103515,329.7582092285156,58.6854217529297,89.15009765624995,0.8712301728001819,-1.0,-1.0,-1.0
73,5,480.0718872070312,315.6022430419921,42.46918945312501,79.19456176757814,0.8415310690485498,-1.0,-1.0,-1.0
73,7,331.1723693847656,323.4564514160156,47.55953979492188,87.73972778320308,0.8746016699370784,-1.0,-1.0,-1.0
74,1,836.1091735839843,376.86791381835934,48.73139648437496,148.1468994140625,0.8960484785608074,-1.0,-1.0,-1.0
74,2,700.5420043945312,335.2852111816406,42.46380615234375,113.13429565429686,0.9106238727450632,-1.0,-1.0,-1.0
74,3,445.3507232666016,322.0086456298828,30.794979858398392,79.41884765625002,0.7456546714923178,-1.0,-1.0,-1.0
74,4,435.2303649902344,326.8467224121094,41.11056518554688,92.26021728515622,0.8665658843944186,-1.0,-1.0,-1.0
74,5,483.2394104003906,314.9111755371094,40.39837646484375,79.85115966796872,0.8787114726285488,-1.0,-1.0,-1.0
74,7,332.4474151611328,329.1432769775391,42.491711425781205,82.00173339843747,0.8951555561259283,-1.0,-1.0,-1.0
75,1,833.7138793945312,375.4894592285156,46.1108276367188,147.24805297851566,0.8813737415274971,-1.0,-1.0,-1.0
75,2,699.474462890625,336.313037109375,42.84854736328123,112.29334716796876,0.9122541536739526,-1.0,-1.0,-1.0
75,3,446.1565979003906,322.2246643066406,28.948040771484383,78.93693237304689,0.7206247125095295,-1.0,-1.0,-1.0
75,4,434.5116943359375,326.53443603515626,39.31759643554688,93.1936157226562,0.8973911848112159,-1.0,-1.0,-1.0
75,5,483.7408264160156,314.72243041992186,40.75971679687507,80.25798339843749,0.8785858512700315,-1.0,-1.0,-1.0
75,7,335.7012908935547,329.7114349365234,34.21087646484375,82.92205810546875,0.8554063746220031,-1.0,-1.0,-1.0
76,1,825.9027099609375,373.38343505859376,45.3526611328125,144.68576660156242,0.8837309422101534,-1.0,-1.0,-1.0
76,2,697.6132141113281,336.5771759033203,42.82701416015618,111.75814819335932,0.9026820336767294,-1.0,-1.0,-1.0
76,3,450.1777313232421,324.4529113769531,28.161721801757835,84.662841796875,0.8171796604135864,-1.0,-1.0,-1.0
76,4,432.6695892333984,326.0753448486328,42.40362854003905,93.2194885253906,0.877619840749535,-1.0,-1.0,-1.0
76,5,485.6187744140625,317.55890808105465,41.14500732421868,78.05637817382814,0.8609007394560848,-1.0,-1.0,-1.0
76,7,335.7644073486328,335.35601806640625,30.44465332031251,77.38632202148438,0.8866564205691674,-1.0,-1.0,-1.0
77,1,815.9191040039062,374.52903442382814,51.64914550781248,142.2538330078125,0.8669522041080775,-1.0,-1.0,-1.0
77,2,696.9903442382812,336.5543518066406,42.57685546875007,112.49972534179688,0.8945545322067616,-1.0,-1.0,-1.0
77,3,454.0742248535156,323.7728576660156,26.52473144531251,86.43773803710934,0.8247247388767853,-1.0,-1.0,-1.0
77,4,433.55890502929685,327.3534942626953,39.54495849609373,91.58961181640626,0.8799800202472099,-1.0,-1.0,-1.0
77,5,483.0997741699218,317.26947326660155,46.89272460937502,78.782958984375,0.8823929110434676,-1.0,-1.0,-1.0
77,7,334.31237182617184,336.00975952148434,32.881091308593795,77.33210449218751,0.8940462900846313,-1.0,-1.0,-1.0
78,1,797.5439758300781,378.5067993164062,64.0996215820312,144.47010498046876,0.918291008739338,-1.0,-1.0,-1.0
78,2,694.7754455566406,336.6910491943359,43.03520507812493,111.30666503906252,0.8868360178062318,-1.0,-1.0,-1.0
78,3,455.26687316894527,322.6570587158203,30.6043670654297,87.48418579101559,0.8392401698858905,-1.0,-1.0,-1.0
78,4,422.5404968261719,331.56768493652345,52.03377685546872,88.8820861816406,0.9132270663517374,-1.0,-1.0,-1.0
78,5,488.2145141601562,322.4226928710937,46.94062499999996,75.47766723632816,0.8963182456198524,-1.0,-1.0,-1.0
78,7,334.7462493896484,337.21278991699216,34.271575927734375,78.02677001953123,0.9021388659122636,-1.0,-1.0,-1.0
79,1,795.6765747070312,379.95864257812497,63.45230712890623,141.758349609375,0.9066887305732508,-1.0,-1.0,-1.0
79,2,694.1866333007812,336.2627746582031,42.96445312500009,111.26804809570314,0.887721734286071,-1.0,-1.0,-1.0
79,3,454.8053649902344,322.11425170898434,31.60942382812499,88.2197204589844,0.8448237404920782,-1.0,-1.0,-1.0
79,4,417.9624938964844,333.4595031738281,57.06513061523435,86.5315063476562,0.9254064779460228,-1.0,-1.0,-1.0
79,5,488.9536193847656,319.2473693847656,48.40323486328123,79.48948974609374,0.895484874220152,-1.0,-1.0,-1.0
79,7,334.9334014892578,338.4845672607421,34.85187377929691,76.70879516601565,0.8986482668833986,-1.0,-1.0,-1.0
80,1,788.4312011718749,386.276220703125,64.63168945312498,138.7156860351563,0.930151505374596,-1.0,-1.0,-1.0
80,2,693.8752807617187,334.0804504394531,42.290661621093705,112.1873840332031,0.8990585211803648,-1.0,-1.0,-1.0
80,3,457.00771179199216,322.17063903808594,33.27849426269529,84.68305664062495,0.8137649755615861,-1.0,-1.0,-1.0
80,4,417.7248046875,335.50307006835936,57.10726318359377,84.39444580078123,0.9310080542233125,-1.0,-1.0,-1.0
80,5,489.4948608398437,319.70912475585936,51.032812500000034,79.68142089843747,0.8901224102012826,-1.0,-1.0,-1.0
80,7,336.27843017578124,341.6891418457031,34.94646606445315,74.62567749023441,0.8921074444972703,-1.0,-1.0,-1.0
81,1,787.9980102539062,388.48046264648434,62.56647949218757,136.9183776855469,0.9218952726650969,-1.0,-1.0,-1.0
81,2,693.054766845703,332.8317169189453,41.95118408203132,112.645458984375,0.9003487326532422,-1.0,-1.0,-1.0
81,3,458.9909362792969,321.81907653808594,40.40057373046875,84.53616943359373,0.8691570700952767,-1.0,-1.0,-1.0
81,4,418.17568359375,335.95172424316405,56.114538574218784,83.72845458984375,0.9277633820051036,-1.0,-1.0,-1.0
81,5,491.31007690429686,319.0087188720703,50.34254150390626,79.77359619140623,0.8914086103373862,-1.0,-1.0,-1.0
81,7,336.574868774414,343.26438903808594,37.17866821289067,73.1282958984375,0.8718303238790135,-1.0,-1.0,-1.0
82,1,787.8145935058593,388.5563781738281,58.6439208984375,136.30979003906248,0.9243281478100868,-1.0,-1.0,-1.0
82,2,691.0552001953125,330.6977874755859,41.67092285156241,110.67687377929684,0.906913185774286,-1.0,-1.0,-1.0
82,3,452.7652862548828,322.2450439453125,52.9725311279297,87.80471191406247,0.8848583049800567,-1.0,-1.0,-1.0
82,4,418.35704040527344,336.03066101074216,56.97325744628904,83.70697631835935,0.9164456640351092,-1.0,-1.0,-1.0
82,5,496.73078613281245,318.11921081542965,45.85561523437502,81.29229125976565,0.9040080347504542,-1.0,-1.0,-1.0
82,7,337.20795593261715,343.8723999023437,41.444934082031295,72.63078002929689,0.873501434311514,-1.0,-1.0,-1.0
83,1,788.6414245605469,387.20209350585935,56.46895751953127,137.09723510742185,0.9162643124623386,-1.0,-1.0,-1.0
83,2,690.8972717285156,329.8405517578125,41.78298339843741,111.15851440429684,0.9033504641228092,-1.0,-1.0,-1.0
83,3,458.9197998046875,322.5269805908203,48.179333496093705,86.40208740234374,0.8887005174332501,-1.0,-1.0,-1.0
83,4,419.45229492187497,336.65993041992186,57.597143554687534,83.27878417968748,0.9202010685404004,-1.0,-1.0,-1.0
83,5,497.56376953125,317.92519226074216,45.055810546874966,81.9190612792969,0.8966328002323287,-1.0,-1.0,-1.0
83,7,337.10987548828126,344.12464599609376,45.34562988281249,73.74880371093747,0.8863245623783591,-1.0,-1.0,-1.0
84,1,787.2382507324219,385.3307922363281,55.45546874999991,136.84130859375,0.9239085802327018,-1.0,-1.0,-1.0
84,2,689.7948486328124,330.9565704345703,41.076342773437545,108.26845092773436,0.8983488777949304,-1.0,-1.0,-1.0
84,3,454.1818084716797,323.78200378417966,52.9954925537109,86.40340576171877,0.9074372011866316,-1.0,-1.0,-1.0
84,4,421.84992370605465,337.8921844482422,42.80375061035159,80.31423339843747,0.8968385156328935,-1.0,-1.0,-1.0
84,5,502.67702636718747,317.1039367675781,40.57404785156251,81.62687988281249,0.8983222245742972,-1.0,-1.0,-1.0
84,7,336.9243713378906,343.4021026611328,56.73817749023437,75.33012084960939,0.9111103221805904,-1.0,-1.0,-1.0
85,1,784.2834228515625,385.3169494628906,57.96881103515625,136.22277832031256,0.9252611954484776,-1.0,-1.0,-1.0
85,2,689.8450012207031,331.37303466796874,40.66820068359368,107.90194702148438,0.8992085187710117,-1.0,-1.0,-1.0
85,3,455.9530792236328,323.5961975097656,51.68888854980469,86.53238525390623,0.8822363461768177,-1.0,-1.0,-1.0
85,4,425.5972229003906,338.14992370605466,40.36646118164066,81.11782836914062,0.870029039849129,-1.0,-1.0,-1.0
85,5,503.72369384765625,316.7278747558594,41.39989013671868,82.27578735351562,0.8983697258172825,-1.0,-1.0,-1.0
85,7,337.4323791503906,343.0013763427734,57.12462158203124,77.99441528320312,0.912563394255244,-1.0,-1.0,-1.0
86,1,777.2632141113281,386.4650482177734,63.98898925781248,135.38927307128904,0.9301641548914183,-1.0,-1.0,-1.0
86,2,689.6919616699219,336.97040405273435,40.55690917968752,102.52798461914062,0.9084160014306236,-1.0,-1.0,-1.0
86,3,464.7156372070313,322.7341003417969,43.51475830078124,87.64497070312495,0.8711993969883736,-1.0,-1.0,-1.0
86,4,430.76922912597655,339.4406799316406,36.08780822753903,81.55349121093752,0.8779182729585102,-1.0,-1.0,-1.0
86,5,505.9966552734375,316.9187896728516,42.86085205078132,82.99841308593744,0.897540879311066,-1.0,-1.0,-1.0
86,7,347.9712890625,343.0298583984375,49.24033813476564,81.41791992187495,0.8708656963898278,-1.0,-1.0,-1.0
87,1,773.4151428222656,388.08489990234375,66.95485839843752,134.18514404296877,0.9354353069409383,-1.0,-1.0,-1.0
87,2,689.4813537597656,339.4211517333984,41.19422607421871,100.186962890625,0.911281544361163,-1.0,-1.0,-1.0
87,3,473.2868408203125,319.9465118408203,36.12513427734376,90.56920166015624,0.8655847303826931,-1.0,-1.0,-1.0
87,4,433.47010803222656,340.6952911376953,34.08126525878902,77.81621704101565,0.8853107218082776,-1.0,-1.0,-1.0
87,5,512.0503417968749,317.9113494873047,39.77149658203132,81.65061035156248,0.8793437818912935,-1.0,-1.0,-1.0
87,7,358.52321777343747,343.14362182617185,41.835772705078114,81.39792480468748,0.8800628894040408,-1.0,-1.0,-1.0
88,1,773.6361328124999,392.41994018554686,68.79572753906257,130.46286621093753,0.938434152080049,-1.0,-1.0,-1.0
88,2,687.7913269042969,339.6494201660156,42.95895996093748,99.89566040039062,0.90863699175625,-1.0,-1.0,-1.0
88,3,481.2590698242187,320.3585540771484,33.251330566406295,89.65277709960935,0.8728219903216541,-1.0,-1.0,-1.0
88,4,434.4563507080078,340.3053314208984,36.64756164550784,78.40052490234376,0.865507611323526,-1.0,-1.0,-1.0
88,5,517.3627807617187,319.0422821044922,44.43156738281255,81.90725097656247,0.8882388368772318,-1.0,-1.0,-1.0
88,7,365.0183624267578,343.30352783203125,41.188458251953136,81.85616455078122,0.888069850027442,-1.0,-1.0,-1.0
89,1,773.6085571289062,393.413735961914,70.3914916992187,129.47450866699222,0.9395920136786629,-1.0,-1.0,-1.0
89,2,686.8772094726562,340.00721740722656,43.86708984375002,99.54942626953124,0.911608277934146,-1.0,-1.0,-1.0
89,3,481.9838928222656,321.84349365234374,33.560595703125045,88.41879272460938,0.864302144027107,-1.0,-1.0,-1.0
89,4,434.13697814941406,340.711962890625,39.95763244628904,79.27229003906251,0.8499340548264911,-1.0,-1.0,-1.0
89,5,518.5605102539063,319.1652465820312,44.82399902343741,81.64467773437502,0.886178770364026,-1.0,-1.0,-1.0
89,7,367.2649017333984,342.7254272460937,42.44837036132816,83.53679809570315,0.8860911294209757,-1.0,-1.0,-1.0
90,1,773.6416259765624,394.4028625488281,77.3843994140625,127.82460937500002,0.9453736226575272,-1.0,-1.0,-1.0
90,2,686.1708435058594,340.5764190673828,44.84882812499996,99.32047119140624,0.900881512584764,-1.0,-1.0,-1.0
90,3,484.5035522460937,322.4972625732421,34.35688476562507,88.0938720703125,0.8494403483816981,-1.0,-1.0,-1.0
90,4,431.89140014648433,341.65851745605465,51.16052856445316,87.71753540039066,0.8928998815785221,-1.0,-1.0,-1.0
90,5,521.4967712402344,320.5137908935547,50.725415039062455,80.14191284179685,0.8864458072913521,-1.0,-1.0,-1.0
90,7,374.6481811523437,341.526708984375,44.00337524414061,88.01224365234373,0.9101925799161243,-1.0,-1.0,-1.0
91,1,773.2529296875,394.9433349609375,82.20585937499993,127.75918579101562,0.943161309771483,-1.0,-1.0,-1.0
91,2,683.9481994628906,340.5676300048828,46.80000000000007,99.41072387695311,0.917789920494851,-1.0,-1.0,-1.0
91,3,484.54442138671874,322.46710510253905,37.29320068359374,87.54697265624998,0.8528519067193088,-1.0,-1.0,-1.0
91,4,428.6577667236328,343.0126647949219,53.7025177001953,86.161376953125,0.8900394723616678,-1.0,-1.0,-1.0
91,5,523.828564453125,321.6585662841797,50.525683593750045,80.8763488769531,0.9114839785253182,-1.0,-1.0,-1.0
91,7,376.3822357177734,341.6994689941406,48.0019592285156,87.9011169433594,0.9061604110663736,-1.0,-1.0,-1.0
92,1,773.0586364746093,393.4002777099609,87.20804443359373,129.549545288086,0.9475143574060249,-1.0,-1.0,-1.0
92,2,684.5009765625,339.74815979003904,45.50086669921871,101.50680541992188,0.9023100664239648,-1.0,-1.0,-1.0
92,3,488.64089355468747,325.51671752929684,36.02373046874999,82.67882080078124,0.8549845159411262,-1.0,-1.0,-1.0
92,4,440.4179718017578,344.4254791259765,44.01532287597655,84.27052001953126,0.9003832552136828,-1.0,-1.0,-1.0
92,5,529.3023376464844,323.4957000732422,45.6207275390625,78.10328979492186,0.878372399795893,-1.0,-1.0,-1.0
92,7,388.7391906738281,343.3826568603516,46.90211791992186,91.52616577148432,0.8537960742599964,-1.0,-1.0,-1.0
93,1,772.9699768066406,391.7521087646484,88.22153320312498,131.55669250488285,0.9480018344130912,-1.0,-1.0,-1.0
93,2,685.1981140136719,339.3098602294922,44.55021972656243,102.27875976562495,0.8974037714870704,-1.0,-1.0,-1.0
93,3,489.80143432617183,326.0827331542969,35.85300292968748,81.88104858398435,0.8502482577889658,-1.0,-1.0,-1.0
93,4,440.6133361816406,344.99635620117186,45.73795166015629,84.53666381835939,0.8852075800970027,-1.0,-1.0,-1.0
93,5,531.1907226562499,324.1184051513672,43.08585205078134,77.28063354492184,0.88517393036188,-1.0,-1.0,-1.0
93,7,403.2527618408203,344.20177001953124,34.486468505859364,91.17751464843748,0.8736836580415464,-1.0,-1.0,-1.0
94,1,774.8358947753906,387.250048828125,85.19040527343748,133.77529907226557,0.9400678260239204,-1.0,-1.0,-1.0
94,2,685.7195251464843,339.25852661132814,44.074951171875,101.93576660156248,0.9090891871619852,-1.0,-1.0,-1.0
94,3,495.05471191406247,323.0952209472656,31.501318359375038,80.7731872558594,0.8745465717620959,-1.0,-1.0,-1.0
94,4,446.79638671875,346.61041259765625,43.17572021484375,84.5716552734375,0.8869712940859671,-1.0,-1.0,-1.0
94,5,534.2908447265625,319.3576995849609,43.872363281250045,82.71661376953125,0.874348336629378,-1.0,-1.0,-1.0
94,7,409.9273681640625,345.11481628417965,37.11615600585935,97.5899597167969,0.8562625218458422,-1.0,-1.0,-1.0
95,1,773.1786071777343,386.35334472656245,91.1448852539063,135.37100830078123,0.9313653714711664,-1.0,-1.0,-1.0
95,2,686.3601379394531,338.9561553955078,44.127575683593705,102.26145629882814,0.9078446363634072,-1.0,-1.0,-1.0
95,3,496.6578369140625,321.2689636230469,31.208203124999955,82.9928100585937,0.8809495738772952,-1.0,-1.0,-1.0
95,4,448.833609008789,347.9943328857421,43.739401245117165,86.38406982421878,0.898732685186836,-1.0,-1.0,-1.0
95,5,534.0772705078125,320.36742553710934,46.01162109375002,82.06325683593752,0.8797633868957355,-1.0,-1.0,-1.0
95,7,413.3228576660156,346.56935119628906,38.45061035156255,95.8018798828125,0.8705351487476776,-1.0,-1.0,-1.0
96,1,797.7445312499999,384.8041351318359,74.02587890625,138.7262603759766,0.9279491433213174,-1.0,-1.0,-1.0
96,2,686.6150756835938,338.8444244384765,45.42143554687493,102.265576171875,0.9042789836492666,-1.0,-1.0,-1.0
96,3,499.0288513183593,317.7876983642578,32.64510498046877,84.04194946289061,0.8776140963293102,-1.0,-1.0,-1.0
96,4,454.6298034667968,350.8277893066406,45.85396728515627,84.12517089843749,0.9148882293287208,-1.0,-1.0,-1.0
96,5,541.4409667968749,322.2652862548828,43.59375,80.21931152343745,0.8755385720987938,-1.0,-1.0,-1.0
96,7,421.9071624755859,349.78065490722656,37.88970336914065,83.72015991210935,0.8475387215964645,-1.0,-1.0,-1.0
97,1,809.6109741210937,383.762548828125,66.60054931640627,140.78188476562502,0.9286662625587958,-1.0,-1.0,-1.0
97,2,686.0950927734375,339.36822509765625,46.52655029296875,101.92950439453124,0.8976447172376538,-1.0,-1.0,-1.0
97,3,501.5792175292968,317.841064453125,34.586279296875034,84.01360473632809,0.8950053670631206,-1.0,-1.0,-1.0
97,4,444.3386352539062,352.00544128417965,62.25600585937502,84.81714477539066,0.9096721845088708,-1.0,-1.0,-1.0
97,5,543.1421997070312,324.3664215087891,50.11875000000009,77.85422973632808,0.8892031613725919,-1.0,-1.0,-1.0
97,7,424.38793029785154,351.73957214355465,42.96470031738284,76.62233276367186,0.8571266478244439,-1.0,-1.0,-1.0
98,1,826.2549865722656,381.8337890625,57.27590332031252,139.37393188476557,0.9137447260506804,-1.0,-1.0,-1.0
98,2,686.0492797851563,342.6053192138672,48.04947509765623,103.44808959960938,0.903518521133524,-1.0,-1.0,-1.0
98,3,504.27619628906245,317.6632232666016,40.94538574218757,82.19805908203125,0.9028028105747552,-1.0,-1.0,-1.0
98,4,442.2206909179688,352.57228088378906,73.13159179687494,90.13128662109376,0.9167317385114372,-1.0,-1.0,-1.0
98,5,548.1278503417968,326.37156372070314,54.63555908203125,76.74395141601559,0.9094435612047568,-1.0,-1.0,-1.0
98,7,423.0165893554688,354.6567718505859,48.90201416015623,89.98269653320312,0.8771698496449787,-1.0,-1.0,-1.0
99,1,831.0287109374999,381.9887237548828,56.21616210937509,136.56118469238277,0.9008849075014672,-1.0,-1.0,-1.0
99,2,684.6070495605469,342.12977600097656,52.70097656249993,103.57042236328124,0.9006043994180146,-1.0,-1.0,-1.0
99,3,505.0279907226562,318.9863342285156,45.56074218749996,80.43815917968749,0.897498586349748,-1.0,-1.0,-1.0
99,4,446.8658752441406,351.78826904296875,69.8630493164062,91.52957153320312,0.9176902042292596,-1.0,-1.0,-1.0
99,5,549.9091735839844,326.67901611328125,53.61888427734368,76.89226684570309,0.9102281480494484,-1.0,-1.0,-1.0
99,7,420.35026245117183,356.3143615722656,53.392620849609386,88.22482910156248,0.861912865646822,-1.0,-1.0,-1.0
100,1,842.9872741699219,383.2029602050781,57.13813476562496,138.22311401367182,0.9002189165941239,-1.0,-1.0,-1.0
100,2,684.6461059570312,349.2525695800781,68.51502685546882,99.14046020507811,0.9135607727594746,-1.0,-1.0,-1.0
100,3,506.47120971679686,324.3345062255859,48.93475341796869,74.4735168457031,0.876791492164017,-1.0,-1.0,-1.0
100,4,461.01752929687495,351.42377014160155,56.64155273437507,91.648388671875,0.8767887211987357,-1.0,-1.0,-1.0
100,5,554.7574951171874,327.0592529296875,47.95740966796882,75.78577880859376,0.8938064521030213,-1.0,-1.0,-1.0
100,7,443.7589416503906,358.2220825195312,36.22170410156247,86.8145690917969,0.8607941166411237,-1.0,-1.0,-1.0
101,1,847.4712341308593,386.11793518066406,66.6836059570312,137.3446746826172,0.910797682722901,-1.0,-1.0,-1.0
101,2,685.2824890136718,351.1693542480469,73.03271484375,100.0633666992187,0.9164866771422632,-1.0,-1.0,-1.0
101,3,509.2644287109375,325.75902099609374,46.74012451171876,74.05625610351564,0.8802320962428212,-1.0,-1.0,-1.0
101,4,468.3610107421875,351.35296325683595,50.70860595703124,91.80357055664058,0.8909010578329841,-1.0,-1.0,-1.0
101,5,556.90400390625,326.9212921142578,46.81856689453127,76.33498535156247,0.9151151693121662,-1.0,-1.0,-1.0
101,7,447.0303405761719,359.2304077148437,34.57166748046876,85.76784667968747,0.8768515653307247,-1.0,-1.0,-1.0
102,1,853.8622009277343,392.3984069824219,86.7903991699219,131.26041870117183,0.9272578627863588,-1.0,-1.0,-1.0
102,2,684.9213684082031,347.927783203125,75.03947753906255,105.57960205078126,0.9347729658309376,-1.0,-1.0,-1.0
102,3,503.961767578125,327.57346801757814,52.153637695312455,78.42079467773436,0.8318508574044046,-1.0,-1.0,-1.0
102,4,472.7998168945312,350.7973022460937,56.60848388671877,93.66481933593748,0.8699211717421349,-1.0,-1.0,-1.0
102,5,559.106103515625,325.6758270263672,44.63009033203116,77.53293457031248,0.9083444639022352,-1.0,-1.0,-1.0
102,7,453.3252868652344,359.3500762939453,36.03471679687499,85.22056274414064,0.8307468387037247,-1.0,-1.0,-1.0
103,1,855.2725708007812,396.9890167236328,89.03957519531252,126.19717712402344,0.9338861966613976,-1.0,-1.0,-1.0
103,2,684.4377502441406,348.9859588623047,75.24481201171875,105.35037231445308,0.9324056112076776,-1.0,-1.0,-1.0
103,3,506.1498046875,327.0315673828125,49.80157470703131,74.04691772460933,0.8629097378420347,-1.0,-1.0,-1.0
103,4,477.2615295410156,350.69968872070314,57.497167968750034,94.21034545898436,0.8746172774767196,-1.0,-1.0,-1.0
103,5,559.1157165527344,324.8163665771484,45.236645507812455,78.49456787109375,0.8977083669596198,-1.0,-1.0,-1.0
103,7,454.2559661865234,359.7283905029297,40.32051086425781,84.70239257812494,0.831275727880243,-1.0,-1.0,-1.0
104,1,855.8396301269531,403.93141479492186,91.54583129882803,117.15677490234378,0.9375626762952648,-1.0,-1.0,-1.0
104,2,684.8824768066406,346.8113250732422,77.92745361328127,107.04836425781248,0.9233718295442834,-1.0,-1.0,-1.0
104,3,733.8583740234375,315.9371337890625,39.29600830078118,89.85668334960934,0.6417869863531109,-1.0,-1.0,-1.0
104,4,486.919775390625,354.97227172851564,61.982006835937455,93.05211181640624,0.8175709639854958,-1.0,-1.0,-1.0
104,5,562.0809814453124,322.1793731689453,41.783203125,81.13919677734373,0.8981349386525608,-1.0,-1.0,-1.0
104,7,450.7196868896484,357.5621337890625,61.77076721191406,87.81855468749995,0.9125180848396752,-1.0,-1.0,-1.0
105,1,855.1367797851562,406.1803985595703,92.3180053710937,115.29511413574215,0.9372253774221342,-1.0,-1.0,-1.0
105,2,687.6135131835937,347.3351257324219,78.10642089843759,106.42203369140624,0.9109568803216206,-1.0,-1.0,-1.0
105,3,495.4156127929687,323.6222900390625,57.34687500000001,76.6988525390625,0.8848399274507628,-1.0,-1.0,-1.0
105,4,492.94566650390624,358.4597442626953,55.96622314453128,91.0661682128906,0.7979386094965228,-1.0,-1.0,-1.0
105,5,560.2804321289062,322.1860748291015,43.747668457031295,81.46686401367191,0.878926856917726,-1.0,-1.0,-1.0
105,7,456.7555206298828,356.3507537841797,58.40686340332036,90.35557250976558,0.8926262452687297,-1.0,-1.0,-1.0
106,1,855.2840515136718,408.8310974121093,91.92035522460948,114.94500732421876,0.9454422716153984,-1.0,-1.0,-1.0
106,2,705.949365234375,344.20660400390625,54.91098632812498,109.44904174804684,0.8993105812359516,-1.0,-1.0,-1.0
106,3,488.38359375,320.5755889892578,49.608984375000034,79.21994018554682,0.7848564038406778,-1.0,-1.0,-1.0
106,4,496.3106689453125,359.47056884765624,59.63126220703123,85.22528686523435,0.7820347084051598,-1.0,-1.0,-1.0
106,5,561.2424499511718,322.5815826416015,43.42972412109384,80.08121337890628,0.874624543955818,-1.0,-1.0,-1.0
106,7,469.8558654785156,357.0787353515625,46.837902832031205,89.668212890625,0.8502397807636086,-1.0,-1.0,-1.0
107,1,855.9239501953125,409.6998962402344,91.14949951171866,114.15278320312495,0.9417241497354568,-1.0,-1.0,-1.0
107,2,711.4074829101562,341.2321105957031,49.532958984375,112.31724243164064,0.8835984042324156,-1.0,-1.0,-1.0
107,3,487.5671997070313,318.3126800537109,40.77520751953125,80.78098754882808,0.7835097264239899,-1.0,-1.0,-1.0
107,4,497.7173583984375,360.3777648925781,61.30206298828125,86.02531127929689,0.7332617622646858,-1.0,-1.0,-1.0
107,5,557.4518371582031,322.3538909912109,47.90104980468743,80.19772338867188,0.8755550422160603,-1.0,-1.0,-1.0
107,7,474.2242492675781,357.1731903076172,42.09565429687496,82.11280517578126,0.7757029132491837,-1.0,-1.0,-1.0
108,1,854.8454223632812,409.5488616943359,91.61850585937508,113.42265930175785,0.9429024819321086,-1.0,-1.0,-1.0
108,2,718.5066284179687,338.9614562988281,53.25534667968748,114.03231811523438,0.902449082177327,-1.0,-1.0,-1.0
108,3,479.4661010742187,318.08897094726564,42.712536621093705,78.0847778320312,0.7951036347829756,-1.0,-1.0,-1.0
108,4,500.8525817871093,361.50726928710935,73.4294311523438,94.21369628906253,0.8673920197063723,-1.0,-1.0,-1.0
108,5,561.2067993164062,322.3169219970703,46.74616699218757,79.2998107910156,0.8859616801280694,-1.0,-1.0,-1.0
108,7,473.6527404785156,359.4107757568359,47.50521240234377,90.75300292968753,0.8168469644791898,-1.0,-1.0,-1.0
109,1,854.04638671875,407.19045410156247,92.43028564453118,116.6380004882813,0.942919725996692,-1.0,-1.0,-1.0
109,2,721.2936401367188,339.7332458496094,51.1534423828125,112.72274780273438,0.9026027871408928,-1.0,-1.0,-1.0
109,3,479.1327758789062,318.0579071044922,41.536340332031216,73.02755126953122,0.8295685845151013,-1.0,-1.0,-1.0
109,4,509.83308105468745,365.8093505859375,65.1182739257813,90.16556396484378,0.8671207310255973,-1.0,-1.0,-1.0
109,5,560.5172424316406,320.74733276367186,48.54990234374998,81.02186279296876,0.8681078816178811,-1.0,-1.0,-1.0
109,7,473.39956054687497,359.21178588867184,52.56123046875001,91.1601013183594,0.8134481391883668,-1.0,-1.0,-1.0
110,1,852.8798583984375,402.55350952148433,93.76446533203124,122.74354248046882,0.9389942637086506,-1.0,-1.0,-1.0
110,2,724.4378723144531,340.74201049804685,56.81590576171868,113.76117553710937,0.8868132745564523,-1.0,-1.0,-1.0
110,3,477.24367675781247,319.92113342285154,38.47917480468749,83.13700561523439,0.8298680143032655,-1.0,-1.0,-1.0
110,4,495.2991577148437,368.16652221679686,81.13436279296872,88.08788452148434,0.914938857156912,-1.0,-1.0,-1.0
110,5,561.412353515625,320.03077697753906,49.56668701171873,81.62759399414062,0.8573482975909457,-1.0,-1.0,-1.0
110,7,489.7317260742187,365.0556335449219,42.5908081054688,83.67852172851559,0.6484423868499789,-1.0,-1.0,-1.0
111,1,850.8730407714843,401.5483703613281,94.05873413085942,123.82097167968745,0.9324143494440876,-1.0,-1.0,-1.0
111,2,726.8146545410156,341.47169494628906,60.34735107421875,113.73958740234372,0.8937776641168611,-1.0,-1.0,-1.0
111,3,472.9210510253906,325.6890106201172,43.33645019531252,76.22885742187498,0.6252589989966495,-1.0,-1.0,-1.0
111,4,497.0998718261719,369.6359436035156,79.01586914062494,87.42403564453122,0.9318693695188074,-1.0,-1.0,-1.0
111,5,564.4299682617187,319.0068786621094,46.98050537109373,82.41866455078122,0.8935686864272725,-1.0,-1.0,-1.0
111,7,493.78551635742184,367.0439804077148,44.733746337890636,86.30842895507811,0.6484423868499789,-1.0,-1.0,-1.0
112,1,847.1497192382812,398.1946838378906,92.9551025390624,127.08610839843756,0.9396103231282992,-1.0,-1.0,-1.0
112,2,732.8999267578125,346.6017608642578,64.52171630859368,110.61518554687495,0.9073628598352884,-1.0,-1.0,-1.0
112,3,457.635415649414,320.9779907226562,61.90529479980472,78.26242675781253,0.8357862229989799,-1.0,-1.0,-1.0
112,4,511.1892883300781,367.9969482421875,64.91601562499994,89.3017639160156,0.8934161169011112,-1.0,-1.0,-1.0
112,5,565.3195861816406,318.71848754882814,46.807141113281205,82.54561157226561,0.9039219141342656,-1.0,-1.0,-1.0
112,7,497.83930664062495,369.0323272705078,46.87668457031248,88.93833618164064,0.7656972633100736,-1.0,-1.0,-1.0
113,1,844.4270324707031,395.8327331542969,87.86090698242185,129.50277099609377,0.943861931563788,-1.0,-1.0,-1.0
113,2,736.3755065917968,347.53331909179684,65.3785400390625,110.41402587890629,0.9046717661524504,-1.0,-1.0,-1.0
113,3,453.1732360839844,322.3363403320312,55.78989257812498,78.48726196289061,0.7973319901236948,-1.0,-1.0,-1.0
113,4,500.9366271972656,366.6111328125,77.34506835937498,91.3408264160156,0.9047308134147158,-1.0,-1.0,-1.0
113,5,565.2243347167969,319.14983825683595,47.07037353515625,82.43767089843749,0.9023336290955192,-1.0,-1.0,-1.0
113,7,496.1424133300781,369.2273071289063,52.28822021484376,87.74780273437494,0.7544392107453888,-1.0,-1.0,-1.0
114,1,837.4839477539062,394.50140991210935,87.23583984375,130.7120361328125,0.9356264962357556,-1.0,-1.0,-1.0
114,2,745.8191345214843,349.0031799316406,57.8705932617188,108.9153259277344,0.9228496634031416,-1.0,-1.0,-1.0
114,3,449.2634765625,322.3391418457031,59.15379638671874,78.08895263671872,0.9075157036711374,-1.0,-1.0,-1.0
114,4,513.3450805664062,366.3315856933594,69.25946044921875,81.87901611328124,0.8935928175744436,-1.0,-1.0,-1.0
114,5,563.0802429199218,320.78001708984374,54.92142333984373,81.60166625976564,0.9098933117184912,-1.0,-1.0,-1.0
114,7,492.91567382812497,372.50299072265625,73.24815673828124,89.40201416015623,0.9032924551380396,-1.0,-1.0,-1.0
115,1,834.781201171875,393.4051940917968,78.22990722656255,131.95261230468748,0.9298646269888592,-1.0,-1.0,-1.0
115,2,746.6303100585938,349.40272521972656,57.165600585937455,108.93614501953124,0.9209003362277172,-1.0,-1.0,-1.0
115,3,448.58820190429685,323.2190368652344,58.67775878906252,77.65620117187495,0.8979792468512571,-1.0,-1.0,-1.0
115,4,514.31748046875,368.25930175781247,72.84880371093755,77.39549560546874,0.8743546447970374,-1.0,-1.0,-1.0
115,5,563.9167419433594,322.9153747558594,55.42360839843741,79.4865783691406,0.8919966032029265,-1.0,-1.0,-1.0
115,7,490.585693359375,374.39178771972655,84.14439697265618,90.60976867675782,0.8863896519336052,-1.0,-1.0,-1.0
116,1,828.8452880859375,389.8925354003906,68.35111083984373,135.19797363281253,0.9180081126983984,-1.0,-1.0,-1.0
116,2,747.5174560546875,348.509619140625,57.16593017578123,110.09608154296876,0.9223730055946576,-1.0,-1.0,-1.0
116,3,445.7469451904296,323.1174407958984,47.49886779785157,77.27942504882816,0.8770794994718543,-1.0,-1.0,-1.0
116,4,504.4473083496093,374.9904052734375,86.08535156250002,93.74095458984374,0.807674809272271,-1.0,-1.0,-1.0
116,5,562.2863708496094,331.2856109619141,57.94705810546873,69.96329956054683,0.898028764299994,-1.0,-1.0,-1.0
116,7,470.3612915039062,375.1824737548828,78.39525146484374,83.60260620117191,0.5577230083939639,-1.0,-1.0,-1.0
117,1,826.2321350097656,388.8868743896484,57.66273193359382,135.88387756347657,0.9100480957290812,-1.0,-1.0,-1.0
117,2,747.4532958984374,349.05182189941405,58.69160156250007,109.50704956054688,0.9161117048714544,-1.0,-1.0,-1.0
117,3,443.5724487304688,319.9721374511719,45.34233398437499,80.46188964843748,0.915845670359232,-1.0,-1.0,-1.0
117,4,517.6795715332031,378.80010681152345,75.02695312499998,97.9840118408203,0.8623054846204994,-1.0,-1.0,-1.0
117,5,557.7933471679687,331.7436309814453,62.29896240234382,71.0975280761719,0.9013334104374772,-1.0,-1.0,-1.0
117,7,485.7294616699219,377.5454681396485,67.48176269531245,97.73478698730464,0.8345454797912453,-1.0,-1.0,-1.0
118,1,818.4382690429687,387.1781707763672,57.692395019531205,137.17641906738282,0.914140498999398,-1.0,-1.0,-1.0
118,2,745.1368286132812,350.3020385742187,61.56101074218748,108.53009033203124,0.9063432844559428,-1.0,-1.0,-1.0
118,3,438.53359680175777,316.3815582275391,31.57610778808595,83.98822631835935,0.8667950942520619,-1.0,-1.0,-1.0
118,4,518.579736328125,385.8448425292968,73.38504638671873,91.66036376953129,0.9206867040580208,-1.0,-1.0,-1.0
118,5,555.7531860351562,333.5880432128906,63.68697509765627,69.90457763671873,0.8925043439384126,-1.0,-1.0,-1.0
118,7,496.0011291503906,384.0119384765625,55.75264892578127,91.35587768554689,0.7809666738248637,-1.0,-1.0,-1.0
119,1,813.7229370117187,386.5046264648437,62.4451904296875,137.95449829101557,0.9167075100325164,-1.0,-1.0,-1.0
119,2,744.3965698242188,353.2238250732421,61.07244873046864,105.78010253906253,0.909965374140544,-1.0,-1.0,-1.0
119,3,435.9338745117187,315.3811981201172,31.496319580078136,85.44402465820309,0.8534491167082159,-1.0,-1.0,-1.0
119,4,517.0327514648437,386.40102539062497,74.05740966796873,100.7929138183594,0.8457372813730188,-1.0,-1.0,-1.0
119,5,553.6845703125,334.17042846679686,63.83221435546875,69.54279785156251,0.8830717747485011,-1.0,-1.0,-1.0
119,7,494.56752319335936,387.3560668945312,56.75471191406251,88.24592285156251,0.7903545831155618,-1.0,-1.0,-1.0
120,1,801.931475830078,384.3358154296875,73.87855224609382,140.53359375000002,0.9205879095542072,-1.0,-1.0,-1.0
120,2,743.4773986816406,352.8251586914062,60.661450195312455,107.20497436523436,0.9178924527942164,-1.0,-1.0,-1.0
120,3,430.3995391845703,315.9756408691406,32.705227661132824,87.26374511718751,0.8138190102598131,-1.0,-1.0,-1.0
120,4,512.8083435058594,389.89577636718747,74.31954345703116,110.20078125000003,0.8779126936431965,-1.0,-1.0,-1.0
120,5,544.146075439453,334.8752014160156,66.07100830078127,69.96395874023438,0.8747378551898137,-1.0,-1.0,-1.0
120,7,489.29348144531247,391.0619201660156,60.311425781249966,86.91608276367185,0.8417105386669164,-1.0,-1.0,-1.0
121,1,796.5894287109375,383.5858612060547,78.629150390625,141.11452331542966,0.9381735024799412,-1.0,-1.0,-1.0
121,2,742.2759338378906,350.5028411865234,63.25400390624998,112.26788635253904,0.9200297220293976,-1.0,-1.0,-1.0
121,3,427.3548431396485,316.9407623291016,33.71789245605464,85.31916503906245,0.8572285036663274,-1.0,-1.0,-1.0
121,4,511.72926635742186,393.14020385742185,75.22316894531247,110.80821533203124,0.9008474042722056,-1.0,-1.0,-1.0
121,5,541.8231262207031,335.7398254394531,47.946093750000045,71.88167724609372,0.8195780353205251,-1.0,-1.0,-1.0
121,7,474.0370971679688,394.01446838378905,75.78797607421876,82.4938934326172,0.8789952954063445,-1.0,-1.0,-1.0
122,1,794.7513061523437,381.91860351562497,74.32272949218759,143.35609130859376,0.919763812068787,-1.0,-1.0,-1.0
122,2,742.4302368164062,348.25616455078125,62.20766601562491,121.64348144531247,0.9000613000049498,-1.0,-1.0,-1.0
122,3,422.5757629394531,320.7115173339844,37.886627197265625,85.41892089843748,0.8700763296878335,-1.0,-1.0,-1.0
122,4,510.8623352050781,401.3939575195312,78.39052734375002,104.86884155273437,0.9198508339807177,-1.0,-1.0,-1.0
122,5,533.0793823242187,334.4089691162109,46.08709716796875,73.43651733398434,0.8759929879888837,-1.0,-1.0,-1.0
122,7,473.85,399.5620147705078,55.027551269531216,99.94314880371093,0.7418832252346022,-1.0,-1.0,-1.0
123,1,793.1629577636718,381.89849853515625,70.28140869140634,142.200439453125,0.9172796602546462,-1.0,-1.0,-1.0
123,2,742.26533203125,348.6498046875,63.709057617187455,123.5280212402344,0.9009801196274196,-1.0,-1.0,-1.0
123,3,417.2784301757813,322.5490081787109,39.08792724609373,84.02739257812499,0.8493044046476292,-1.0,-1.0,-1.0
123,4,503.2608947753906,405.2470275878906,85.56679687500002,100.45931396484372,0.9030649591811368,-1.0,-1.0,-1.0
123,5,528.8420654296875,334.5431396484375,50.08754882812491,73.22667846679684,0.8517359631822075,-1.0,-1.0,-1.0
123,7,467.73830566406247,403.4577941894531,72.79661865234374,97.43450317382808,0.7036910544858372,-1.0,-1.0,-1.0
124,1,793.4610717773437,379.6342712402344,56.876220703125,143.1518005371094,0.9005935801431342,-1.0,-1.0,-1.0
124,2,739.6019714355468,351.628857421875,71.2519409179688,127.5287475585937,0.8960585667405887,-1.0,-1.0,-1.0
124,3,409.7289276123047,326.1556823730469,40.25484008789061,78.7022094726562,0.8958410820135896,-1.0,-1.0,-1.0
124,4,469.4081176757812,409.6580932617187,118.20651855468748,95.27871093750002,0.8290238985089431,-1.0,-1.0,-1.0
124,5,517.5824523925781,333.9253234863281,54.91197509765618,72.06718139648433,0.8090990021457252,-1.0,-1.0,-1.0
124,7,465.3051086425781,407.62662506103516,65.22813720703124,94.76396026611326,0.7036910544858372,-1.0,-1.0,-1.0
125,1,793.4852416992187,377.9936279296875,48.66064453125,144.41061401367188,0.8906819076203227,-1.0,-1.0,-1.0
125,2,736.9675598144531,353.1930633544921,75.69832763671866,126.3552154541016,0.8930219716099543,-1.0,-1.0,-1.0
125,3,405.8758026123047,325.1879516601562,39.22097167968752,79.87038574218752,0.8950618235179775,-1.0,-1.0,-1.0
125,4,504.841552734375,416.0199462890625,82.89470214843743,90.07371826171874,0.8649245607980554,-1.0,-1.0,-1.0
125,5,513.4996032714844,332.5171234130859,57.29600830078118,73.06435546874997,0.8857931101653094,-1.0,-1.0,-1.0
125,7,462.8719116210937,411.7954559326172,57.65965576171874,92.09341735839844,0.7191836835571266,-1.0,-1.0,-1.0
126,1,789.1724487304687,376.4229949951172,40.91934814453134,147.50960998535152,0.8813924935161737,-1.0,-1.0,-1.0
126,2,733.244952392578,356.3304016113281,60.03138427734382,124.17374267578124,0.8926838740584202,-1.0,-1.0,-1.0
126,3,397.22711791992185,331.8789825439453,45.682525634765625,75.25068969726561,0.8866232270165497,-1.0,-1.0,-1.0
126,4,472.8600769042969,417.4152648925781,109.30462646484376,87.19398193359376,0.81977627050831,-1.0,-1.0,-1.0
126,5,510.28758544921874,337.0684020996094,55.10291748046876,69.23721313476557,0.8357753278566165,-1.0,-1.0,-1.0
126,7,449.342935180664,415.3932861328125,86.0941131591797,117.42495117187502,0.7574762463496185,-1.0,-1.0,-1.0
127,1,787.0681823730469,376.3868225097656,40.11196289062502,150.26308593749997,0.8966656674572278,-1.0,-1.0,-1.0
127,2,730.4370666503906,356.7306060791016,62.266113281249886,123.42016296386714,0.892803315988111,-1.0,-1.0,-1.0
127,3,396.16611328125,325.43105163574216,46.475628662109386,81.00686645507812,0.9038772069177908,-1.0,-1.0,-1.0
127,4,439.2638854980469,417.7577911376953,132.17805175781243,118.3328887939453,0.8547679908668648,-1.0,-1.0,-1.0
127,5,506.9665832519531,331.340625,57.046398925781205,80.12719116210934,0.8763211276253955,-1.0,-1.0,-1.0
127,7,449.342935180664,415.3932861328125,86.0941131591797,117.42495117187502,0.7574762463496185,-1.0,-1.0,-1.0
128,1,777.4234497070312,377.5667266845703,48.744250488281295,152.43857116699212,0.8993867567031799,-1.0,-1.0,-1.0
128,2,727.8547851562499,357.1682189941406,65.55322265625,123.5751525878906,0.8943564216337592,-1.0,-1.0,-1.0
128,3,392.1649475097656,324.7263610839844,49.30268554687496,87.37778320312498,0.9132793357458268,-1.0,-1.0,-1.0
128,4,422.6178131103516,423.5448120117187,124.88606872558591,117.07009277343752,0.891239468438286,-1.0,-1.0,-1.0
128,5,502.9392150878906,335.286474609375,40.58052978515627,80.49254150390624,0.845082392114314,-1.0,-1.0,-1.0
128,7,449.342935180664,415.3932861328125,86.0941131591797,117.42495117187502,0.7574762463496185,-1.0,-1.0,-1.0
