0,1,1419.09,1329.03,82.25,229.57,-1,-1,-1,-1
0,2,1838.46,1479.32,128.58,261.33,-1,-1,-1,-1
0,3,1931.33,1087.49,88.50,170.23,-1,-1,-1,-1
0,4,1933.31,1161.77,76.57,188.99,-1,-1,-1,-1
0,5,1636.27,1173.38,59.87,187.41,-1,-1,-1,-1
0,6,1920.50,1055.21,78.61,174.69,-1,-1,-1,-1
1,1,1418.66,1329.90,82.25,229.57,-1,-1,-1,-1
1,2,1830.51,1479.68,136.89,260.22,-1,-1,-1,-1
1,3,1927.71,1086.77,83.09,172.73,-1,-1,-1,-1
1,4,1936.57,1161.77,76.56,188.99,-1,-1,-1,-1
1,5,1636.57,1173.38,60.73,187.12,-1,-1,-1,-1
1,6,1919.30,1055.21,83.70,174.69,-1,-1,-1,-1
2,1,1420.39,1333.37,82.25,226.93,-1,-1,-1,-1
2,2,1834.12,1481.13,139.38,259.87,-1,-1,-1,-1
2,3,1925.18,1085.68,75.52,177.12,-1,-1,-1,-1
2,4,1939.82,1161.77,74.38,187.93,-1,-1,-1,-1
2,5,1636.57,1172.18,61.33,184.72,-1,-1,-1,-1
2,6,1925.93,1055.52,83.77,170.18,-1,-1,-1,-1
3,1,1417.36,1335.11,84.84,224.79,-1,-1,-1,-1
3,2,1844.61,1482.21,129.59,258.39,-1,-1,-1,-1
3,3,1926.27,1086.04,62.83,174.96,-1,-1,-1,-1
3,4,1938.74,1161.77,76.86,187.53,-1,-1,-1,-1
3,5,1638.38,1169.77,61.32,183.53,-1,-1,-1,-1
3,6,1927.73,1055.82,85.87,169.88,-1,-1,-1,-1
4,1,1419.96,1337.28,84.44,224.82,-1,-1,-1,-1
4,2,1855.81,1481.49,121.69,258.01,-1,-1,-1,-1
4,3,1923.01,1086.04,60.69,174.96,-1,-1,-1,-1
4,4,1942.35,1162.13,74.65,187.57,-1,-1,-1,-1
4,5,1638.98,1167.06,61.32,183.53,-1,-1,-1,-1
4,6,1931.65,1054.91,85.87,169.89,-1,-1,-1,-1
5,1,1418.22,1339.01,84.88,221.39,-1,-1,-1,-1
5,2,1862.32,1481.49,117.68,259.11,-1,-1,-1,-1
5,3,1923.01,1084.96,57.39,175.64,-1,-1,-1,-1
5,4,1945.25,1162.13,73.95,187.97,-1,-1,-1,-1
5,5,1639.29,1166.46,61.31,178.74,-1,-1,-1,-1
5,6,1933.15,1053.11,85.87,169.88,-1,-1,-1,-1
6,1,1421.69,1341.61,81.41,218.39,-1,-1,-1,-1
6,2,1869.55,1483.30,112.25,257.70,-1,-1,-1,-1
6,3,1922.65,1084.24,59.15,175.66,-1,-1,-1,-1
6,4,1948.50,1162.13,69.60,187.97,-1,-1,-1,-1
6,5,1639.29,1164.65,61.31,175.45,-1,-1,-1,-1
6,6,1936.47,1053.11,85.86,169.88,-1,-1,-1,-1
7,1,1423.43,1342.04,78.77,217.06,-1,-1,-1,-1
7,2,1877.86,1482.94,107.94,257.36,-1,-1,-1,-1
7,3,1920.85,1083.88,60.55,176.02,-1,-1,-1,-1
7,4,1951.39,1162.13,67.41,188.37,-1,-1,-1,-1
7,5,1639.59,1164.35,61.61,174.55,-1,-1,-1,-1
7,6,1937.10,1053.11,85.23,165.69,-1,-1,-1,-1
8,1,1426.46,1342.48,75.34,216.62,-1,-1,-1,-1
8,2,1881.12,1485.11,112.68,255.59,-1,-1,-1,-1
8,3,1919.40,1083.88,61.60,176.02,-1,-1,-1,-1
8,4,1954.65,1163.58,65.55,187.62,-1,-1,-1,-1
8,5,1638.98,1163.74,63.42,174.56,-1,-1,-1,-1
8,6,1940.70,1051.60,82.84,163.30,-1,-1,-1,-1
9,1,1429.94,1342.91,70.16,217.09,-1,-1,-1,-1
9,2,1888.71,1485.83,113.09,255.57,-1,-1,-1,-1
9,3,1916.51,1083.88,63.39,175.32,-1,-1,-1,-1
9,4,1952.48,1163.94,67.02,190.56,-1,-1,-1,-1
9,5,1638.98,1164.05,64.92,174.25,-1,-1,-1,-1
9,6,1941.00,1049.79,85.85,162.71,-1,-1,-1,-1
10,1,1433.41,1344.21,66.69,217.09,-1,-1,-1,-1
10,2,1895.21,1485.83,115.99,254.87,-1,-1,-1,-1
10,3,1913.62,1083.88,65.18,173.52,-1,-1,-1,-1
10,4,1953.20,1166.11,69.20,191.99,-1,-1,-1,-1
10,5,1640.49,1164.05,62.51,174.25,-1,-1,-1,-1
10,6,1941.30,1048.29,84.65,158.21,-1,-1,-1,-1
11,1,1432.97,1345.51,65.43,214.49,-1,-1,-1,-1
11,2,1901.36,1485.11,113.84,254.89,-1,-1,-1,-1
11,3,1915.42,1083.88,62.28,173.12,-1,-1,-1,-1
11,4,1952.47,1166.47,72.13,195.23,-1,-1,-1,-1
11,5,1640.79,1163.14,62.51,174.26,-1,-1,-1,-1
11,6,1942.20,1048.29,82.24,161.81,-1,-1,-1,-1
12,1,1435.14,1345.95,64.96,214.45,-1,-1,-1,-1
12,2,1907.87,1485.11,117.43,257.09,-1,-1,-1,-1
12,3,1914.34,1083.15,57.26,172.75,-1,-1,-1,-1
12,4,1951.39,1166.47,71.41,199.93,-1,-1,-1,-1
12,5,1641.09,1163.14,62.51,174.26,-1,-1,-1,-1
12,6,1942.20,1048.29,81.64,159.71,-1,-1,-1,-1
13,1,1434.71,1346.81,65.79,214.49,-1,-1,-1,-1
13,2,1914.73,1485.11,115.97,255.99,-1,-1,-1,-1
13,3,1911.81,1083.15,59.39,172.75,-1,-1,-1,-1
13,4,1951.39,1168.64,73.61,199.56,-1,-1,-1,-1
13,5,1640.49,1163.14,62.51,174.26,-1,-1,-1,-1
13,6,1944.60,1049.19,78.04,157.31,-1,-1,-1,-1
14,1,1436.88,1349.42,64.52,211.48,-1,-1,-1,-1
14,2,1915.10,1485.47,120.30,254.93,-1,-1,-1,-1
14,3,1909.64,1083.15,60.86,172.05,-1,-1,-1,-1
14,4,1948.86,1169.36,76.54,201.04,-1,-1,-1,-1
14,5,1642.30,1166.50,60.70,170.30,-1,-1,-1,-1
14,6,1942.80,1047.98,76.50,161.52,-1,-1,-1,-1
15,1,1436.01,1348.98,66.69,211.52,-1,-1,-1,-1
15,2,1916.90,1486.55,120.30,254.95,-1,-1,-1,-1
15,3,1907.11,1083.51,62.99,172.09,-1,-1,-1,-1
15,4,1946.69,1170.09,80.51,201.01,-1,-1,-1,-1
15,5,1644.10,1164.95,56.49,168.55,-1,-1,-1,-1
15,6,1945.50,1046.78,68.98,163.72,-1,-1,-1,-1
16,1,1436.88,1347.68,67.52,211.52,-1,-1,-1,-1
16,2,1916.90,1487.64,121.00,252.76,-1,-1,-1,-1
16,3,1906.02,1083.15,65.48,172.45,-1,-1,-1,-1
16,4,1946.69,1171.53,82.71,200.97,-1,-1,-1,-1
16,5,1644.10,1165.26,56.49,166.14,-1,-1,-1,-1
16,6,1947.30,1047.38,64.77,162.12,-1,-1,-1,-1
17,1,1438.20,1347.68,69.67,212.42,-1,-1,-1,-1
17,2,1916.54,1487.64,123.56,250.26,-1,-1,-1,-1
17,3,1901.00,1083.88,68.69,171.32,-1,-1,-1,-1
17,4,1948.86,1174.06,80.94,198.04,-1,-1,-1,-1
17,5,1644.40,1166.76,56.19,163.74,-1,-1,-1,-1
17,6,1942.48,1047.38,64.77,167.22,-1,-1,-1,-1
18,1,1440.37,1347.68,70.13,212.42,-1,-1,-1,-1
18,2,1918.71,1487.64,124.69,247.36,-1,-1,-1,-1
18,3,1896.70,1083.88,76.61,170.92,-1,-1,-1,-1
18,4,1948.86,1174.42,79.84,196.98,-1,-1,-1,-1
18,5,1645.00,1167.06,56.20,161.94,-1,-1,-1,-1
18,6,1944.00,1047.38,60.54,167.52,-1,-1,-1,-1
19,1,1440.80,1348.55,75.34,211.55,-1,-1,-1,-1
19,2,1925.58,1486.55,123.22,247.35,-1,-1,-1,-1
19,3,1890.60,1084.60,79.82,169.10,-1,-1,-1,-1
19,4,1948.86,1173.70,80.54,198.40,-1,-1,-1,-1
19,5,1647.71,1167.97,54.69,158.63,-1,-1,-1,-1
19,6,1944.30,1045.57,55.72,169.63,-1,-1,-1,-1
20,1,1441.70,1347.68,81.82,213.32,-1,-1,-1,-1
20,2,1938.23,1483.66,115.97,251.64,-1,-1,-1,-1
20,3,1885.20,1084.60,85.58,168.40,-1,-1,-1,-1
20,4,1949.22,1174.79,81.98,197.71,-1,-1,-1,-1
20,5,1648.02,1166.16,55.88,158.64,-1,-1,-1,-1
20,6,1945.80,1045.57,53.92,169.63,-1,-1,-1,-1
21,1,1442.60,1346.82,90.89,214.58,-1,-1,-1,-1
21,2,1951.60,1480.77,104.40,252.33,-1,-1,-1,-1
21,3,1881.60,1085.32,89.54,167.28,-1,-1,-1,-1
21,4,1950.31,1175.15,83.39,198.05,-1,-1,-1,-1
21,5,1647.41,1165.26,58.29,156.84,-1,-1,-1,-1
21,6,1943.10,1045.27,57.22,169.93,-1,-1,-1,-1
22,1,1442.60,1345.95,96.97,214.55,-1,-1,-1,-1
22,2,1961.72,1477.15,99.68,255.55,-1,-1,-1,-1
22,3,1880.90,1085.32,90.60,167.28,-1,-1,-1,-1
22,4,1953.56,1176.59,80.14,196.61,-1,-1,-1,-1
22,5,1646.51,1164.65,63.99,152.65,-1,-1,-1,-1
22,6,1941.60,1044.97,56.91,171.13,-1,-1,-1,-1
23,1,1441.70,1345.95,104.81,214.15,-1,-1,-1,-1
23,2,1972.20,1473.90,92.80,258.80,-1,-1,-1,-1
23,3,1882.00,1085.68,88.78,167.62,-1,-1,-1,-1
23,4,1953.20,1176.59,81.20,196.61,-1,-1,-1,-1
23,5,1649.52,1164.35,67.58,151.15,-1,-1,-1,-1
23,6,1943.41,1044.97,56.91,171.13,-1,-1,-1,-1
24,1,1442.10,1345.95,110.48,215.85,-1,-1,-1,-1
24,2,1977.99,1472.81,86.61,258.79,-1,-1,-1,-1
24,3,1880.91,1085.68,90.99,168.02,-1,-1,-1,-1
24,4,1958.62,1176.95,77.58,196.65,-1,-1,-1,-1
24,5,1649.52,1165.26,73.88,150.54,-1,-1,-1,-1
24,6,1942.50,1043.77,56.92,172.33,-1,-1,-1,-1
25,1,1441.70,1345.08,111.31,215.82,-1,-1,-1,-1
25,2,1974.73,1472.09,92.07,258.81,-1,-1,-1,-1
25,3,1875.13,1089.29,94.57,166.61,-1,-1,-1,-1
25,4,1957.54,1176.95,81.96,196.65,-1,-1,-1,-1
25,5,1650.73,1165.86,78.67,150.24,-1,-1,-1,-1
25,6,1942.20,1042.26,56.92,174.14,-1,-1,-1,-1
26,1,1443.40,1344.65,113.52,215.85,-1,-1,-1,-1
26,2,1971.48,1471.37,96.42,258.83,-1,-1,-1,-1
26,3,1871.88,1090.02,99.22,164.48,-1,-1,-1,-1
26,4,1962.96,1177.31,80.14,196.69,-1,-1,-1,-1
26,5,1650.73,1167.07,84.67,149.93,-1,-1,-1,-1
26,6,1940.39,1041.96,57.81,174.14,-1,-1,-1,-1
27,1,1442.50,1344.65,113.11,215.85,-1,-1,-1,-1
27,2,1966.78,1471.01,105.12,258.79,-1,-1,-1,-1
27,3,1864.28,1091.47,104.62,163.43,-1,-1,-1,-1
27,4,1965.13,1177.31,80.47,195.59,-1,-1,-1,-1
27,5,1653.13,1167.67,88.27,149.03,-1,-1,-1,-1
27,6,1939.49,1041.36,56.91,174.74,-1,-1,-1,-1
28,1,1442.50,1344.65,113.98,215.85,-1,-1,-1,-1
28,2,1962.44,1469.92,108.76,259.88,-1,-1,-1,-1
28,3,1862.11,1091.83,98.79,165.27,-1,-1,-1,-1
28,4,1968.02,1178.04,78.98,197.36,-1,-1,-1,-1
28,5,1653.74,1168.57,91.56,147.83,-1,-1,-1,-1
28,6,1938.59,1041.36,56.91,173.84,-1,-1,-1,-1
29,1,1442.50,1343.78,114.85,218.02,-1,-1,-1,-1
29,2,1959.19,1469.20,113.81,258.80,-1,-1,-1,-1
29,3,1860.30,1091.11,90.50,167.09,-1,-1,-1,-1
29,4,1972.36,1178.76,82.24,198.04,-1,-1,-1,-1
29,5,1656.45,1168.87,93.65,146.63,-1,-1,-1,-1
29,6,1938.59,1041.36,56.91,172.64,-1,-1,-1,-1
30,1,1443.80,1342.04,114.85,218.02,-1,-1,-1,-1
30,2,1958.47,1464.86,115.63,259.54,-1,-1,-1,-1
30,3,1859.22,1091.11,83.58,168.49,-1,-1,-1,-1
30,4,1972.72,1180.21,86.98,197.69,-1,-1,-1,-1
30,5,1659.46,1168.87,92.44,146.63,-1,-1,-1,-1
30,6,1938.59,1041.36,56.91,171.14,-1,-1,-1,-1
31,1,1444.20,1339.01,117.06,222.79,-1,-1,-1,-1
31,2,1954.85,1465.22,119.25,256.98,-1,-1,-1,-1
31,3,1859.22,1092.19,72.68,172.11,-1,-1,-1,-1
31,4,1978.14,1179.84,81.96,198.06,-1,-1,-1,-1
31,5,1659.80,1170.38,91.50,145.42,-1,-1,-1,-1
31,6,1935.90,1041.36,59.60,170.24,-1,-1,-1,-1
32,1,1447.70,1336.84,112.69,223.66,-1,-1,-1,-1
32,2,1955.58,1461.61,119.22,259.49,-1,-1,-1,-1
32,3,1855.97,1092.55,64.33,175.35,-1,-1,-1,-1
32,4,1979.23,1180.21,80.17,198.09,-1,-1,-1,-1
32,5,1658.60,1170.38,94.81,145.12,-1,-1,-1,-1
32,6,1933.80,1041.36,60.79,169.94,-1,-1,-1,-1
33,1,1452.50,1333.80,107.45,226.70,-1,-1,-1,-1
33,2,1957.38,1458.71,119.22,259.09,-1,-1,-1,-1
33,3,1851.99,1096.17,65.01,177.53,-1,-1,-1,-1
33,4,1981.76,1180.21,78.04,197.39,-1,-1,-1,-1
33,5,1659.20,1170.38,92.40,145.12,-1,-1,-1,-1
33,6,1928.70,1041.36,63.48,170.24,-1,-1,-1,-1
34,1,1460.30,1330.76,100.95,225.84,-1,-1,-1,-1
34,2,1958.11,1455.46,118.09,258.74,-1,-1,-1,-1
34,3,1850.18,1097.61,65.02,179.69,-1,-1,-1,-1
34,4,1983.93,1180.21,76.57,197.39,-1,-1,-1,-1
34,5,1660.10,1168.88,90.90,145.12,-1,-1,-1,-1
34,6,1926.30,1041.66,67.69,168.74,-1,-1,-1,-1
35,1,1469.00,1325.99,97.00,225.01,-1,-1,-1,-1
35,2,1962.81,1451.48,119.49,253.72,-1,-1,-1,-1
35,3,1843.31,1103.76,70.49,177.14,-1,-1,-1,-1
35,4,1985.01,1180.21,75.49,197.79,-1,-1,-1,-1
35,5,1661.91,1168.88,90.90,145.12,-1,-1,-1,-1
35,6,1921.20,1041.66,75.80,168.44,-1,-1,-1,-1
36,1,1480.30,1323.82,92.67,219.38,-1,-1,-1,-1
36,2,1967.15,1448.96,117.65,247.94,-1,-1,-1,-1
36,3,1841.51,1107.01,71.89,179.29,-1,-1,-1,-1
36,4,1986.10,1180.57,74.80,197.83,-1,-1,-1,-1
36,5,1664.00,1168.88,89.71,145.42,-1,-1,-1,-1
36,6,1919.40,1041.66,78.51,168.14,-1,-1,-1,-1
37,1,1491.60,1322.08,84.41,217.62,-1,-1,-1,-1
37,2,1974.38,1446.79,110.42,242.11,-1,-1,-1,-1
37,3,1838.97,1110.27,72.63,175.63,-1,-1,-1,-1
37,4,1983.93,1181.65,76.27,196.05,-1,-1,-1,-1
37,5,1667.90,1168.88,84.00,146.02,-1,-1,-1,-1
37,6,1917.30,1043.16,80.00,167.24,-1,-1,-1,-1
38,1,1502.00,1320.35,74.01,216.35,-1,-1,-1,-1
38,2,1981.61,1443.17,107.49,238.13,-1,-1,-1,-1
38,3,1833.91,1114.60,77.29,175.60,-1,-1,-1,-1
38,4,1982.84,1181.65,78.76,196.45,-1,-1,-1,-1
38,5,1672.70,1168.88,80.41,146.02,-1,-1,-1,-1
38,6,1915.80,1043.77,82.41,166.63,-1,-1,-1,-1
39,1,1507.20,1317.75,71.41,218.05,-1,-1,-1,-1
39,2,1989.92,1440.64,103.48,237.06,-1,-1,-1,-1
39,3,1829.58,1116.05,80.92,173.05,-1,-1,-1,-1
39,4,1981.04,1182.01,80.56,196.79,-1,-1,-1,-1
39,5,1677.82,1168.27,74.98,145.43,-1,-1,-1,-1
39,6,1915.20,1044.37,79.39,166.03,-1,-1,-1,-1
40,1,1511.10,1316.01,67.94,217.59,-1,-1,-1,-1
40,2,1995.34,1438.83,102.06,239.97,-1,-1,-1,-1
40,3,1824.88,1118.22,78.72,173.78,-1,-1,-1,-1
40,4,1980.31,1184.54,81.29,192.86,-1,-1,-1,-1
40,5,1683.85,1168.27,71.65,143.93,-1,-1,-1,-1
40,6,1917.60,1044.37,74.58,164.83,-1,-1,-1,-1
41,1,1515.44,1314.71,67.94,217.59,-1,-1,-1,-1
41,2,2000.04,1437.03,101.66,241.77,-1,-1,-1,-1
41,3,1821.62,1118.94,78.68,174.16,-1,-1,-1,-1
41,4,1979.23,1184.18,81.97,193.62,-1,-1,-1,-1
41,5,1687.20,1168.27,68.30,143.63,-1,-1,-1,-1
41,6,1913.68,1044.67,74.59,164.83,-1,-1,-1,-1
42,1,1521.10,1315.58,75.29,218.92,-1,-1,-1,-1
42,2,1999.32,1435.58,103.08,241.82,-1,-1,-1,-1
42,3,1819.81,1119.30,76.49,173.40,-1,-1,-1,-1
42,4,1982.12,1184.54,80.88,193.66,-1,-1,-1,-1
42,5,1690.20,1168.27,66.50,142.13,-1,-1,-1,-1
42,6,1915.19,1045.57,72.51,163.93,-1,-1,-1,-1
43,1,1522.00,1314.71,85.67,220.69,-1,-1,-1,-1
43,2,2002.94,1434.50,100.16,244.00,-1,-1,-1,-1
43,3,1822.35,1120.03,69.25,171.27,-1,-1,-1,-1
43,4,1986.10,1184.18,77.30,193.62,-1,-1,-1,-1
43,5,1695.30,1168.27,63.21,141.83,-1,-1,-1,-1
43,6,1915.79,1045.27,66.21,163.93,-1,-1,-1,-1
44,1,1522.00,1312.97,97.82,221.53,-1,-1,-1,-1
44,2,2004.74,1430.88,97.26,248.02,-1,-1,-1,-1
44,3,1819.82,1118.58,65.28,174.52,-1,-1,-1,-1
44,4,1994.41,1184.90,70.39,193.30,-1,-1,-1,-1
44,5,1696.50,1168.27,64.12,140.33,-1,-1,-1,-1
44,6,1916.70,1045.57,60.48,164.23,-1,-1,-1,-1
45,1,1522.90,1312.97,104.72,220.23,-1,-1,-1,-1
45,2,2007.28,1429.44,95.12,248.06,-1,-1,-1,-1
45,3,1816.56,1117.13,66.04,175.27,-1,-1,-1,-1
45,4,2004.89,1184.90,61.01,192.20,-1,-1,-1,-1
45,5,1695.90,1168.27,64.12,140.33,-1,-1,-1,-1
45,6,1916.10,1045.27,57.16,165.13,-1,-1,-1,-1
46,1,1519.90,1312.54,112.50,220.66,-1,-1,-1,-1
46,2,2009.44,1427.63,92.26,250.27,-1,-1,-1,-1
46,3,1813.67,1116.77,66.43,175.23,-1,-1,-1,-1
46,4,2009.59,1184.90,57.01,191.50,-1,-1,-1,-1
46,5,1696.50,1168.27,64.12,140.33,-1,-1,-1,-1
46,6,1909.50,1045.27,62.86,164.53,-1,-1,-1,-1
47,1,1521.60,1312.11,116.00,220.69,-1,-1,-1,-1
47,2,2012.33,1427.27,90.77,247.73,-1,-1,-1,-1
47,3,1810.78,1116.05,67.92,177.05,-1,-1,-1,-1
47,4,2017.19,1184.90,50.51,191.90,-1,-1,-1,-1
47,5,1696.50,1168.27,64.12,140.33,-1,-1,-1,-1
47,6,1903.80,1047.08,67.66,164.22,-1,-1,-1,-1
48,1,1522.00,1312.97,112.13,217.63,-1,-1,-1,-1
48,2,2013.42,1426.18,91.08,243.42,-1,-1,-1,-1
48,3,1806.10,1116.41,71.88,179.99,-1,-1,-1,-1
48,4,2016.46,1182.38,54.14,194.82,-1,-1,-1,-1
48,5,1696.50,1168.27,64.12,140.33,-1,-1,-1,-1
48,6,1899.00,1047.38,69.14,164.82,-1,-1,-1,-1
49,1,1522.90,1309.07,117.74,218.03,-1,-1,-1,-1
49,2,2013.78,1422.93,92.12,242.67,-1,-1,-1,-1
49,3,1798.50,1118.58,77.31,184.32,-1,-1,-1,-1
49,4,2015.02,1181.65,56.28,195.55,-1,-1,-1,-1
49,5,1696.50,1168.27,64.12,140.33,-1,-1,-1,-1
49,6,1898.40,1048.59,70.95,163.91,-1,-1,-1,-1
50,1,1527.70,1307.77,123.35,218.03,-1,-1,-1,-1
50,2,2016.31,1420.04,90.69,242.66,-1,-1,-1,-1
50,3,1788.70,1122.20,85.66,186.10,-1,-1,-1,-1
50,4,2017.55,1181.65,55.95,195.55,-1,-1,-1,-1
50,5,1697.22,1168.27,64.13,140.33,-1,-1,-1,-1
50,6,1898.40,1049.19,65.83,165.41,-1,-1,-1,-1
51,1,1532.90,1301.70,121.19,220.20,-1,-1,-1,-1
51,2,2018.05,1417.87,91.95,241.83,-1,-1,-1,-1
51,3,1782.60,1128.34,92.48,186.46,-1,-1,-1,-1
51,4,2016.90,1182.38,60.10,194.52,-1,-1,-1,-1
51,5,1698.31,1170.08,60.89,138.12,-1,-1,-1,-1
51,6,1898.40,1049.19,65.83,165.41,-1,-1,-1,-1
52,1,1541.60,1299.17,107.79,219.43,-1,-1,-1,-1
52,2,2018.48,1414.39,94.92,242.31,-1,-1,-1,-1
52,3,1779.00,1134.49,95.00,183.61,-1,-1,-1,-1
52,4,2017.33,1183.68,65.77,194.52,-1,-1,-1,-1
52,5,1697.95,1170.08,60.89,138.12,-1,-1,-1,-1
52,6,1898.40,1049.19,65.83,165.41,-1,-1,-1,-1
53,1,1551.70,1297.00,102.02,211.10,-1,-1,-1,-1
53,2,2018.48,1412.23,97.12,231.47,-1,-1,-1,-1
53,3,1775.00,1138.82,104.78,182.18,-1,-1,-1,-1
53,4,2019.94,1181.94,67.06,194.56,-1,-1,-1,-1
53,5,1697.95,1170.08,60.89,138.12,-1,-1,-1,-1
53,6,1898.40,1049.19,65.83,165.41,-1,-1,-1,-1
54,1,1563.30,1291.21,91.87,208.59,-1,-1,-1,-1
54,2,2017.61,1409.62,97.09,225.88,-1,-1,-1,-1
54,3,1766.00,1143.53,118.12,180.77,-1,-1,-1,-1
54,4,2022.11,1181.07,68.79,195.43,-1,-1,-1,-1
54,5,1697.95,1170.08,60.89,138.12,-1,-1,-1,-1
54,6,1898.40,1049.19,65.83,165.41,-1,-1,-1,-1
55,1,1576.70,1289.40,83.89,211.50,-1,-1,-1,-1
55,2,2015.88,1406.59,101.42,225.01,-1,-1,-1,-1
55,3,1764.90,1148.59,114.52,178.61,-1,-1,-1,-1
55,4,2021.67,1178.91,69.23,198.89,-1,-1,-1,-1
55,5,1699.03,1167.91,60.89,139.59,-1,-1,-1,-1
55,6,1898.40,1049.19,62.80,165.71,-1,-1,-1,-1
56,1,1585.40,1286.87,82.06,214.73,-1,-1,-1,-1
56,2,2016.31,1403.55,99.69,226.35,-1,-1,-1,-1
56,3,1764.20,1150.04,106.91,181.46,-1,-1,-1,-1
56,4,2024.71,1178.91,69.19,198.89,-1,-1,-1,-1
56,5,1700.48,1166.47,60.89,139.58,-1,-1,-1,-1
56,6,1898.40,1049.19,61.30,166.01,-1,-1,-1,-1
57,1,1588.30,1284.34,91.09,216.86,-1,-1,-1,-1
57,2,2016.31,1399.65,100.59,231.95,-1,-1,-1,-1
57,3,1763.50,1150.40,96.40,182.20,-1,-1,-1,-1
57,4,2023.84,1177.61,68.76,198.89,-1,-1,-1,-1
57,5,1701.90,1166.47,60.92,141.73,-1,-1,-1,-1
57,6,1896.30,1049.19,63.10,166.01,-1,-1,-1,-1
58,1,1587.20,1281.81,108.82,219.79,-1,-1,-1,-1
58,2,2016.31,1397.48,97.99,233.22,-1,-1,-1,-1
58,3,1761.80,1151.70,86.82,179.20,-1,-1,-1,-1
58,4,2026.44,1177.17,68.76,198.90,-1,-1,-1,-1
58,5,1703.00,1165.74,65.96,140.66,-1,-1,-1,-1
58,6,1893.59,1048.89,63.10,166.01,-1,-1,-1,-1
59,1,1586.50,1280.00,121.45,220.50,-1,-1,-1,-1
59,2,2016.31,1395.74,95.39,233.66,-1,-1,-1,-1
59,3,1763.10,1151.26,80.31,179.64,-1,-1,-1,-1
59,4,2025.14,1177.17,68.76,198.90,-1,-1,-1,-1
59,5,1704.40,1162.49,69.26,144.31,-1,-1,-1,-1
59,6,1890.58,1049.19,64.02,166.01,-1,-1,-1,-1
60,1,1588.30,1278.92,129.05,220.88,-1,-1,-1,-1
60,2,2016.75,1394.44,94.55,237.96,-1,-1,-1,-1
60,3,1761.80,1150.83,82.91,179.17,-1,-1,-1,-1
60,4,2025.14,1177.17,70.46,198.43,-1,-1,-1,-1
60,5,1704.40,1161.41,71.79,147.19,-1,-1,-1,-1
60,6,1885.46,1048.89,67.94,166.31,-1,-1,-1,-1
61,1,1595.89,1277.47,129.06,220.88,-1,-1,-1,-1
61,2,2015.88,1393.57,96.32,237.93,-1,-1,-1,-1
61,3,1762.70,1148.23,84.18,182.67,-1,-1,-1,-1
61,4,2027.74,1177.17,65.66,195.83,-1,-1,-1,-1
61,5,1704.80,1158.88,75.73,149.02,-1,-1,-1,-1
61,6,1880.33,1048.89,70.67,171.11,-1,-1,-1,-1
62,1,1602.00,1276.39,127.28,220.51,-1,-1,-1,-1
62,2,2017.18,1391.84,94.62,240.96,-1,-1,-1,-1
62,3,1761.40,1148.23,88.52,182.27,-1,-1,-1,-1
62,4,2030.78,1174.57,67.82,197.13,-1,-1,-1,-1
62,5,1703.00,1157.07,78.25,150.13,-1,-1,-1,-1
62,6,1878.53,1049.19,71.27,173.51,-1,-1,-1,-1
63,1,1605.30,1276.39,128.32,218.01,-1,-1,-1,-1
63,2,2018.48,1389.24,89.02,240.96,-1,-1,-1,-1
63,3,1761.80,1146.49,87.25,183.61,-1,-1,-1,-1
63,4,2031.65,1174.13,65.65,197.17,-1,-1,-1,-1
63,5,1704.80,1153.09,79.35,156.61,-1,-1,-1,-1
63,6,1874.31,1049.79,76.09,176.21,-1,-1,-1,-1
64,1,1611.40,1275.66,129.09,215.84,-1,-1,-1,-1
64,2,2017.61,1387.94,91.19,240.96,-1,-1,-1,-1
64,3,1760.06,1144.76,87.26,185.74,-1,-1,-1,-1
64,4,2033.82,1174.13,65.18,198.07,-1,-1,-1,-1
64,5,1705.90,1149.47,82.95,156.93,-1,-1,-1,-1
64,6,1872.50,1050.10,79.10,179.80,-1,-1,-1,-1
65,1,1619.90,1274.22,119.51,212.38,-1,-1,-1,-1
65,2,2016.75,1385.77,90.75,238.83,-1,-1,-1,-1
65,3,1760.93,1143.02,82.07,187.88,-1,-1,-1,-1
65,4,2039.46,1172.40,62.14,198.10,-1,-1,-1,-1
65,5,1705.50,1147.67,82.10,160.13,-1,-1,-1,-1
65,6,1869.79,1051.90,81.21,180.40,-1,-1,-1,-1
66,1,1631.20,1272.92,106.47,204.98,-1,-1,-1,-1
66,2,2017.18,1383.17,89.42,235.83,-1,-1,-1,-1
66,3,1756.59,1139.99,79.01,190.01,-1,-1,-1,-1
66,4,2042.93,1170.66,58.67,198.54,-1,-1,-1,-1
66,5,1705.10,1144.78,80.90,162.72,-1,-1,-1,-1
66,6,1872.50,1054.31,81.80,179.49,-1,-1,-1,-1
67,1,1640.30,1271.18,91.30,197.62,-1,-1,-1,-1
67,2,2017.62,1379.70,88.58,236.70,-1,-1,-1,-1
67,3,1752.26,1139.55,75.14,190.85,-1,-1,-1,-1
67,4,2046.40,1169.80,56.90,198.50,-1,-1,-1,-1
67,5,1706.90,1140.80,80.50,166.00,-1,-1,-1,-1
67,6,1872.20,1053.71,80.30,179.19,-1,-1,-1,-1
68,1,1642.00,1267.28,83.09,192.02,-1,-1,-1,-1
68,2,2017.62,1377.09,85.98,238.41,-1,-1,-1,-1
68,3,1751.39,1137.38,66.91,192.12,-1,-1,-1,-1
68,4,2049.87,1169.36,55.13,197.24,-1,-1,-1,-1
68,5,1708.30,1140.58,77.10,164.72,-1,-1,-1,-1
68,6,1870.69,1054.92,82.71,179.18,-1,-1,-1,-1
69,1,1648.90,1262.50,73.59,191.60,-1,-1,-1,-1
69,2,2017.18,1373.62,83.42,237.58,-1,-1,-1,-1
69,3,1748.79,1137.38,63.01,192.12,-1,-1,-1,-1
69,4,2052.90,1168.93,54.30,195.97,-1,-1,-1,-1
69,5,1713.90,1138.41,82.31,164.69,-1,-1,-1,-1
69,6,1871.90,1058.23,83.30,179.17,-1,-1,-1,-1
70,1,1651.10,1258.17,70.09,189.43,-1,-1,-1,-1
70,2,2017.62,1370.15,85.98,233.65,-1,-1,-1,-1
70,3,1750.09,1135.65,57.81,196.05,-1,-1,-1,-1
70,4,2054.64,1168.50,53.86,192.10,-1,-1,-1,-1
70,5,1717.00,1135.38,80.52,165.12,-1,-1,-1,-1
70,6,1873.10,1060.34,82.70,177.06,-1,-1,-1,-1
71,1,1653.70,1251.66,70.09,190.74,-1,-1,-1,-1
71,2,2016.31,1367.98,84.29,227.62,-1,-1,-1,-1
71,3,1748.35,1135.65,58.65,195.65,-1,-1,-1,-1
71,4,2058.98,1168.50,54.32,189.50,-1,-1,-1,-1
71,5,1722.20,1132.77,75.36,163.83,-1,-1,-1,-1
71,6,1874.61,1059.44,80.59,177.06,-1,-1,-1,-1
72,1,1653.70,1249.06,74.40,190.74,-1,-1,-1,-1
72,2,2015.88,1364.08,87.32,224.12,-1,-1,-1,-1
72,3,1747.05,1136.08,55.65,194.82,-1,-1,-1,-1
72,4,2058.54,1168.06,60.36,186.04,-1,-1,-1,-1
72,5,1726.10,1131.04,76.67,162.56,-1,-1,-1,-1
72,6,1876.72,1059.44,79.38,177.06,-1,-1,-1,-1
73,1,1660.21,1247.32,81.79,186.88,-1,-1,-1,-1
73,2,2017.62,1361.04,85.98,221.06,-1,-1,-1,-1
73,3,1746.18,1136.08,54.82,194.82,-1,-1,-1,-1
73,4,2058.11,1169.36,68.19,184.74,-1,-1,-1,-1
73,5,1734.30,1128.00,62.83,162.10,-1,-1,-1,-1
73,6,1878.23,1059.44,78.17,177.06,-1,-1,-1,-1
74,1,1660.64,1246.89,89.56,183.01,-1,-1,-1,-1
74,2,2017.62,1359.31,87.28,223.69,-1,-1,-1,-1
74,3,1745.75,1134.78,54.82,194.82,-1,-1,-1,-1
74,4,2058.11,1168.06,69.49,185.14,-1,-1,-1,-1
74,5,1742.10,1125.83,53.30,159.07,-1,-1,-1,-1
74,6,1881.54,1059.74,75.16,177.06,-1,-1,-1,-1
75,1,1666.28,1246.45,93.42,179.55,-1,-1,-1,-1
75,2,2017.18,1357.14,90.32,224.16,-1,-1,-1,-1
75,3,1744.01,1133.05,54.82,196.95,-1,-1,-1,-1
75,4,2059.85,1168.06,69.95,186.04,-1,-1,-1,-1
75,5,1743.40,1124.10,57.21,158.20,-1,-1,-1,-1
75,6,1883.65,1060.34,73.05,176.76,-1,-1,-1,-1
76,1,1668.45,1246.45,98.15,179.55,-1,-1,-1,-1
76,2,2018.92,1356.27,92.48,225.93,-1,-1,-1,-1
76,3,1739.60,1133.48,59.23,197.82,-1,-1,-1,-1
76,4,2059.41,1168.06,68.69,186.04,-1,-1,-1,-1
76,5,1742.10,1122.36,62.41,156.04,-1,-1,-1,-1
76,6,1886.96,1061.24,71.24,176.76,-1,-1,-1,-1
77,1,1671.92,1246.45,98.98,179.15,-1,-1,-1,-1
77,2,2020.22,1353.23,92.88,229.87,-1,-1,-1,-1
77,3,1739.70,1133.05,59.13,196.55,-1,-1,-1,-1
77,4,2058.98,1167.63,68.69,186.04,-1,-1,-1,-1
77,5,1741.20,1119.33,64.18,160.37,-1,-1,-1,-1
77,6,1890.28,1062.15,67.92,176.75,-1,-1,-1,-1
78,1,1675.82,1249.92,95.98,177.38,-1,-1,-1,-1
78,2,2022.82,1353.23,92.88,229.87,-1,-1,-1,-1
78,3,1737.50,1129.14,60.90,196.96,-1,-1,-1,-1
78,4,2059.41,1167.63,68.69,186.04,-1,-1,-1,-1
78,5,1747.70,1118.46,61.58,157.34,-1,-1,-1,-1
78,6,1891.48,1062.45,66.12,174.65,-1,-1,-1,-1
79,1,1677.56,1255.56,96.84,173.44,-1,-1,-1,-1
79,2,2023.69,1352.37,90.71,229.83,-1,-1,-1,-1
79,3,1736.64,1129.14,56.96,193.56,-1,-1,-1,-1
79,4,2059.41,1167.63,69.59,186.07,-1,-1,-1,-1
79,5,1754.20,1119.33,56.80,152.97,-1,-1,-1,-1
79,6,1889.37,1062.45,66.12,174.65,-1,-1,-1,-1
80,1,1682.33,1259.47,91.67,171.73,-1,-1,-1,-1
80,2,2023.69,1350.63,91.61,233.27,-1,-1,-1,-1
80,3,1732.30,1126.97,68.20,193.53,-1,-1,-1,-1
80,4,2059.85,1167.63,69.58,186.07,-1,-1,-1,-1
80,5,1759.00,1118.89,60.30,149.91,-1,-1,-1,-1
80,6,1892.08,1063.05,66.12,174.65,-1,-1,-1,-1
81,1,1684.50,1258.60,89.10,171.30,-1,-1,-1,-1
81,2,2024.12,1346.72,92.48,233.68,-1,-1,-1,-1
81,3,1729.70,1124.80,73.90,193.50,-1,-1,-1,-1
81,4,2060.28,1167.63,69.59,186.07,-1,-1,-1,-1
81,5,1758.97,1120.20,67.63,144.30,-1,-1,-1,-1
81,6,1891.18,1063.05,66.12,174.65,-1,-1,-1,-1
82,1,1687.54,1262.07,85.66,167.43,-1,-1,-1,-1
82,2,2026.72,1344.55,93.78,233.65,-1,-1,-1,-1
82,3,1731.00,1121.33,78.70,193.47,-1,-1,-1,-1
82,4,2058.98,1166.76,69.58,186.07,-1,-1,-1,-1
82,5,1759.80,1119.76,73.30,141.74,-1,-1,-1,-1
82,6,1888.50,1063.05,68.80,174.35,-1,-1,-1,-1
83,1,1686.23,1262.07,87.37,164.83,-1,-1,-1,-1
83,2,2025.42,1344.12,93.78,233.65,-1,-1,-1,-1
83,3,1734.47,1117.43,77.83,193.07,-1,-1,-1,-1
83,4,2062.00,1166.76,66.56,186.04,-1,-1,-1,-1
83,5,1762.40,1119.33,74.60,140.47,-1,-1,-1,-1
83,6,1886.70,1063.65,69.70,174.35,-1,-1,-1,-1
84,1,1686.23,1260.77,86.07,164.83,-1,-1,-1,-1
84,2,2027.16,1340.65,93.77,233.65,-1,-1,-1,-1
84,3,1736.21,1113.53,80.39,194.37,-1,-1,-1,-1
84,4,2062.00,1164.20,66.56,188.60,-1,-1,-1,-1
84,5,1762.80,1118.46,77.20,147.84,-1,-1,-1,-1
84,6,1885.79,1066.36,69.70,170.74,-1,-1,-1,-1
85,1,1687.97,1256.87,83.93,167.03,-1,-1,-1,-1
85,2,2031.06,1337.61,90.34,232.79,-1,-1,-1,-1
85,3,1734.90,1106.15,81.70,198.25,-1,-1,-1,-1
85,4,2062.00,1164.60,66.56,188.20,-1,-1,-1,-1
85,5,1761.50,1118.89,79.80,147.81,-1,-1,-1,-1
85,6,1885.80,1069.68,69.09,169.22,-1,-1,-1,-1
86,1,1687.10,1246.45,84.80,178.75,-1,-1,-1,-1
86,2,2032.37,1336.31,88.63,229.29,-1,-1,-1,-1
86,3,1738.38,1103.55,82.52,194.75,-1,-1,-1,-1
86,4,2062.00,1164.20,66.56,188.60,-1,-1,-1,-1
86,5,1762.00,1117.16,79.70,149.54,-1,-1,-1,-1
86,6,1884.00,1069.68,73.30,168.62,-1,-1,-1,-1
87,1,1688.40,1237.34,83.50,188.26,-1,-1,-1,-1
87,2,2031.93,1335.01,89.47,226.29,-1,-1,-1,-1
87,3,1741.40,1100.95,82.10,194.75,-1,-1,-1,-1
87,4,2066.77,1162.90,60.93,190.30,-1,-1,-1,-1
87,5,1762.40,1114.99,79.70,152.51,-1,-1,-1,-1
87,6,1885.50,1069.38,73.91,168.62,-1,-1,-1,-1
88,1,1688.84,1227.36,83.46,197.84,-1,-1,-1,-1
88,2,2035.40,1332.41,88.20,219.39,-1,-1,-1,-1
88,3,1750.08,1100.51,73.92,194.75,-1,-1,-1,-1
88,4,2070.68,1161.16,57.02,192.44,-1,-1,-1,-1
88,5,1765.87,1113.26,76.20,155.51,-1,-1,-1,-1
88,6,1885.20,1069.38,77.22,168.62,-1,-1,-1,-1
89,1,1690.57,1214.35,80.83,208.65,-1,-1,-1,-1
89,2,2034.54,1329.37,88.66,215.53,-1,-1,-1,-1
89,3,1744.90,1100.51,81.27,192.59,-1,-1,-1,-1
89,4,2074.58,1161.16,53.52,192.44,-1,-1,-1,-1
89,5,1768.47,1113.26,74.03,155.54,-1,-1,-1,-1
89,6,1886.70,1068.80,81.74,169.20,-1,-1,-1,-1
90,1,1692.31,1200.90,79.99,219.10,-1,-1,-1,-1
90,2,2036.27,1326.77,88.63,214.63,-1,-1,-1,-1
90,3,1743.60,1099.21,86.47,190.89,-1,-1,-1,-1
90,4,2079.35,1158.99,48.75,194.61,-1,-1,-1,-1
90,5,1773.24,1111.96,69.26,154.24,-1,-1,-1,-1
90,6,1887.60,1066.06,83.85,170.74,-1,-1,-1,-1
91,1,1696.21,1184.42,74.39,230.38,-1,-1,-1,-1
91,2,2036.70,1324.60,86.50,214.20,-1,-1,-1,-1
91,3,1738.80,1101.81,86.93,187.89,-1,-1,-1,-1
91,4,2081.95,1157.69,44.85,196.81,-1,-1,-1,-1
91,5,1779.70,1110.66,61.93,150.74,-1,-1,-1,-1
91,6,1884.30,1064.26,85.64,172.84,-1,-1,-1,-1
92,1,1697.51,1170.54,72.19,240.76,-1,-1,-1,-1
92,2,2037.14,1320.69,87.76,218.51,-1,-1,-1,-1
92,3,1736.60,1101.81,85.66,187.89,-1,-1,-1,-1
92,4,2081.95,1156.39,45.75,198.11,-1,-1,-1,-1
92,5,1784.50,1109.36,57.13,151.64,-1,-1,-1,-1
92,6,1887.31,1063.05,82.59,173.75,-1,-1,-1,-1
93,1,1692.74,1160.56,75.66,247.24,-1,-1,-1,-1
93,2,2037.14,1318.09,86.86,221.51,-1,-1,-1,-1
93,3,1734.00,1103.98,81.76,185.72,-1,-1,-1,-1
93,4,2081.09,1156.39,47.51,198.11,-1,-1,-1,-1
93,5,1793.60,1109.36,56.27,150.34,-1,-1,-1,-1
93,6,1895.45,1061.55,75.05,175.85,-1,-1,-1,-1
94,1,1697.51,1141.04,67.39,261.96,-1,-1,-1,-1
94,2,2036.70,1317.22,86.40,221.48,-1,-1,-1,-1
94,3,1737.90,1103.98,79.16,185.72,-1,-1,-1,-1
94,4,2078.92,1155.09,48.78,198.11,-1,-1,-1,-1
94,5,1794.00,1109.36,65.85,151.64,-1,-1,-1,-1
94,6,1904.79,1060.04,66.61,176.76,-1,-1,-1,-1
95,1,1699.08,1147.81,65.82,250.49,-1,-1,-1,-1
95,2,2036.27,1315.92,87.73,221.48,-1,-1,-1,-1
95,3,1736.60,1101.81,76.10,188.29,-1,-1,-1,-1
95,4,2080.22,1152.92,47.88,201.58,-1,-1,-1,-1
95,5,1791.40,1109.36,73.22,154.24,-1,-1,-1,-1
95,6,1915.03,1059.14,55.77,177.66,-1,-1,-1,-1
96,1,1698.55,1141.04,66.35,252.56,-1,-1,-1,-1
96,2,2036.27,1313.75,87.73,224.05,-1,-1,-1,-1
96,3,1739.20,1098.34,72.20,192.66,-1,-1,-1,-1
96,4,2077.18,1152.49,49.22,200.31,-1,-1,-1,-1
96,5,1791.40,1109.79,76.69,156.81,-1,-1,-1,-1
96,6,1922.26,1057.63,48.54,179.47,-1,-1,-1,-1
97,1,1697.51,1137.40,64.29,255.70,-1,-1,-1,-1
97,2,2036.27,1312.89,87.73,224.04,-1,-1,-1,-1
97,3,1742.20,1097.04,70.07,192.66,-1,-1,-1,-1
97,4,2075.88,1150.32,50.52,202.88,-1,-1,-1,-1
97,5,1792.70,1109.79,74.50,161.11,-1,-1,-1,-1
97,6,1924.07,1057.33,46.13,179.77,-1,-1,-1,-1
98,1,1696.47,1136.88,65.33,252.62,-1,-1,-1,-1
98,2,2036.27,1310.28,85.13,227.52,-1,-1,-1,-1
98,3,1744.37,1097.04,70.07,192.66,-1,-1,-1,-1
98,4,2075.01,1148.15,50.49,203.35,-1,-1,-1,-1
98,5,1797.04,1109.79,69.26,163.71,-1,-1,-1,-1
98,6,1924.67,1057.33,48.53,179.77,-1,-1,-1,-1
99,1,1696.47,1136.88,64.83,252.62,-1,-1,-1,-1
99,2,2035.40,1307.68,83.80,227.92,-1,-1,-1,-1
99,3,1746.54,1097.04,70.06,192.66,-1,-1,-1,-1
99,4,2074.58,1145.55,49.22,203.35,-1,-1,-1,-1
99,5,1799.21,1109.36,64.09,165.84,-1,-1,-1,-1
99,6,1924.07,1057.33,56.03,178.27,-1,-1,-1,-1
100,1,1698.55,1139.48,65.85,251.62,-1,-1,-1,-1
100,2,2036.27,1308.55,82.03,224.45,-1,-1,-1,-1
100,3,1743.50,1097.91,70.07,192.66,-1,-1,-1,-1
100,4,2074.58,1142.95,48.82,205.05,-1,-1,-1,-1
100,5,1800.95,1110.66,56.25,167.14,-1,-1,-1,-1
100,6,1923.77,1057.33,61.13,178.27,-1,-1,-1,-1
101,1,1698.04,1144.68,66.86,246.42,-1,-1,-1,-1
101,2,2036.34,1305.29,81.60,224.43,-1,-1,-1,-1
101,3,1740.90,1099.21,71.80,192.19,-1,-1,-1,-1
101,4,2072.76,1141.91,49.04,199.99,-1,-1,-1,-1
101,5,1799.21,1111.09,56.25,167.14,-1,-1,-1,-1
101,6,1923.77,1057.33,66.83,179.17,-1,-1,-1,-1
102,1,1699.77,1148.15,62.53,247.25,-1,-1,-1,-1
102,2,2035.98,1303.48,81.60,224.43,-1,-1,-1,-1
102,3,1739.20,1100.51,73.93,189.59,-1,-1,-1,-1
102,4,2072.76,1141.91,49.04,198.29,-1,-1,-1,-1
102,5,1802.25,1111.09,52.75,168.91,-1,-1,-1,-1
102,6,1926.80,1056.68,66.60,179.17,-1,-1,-1,-1
103,1,1698.90,1154.23,64.30,243.77,-1,-1,-1,-1
103,2,2034.90,1300.59,81.59,224.42,-1,-1,-1,-1
103,3,1737.90,1100.51,73.93,189.59,-1,-1,-1,-1
103,4,2074.10,1139.30,52.04,197.40,-1,-1,-1,-1
103,5,1805.28,1111.53,51.02,168.87,-1,-1,-1,-1
103,6,1929.84,1056.03,66.36,179.17,-1,-1,-1,-1
104,1,1698.47,1162.47,66.03,244.63,-1,-1,-1,-1
104,2,2033.81,1295.89,81.60,224.43,-1,-1,-1,-1
104,3,1741.37,1100.51,73.93,189.59,-1,-1,-1,-1
104,4,2070.60,1138.00,55.98,192.60,-1,-1,-1,-1
104,5,1803.98,1111.53,54.02,169.77,-1,-1,-1,-1
104,6,1930.71,1055.59,66.36,179.18,-1,-1,-1,-1
105,1,1698.47,1171.58,68.23,240.72,-1,-1,-1,-1
105,2,2033.81,1293.72,81.60,219.68,-1,-1,-1,-1
105,3,1738.80,1097.47,79.97,191.73,-1,-1,-1,-1
105,4,2068.00,1136.27,58.57,191.73,-1,-1,-1,-1
105,5,1804.41,1111.09,51.89,169.81,-1,-1,-1,-1
105,6,1932.44,1053.86,66.36,176.54,-1,-1,-1,-1
106,1,1696.73,1181.12,70.37,234.18,-1,-1,-1,-1
106,2,2032.73,1292.64,81.59,213.56,-1,-1,-1,-1
106,3,1740.10,1092.27,79.97,197.33,-1,-1,-1,-1
106,4,2066.26,1134.96,58.58,191.74,-1,-1,-1,-1
106,5,1808.75,1110.66,49.25,169.84,-1,-1,-1,-1
106,6,1934.18,1053.42,66.36,174.38,-1,-1,-1,-1
107,1,1695.00,1196.31,70.80,220.29,-1,-1,-1,-1
107,2,2031.28,1291.55,81.60,208.15,-1,-1,-1,-1
107,3,1738.37,1088.80,79.97,197.33,-1,-1,-1,-1
107,4,2061.92,1134.10,60.28,191.30,-1,-1,-1,-1
107,5,1807.88,1110.66,49.25,169.84,-1,-1,-1,-1
107,6,1934.61,1051.69,63.29,173.51,-1,-1,-1,-1
108,1,1696.30,1211.49,69.10,204.71,-1,-1,-1,-1
108,2,2030.92,1289.75,81.59,208.14,-1,-1,-1,-1
108,3,1733.60,1087.06,82.13,193.84,-1,-1,-1,-1
108,4,2064.53,1133.23,60.27,191.30,-1,-1,-1,-1
108,5,1807.88,1110.66,49.25,169.84,-1,-1,-1,-1
108,6,1935.48,1050.39,62.42,170.01,-1,-1,-1,-1
109,1,1695.00,1225.37,70.00,191.23,-1,-1,-1,-1
109,2,2030.92,1289.75,81.59,208.14,-1,-1,-1,-1
109,3,1728.80,1086.63,83.03,189.47,-1,-1,-1,-1
109,4,2061.92,1132.36,60.28,191.31,-1,-1,-1,-1
109,5,1807.88,1110.66,49.25,169.84,-1,-1,-1,-1
109,6,1935.91,1047.78,61.59,166.52,-1,-1,-1,-1
110,1,1698.47,1226.67,66.53,189.93,-1,-1,-1,-1
110,2,2030.92,1289.75,81.59,208.14,-1,-1,-1,-1
110,3,1730.10,1084.89,80.86,189.51,-1,-1,-1,-1
110,4,2061.49,1132.36,60.28,191.31,-1,-1,-1,-1
110,5,1811.80,1110.66,45.33,169.84,-1,-1,-1,-1
110,6,1933.74,1046.48,65.46,167.42,-1,-1,-1,-1
111,1,1703.24,1223.20,60.86,192.50,-1,-1,-1,-1
111,2,2031.28,1284.68,81.60,212.12,-1,-1,-1,-1
111,3,1734.00,1080.55,79.13,189.55,-1,-1,-1,-1
111,4,2061.92,1131.06,60.28,191.30,-1,-1,-1,-1
111,5,1812.25,1110.66,44.88,169.84,-1,-1,-1,-1
111,6,1931.57,1046.05,71.13,167.45,-1,-1,-1,-1
112,1,1703.24,1218.86,68.26,197.74,-1,-1,-1,-1
112,2,2031.28,1284.68,81.60,212.12,-1,-1,-1,-1
112,3,1740.90,1078.38,78.30,186.12,-1,-1,-1,-1
112,4,2061.92,1129.76,60.28,191.30,-1,-1,-1,-1
112,5,1812.70,1110.66,44.43,169.84,-1,-1,-1,-1
112,6,1927.24,1046.05,76.36,167.45,-1,-1,-1,-1
113,1,1699.34,1217.99,75.66,198.21,-1,-1,-1,-1
113,2,2031.28,1284.68,81.60,212.12,-1,-1,-1,-1
113,3,1737.40,1076.65,87.01,181.75,-1,-1,-1,-1
113,4,2060.19,1129.76,60.27,191.30,-1,-1,-1,-1
113,5,1812.70,1110.66,44.43,169.84,-1,-1,-1,-1
113,6,1920.29,1046.92,84.61,166.98,-1,-1,-1,-1
114,1,1700.21,1216.69,77.39,197.81,-1,-1,-1,-1
114,2,2033.80,1282.90,79.08,213.90,-1,-1,-1,-1
114,3,1738.30,1072.31,93.48,181.79,-1,-1,-1,-1
114,4,2058.02,1128.89,60.28,191.30,-1,-1,-1,-1
114,5,1812.70,1110.66,47.50,169.84,-1,-1,-1,-1
114,6,1911.19,1051.25,94.11,165.25,-1,-1,-1,-1
115,1,1703.24,1213.65,74.76,203.05,-1,-1,-1,-1
115,2,2034.17,1280.35,81.60,216.45,-1,-1,-1,-1
115,3,1740.90,1067.97,94.79,181.83,-1,-1,-1,-1
115,4,2058.02,1126.72,61.98,195.18,-1,-1,-1,-1
115,5,1812.70,1110.66,50.10,169.84,-1,-1,-1,-1
115,6,1904.24,1052.99,100.66,162.21,-1,-1,-1,-1
116,1,1705.85,1213.22,72.15,202.18,-1,-1,-1,-1
116,2,2034.17,1279.26,81.60,216.46,-1,-1,-1,-1
116,3,1737.40,1065.37,84.40,182.23,-1,-1,-1,-1
116,4,2054.55,1126.29,70.65,193.41,-1,-1,-1,-1
116,5,1812.70,1110.66,55.30,169.84,-1,-1,-1,-1
116,6,1903.81,1056.89,100.19,157.41,-1,-1,-1,-1
117,1,1707.15,1211.49,72.15,203.51,-1,-1,-1,-1
117,2,2033.81,1277.45,81.60,218.95,-1,-1,-1,-1
117,3,1741.70,1063.20,79.24,181.80,-1,-1,-1,-1
117,4,2051.08,1125.86,75.82,191.64,-1,-1,-1,-1
117,5,1812.70,1110.66,61.80,169.84,-1,-1,-1,-1
117,6,1900.77,1057.33,103.63,157.87,-1,-1,-1,-1
118,1,1706.71,1210.62,70.89,203.98,-1,-1,-1,-1
118,2,2033.81,1275.65,81.60,216.45,-1,-1,-1,-1
118,3,1743.90,1061.03,80.07,183.07,-1,-1,-1,-1
118,4,2050.64,1123.25,78.46,190.35,-1,-1,-1,-1
118,5,1812.70,1108.50,67.40,172.00,-1,-1,-1,-1
118,6,1897.30,1058.19,107.50,157.41,-1,-1,-1,-1
119,1,1709.32,1211.05,67.88,203.95,-1,-1,-1,-1
119,2,2035.98,1273.48,81.60,216.45,-1,-1,-1,-1
119,3,1747.00,1059.99,87.90,178.41,-1,-1,-1,-1
119,4,2048.91,1121.08,84.49,188.22,-1,-1,-1,-1
119,5,1812.70,1106.80,73.90,173.70,-1,-1,-1,-1
119,6,1897.30,1058.63,108.40,156.07,-1,-1,-1,-1
120,1,1707.15,1210.62,73.05,204.78,-1,-1,-1,-1
120,2,2036.70,1269.86,81.60,216.45,-1,-1,-1,-1
120,3,1754.30,1058.95,81.12,173.75,-1,-1,-1,-1
120,4,2046.31,1120.21,89.29,180.89,-1,-1,-1,-1
120,5,1812.70,1106.40,76.90,174.10,-1,-1,-1,-1
120,6,1896.87,1054.29,107.53,156.11,-1,-1,-1,-1
121,1,1704.11,1210.62,79.59,204.78,-1,-1,-1,-1
121,2,2037.07,1268.05,81.59,212.85,-1,-1,-1,-1
121,3,1759.90,1055.48,76.83,169.82,-1,-1,-1,-1
121,4,2045.44,1117.18,91.06,178.32,-1,-1,-1,-1
121,5,1812.70,1106.40,79.90,174.10,-1,-1,-1,-1
121,6,1894.27,1051.69,110.53,157.01,-1,-1,-1,-1
122,1,1702.81,1210.19,83.49,202.61,-1,-1,-1,-1
122,2,2035.98,1266.61,81.60,208.19,-1,-1,-1,-1
122,3,1775.08,1049.84,90.72,169.82,-1,-1,-1,-1
122,4,2044.57,1115.01,92.83,180.89,-1,-1,-1,-1
122,5,1812.70,1106.40,77.70,174.10,-1,-1,-1,-1
122,6,1885.59,1047.35,112.71,158.75,-1,-1,-1,-1
123,1,1701.94,1208.45,86.96,202.65,-1,-1,-1,-1
123,2,2032.73,1264.08,83.07,204.62,-1,-1,-1,-1
123,3,1774.70,1045.93,98.48,169.87,-1,-1,-1,-1
123,4,2045.88,1114.14,93.22,181.76,-1,-1,-1,-1
123,5,1812.70,1106.40,79.40,174.10,-1,-1,-1,-1
123,6,1880.38,1044.74,104.02,163.06,-1,-1,-1,-1
124,1,1700.21,1205.85,93.49,202.65,-1,-1,-1,-1
124,2,2033.09,1261.91,83.11,199.89,-1,-1,-1,-1
124,3,1773.80,1042.46,102.84,168.14,-1,-1,-1,-1
124,4,2045.44,1112.84,91.96,181.76,-1,-1,-1,-1
124,5,1810.50,1105.50,81.60,175.00,-1,-1,-1,-1
124,6,1877.35,1040.84,97.95,163.46,-1,-1,-1,-1
125,1,1700.64,1202.38,94.76,200.92,-1,-1,-1,-1
125,2,2030.92,1260.10,82.38,199.90,-1,-1,-1,-1
125,3,1777.30,1041.60,104.55,165.10,-1,-1,-1,-1
125,4,2044.14,1112.40,91.96,181.77,-1,-1,-1,-1
125,5,1810.50,1105.10,76.40,175.40,-1,-1,-1,-1
125,6,1872.14,1038.67,98.86,163.43,-1,-1,-1,-1
126,1,1704.98,1200.64,91.32,201.76,-1,-1,-1,-1
126,2,2028.75,1258.66,82.75,199.94,-1,-1,-1,-1
126,3,1777.30,1038.56,114.10,162.54,-1,-1,-1,-1
126,4,2043.71,1111.97,92.39,181.73,-1,-1,-1,-1
126,5,1810.50,1104.20,71.20,176.30,-1,-1,-1,-1
126,6,1866.94,1036.50,98.86,161.30,-1,-1,-1,-1
127,1,1709.32,1197.61,81.78,198.29,-1,-1,-1,-1
127,2,2025.86,1256.85,86.74,203.55,-1,-1,-1,-1
127,3,1775.60,1036.83,116.23,161.27,-1,-1,-1,-1
127,4,2042.84,1111.97,91.96,181.73,-1,-1,-1,-1
127,5,1810.50,1102.00,65.10,178.50,-1,-1,-1,-1
127,6,1864.34,1034.33,93.66,158.67,-1,-1,-1,-1
128,1,1711.92,1195.00,76.18,194.00,-1,-1,-1,-1
128,2,2024.05,1255.40,87.15,203.60,-1,-1,-1,-1
128,3,1783.40,1035.53,110.60,153.07,-1,-1,-1,-1
128,4,2044.58,1111.10,93.72,181.70,-1,-1,-1,-1
128,5,1810.50,1101.60,59.90,178.90,-1,-1,-1,-1
128,6,1858.26,1033.90,92.34,156.10,-1,-1,-1,-1
129,1,1709.75,1194.13,75.35,191.87,-1,-1,-1,-1
129,2,2025.50,1253.96,86.40,205.74,-1,-1,-1,-1
129,3,1785.60,1034.22,101.89,170.38,-1,-1,-1,-1
129,4,2045.44,1109.80,89.36,181.70,-1,-1,-1,-1
129,5,1810.50,1101.60,62.50,178.90,-1,-1,-1,-1
129,6,1852.19,1033.46,88.01,154.84,-1,-1,-1,-1
130,1,1711.92,1191.53,74.48,190.57,-1,-1,-1,-1
130,2,2023.33,1252.51,86.37,206.49,-1,-1,-1,-1
130,3,1791.70,1034.22,90.15,169.08,-1,-1,-1,-1
130,4,2045.44,1107.63,86.36,178.27,-1,-1,-1,-1
130,5,1810.50,1101.60,56.40,175.90,-1,-1,-1,-1
130,6,1847.85,1033.03,84.55,154.87,-1,-1,-1,-1
131,1,1713.66,1190.66,71.84,191.04,-1,-1,-1,-1
131,2,2024.77,1252.51,83.83,206.49,-1,-1,-1,-1
131,3,1797.30,1035.09,85.90,166.91,-1,-1,-1,-1
131,4,2044.57,1106.33,84.23,177.37,-1,-1,-1,-1
131,5,1810.50,1101.60,56.40,174.20,-1,-1,-1,-1
131,6,1842.21,1033.90,81.49,154.90,-1,-1,-1,-1
132,1,1713.22,1189.36,72.28,191.04,-1,-1,-1,-1
132,2,2024.41,1250.34,83.09,209.36,-1,-1,-1,-1
132,3,1798.20,1035.52,92.30,165.18,-1,-1,-1,-1
132,4,2045.44,1105.46,85.56,176.94,-1,-1,-1,-1
132,5,1810.50,1101.60,56.80,171.60,-1,-1,-1,-1
132,6,1832.23,1035.20,80.17,152.30,-1,-1,-1,-1
133,1,1714.52,1187.62,69.68,194.98,-1,-1,-1,-1
133,2,2025.13,1248.53,81.27,211.17,-1,-1,-1,-1
133,3,1798.60,1035.52,96.30,165.18,-1,-1,-1,-1
133,4,2044.57,1103.30,84.73,176.90,-1,-1,-1,-1
133,5,1809.63,1100.73,61.57,169.47,-1,-1,-1,-1
133,6,1831.37,1034.77,77.13,153.13,-1,-1,-1,-1
134,1,1714.96,1186.32,70.14,194.58,-1,-1,-1,-1
134,2,2024.41,1247.09,80.89,209.31,-1,-1,-1,-1
134,3,1798.60,1035.52,102.40,161.68,-1,-1,-1,-1
134,4,2047.18,1099.83,81.72,176.87,-1,-1,-1,-1
134,5,1810.06,1099.43,57.64,170.37,-1,-1,-1,-1
134,6,1827.89,1034.77,78.01,153.13,-1,-1,-1,-1
135,1,1713.65,1184.59,71.45,197.21,-1,-1,-1,-1
135,2,2023.33,1245.64,79.07,208.56,-1,-1,-1,-1
135,3,1798.60,1035.52,102.00,160.78,-1,-1,-1,-1
135,4,2044.57,1098.09,81.73,176.87,-1,-1,-1,-1
135,5,1810.06,1098.13,61.54,171.67,-1,-1,-1,-1
135,6,1826.59,1031.73,77.11,153.17,-1,-1,-1,-1
136,1,1712.79,1184.15,72.71,197.25,-1,-1,-1,-1
136,2,2022.24,1244.56,78.36,207.14,-1,-1,-1,-1
136,3,1798.60,1034.66,105.00,160.34,-1,-1,-1,-1
136,4,2044.14,1097.22,81.72,176.88,-1,-1,-1,-1
136,5,1810.93,1094.23,64.97,175.57,-1,-1,-1,-1
136,6,1825.73,1028.69,72.77,153.21,-1,-1,-1,-1
137,1,1711.49,1183.72,71.41,197.28,-1,-1,-1,-1
137,2,2020.07,1242.39,79.83,207.11,-1,-1,-1,-1
137,3,1800.34,1033.79,103.26,160.31,-1,-1,-1,-1
137,4,2041.97,1095.92,81.72,176.87,-1,-1,-1,-1
137,5,1811.80,1094.23,69.30,175.57,-1,-1,-1,-1
137,6,1821.80,1025.65,75.80,156.65,-1,-1,-1,-1
138,1,1710.19,1183.29,70.51,195.51,-1,-1,-1,-1
138,2,2019.35,1240.22,78.35,207.08,-1,-1,-1,-1
138,3,1799.90,1032.05,100.70,162.05,-1,-1,-1,-1
138,4,2043.71,1092.88,81.72,176.88,-1,-1,-1,-1
138,5,1811.80,1095.53,71.90,172.57,-1,-1,-1,-1
138,6,1820.09,1021.32,77.51,157.48,-1,-1,-1,-1
139,1,1708.88,1182.42,71.42,195.48,-1,-1,-1,-1
139,2,2019.35,1238.77,78.35,206.03,-1,-1,-1,-1
139,3,1802.94,1031.19,97.66,163.81,-1,-1,-1,-1
139,4,2043.71,1091.15,81.72,178.15,-1,-1,-1,-1
139,5,1813.54,1095.53,71.06,172.97,-1,-1,-1,-1
139,6,1820.96,1019.15,76.24,160.05,-1,-1,-1,-1
140,1,1708.88,1179.38,71.82,195.52,-1,-1,-1,-1
140,2,2019.35,1236.60,77.95,200.20,-1,-1,-1,-1
140,3,1805.54,1029.02,96.76,164.28,-1,-1,-1,-1
140,4,2043.28,1088.54,81.72,182.06,-1,-1,-1,-1
140,5,1813.10,1095.09,68.50,172.51,-1,-1,-1,-1
140,6,1817.48,1017.85,74.92,159.65,-1,-1,-1,-1
141,1,1709.75,1178.08,70.55,193.32,-1,-1,-1,-1
141,2,2017.18,1232.98,77.95,200.20,-1,-1,-1,-1
141,3,1812.05,1025.55,91.15,169.45,-1,-1,-1,-1
141,4,2040.24,1087.24,81.72,184.26,-1,-1,-1,-1
141,5,1815.70,1095.53,66.30,172.47,-1,-1,-1,-1
141,6,1814.45,1014.81,76.25,163.59,-1,-1,-1,-1
142,1,1709.75,1175.91,69.25,193.29,-1,-1,-1,-1
142,2,2020.44,1232.62,73.26,195.88,-1,-1,-1,-1
142,3,1815.52,1022.08,86.38,172.02,-1,-1,-1,-1
142,4,2036.77,1084.64,81.72,184.26,-1,-1,-1,-1
142,5,1817.44,1095.53,64.96,171.57,-1,-1,-1,-1
142,6,1811.85,1013.95,77.15,163.55,-1,-1,-1,-1
143,1,1709.75,1172.01,67.92,189.43,-1,-1,-1,-1
143,2,2021.52,1230.09,72.18,195.51,-1,-1,-1,-1
143,3,1828.10,1021.64,75.10,171.16,-1,-1,-1,-1
143,4,2040.30,1085.07,72.12,184.26,-1,-1,-1,-1
143,5,1817.90,1094.23,65.80,168.97,-1,-1,-1,-1
143,6,1810.11,1013.08,77.15,163.55,-1,-1,-1,-1
