0,1,2021.40,1078.40,73.19,194.67,-1,-1,-1,-1
0,2,2088.20,1263.20,73.10,227.10,-1,-1,-1,-1
0,3,2125.50,1610.00,133.90,294.60,-1,-1,-1,-1
0,4,2343.61,1076.36,70.19,186.54,-1,-1,-1,-1
0,5,2567.80,1103.50,53.69,187.67,-1,-1,-1,-1
0,6,2505.10,1357.70,109.70,211.70,-1,-1,-1,-1
1,1,2022.40,1078.70,72.20,194.00,-1,-1,-1,-1
1,2,2089.38,1261.00,70.22,228.50,-1,-1,-1,-1
1,3,2127.70,1609.70,139.90,293.93,-1,-1,-1,-1
1,4,2344.20,1076.40,70.10,186.50,-1,-1,-1,-1
1,5,2566.80,1104.50,54.50,186.20,-1,-1,-1,-1
1,6,2502.40,1359.90,109.90,211.50,-1,-1,-1,-1
2,1,2024.20,1078.80,70.70,193.80,-1,-1,-1,-1
2,2,2087.66,1259.20,70.64,227.40,-1,-1,-1,-1
2,3,2131.80,1609.67,141.40,293.63,-1,-1,-1,-1
2,4,2345.20,1076.50,68.40,186.90,-1,-1,-1,-1
2,5,2564.00,1104.80,56.56,186.10,-1,-1,-1,-1
2,6,2499.70,1362.10,108.90,214.40,-1,-1,-1,-1
3,1,2026.04,1078.91,69.26,193.59,-1,-1,-1,-1
3,2,2085.08,1256.80,71.02,226.60,-1,-1,-1,-1
3,3,2136.20,1609.00,150.38,292.72,-1,-1,-1,-1
3,4,2347.30,1076.50,66.70,186.90,-1,-1,-1,-1
3,5,2561.40,1105.50,59.00,184.50,-1,-1,-1,-1
3,6,2499.40,1365.00,104.30,212.10,-1,-1,-1,-1
4,1,2026.00,1078.90,69.30,193.12,-1,-1,-1,-1
4,2,2082.49,1254.20,72.71,225.10,-1,-1,-1,-1
4,3,2142.40,1603.80,156.50,297.50,-1,-1,-1,-1
4,4,2348.30,1076.40,65.70,186.70,-1,-1,-1,-1
4,5,2560.70,1105.50,59.20,184.50,-1,-1,-1,-1
4,6,2499.40,1368.00,102.10,209.00,-1,-1,-1,-1
5,1,2025.20,1079.00,69.74,192.66,-1,-1,-1,-1
5,2,2078.62,1250.80,74.88,224.00,-1,-1,-1,-1
5,3,2148.09,1606.10,160.21,294.60,-1,-1,-1,-1
5,4,2349.20,1076.40,64.80,187.10,-1,-1,-1,-1
5,5,2559.10,1105.90,59.90,184.10,-1,-1,-1,-1
5,6,2499.40,1369.80,101.10,207.00,-1,-1,-1,-1
6,1,2023.70,1079.30,70.80,192.36,-1,-1,-1,-1
6,2,2074.31,1248.95,77.69,220.05,-1,-1,-1,-1
6,3,2151.70,1604.80,151.90,295.90,-1,-1,-1,-1
6,4,2350.90,1076.40,63.10,188.00,-1,-1,-1,-1
6,5,2555.93,1106.30,61.87,184.27,-1,-1,-1,-1
6,6,2499.40,1372.10,98.20,204.40,-1,-1,-1,-1
7,1,2022.81,1079.50,70.69,192.50,-1,-1,-1,-1
7,2,2069.30,1246.79,81.60,215.31,-1,-1,-1,-1
7,3,2155.20,1602.95,143.80,297.95,-1,-1,-1,-1
7,4,2351.40,1076.60,63.80,188.80,-1,-1,-1,-1
7,5,2551.97,1106.50,64.43,183.48,-1,-1,-1,-1
7,6,2499.40,1372.80,91.60,203.40,-1,-1,-1,-1
8,1,2022.90,1079.62,68.40,192.28,-1,-1,-1,-1
8,2,2063.50,1243.60,85.70,211.80,-1,-1,-1,-1
8,3,2158.42,1601.20,141.58,298.30,-1,-1,-1,-1
8,4,2352.50,1076.40,63.40,189.70,-1,-1,-1,-1
8,5,2546.90,1106.50,68.30,183.48,-1,-1,-1,-1
8,6,2498.90,1372.80,91.30,203.70,-1,-1,-1,-1
9,1,2021.38,1079.62,66.32,192.38,-1,-1,-1,-1
9,2,2058.70,1242.06,88.80,210.64,-1,-1,-1,-1
9,3,2162.60,1601.20,140.00,297.40,-1,-1,-1,-1
9,4,2353.30,1076.90,63.00,189.70,-1,-1,-1,-1
9,5,2543.06,1106.30,70.94,183.68,-1,-1,-1,-1
9,6,2499.50,1372.60,89.10,204.10,-1,-1,-1,-1
10,1,2021.70,1079.50,61.80,192.80,-1,-1,-1,-1
10,2,2055.40,1239.91,90.40,212.19,-1,-1,-1,-1
10,3,2166.70,1601.13,137.15,297.17,-1,-1,-1,-1
10,4,2354.00,1077.00,62.80,189.90,-1,-1,-1,-1
10,5,2537.01,1106.30,75.39,183.67,-1,-1,-1,-1
10,6,2499.70,1371.90,87.40,204.30,-1,-1,-1,-1
11,1,2021.50,1078.90,61.40,193.50,-1,-1,-1,-1
11,2,2053.90,1237.75,90.00,213.85,-1,-1,-1,-1
11,3,2171.60,1600.90,133.00,297.10,-1,-1,-1,-1
11,4,2353.00,1077.90,65.90,189.20,-1,-1,-1,-1
11,5,2531.47,1106.30,79.03,184.40,-1,-1,-1,-1
11,6,2500.20,1371.40,86.70,204.50,-1,-1,-1,-1
12,1,2020.70,1077.80,60.60,194.70,-1,-1,-1,-1
12,2,2050.50,1236.89,91.60,214.41,-1,-1,-1,-1
12,3,2176.60,1599.90,127.70,298.10,-1,-1,-1,-1
12,4,2353.00,1077.90,67.20,189.20,-1,-1,-1,-1
12,5,2525.42,1106.30,83.18,184.40,-1,-1,-1,-1
12,6,2500.00,1371.00,86.60,204.70,-1,-1,-1,-1
13,1,2020.40,1077.90,60.40,194.20,-1,-1,-1,-1
13,2,2048.90,1234.30,92.00,217.00,-1,-1,-1,-1
13,3,2182.20,1598.60,121.90,297.90,-1,-1,-1,-1
13,4,2353.00,1077.90,67.20,189.20,-1,-1,-1,-1
13,5,2520.24,1105.96,86.26,184.39,-1,-1,-1,-1
13,6,2500.00,1370.10,87.60,205.50,-1,-1,-1,-1
14,1,2019.00,1077.60,62.00,195.63,-1,-1,-1,-1
14,2,2047.90,1233.44,91.10,217.36,-1,-1,-1,-1
14,3,2183.50,1599.40,120.80,296.10,-1,-1,-1,-1
14,4,2353.00,1077.90,68.20,189.20,-1,-1,-1,-1
14,5,2515.92,1105.96,88.98,184.04,-1,-1,-1,-1
14,6,2499.70,1368.70,86.50,207.50,-1,-1,-1,-1
15,1,2015.64,1077.20,62.16,195.10,-1,-1,-1,-1
15,2,2048.04,1232.58,88.96,217.12,-1,-1,-1,-1
15,3,2170.60,1595.00,133.50,300.00,-1,-1,-1,-1
15,4,2353.00,1077.90,69.40,189.20,-1,-1,-1,-1
15,5,2512.20,1105.96,93.20,184.04,-1,-1,-1,-1
15,6,2500.00,1367.40,87.30,208.40,-1,-1,-1,-1
16,1,2010.70,1076.90,64.70,194.90,-1,-1,-1,-1
16,2,2047.20,1231.72,88.60,217.98,-1,-1,-1,-1
16,3,2159.20,1595.30,145.60,299.10,-1,-1,-1,-1
16,4,2353.00,1078.20,70.60,188.90,-1,-1,-1,-1
16,5,2510.20,1105.96,95.20,184.04,-1,-1,-1,-1
16,6,2499.90,1365.90,87.30,208.90,-1,-1,-1,-1
17,1,2008.46,1076.80,64.54,196.10,-1,-1,-1,-1
17,2,2047.30,1230.43,87.26,218.20,-1,-1,-1,-1
17,3,2154.80,1592.40,152.20,302.40,-1,-1,-1,-1
17,4,2353.60,1078.20,70.80,188.90,-1,-1,-1,-1
17,5,2510.90,1105.96,94.50,184.04,-1,-1,-1,-1
17,6,2500.10,1363.80,88.20,206.10,-1,-1,-1,-1
18,1,2005.95,1077.60,65.75,195.00,-1,-1,-1,-1
18,2,2047.00,1228.71,85.80,217.29,-1,-1,-1,-1
18,3,2153.50,1591.90,156.70,302.00,-1,-1,-1,-1
18,4,2353.60,1078.60,71.00,188.50,-1,-1,-1,-1
18,5,2509.40,1105.96,96.00,184.04,-1,-1,-1,-1
18,6,2498.70,1361.70,90.20,202.90,-1,-1,-1,-1
19,1,2003.10,1078.20,67.10,194.20,-1,-1,-1,-1
19,2,2048.04,1226.12,82.86,214.48,-1,-1,-1,-1
19,3,2154.30,1589.10,158.00,304.60,-1,-1,-1,-1
19,4,2353.60,1079.10,71.00,188.00,-1,-1,-1,-1
19,5,2509.40,1105.96,95.10,184.04,-1,-1,-1,-1
19,6,2496.30,1359.70,92.50,201.80,-1,-1,-1,-1
20,1,2001.90,1078.50,67.60,193.40,-1,-1,-1,-1
20,2,2049.20,1224.30,79.20,214.60,-1,-1,-1,-1
20,3,2156.60,1584.80,158.50,308.20,-1,-1,-1,-1
20,4,2353.60,1079.60,70.80,187.50,-1,-1,-1,-1
20,5,2509.40,1105.96,94.80,184.04,-1,-1,-1,-1
20,6,2496.30,1358.20,93.00,203.30,-1,-1,-1,-1
21,1,2001.29,1078.60,68.20,193.80,-1,-1,-1,-1
21,2,2051.50,1222.30,75.70,212.00,-1,-1,-1,-1
21,3,2157.70,1584.40,159.00,307.90,-1,-1,-1,-1
21,4,2353.60,1080.30,70.80,186.80,-1,-1,-1,-1
21,5,2509.40,1105.96,92.70,184.04,-1,-1,-1,-1
21,6,2497.00,1356.30,91.40,205.20,-1,-1,-1,-1
22,1,2001.40,1078.80,66.10,193.30,-1,-1,-1,-1
22,2,2054.30,1219.70,72.30,209.50,-1,-1,-1,-1
22,3,2159.45,1585.10,158.75,307.20,-1,-1,-1,-1
22,4,2353.60,1080.70,70.80,186.40,-1,-1,-1,-1
22,5,2509.40,1105.10,91.20,184.00,-1,-1,-1,-1
22,6,2500.30,1354.10,88.30,206.90,-1,-1,-1,-1
23,1,2001.10,1078.60,64.70,194.10,-1,-1,-1,-1
23,2,2056.50,1218.00,69.60,205.20,-1,-1,-1,-1
23,3,2162.04,1585.38,156.76,306.42,-1,-1,-1,-1
23,4,2353.60,1081.10,70.80,186.00,-1,-1,-1,-1
23,5,2509.40,1104.90,86.80,184.20,-1,-1,-1,-1
23,6,2502.60,1352.90,86.00,208.10,-1,-1,-1,-1
24,1,1999.40,1077.70,65.80,195.30,-1,-1,-1,-1
24,2,2055.80,1215.79,70.40,203.91,-1,-1,-1,-1
24,3,2164.62,1583.10,153.38,306.11,-1,-1,-1,-1
24,4,2353.60,1081.60,70.40,185.50,-1,-1,-1,-1
24,5,2509.40,1104.90,81.80,183.00,-1,-1,-1,-1
24,6,2502.40,1351.70,86.00,209.70,-1,-1,-1,-1
25,1,1996.50,1076.80,68.70,196.10,-1,-1,-1,-1
25,2,2055.36,1213.63,71.34,206.27,-1,-1,-1,-1
25,3,2170.30,1580.50,147.90,303.70,-1,-1,-1,-1
25,4,2353.60,1081.60,70.40,185.50,-1,-1,-1,-1
25,5,2509.40,1104.90,74.80,183.00,-1,-1,-1,-1
25,6,2500.50,1350.10,86.70,211.30,-1,-1,-1,-1
26,1,1994.90,1075.67,69.50,196.63,-1,-1,-1,-1
26,2,2055.60,1212.60,71.90,207.70,-1,-1,-1,-1
26,3,2177.02,1578.14,144.58,300.26,-1,-1,-1,-1
26,4,2353.60,1082.10,69.70,185.00,-1,-1,-1,-1
26,5,2509.40,1104.90,69.10,183.00,-1,-1,-1,-1
26,6,2500.50,1349.20,85.90,211.80,-1,-1,-1,-1
27,1,1994.30,1075.31,69.70,196.49,-1,-1,-1,-1
27,2,2055.36,1211.10,72.74,208.80,-1,-1,-1,-1
27,3,2185.60,1575.60,140.10,293.00,-1,-1,-1,-1
27,4,2354.20,1082.50,69.10,184.60,-1,-1,-1,-1
27,5,2509.40,1104.90,62.20,186.50,-1,-1,-1,-1
27,6,2502.80,1348.00,84.50,213.00,-1,-1,-1,-1
28,1,1993.80,1074.59,70.90,196.71,-1,-1,-1,-1
28,2,2055.30,1210.00,73.00,209.50,-1,-1,-1,-1
28,3,2199.50,1573.10,130.00,287.00,-1,-1,-1,-1
28,4,2353.40,1083.20,69.60,183.10,-1,-1,-1,-1
28,5,2509.40,1104.90,61.00,190.70,-1,-1,-1,-1
28,6,2501.00,1346.60,87.30,214.40,-1,-1,-1,-1
29,1,1993.40,1074.59,71.90,197.21,-1,-1,-1,-1
29,2,2055.30,1209.33,73.30,209.57,-1,-1,-1,-1
29,3,2215.27,1570.60,116.13,281.40,-1,-1,-1,-1
29,4,2353.40,1083.20,68.20,183.10,-1,-1,-1,-1
29,5,2505.20,1105.80,64.50,193.50,-1,-1,-1,-1
29,6,2500.40,1344.90,88.90,215.20,-1,-1,-1,-1
30,1,1994.90,1074.60,70.20,197.20,-1,-1,-1,-1
30,2,2056.30,1209.30,72.50,210.00,-1,-1,-1,-1
30,3,2223.54,1568.84,108.36,277.46,-1,-1,-1,-1
30,4,2353.40,1083.20,67.60,183.10,-1,-1,-1,-1
30,5,2502.30,1106.10,65.90,196.70,-1,-1,-1,-1
30,6,2499.50,1343.70,89.80,216.40,-1,-1,-1,-1
31,1,1995.80,1074.70,70.50,196.00,-1,-1,-1,-1
31,2,2057.30,1208.47,71.07,210.23,-1,-1,-1,-1
31,3,2226.12,1567.29,107.38,278.51,-1,-1,-1,-1
31,4,2351.70,1083.20,68.30,183.10,-1,-1,-1,-1
31,5,2498.60,1107.10,67.90,199.20,-1,-1,-1,-1
31,6,2499.40,1342.00,89.90,216.50,-1,-1,-1,-1
32,1,1998.00,1074.90,69.30,195.30,-1,-1,-1,-1
32,2,2059.20,1208.47,68.50,208.93,-1,-1,-1,-1
32,3,2227.40,1564.50,108.20,280.80,-1,-1,-1,-1
32,4,2347.10,1083.20,70.80,183.10,-1,-1,-1,-1
32,5,2495.60,1108.00,68.90,199.20,-1,-1,-1,-1
32,6,2500.30,1339.60,89.90,216.60,-1,-1,-1,-1
33,1,1999.84,1074.50,67.56,196.20,-1,-1,-1,-1
33,2,2060.50,1208.04,67.20,207.16,-1,-1,-1,-1
33,3,2230.26,1563.00,106.84,282.00,-1,-1,-1,-1
33,4,2341.50,1083.41,74.70,183.09,-1,-1,-1,-1
33,5,2489.60,1108.70,72.50,199.70,-1,-1,-1,-1
33,6,2500.60,1338.10,90.80,216.70,-1,-1,-1,-1
34,1,2002.71,1074.90,64.69,195.80,-1,-1,-1,-1
34,2,2060.10,1207.00,67.50,203.60,-1,-1,-1,-1
34,3,2231.90,1562.30,108.00,282.80,-1,-1,-1,-1
34,4,2335.50,1083.41,78.80,183.09,-1,-1,-1,-1
34,5,2488.98,1109.40,71.52,199.62,-1,-1,-1,-1
34,6,2501.30,1336.40,90.10,218.40,-1,-1,-1,-1
35,1,2004.87,1075.30,61.03,195.20,-1,-1,-1,-1
35,2,2062.00,1205.40,65.80,202.10,-1,-1,-1,-1
35,3,2233.80,1560.60,107.35,285.20,-1,-1,-1,-1
35,4,2328.59,1083.41,84.01,183.09,-1,-1,-1,-1
35,5,2488.10,1110.90,69.40,197.90,-1,-1,-1,-1
35,6,2499.70,1335.30,92.20,219.50,-1,-1,-1,-1
36,1,2005.95,1075.00,58.85,196.10,-1,-1,-1,-1
36,2,2061.39,1204.59,66.51,197.11,-1,-1,-1,-1
36,3,2235.70,1560.00,106.10,285.00,-1,-1,-1,-1
36,4,2322.99,1083.10,89.21,183.60,-1,-1,-1,-1
36,5,2488.10,1111.10,67.30,197.70,-1,-1,-1,-1
36,6,2498.00,1334.10,93.30,220.70,-1,-1,-1,-1
37,1,2007.02,1075.00,58.78,196.20,-1,-1,-1,-1
37,2,2062.68,1203.30,65.32,192.40,-1,-1,-1,-1
37,3,2236.80,1558.70,105.00,285.60,-1,-1,-1,-1
37,4,2317.52,1084.09,95.08,183.01,-1,-1,-1,-1
37,5,2488.10,1111.50,64.30,197.30,-1,-1,-1,-1
37,6,2496.80,1332.60,93.80,222.00,-1,-1,-1,-1
38,1,2008.82,1075.60,58.68,195.64,-1,-1,-1,-1
38,2,2062.30,1202.00,66.00,192.50,-1,-1,-1,-1
38,3,2237.60,1557.20,104.80,286.30,-1,-1,-1,-1
38,4,2312.54,1085.80,100.46,181.60,-1,-1,-1,-1
38,5,2487.90,1112.00,62.40,196.80,-1,-1,-1,-1
38,6,2500.30,1331.00,89.60,223.60,-1,-1,-1,-1
39,1,2012.05,1076.02,56.75,195.38,-1,-1,-1,-1
39,2,2062.10,1200.30,66.40,195.00,-1,-1,-1,-1
39,3,2237.50,1555.60,105.23,285.30,-1,-1,-1,-1
39,4,2311.10,1086.40,102.30,180.60,-1,-1,-1,-1
39,5,2487.00,1112.80,60.30,196.00,-1,-1,-1,-1
39,6,2504.40,1329.30,85.50,225.30,-1,-1,-1,-1
40,1,2015.50,1076.00,56.53,194.98,-1,-1,-1,-1
40,2,2063.11,1199.90,66.79,194.90,-1,-1,-1,-1
40,3,2239.10,1552.80,104.60,283.30,-1,-1,-1,-1
40,4,2310.89,1086.40,102.71,180.60,-1,-1,-1,-1
40,5,2485.80,1112.80,59.10,196.00,-1,-1,-1,-1
40,6,2510.60,1328.00,79.10,226.60,-1,-1,-1,-1
41,1,2019.58,1075.50,57.22,195.90,-1,-1,-1,-1
41,2,2064.70,1198.99,67.10,195.41,-1,-1,-1,-1
41,3,2239.80,1551.60,104.10,275.80,-1,-1,-1,-1
41,4,2310.89,1087.00,102.11,180.00,-1,-1,-1,-1
41,5,2481.60,1112.80,60.60,196.00,-1,-1,-1,-1
41,6,2511.10,1326.80,78.60,227.80,-1,-1,-1,-1
42,1,2023.60,1075.30,56.50,196.10,-1,-1,-1,-1
42,2,2067.30,1198.13,66.20,196.37,-1,-1,-1,-1
42,3,2240.30,1549.25,104.00,274.85,-1,-1,-1,-1
42,4,2310.89,1086.35,101.81,180.65,-1,-1,-1,-1
42,5,2477.70,1113.70,61.80,195.10,-1,-1,-1,-1
42,6,2511.80,1325.90,77.60,228.70,-1,-1,-1,-1
43,1,2027.80,1076.02,54.50,195.18,-1,-1,-1,-1
43,2,2072.80,1197.30,63.30,196.70,-1,-1,-1,-1
43,3,2240.40,1547.70,103.80,271.60,-1,-1,-1,-1
43,4,2310.89,1085.70,101.51,181.30,-1,-1,-1,-1
43,5,2474.40,1114.40,62.10,194.40,-1,-1,-1,-1
43,6,2513.40,1324.90,75.70,229.70,-1,-1,-1,-1
44,1,2033.10,1076.70,51.20,194.60,-1,-1,-1,-1
44,2,2079.48,1196.01,56.62,198.29,-1,-1,-1,-1
44,3,2241.10,1546.30,103.50,265.90,-1,-1,-1,-1
44,4,2311.70,1084.00,100.10,182.20,-1,-1,-1,-1
44,5,2471.40,1115.00,61.80,193.80,-1,-1,-1,-1
44,6,2514.40,1324.30,74.70,229.90,-1,-1,-1,-1
45,1,2034.10,1076.60,51.70,194.30,-1,-1,-1,-1
45,2,2079.48,1195.90,58.92,198.10,-1,-1,-1,-1
45,3,2240.60,1544.10,103.78,263.43,-1,-1,-1,-1
45,4,2311.10,1083.40,97.60,182.40,-1,-1,-1,-1
45,5,2467.82,1115.30,62.98,193.20,-1,-1,-1,-1
45,6,2515.60,1323.60,73.50,229.10,-1,-1,-1,-1
46,1,2034.66,1076.40,52.74,194.90,-1,-1,-1,-1
46,2,2079.00,1195.58,61.60,198.92,-1,-1,-1,-1
46,3,2231.00,1542.20,113.40,264.80,-1,-1,-1,-1
46,4,2311.10,1082.10,95.00,182.70,-1,-1,-1,-1
46,5,2461.20,1115.60,65.70,193.20,-1,-1,-1,-1
46,6,2514.40,1323.10,74.70,226.90,-1,-1,-1,-1
47,1,2034.40,1076.60,53.90,194.50,-1,-1,-1,-1
47,2,2079.70,1195.80,62.30,198.10,-1,-1,-1,-1
47,3,2221.00,1539.93,123.20,267.08,-1,-1,-1,-1
47,4,2309.90,1080.40,93.10,182.20,-1,-1,-1,-1
47,5,2450.20,1115.60,73.20,193.80,-1,-1,-1,-1
47,6,2514.40,1322.20,74.70,224.80,-1,-1,-1,-1
48,1,2034.30,1075.70,59.80,195.60,-1,-1,-1,-1
48,2,2079.30,1195.40,65.30,199.10,-1,-1,-1,-1
48,3,2213.10,1537.90,131.80,269.30,-1,-1,-1,-1
48,4,2307.00,1078.90,92.70,182.50,-1,-1,-1,-1
48,5,2439.70,1115.60,82.80,193.80,-1,-1,-1,-1
48,6,2513.60,1321.50,76.60,223.00,-1,-1,-1,-1
49,1,2034.20,1075.60,63.30,195.30,-1,-1,-1,-1
49,2,2079.30,1194.50,65.60,200.10,-1,-1,-1,-1
49,3,2207.70,1535.80,137.20,271.21,-1,-1,-1,-1
49,4,2304.50,1078.10,90.80,181.00,-1,-1,-1,-1
49,5,2431.00,1115.90,91.50,193.50,-1,-1,-1,-1
49,6,2514.10,1320.50,76.60,222.10,-1,-1,-1,-1
50,1,2034.40,1075.40,64.30,195.90,-1,-1,-1,-1
50,2,2079.20,1193.70,66.80,198.30,-1,-1,-1,-1
50,3,2204.60,1534.20,140.30,272.80,-1,-1,-1,-1
50,4,2302.70,1077.20,88.70,180.00,-1,-1,-1,-1
50,5,2424.40,1116.60,98.30,192.80,-1,-1,-1,-1
50,6,2514.10,1320.50,76.10,219.70,-1,-1,-1,-1
51,1,2035.02,1075.40,65.08,196.30,-1,-1,-1,-1
51,2,2080.70,1192.90,66.30,198.70,-1,-1,-1,-1
51,3,2201.90,1532.00,143.20,274.60,-1,-1,-1,-1
51,4,2300.10,1076.30,87.00,179.20,-1,-1,-1,-1
51,5,2419.90,1117.20,102.80,192.20,-1,-1,-1,-1
51,6,2513.40,1319.50,77.40,218.50,-1,-1,-1,-1
52,1,2035.20,1074.60,67.00,197.10,-1,-1,-1,-1
52,2,2084.10,1191.61,60.90,197.49,-1,-1,-1,-1
52,3,2199.50,1529.80,145.10,277.20,-1,-1,-1,-1
52,4,2298.50,1075.30,86.50,177.60,-1,-1,-1,-1
52,5,2417.80,1117.20,104.90,192.20,-1,-1,-1,-1
52,6,2513.50,1318.80,76.30,217.60,-1,-1,-1,-1
53,1,2035.60,1072.80,68.90,198.90,-1,-1,-1,-1
53,2,2088.52,1190.70,59.28,197.62,-1,-1,-1,-1
53,3,2197.20,1529.20,146.90,278.00,-1,-1,-1,-1
53,4,2299.20,1073.60,83.90,176.90,-1,-1,-1,-1
53,5,2417.80,1117.20,103.40,192.20,-1,-1,-1,-1
53,6,2514.10,1318.50,74.90,217.30,-1,-1,-1,-1
54,1,2035.90,1072.00,68.20,199.60,-1,-1,-1,-1
54,2,2091.97,1189.40,59.93,196.40,-1,-1,-1,-1
54,3,2195.16,1527.20,148.44,279.30,-1,-1,-1,-1
54,4,2300.60,1073.30,80.80,177.20,-1,-1,-1,-1
54,5,2416.30,1117.20,104.90,192.20,-1,-1,-1,-1
54,6,2514.70,1318.50,73.30,216.30,-1,-1,-1,-1
55,1,2036.50,1071.70,67.60,199.70,-1,-1,-1,-1
55,2,2096.28,1188.60,59.72,196.30,-1,-1,-1,-1
55,3,2193.40,1526.00,149.50,280.40,-1,-1,-1,-1
55,4,2301.00,1072.60,77.70,177.90,-1,-1,-1,-1
55,5,2416.80,1115.60,102.30,192.90,-1,-1,-1,-1
55,6,2515.10,1318.50,71.00,216.70,-1,-1,-1,-1
56,1,2037.20,1071.30,67.10,200.10,-1,-1,-1,-1
56,2,2102.10,1187.70,56.70,197.60,-1,-1,-1,-1
56,3,2192.10,1523.20,149.80,282.10,-1,-1,-1,-1
56,4,2304.70,1072.60,74.00,177.90,-1,-1,-1,-1
56,5,2416.30,1114.10,98.10,193.90,-1,-1,-1,-1
56,6,2514.70,1319.20,70.10,216.00,-1,-1,-1,-1
57,1,2038.20,1070.50,66.40,201.20,-1,-1,-1,-1
57,2,2104.30,1187.00,60.70,198.40,-1,-1,-1,-1
57,3,2191.20,1520.70,149.00,282.80,-1,-1,-1,-1
57,4,2306.20,1072.50,74.20,177.60,-1,-1,-1,-1
57,5,2416.30,1113.30,93.00,194.70,-1,-1,-1,-1
57,6,2514.60,1320.40,70.20,214.80,-1,-1,-1,-1
58,1,2039.68,1069.70,64.22,201.90,-1,-1,-1,-1
58,2,2104.90,1187.30,65.30,200.30,-1,-1,-1,-1
58,3,2191.90,1517.30,146.70,284.20,-1,-1,-1,-1
58,4,2309.70,1072.10,71.40,178.00,-1,-1,-1,-1
58,5,2416.70,1112.70,86.40,192.80,-1,-1,-1,-1
58,6,2514.30,1321.30,69.60,213.90,-1,-1,-1,-1
59,1,2041.84,1068.70,62.76,202.40,-1,-1,-1,-1
59,2,2105.32,1186.80,70.88,203.00,-1,-1,-1,-1
59,3,2192.10,1515.70,142.80,282.10,-1,-1,-1,-1
59,4,2312.10,1072.10,70.60,178.30,-1,-1,-1,-1
59,5,2417.30,1111.80,79.60,191.60,-1,-1,-1,-1
59,6,2514.30,1322.60,69.20,212.60,-1,-1,-1,-1
60,1,2044.70,1068.60,60.20,202.10,-1,-1,-1,-1
60,2,2105.30,1187.10,76.40,203.60,-1,-1,-1,-1
60,3,2193.10,1513.30,139.20,279.77,-1,-1,-1,-1
60,4,2312.80,1072.10,71.30,178.30,-1,-1,-1,-1
60,5,2417.30,1111.30,71.10,192.10,-1,-1,-1,-1
60,6,2514.20,1323.00,68.70,212.30,-1,-1,-1,-1
61,1,2048.10,1067.90,57.50,202.10,-1,-1,-1,-1
61,2,2105.10,1187.70,78.90,205.50,-1,-1,-1,-1
61,3,2195.10,1510.40,132.30,278.90,-1,-1,-1,-1
61,4,2313.00,1072.10,73.20,178.30,-1,-1,-1,-1
61,5,2417.30,1111.10,62.60,191.70,-1,-1,-1,-1
61,6,2513.90,1323.70,68.60,211.60,-1,-1,-1,-1
62,1,2052.20,1067.20,60.00,203.00,-1,-1,-1,-1
62,2,2104.90,1188.80,80.10,205.60,-1,-1,-1,-1
62,3,2197.70,1508.20,125.80,275.90,-1,-1,-1,-1
62,4,2313.00,1072.10,74.40,178.30,-1,-1,-1,-1
62,5,2417.30,1110.70,53.10,193.00,-1,-1,-1,-1
62,6,2513.80,1323.60,67.80,211.90,-1,-1,-1,-1
63,1,2056.91,1066.90,59.89,203.40,-1,-1,-1,-1
63,2,2105.20,1189.46,81.90,204.04,-1,-1,-1,-1
63,3,2200.63,1505.90,119.27,269.51,-1,-1,-1,-1
63,4,2313.00,1072.10,75.90,178.30,-1,-1,-1,-1
63,5,2412.10,1110.70,51.50,195.10,-1,-1,-1,-1
63,6,2513.40,1323.60,67.70,211.90,-1,-1,-1,-1
64,1,2063.10,1066.80,57.50,203.70,-1,-1,-1,-1
64,2,2105.20,1190.20,81.56,203.70,-1,-1,-1,-1
64,3,2203.60,1504.10,113.20,263.60,-1,-1,-1,-1
64,4,2313.00,1071.90,77.00,178.50,-1,-1,-1,-1
64,5,2407.30,1110.70,52.60,196.70,-1,-1,-1,-1
64,6,2513.30,1323.50,67.40,212.20,-1,-1,-1,-1
65,1,2064.50,1066.18,59.80,204.22,-1,-1,-1,-1
65,2,2105.40,1191.20,80.93,202.60,-1,-1,-1,-1
65,3,2208.08,1502.30,106.22,262.30,-1,-1,-1,-1
65,4,2313.60,1071.70,78.50,177.50,-1,-1,-1,-1
65,5,2399.21,1110.90,57.19,196.70,-1,-1,-1,-1
65,6,2514.00,1324.30,66.20,211.20,-1,-1,-1,-1
66,1,2065.00,1066.10,62.60,204.60,-1,-1,-1,-1
66,2,2106.10,1191.18,76.80,203.32,-1,-1,-1,-1
66,3,2210.40,1500.10,102.30,263.40,-1,-1,-1,-1
66,4,2313.60,1071.50,80.40,177.70,-1,-1,-1,-1
66,5,2385.10,1111.04,67.60,196.71,-1,-1,-1,-1
66,6,2514.00,1324.20,66.20,211.50,-1,-1,-1,-1
67,1,2065.16,1066.20,64.54,203.80,-1,-1,-1,-1
67,2,2106.18,1191.70,74.12,201.80,-1,-1,-1,-1
67,3,2213.90,1497.60,97.30,265.60,-1,-1,-1,-1
67,4,2314.60,1071.50,80.90,177.70,-1,-1,-1,-1
67,5,2373.58,1111.90,78.82,195.41,-1,-1,-1,-1
67,6,2514.40,1324.10,65.80,211.60,-1,-1,-1,-1
68,1,2066.10,1066.18,66.50,202.92,-1,-1,-1,-1
68,2,2106.18,1191.80,74.12,201.90,-1,-1,-1,-1
68,3,2214.80,1495.80,94.85,267.70,-1,-1,-1,-1
68,4,2315.60,1071.30,80.10,178.70,-1,-1,-1,-1
68,5,2363.36,1112.20,89.14,194.39,-1,-1,-1,-1
68,6,2514.40,1324.20,65.50,211.50,-1,-1,-1,-1
69,1,2067.00,1065.82,65.60,201.08,-1,-1,-1,-1
69,2,2106.18,1191.80,75.42,202.00,-1,-1,-1,-1
69,3,2214.30,1494.30,94.60,269.10,-1,-1,-1,-1
69,4,2317.30,1070.70,79.00,179.30,-1,-1,-1,-1
69,5,2355.68,1113.20,97.22,192.20,-1,-1,-1,-1
69,6,2514.40,1324.70,64.60,211.00,-1,-1,-1,-1
70,1,2066.70,1066.30,66.40,198.30,-1,-1,-1,-1
70,2,2106.00,1192.20,76.20,202.20,-1,-1,-1,-1
70,3,2212.60,1492.70,96.10,271.00,-1,-1,-1,-1
70,4,2317.30,1070.70,80.20,179.30,-1,-1,-1,-1
70,5,2353.26,1113.89,98.44,191.21,-1,-1,-1,-1
70,6,2512.70,1325.10,65.60,210.60,-1,-1,-1,-1
71,1,2067.60,1066.18,63.90,195.72,-1,-1,-1,-1
71,2,2104.90,1192.30,77.10,201.70,-1,-1,-1,-1
71,3,2212.20,1490.90,95.40,272.80,-1,-1,-1,-1
71,4,2317.30,1070.70,79.60,179.30,-1,-1,-1,-1
71,5,2352.05,1114.10,99.15,192.00,-1,-1,-1,-1
71,6,2507.90,1326.70,69.90,208.90,-1,-1,-1,-1
72,1,2068.75,1066.18,59.95,194.82,-1,-1,-1,-1
72,2,2103.50,1191.80,77.90,202.16,-1,-1,-1,-1
72,3,2210.40,1489.90,96.20,273.30,-1,-1,-1,-1
72,4,2317.30,1070.70,78.40,179.30,-1,-1,-1,-1
72,5,2351.70,1114.10,97.80,191.80,-1,-1,-1,-1
72,6,2501.20,1327.90,75.30,207.30,-1,-1,-1,-1
73,1,2068.90,1066.18,59.90,193.62,-1,-1,-1,-1
73,2,2100.30,1192.00,82.90,202.00,-1,-1,-1,-1
73,3,2210.40,1488.40,96.40,274.80,-1,-1,-1,-1
73,4,2317.30,1070.10,77.80,180.70,-1,-1,-1,-1
73,5,2351.00,1114.10,96.60,191.80,-1,-1,-1,-1
73,6,2492.40,1329.60,83.40,205.60,-1,-1,-1,-1
74,1,2069.40,1065.50,54.20,192.90,-1,-1,-1,-1
74,2,2095.84,1190.28,90.16,204.02,-1,-1,-1,-1
74,3,2209.40,1486.90,97.40,276.30,-1,-1,-1,-1
74,4,2317.30,1070.10,78.80,179.90,-1,-1,-1,-1
74,5,2351.30,1114.10,90.30,191.80,-1,-1,-1,-1
74,6,2484.20,1331.80,90.40,203.20,-1,-1,-1,-1
75,1,2070.19,1065.80,53.01,191.40,-1,-1,-1,-1
75,2,2088.80,1189.85,98.80,204.15,-1,-1,-1,-1
75,3,2208.70,1485.70,98.10,275.80,-1,-1,-1,-1
75,4,2316.30,1070.10,78.60,179.90,-1,-1,-1,-1
75,5,2351.30,1114.10,84.10,191.80,-1,-1,-1,-1
75,6,2475.40,1333.20,97.40,200.60,-1,-1,-1,-1
76,1,2070.60,1066.10,51.40,190.80,-1,-1,-1,-1
76,2,2087.23,1189.70,101.67,204.50,-1,-1,-1,-1
76,3,2208.70,1483.20,98.10,274.60,-1,-1,-1,-1
76,4,2314.60,1069.10,79.90,180.10,-1,-1,-1,-1
76,5,2351.30,1113.10,78.40,192.80,-1,-1,-1,-1
76,6,2471.70,1333.80,100.30,199.50,-1,-1,-1,-1
77,1,2072.20,1066.10,47.70,191.00,-1,-1,-1,-1
77,2,2081.50,1189.00,107.70,204.10,-1,-1,-1,-1
77,3,2208.00,1480.50,98.30,270.80,-1,-1,-1,-1
77,4,2313.40,1068.30,80.70,167.40,-1,-1,-1,-1
77,5,2351.30,1112.10,70.50,193.80,-1,-1,-1,-1
77,6,2475.40,1333.30,94.90,200.00,-1,-1,-1,-1
78,1,2072.70,1066.20,48.30,190.40,-1,-1,-1,-1
78,2,2077.33,1189.20,110.87,203.60,-1,-1,-1,-1
78,3,2207.25,1475.00,98.15,271.20,-1,-1,-1,-1
78,4,2311.15,1069.00,79.45,166.35,-1,-1,-1,-1
78,5,2351.30,1111.80,61.20,194.10,-1,-1,-1,-1
78,6,2480.20,1326.70,88.70,206.10,-1,-1,-1,-1
79,1,2073.78,1066.40,47.72,190.30,-1,-1,-1,-1
79,2,2072.70,1188.99,114.00,203.01,-1,-1,-1,-1
79,3,2207.25,1473.90,97.25,267.64,-1,-1,-1,-1
79,4,2309.40,1068.40,81.40,166.10,-1,-1,-1,-1
79,5,2351.30,1111.10,51.50,194.80,-1,-1,-1,-1
79,6,2488.40,1304.90,81.30,226.80,-1,-1,-1,-1
80,1,2073.50,1066.40,48.40,190.10,-1,-1,-1,-1
80,2,2068.71,1189.20,116.59,202.40,-1,-1,-1,-1
80,3,2203.50,1472.17,99.80,266.13,-1,-1,-1,-1
80,4,2306.10,1068.40,81.50,164.70,-1,-1,-1,-1
80,5,2349.50,1110.50,50.90,195.40,-1,-1,-1,-1
80,6,2495.20,1291.90,74.10,238.90,-1,-1,-1,-1
81,1,2072.60,1066.90,51.20,188.88,-1,-1,-1,-1
81,2,2065.60,1189.85,117.70,201.85,-1,-1,-1,-1
81,3,2199.20,1468.90,101.80,259.37,-1,-1,-1,-1
81,4,2303.80,1068.30,81.60,165.00,-1,-1,-1,-1
81,5,2341.60,1109.80,55.10,196.10,-1,-1,-1,-1
81,6,2498.80,1281.10,71.10,248.70,-1,-1,-1,-1
82,1,2068.30,1066.20,56.40,189.20,-1,-1,-1,-1
82,2,2063.50,1190.21,116.93,201.19,-1,-1,-1,-1
82,3,2195.71,1467.16,103.09,252.44,-1,-1,-1,-1
82,4,2301.40,1068.30,81.40,164.10,-1,-1,-1,-1
82,5,2331.80,1109.20,61.80,196.70,-1,-1,-1,-1
82,6,2500.90,1269.50,69.00,256.20,-1,-1,-1,-1
83,1,2066.70,1066.20,59.40,189.20,-1,-1,-1,-1
83,2,2062.40,1190.40,114.50,201.90,-1,-1,-1,-1
83,3,2191.73,1464.60,105.37,253.26,-1,-1,-1,-1
83,4,2299.20,1067.70,80.60,164.80,-1,-1,-1,-1
83,5,2322.80,1108.60,67.50,197.30,-1,-1,-1,-1
83,6,2501.40,1255.20,69.50,260.50,-1,-1,-1,-1
84,1,2066.96,1066.70,60.84,188.00,-1,-1,-1,-1
84,2,2060.30,1189.60,112.60,202.70,-1,-1,-1,-1
84,3,2188.60,1462.44,106.80,254.06,-1,-1,-1,-1
84,4,2296.30,1067.70,81.20,178.20,-1,-1,-1,-1
84,5,2312.30,1108.40,74.40,197.50,-1,-1,-1,-1
84,6,2502.40,1235.30,68.60,274.73,-1,-1,-1,-1
85,1,2066.40,1066.20,63.20,187.30,-1,-1,-1,-1
85,2,2058.20,1188.50,110.60,203.80,-1,-1,-1,-1
85,3,2185.49,1460.20,107.61,255.68,-1,-1,-1,-1
85,4,2294.80,1067.70,83.40,181.10,-1,-1,-1,-1
85,5,2303.80,1107.80,80.20,198.10,-1,-1,-1,-1
85,6,2488.50,1222.90,80.80,279.20,-1,-1,-1,-1
86,1,2069.83,1067.00,62.57,185.60,-1,-1,-1,-1
86,2,2057.50,1187.00,110.40,205.10,-1,-1,-1,-1
86,3,2183.00,1457.92,108.60,258.38,-1,-1,-1,-1
86,4,2292.90,1067.30,84.80,183.20,-1,-1,-1,-1
86,5,2299.10,1107.10,84.90,198.80,-1,-1,-1,-1
86,6,2480.21,1207.10,86.59,287.90,-1,-1,-1,-1
87,1,2069.83,1067.20,63.77,183.40,-1,-1,-1,-1
87,2,2057.20,1185.54,109.90,205.46,-1,-1,-1,-1
87,3,2181.00,1456.40,109.40,259.90,-1,-1,-1,-1
87,4,2292.30,1066.70,85.90,183.30,-1,-1,-1,-1
87,5,2296.00,1106.60,88.00,199.30,-1,-1,-1,-1
87,6,2474.20,1215.20,90.80,275.30,-1,-1,-1,-1
88,1,2070.00,1067.60,65.30,184.60,-1,-1,-1,-1
88,2,2056.50,1184.20,109.70,205.80,-1,-1,-1,-1
88,3,2178.30,1454.90,110.40,261.40,-1,-1,-1,-1
88,4,2292.30,1066.70,85.30,183.90,-1,-1,-1,-1
88,5,2293.00,1105.60,90.50,200.30,-1,-1,-1,-1
88,6,2470.62,1214.30,92.48,272.70,-1,-1,-1,-1
89,1,2071.30,1067.30,65.60,186.90,-1,-1,-1,-1
89,2,2057.50,1182.60,102.40,206.10,-1,-1,-1,-1
89,3,2176.81,1453.90,109.69,261.40,-1,-1,-1,-1
89,4,2291.50,1066.70,86.50,184.50,-1,-1,-1,-1
89,5,2289.80,1102.70,91.50,202.00,-1,-1,-1,-1
89,6,2466.88,1213.89,95.62,271.01,-1,-1,-1,-1
90,1,2071.80,1067.10,66.90,188.00,-1,-1,-1,-1
90,2,2057.70,1181.40,91.30,208.80,-1,-1,-1,-1
90,3,2175.07,1452.30,109.69,263.00,-1,-1,-1,-1
90,4,2291.50,1066.70,86.10,183.50,-1,-1,-1,-1
90,5,2286.80,1102.00,90.00,202.50,-1,-1,-1,-1
90,6,2462.94,1217.00,97.36,267.00,-1,-1,-1,-1
91,1,2071.30,1066.90,69.30,187.60,-1,-1,-1,-1
91,2,2056.90,1180.00,80.30,209.60,-1,-1,-1,-1
91,3,2174.60,1450.90,108.40,263.10,-1,-1,-1,-1
91,4,2291.50,1066.30,85.70,184.70,-1,-1,-1,-1
91,5,2285.60,1100.00,87.20,203.30,-1,-1,-1,-1
91,6,2460.18,1220.46,99.22,264.74,-1,-1,-1,-1
92,1,2071.30,1066.40,69.90,186.30,-1,-1,-1,-1
92,2,2056.80,1180.10,72.90,207.80,-1,-1,-1,-1
92,3,2173.11,1449.41,107.19,263.10,-1,-1,-1,-1
92,4,2291.50,1065.90,84.30,184.70,-1,-1,-1,-1
92,5,2284.60,1098.40,82.00,202.40,-1,-1,-1,-1
92,6,2457.90,1225.85,101.00,261.95,-1,-1,-1,-1
93,1,2072.20,1066.20,70.20,189.10,-1,-1,-1,-1
93,2,2057.01,1178.90,64.39,206.40,-1,-1,-1,-1
93,3,2172.86,1446.70,104.74,262.57,-1,-1,-1,-1
93,4,2286.70,1064.70,86.10,185.90,-1,-1,-1,-1
93,5,2282.70,1096.50,78.70,199.90,-1,-1,-1,-1
93,6,2455.13,1231.89,105.27,260.01,-1,-1,-1,-1
94,1,2073.20,1066.20,68.80,190.80,-1,-1,-1,-1
94,2,2052.40,1178.80,61.50,205.10,-1,-1,-1,-1
94,3,2171.60,1443.70,104.30,259.60,-1,-1,-1,-1
94,4,2281.80,1063.70,85.20,185.70,-1,-1,-1,-1
94,5,2281.00,1093.60,72.10,198.20,-1,-1,-1,-1
94,6,2455.10,1238.30,103.20,258.60,-1,-1,-1,-1
95,1,2071.70,1066.21,69.60,190.79,-1,-1,-1,-1
95,2,2040.00,1179.60,67.30,202.00,-1,-1,-1,-1
95,3,2171.30,1442.00,101.86,256.80,-1,-1,-1,-1
95,4,2278.80,1061.70,81.60,185.80,-1,-1,-1,-1
95,5,2280.30,1092.60,67.80,196.20,-1,-1,-1,-1
95,6,2455.40,1246.50,102.20,255.80,-1,-1,-1,-1
96,1,2070.00,1065.85,71.00,191.45,-1,-1,-1,-1
96,2,2028.70,1180.30,73.20,199.60,-1,-1,-1,-1
96,3,2171.30,1439.60,100.70,255.80,-1,-1,-1,-1
96,4,2275.20,1060.50,77.10,184.20,-1,-1,-1,-1
96,5,2280.30,1090.90,64.30,195.90,-1,-1,-1,-1
96,6,2453.20,1255.80,103.00,253.90,-1,-1,-1,-1
97,1,2067.00,1065.40,72.90,191.50,-1,-1,-1,-1
97,2,2017.80,1181.20,79.00,195.40,-1,-1,-1,-1
97,3,2171.30,1436.70,98.60,252.50,-1,-1,-1,-1
97,4,2271.22,1059.30,70.68,181.10,-1,-1,-1,-1
97,5,2278.10,1089.80,63.00,195.30,-1,-1,-1,-1
97,6,2452.30,1264.40,102.70,245.90,-1,-1,-1,-1
98,1,2063.70,1064.80,75.60,191.87,-1,-1,-1,-1
98,2,2008.40,1182.70,86.20,194.30,-1,-1,-1,-1
98,3,2171.00,1433.60,97.30,247.10,-1,-1,-1,-1
98,4,2268.90,1059.20,61.60,183.40,-1,-1,-1,-1
98,5,2276.20,1088.50,62.00,194.10,-1,-1,-1,-1
98,6,2449.10,1272.00,103.80,238.30,-1,-1,-1,-1
99,1,2061.20,1064.20,75.20,192.90,-1,-1,-1,-1
99,2,1999.90,1183.38,94.70,193.82,-1,-1,-1,-1
99,3,2170.80,1430.80,96.10,242.00,-1,-1,-1,-1
99,4,2265.70,1057.60,58.30,185.60,-1,-1,-1,-1
99,5,2273.50,1087.60,61.70,193.30,-1,-1,-1,-1
99,6,2447.00,1279.30,101.90,231.00,-1,-1,-1,-1
100,1,2058.30,1065.13,75.80,192.07,-1,-1,-1,-1
100,2,1993.80,1184.46,101.20,193.34,-1,-1,-1,-1
100,3,2170.80,1427.90,94.90,244.60,-1,-1,-1,-1
100,4,2260.62,1057.60,60.08,181.60,-1,-1,-1,-1
100,5,2261.60,1087.30,70.50,193.60,-1,-1,-1,-1
100,6,2446.40,1283.80,97.00,227.50,-1,-1,-1,-1
101,1,2055.40,1064.30,76.90,192.50,-1,-1,-1,-1
101,2,1988.10,1185.40,106.50,193.10,-1,-1,-1,-1
101,3,2170.10,1425.00,94.90,247.20,-1,-1,-1,-1
101,4,2255.50,1057.90,61.80,183.50,-1,-1,-1,-1
101,5,2250.20,1086.90,78.90,193.80,-1,-1,-1,-1
101,6,2446.20,1288.60,97.20,222.70,-1,-1,-1,-1
102,1,2054.10,1064.41,78.20,191.19,-1,-1,-1,-1
102,2,1985.22,1185.18,109.38,193.82,-1,-1,-1,-1
102,3,2170.10,1423.40,93.70,248.10,-1,-1,-1,-1
102,4,2242.63,1057.47,70.87,183.50,-1,-1,-1,-1
102,5,2240.70,1086.90,85.20,193.60,-1,-1,-1,-1
102,6,2448.30,1291.80,95.50,219.00,-1,-1,-1,-1
103,1,2048.10,1064.00,84.40,190.40,-1,-1,-1,-1
103,2,1983.60,1185.70,110.00,192.80,-1,-1,-1,-1
103,3,2169.20,1420.70,92.90,250.60,-1,-1,-1,-1
103,4,2228.20,1057.90,94.26,181.40,-1,-1,-1,-1
103,5,2234.70,1086.70,91.10,193.60,-1,-1,-1,-1
103,6,2461.20,1292.30,82.60,218.50,-1,-1,-1,-1
104,1,2044.50,1063.30,87.50,189.15,-1,-1,-1,-1
104,2,1984.00,1185.18,106.30,195.52,-1,-1,-1,-1
104,3,2169.30,1418.20,91.90,253.00,-1,-1,-1,-1
104,4,2218.80,1058.70,103.90,179.60,-1,-1,-1,-1
104,5,2231.40,1086.40,94.00,193.20,-1,-1,-1,-1
104,6,2479.10,1293.00,64.70,217.80,-1,-1,-1,-1
105,1,2043.80,1061.87,87.10,189.13,-1,-1,-1,-1
105,2,1983.80,1184.30,103.80,195.70,-1,-1,-1,-1
105,3,2167.40,1416.20,93.20,254.90,-1,-1,-1,-1
105,4,2211.99,1059.70,110.31,177.90,-1,-1,-1,-1
105,5,2231.40,1086.30,94.00,191.80,-1,-1,-1,-1
105,6,2479.10,1292.40,64.10,218.40,-1,-1,-1,-1
106,1,2042.40,1061.10,85.90,189.00,-1,-1,-1,-1
106,2,1981.30,1183.80,102.80,197.10,-1,-1,-1,-1
106,3,2165.70,1414.50,93.60,256.40,-1,-1,-1,-1
106,4,2209.90,1060.10,110.31,176.90,-1,-1,-1,-1
106,5,2232.10,1085.80,92.70,189.80,-1,-1,-1,-1
106,6,2479.10,1291.60,62.10,219.20,-1,-1,-1,-1
107,1,2039.90,1060.38,83.70,188.92,-1,-1,-1,-1
107,2,1977.70,1183.40,98.60,196.90,-1,-1,-1,-1
107,3,2164.00,1412.50,94.00,258.10,-1,-1,-1,-1
107,4,2209.61,1061.10,109.69,175.90,-1,-1,-1,-1
107,5,2232.10,1084.40,91.10,190.80,-1,-1,-1,-1
107,6,2479.10,1290.80,64.80,220.00,-1,-1,-1,-1
108,1,2037.75,1059.30,80.65,188.80,-1,-1,-1,-1
108,2,1975.90,1182.80,88.60,197.20,-1,-1,-1,-1
108,3,2161.60,1410.10,95.00,259.70,-1,-1,-1,-1
108,4,2209.61,1061.10,103.49,175.90,-1,-1,-1,-1
108,5,2232.10,1083.80,89.00,189.70,-1,-1,-1,-1
108,6,2479.90,1288.60,72.70,222.20,-1,-1,-1,-1
109,1,2036.70,1058.23,75.90,188.77,-1,-1,-1,-1
109,2,1974.90,1182.40,75.60,197.30,-1,-1,-1,-1
109,3,2160.50,1408.40,94.70,258.90,-1,-1,-1,-1
109,4,2209.10,1061.10,95.30,175.70,-1,-1,-1,-1
109,5,2232.10,1083.00,85.00,189.20,-1,-1,-1,-1
109,6,2479.90,1288.60,80.20,222.20,-1,-1,-1,-1
110,1,2036.31,1057.87,71.49,188.33,-1,-1,-1,-1
110,2,1975.00,1182.30,62.70,198.10,-1,-1,-1,-1
110,3,2159.50,1406.60,93.00,255.60,-1,-1,-1,-1
110,4,2209.10,1060.70,87.30,176.10,-1,-1,-1,-1
110,5,2232.10,1080.70,79.80,189.80,-1,-1,-1,-1
110,6,2479.90,1287.80,80.80,223.00,-1,-1,-1,-1
111,1,2034.52,1057.87,69.58,187.23,-1,-1,-1,-1
111,2,1971.60,1182.67,55.20,197.53,-1,-1,-1,-1
111,3,2157.40,1402.70,92.20,255.50,-1,-1,-1,-1
111,4,2209.10,1059.20,69.10,177.60,-1,-1,-1,-1
111,5,2232.10,1079.10,74.00,186.00,-1,-1,-1,-1
111,6,2479.90,1287.40,80.50,223.40,-1,-1,-1,-1
112,1,2033.80,1057.70,69.00,186.40,-1,-1,-1,-1
112,2,1960.20,1183.40,61.50,196.80,-1,-1,-1,-1
112,3,2154.30,1399.50,94.20,254.30,-1,-1,-1,-1
112,4,2209.10,1057.70,65.50,179.10,-1,-1,-1,-1
112,5,2232.10,1075.80,68.70,185.70,-1,-1,-1,-1
112,6,2479.90,1287.10,77.20,223.70,-1,-1,-1,-1
113,1,2032.72,1058.23,67.58,185.47,-1,-1,-1,-1
113,2,1949.30,1183.30,73.20,197.50,-1,-1,-1,-1
113,3,2151.30,1397.10,93.70,253.30,-1,-1,-1,-1
113,4,2209.10,1056.50,63.00,180.30,-1,-1,-1,-1
113,5,2232.10,1073.90,63.20,187.60,-1,-1,-1,-1
113,6,2479.90,1286.90,72.50,223.90,-1,-1,-1,-1
114,1,2032.30,1058.23,65.90,185.87,-1,-1,-1,-1
114,2,1939.00,1183.39,82.48,196.81,-1,-1,-1,-1
114,3,2149.30,1393.70,91.70,247.70,-1,-1,-1,-1
114,4,2209.10,1055.70,60.10,181.10,-1,-1,-1,-1
114,5,2230.90,1071.60,58.90,189.30,-1,-1,-1,-1
114,6,2479.90,1286.40,65.30,224.40,-1,-1,-1,-1
115,1,2032.30,1058.23,64.40,186.07,-1,-1,-1,-1
115,2,1928.80,1185.30,93.50,194.90,-1,-1,-1,-1
115,3,2146.02,1390.52,91.70,242.98,-1,-1,-1,-1
115,4,2204.32,1055.10,61.88,181.40,-1,-1,-1,-1
115,5,2228.80,1069.80,58.50,190.50,-1,-1,-1,-1
115,6,2480.60,1286.00,56.40,224.80,-1,-1,-1,-1
116,1,2032.10,1057.87,63.40,186.33,-1,-1,-1,-1
116,2,1921.30,1185.90,100.80,194.30,-1,-1,-1,-1
116,3,2144.60,1386.80,91.50,240.70,-1,-1,-1,-1
116,4,2200.60,1055.30,63.70,181.20,-1,-1,-1,-1
116,5,2223.80,1068.60,60.90,191.40,-1,-1,-1,-1
116,6,2480.60,1286.00,52.70,224.80,-1,-1,-1,-1
117,1,2031.30,1057.51,64.70,186.49,-1,-1,-1,-1
117,2,1914.80,1187.00,107.70,193.90,-1,-1,-1,-1
117,3,2141.70,1386.40,92.50,241.30,-1,-1,-1,-1
117,4,2197.37,1055.60,63.03,180.90,-1,-1,-1,-1
117,5,2223.20,1067.40,59.40,192.30,-1,-1,-1,-1
117,6,2480.60,1286.00,52.70,225.40,-1,-1,-1,-1
118,1,2031.30,1057.15,65.20,187.15,-1,-1,-1,-1
118,2,1911.00,1187.70,112.00,194.80,-1,-1,-1,-1
118,3,2139.00,1383.50,93.10,242.70,-1,-1,-1,-1
118,4,2194.10,1055.70,64.30,180.20,-1,-1,-1,-1
118,5,2218.40,1066.70,61.60,193.00,-1,-1,-1,-1
118,6,2480.60,1286.00,52.70,225.40,-1,-1,-1,-1
119,1,2031.29,1057.50,65.41,186.60,-1,-1,-1,-1
119,2,1908.40,1189.20,113.80,192.70,-1,-1,-1,-1
119,3,2136.30,1382.00,92.70,244.60,-1,-1,-1,-1
119,4,2191.40,1056.30,64.70,178.70,-1,-1,-1,-1
119,5,2216.00,1066.70,61.90,193.00,-1,-1,-1,-1
119,6,2478.50,1286.00,54.80,225.40,-1,-1,-1,-1
120,1,2030.50,1057.51,66.60,186.19,-1,-1,-1,-1
120,2,1907.80,1189.50,114.10,193.10,-1,-1,-1,-1
120,3,2133.23,1379.20,93.20,247.40,-1,-1,-1,-1
120,4,2189.70,1056.30,64.20,177.70,-1,-1,-1,-1
120,5,2213.40,1066.70,63.20,192.80,-1,-1,-1,-1
120,6,2467.80,1286.00,65.50,225.40,-1,-1,-1,-1
121,1,2030.10,1057.15,67.70,187.15,-1,-1,-1,-1
121,2,1907.10,1189.90,112.61,193.30,-1,-1,-1,-1
121,3,2131.30,1377.80,92.90,248.30,-1,-1,-1,-1
121,4,2187.70,1056.50,64.50,176.80,-1,-1,-1,-1
121,5,2210.70,1066.70,64.70,193.40,-1,-1,-1,-1
121,6,2462.40,1286.00,70.90,225.40,-1,-1,-1,-1
122,1,2030.30,1056.79,67.50,187.81,-1,-1,-1,-1
122,2,1906.80,1189.80,110.10,194.10,-1,-1,-1,-1
122,3,2129.00,1375.60,92.80,249.50,-1,-1,-1,-1
122,4,2186.50,1055.90,63.80,176.90,-1,-1,-1,-1
122,5,2209.00,1066.70,65.00,192.80,-1,-1,-1,-1
122,6,2457.90,1286.00,75.40,225.40,-1,-1,-1,-1
123,1,2030.57,1056.50,68.73,187.20,-1,-1,-1,-1
123,2,1907.30,1190.30,103.10,194.20,-1,-1,-1,-1
123,3,2127.40,1374.60,91.50,249.20,-1,-1,-1,-1
123,4,2183.90,1056.00,65.20,177.70,-1,-1,-1,-1
123,5,2206.10,1066.70,67.80,193.00,-1,-1,-1,-1
123,6,2454.90,1286.00,78.40,225.40,-1,-1,-1,-1
124,1,2030.80,1055.90,68.80,188.00,-1,-1,-1,-1
124,2,1906.90,1189.50,92.40,195.20,-1,-1,-1,-1
124,3,2126.20,1371.80,90.00,249.50,-1,-1,-1,-1
124,4,2181.40,1056.00,65.80,179.60,-1,-1,-1,-1
124,5,2204.10,1066.70,69.80,191.60,-1,-1,-1,-1
124,6,2453.70,1286.00,79.60,225.40,-1,-1,-1,-1
125,1,2031.80,1055.50,68.60,188.20,-1,-1,-1,-1
125,2,1907.10,1189.20,77.90,195.90,-1,-1,-1,-1
125,3,2125.40,1370.10,88.10,247.70,-1,-1,-1,-1
125,4,2171.90,1056.00,73.40,180.60,-1,-1,-1,-1
125,5,2201.90,1065.90,72.00,191.50,-1,-1,-1,-1
125,6,2452.20,1286.60,81.10,224.80,-1,-1,-1,-1
126,1,2032.50,1055.36,69.50,188.14,-1,-1,-1,-1
126,2,1906.80,1189.40,62.80,199.10,-1,-1,-1,-1
126,3,2124.50,1368.00,85.50,245.40,-1,-1,-1,-1
126,4,2163.00,1056.20,81.10,181.00,-1,-1,-1,-1
126,5,2200.50,1064.90,74.10,191.90,-1,-1,-1,-1
126,6,2451.70,1286.60,82.60,224.80,-1,-1,-1,-1
127,1,2033.30,1055.10,69.80,187.90,-1,-1,-1,-1
127,2,1905.60,1190.00,61.00,201.10,-1,-1,-1,-1
127,3,2121.81,1363.82,85.50,245.40,-1,-1,-1,-1
127,4,2155.80,1056.20,85.00,181.50,-1,-1,-1,-1
127,5,2194.60,1064.90,80.00,191.30,-1,-1,-1,-1
127,6,2451.70,1287.80,82.60,223.60,-1,-1,-1,-1
128,1,2034.90,1054.90,70.70,188.20,-1,-1,-1,-1
128,2,1900.40,1191.30,65.90,204.30,-1,-1,-1,-1
128,3,2120.92,1360.84,83.98,244.36,-1,-1,-1,-1
128,4,2151.32,1056.30,87.08,181.90,-1,-1,-1,-1
128,5,2189.70,1063.60,84.60,191.90,-1,-1,-1,-1
128,6,2453.50,1288.70,80.80,222.70,-1,-1,-1,-1
129,1,2036.10,1054.00,71.10,189.70,-1,-1,-1,-1
129,2,1892.00,1192.80,72.90,206.00,-1,-1,-1,-1
129,3,2118.68,1358.10,84.02,240.90,-1,-1,-1,-1
129,4,2149.33,1056.30,86.17,181.90,-1,-1,-1,-1
129,5,2193.40,1062.40,80.20,192.80,-1,-1,-1,-1
129,6,2455.00,1290.30,79.30,221.10,-1,-1,-1,-1
130,1,2037.70,1054.64,71.90,189.86,-1,-1,-1,-1
130,2,1879.70,1195.00,83.00,206.00,-1,-1,-1,-1
130,3,2115.44,1353.87,86.56,237.13,-1,-1,-1,-1
130,4,2150.40,1057.90,82.50,181.80,-1,-1,-1,-1
130,5,2197.50,1061.20,75.20,192.70,-1,-1,-1,-1
130,6,2458.00,1293.20,76.30,218.20,-1,-1,-1,-1
131,1,2038.70,1053.30,77.30,191.40,-1,-1,-1,-1
131,2,1870.90,1196.94,89.50,208.26,-1,-1,-1,-1
131,3,2113.20,1350.63,88.30,237.17,-1,-1,-1,-1
131,4,2150.40,1057.90,80.80,181.80,-1,-1,-1,-1
131,5,2199.20,1060.20,73.20,191.80,-1,-1,-1,-1
131,6,2463.10,1294.80,71.50,216.60,-1,-1,-1,-1
132,1,2040.50,1053.20,80.40,191.00,-1,-1,-1,-1
132,2,1863.20,1199.46,93.90,208.74,-1,-1,-1,-1
132,3,2110.96,1347.50,89.84,239.00,-1,-1,-1,-1
132,4,2150.40,1057.90,78.10,181.80,-1,-1,-1,-1
132,5,2201.30,1059.80,71.30,191.60,-1,-1,-1,-1
132,6,2468.30,1295.30,66.30,216.10,-1,-1,-1,-1
133,1,2041.00,1052.30,85.60,192.10,-1,-1,-1,-1
133,2,1858.30,1200.89,95.30,209.01,-1,-1,-1,-1
133,3,2106.78,1345.40,95.22,240.80,-1,-1,-1,-1
133,4,2150.40,1057.60,76.30,182.10,-1,-1,-1,-1
133,5,2201.90,1059.00,70.50,192.00,-1,-1,-1,-1
133,6,2473.70,1295.30,60.90,216.10,-1,-1,-1,-1
134,1,2041.60,1052.40,88.40,192.00,-1,-1,-1,-1
134,2,1855.00,1202.90,95.10,208.80,-1,-1,-1,-1
134,3,2104.71,1343.50,99.39,242.70,-1,-1,-1,-1
134,4,2150.40,1056.40,74.50,183.30,-1,-1,-1,-1
134,5,2205.10,1059.40,67.50,192.00,-1,-1,-1,-1
134,6,2480.00,1295.30,54.60,216.10,-1,-1,-1,-1
135,1,2041.40,1052.20,91.70,192.00,-1,-1,-1,-1
135,2,1854.67,1203.76,91.93,209.14,-1,-1,-1,-1
135,3,2102.80,1342.00,101.90,244.20,-1,-1,-1,-1
135,4,2150.40,1055.80,72.40,183.90,-1,-1,-1,-1
135,5,2205.70,1059.40,66.90,192.00,-1,-1,-1,-1
135,6,2482.40,1295.30,52.50,215.70,-1,-1,-1,-1
136,1,2041.40,1052.40,93.90,192.40,-1,-1,-1,-1
136,2,1849.80,1204.48,93.00,211.12,-1,-1,-1,-1
136,3,2101.30,1340.50,104.60,245.70,-1,-1,-1,-1
136,4,2150.40,1054.50,69.70,185.20,-1,-1,-1,-1
136,5,2207.40,1059.40,65.30,192.60,-1,-1,-1,-1
136,6,2482.40,1295.30,52.50,215.20,-1,-1,-1,-1
137,1,2041.20,1051.40,97.00,192.80,-1,-1,-1,-1
137,2,1845.34,1204.90,92.66,210.30,-1,-1,-1,-1
137,3,2099.70,1338.10,106.20,248.10,-1,-1,-1,-1
137,4,2150.90,1054.00,66.30,185.70,-1,-1,-1,-1
137,5,2207.40,1059.40,65.30,192.60,-1,-1,-1,-1
137,6,2482.60,1295.30,52.90,215.20,-1,-1,-1,-1
138,1,2041.90,1051.90,101.70,192.30,-1,-1,-1,-1
138,2,1840.30,1205.00,92.92,210.10,-1,-1,-1,-1
138,3,2098.84,1336.52,106.36,248.48,-1,-1,-1,-1
138,4,2150.90,1054.00,65.10,185.70,-1,-1,-1,-1
138,5,2207.40,1059.40,64.30,192.60,-1,-1,-1,-1
138,6,2476.90,1296.10,57.60,213.50,-1,-1,-1,-1
139,1,2041.90,1052.50,106.80,192.20,-1,-1,-1,-1
139,2,1836.30,1204.80,90.80,210.60,-1,-1,-1,-1
139,3,2097.46,1335.82,106.36,248.49,-1,-1,-1,-1
139,4,2150.90,1053.80,65.50,185.90,-1,-1,-1,-1
139,5,2208.90,1058.90,62.40,193.10,-1,-1,-1,-1
139,6,2473.20,1296.80,60.90,212.20,-1,-1,-1,-1
140,1,2041.90,1054.10,112.40,191.20,-1,-1,-1,-1
140,2,1833.00,1205.20,88.00,209.70,-1,-1,-1,-1
140,3,2095.73,1334.24,106.36,247.66,-1,-1,-1,-1
140,4,2151.30,1053.80,64.50,186.30,-1,-1,-1,-1
140,5,2212.00,1058.20,55.20,193.80,-1,-1,-1,-1
140,6,2470.90,1297.30,61.70,211.70,-1,-1,-1,-1
141,1,2042.10,1055.60,119.30,188.30,-1,-1,-1,-1
141,2,1831.00,1205.90,80.30,209.50,-1,-1,-1,-1
141,3,2094.34,1331.48,105.46,245.92,-1,-1,-1,-1
141,4,2151.30,1053.40,64.50,186.70,-1,-1,-1,-1
141,5,2214.10,1057.80,51.90,194.20,-1,-1,-1,-1
141,6,2469.40,1297.90,62.00,211.10,-1,-1,-1,-1
