1,1,1028.1135498046874,366.88095703125,54.829248046875136,147.66948852539065,0.9185875510718944,-1.0,-1.0,-1.0
2,1,1028.1135498046874,366.88095703125,54.829248046875136,147.66948852539065,0.9185875510718944,-1.0,-1.0,-1.0
3,1,1028.2819702148438,367.1646514892578,55.72243652343741,146.2904022216797,0.9254276655951728,-1.0,-1.0,-1.0
4,1,1028.5069702148437,366.9484954833984,56.21022949218741,145.75465393066412,0.927726703968652,-1.0,-1.0,-1.0
5,1,1029.4676147460937,366.2407012939453,57.18208007812496,145.0421905517578,0.9255609759872244,-1.0,-1.0,-1.0
6,1,1030.2399536132812,364.6444152832031,57.66547851562496,145.24464111328126,0.926225991778967,-1.0,-1.0,-1.0
7,1,1031.2125732421875,362.55006408691406,59.22048339843741,145.9316986083984,0.926219908324498,-1.0,-1.0,-1.0
8,1,1032.3261474609374,361.6376220703125,58.55427246093768,145.3144592285156,0.9249595334070762,-1.0,-1.0,-1.0
9,1,1036.310009765625,360.5357208251953,56.691650390625,139.7253021240234,0.9175779134451963,-1.0,-1.0,-1.0
10,1,1037.582116699219,359.1886871337891,58.3154296875,140.3455902099609,0.9244749508598532,-1.0,-1.0,-1.0
11,1,1041.7640625,358.6052307128906,57.60615234374996,140.06700439453124,0.9257103598866934,-1.0,-1.0,-1.0
12,1,1043.5446166992188,358.92921752929686,58.073071289062455,140.43663940429684,0.910740520037038,-1.0,-1.0,-1.0
13,1,1047.1111083984374,358.4428802490234,57.86037597656264,140.3513580322266,0.9273796248183714,-1.0,-1.0,-1.0
14,1,1048.1649169921875,358.3191741943359,58.5076904296875,139.8798797607422,0.9238988368203636,-1.0,-1.0,-1.0
15,1,1049.2484985351562,356.4626495361328,61.3531494140625,142.47715759277344,0.9168480907409488,-1.0,-1.0,-1.0
16,1,1049.5534790039062,355.1498107910156,63.848803710937545,144.09376831054686,0.8997260020830957,-1.0,-1.0,-1.0
17,1,1055.4953247070312,353.05642089843747,61.12485351562509,139.50318603515626,0.9015355474787086,-1.0,-1.0,-1.0
18,1,1058.715966796875,352.3130310058594,59.37692871093759,139.83156738281247,0.9203360602149786,-1.0,-1.0,-1.0
19,1,1063.5784057617186,351.4326690673828,56.825244140625045,134.58238220214844,0.9203969956049568,-1.0,-1.0,-1.0
20,1,1064.407873535156,350.32225341796874,57.36467285156255,135.63489990234376,0.9235059549703236,-1.0,-1.0,-1.0
21,1,1067.1751098632812,350.7612670898437,56.91005859374991,134.69370117187498,0.922689250739662,-1.0,-1.0,-1.0
22,1,1068.564111328125,350.33115234375,56.52883300781264,134.8295471191406,0.9160371153513084,-1.0,-1.0,-1.0
23,1,1072.5384155273437,349.52953491210934,55.455468750000136,135.29701538085936,0.917467623676096,-1.0,-1.0,-1.0
24,1,1073.443359375,348.83962097167966,54.863525390625,135.51918640136716,0.9222277563951272,-1.0,-1.0,-1.0
25,1,1074.2888671875,347.5027770996094,55.70529785156237,136.0215637207031,0.92410223716265,-1.0,-1.0,-1.0
26,1,1075.3996948242186,348.0439910888672,55.35395507812518,132.71921081542968,0.9169760215655174,-1.0,-1.0,-1.0
27,1,1076.6176391601562,346.01690368652345,54.965478515625136,133.51456604003903,0.920740941657165,-1.0,-1.0,-1.0
28,1,1077.6101440429686,346.0338500976562,54.52119140625018,131.6608154296875,0.9217618386782293,-1.0,-1.0,-1.0
29,1,1080.3481567382812,344.2476379394531,53.4287109375,128.85787353515622,0.9219557292284364,-1.0,-1.0,-1.0
30,1,1082.23154296875,343.11505737304685,53.075830078125136,129.64498901367188,0.9270763998729592,-1.0,-1.0,-1.0
31,1,1084.5293334960936,342.889453125,52.9420166015625,129.6490539550781,0.9304207852572688,-1.0,-1.0,-1.0
32,1,1085.721240234375,343.45733642578125,53.18173828124986,128.32432250976558,0.9291109579884989,-1.0,-1.0,-1.0
33,1,1088.6917236328125,342.86802978515624,53.37795410156241,129.05771484374998,0.9259415014124172,-1.0,-1.0,-1.0
34,1,1089.4520874023438,343.050732421875,53.9901123046875,128.52169189453122,0.9218727408731836,-1.0,-1.0,-1.0
35,1,1093.1350341796874,341.5113555908203,51.7137451171875,127.9772918701172,0.9102623277363904,-1.0,-1.0,-1.0
36,1,1095.8259155273438,340.51129760742185,49.44374999999991,126.30476074218753,0.9120072825839572,-1.0,-1.0,-1.0
37,1,1099.4306396484374,338.9861206054687,47.083886718750136,125.72237548828129,0.9067250699289708,-1.0,-1.0,-1.0
38,1,1100.5153198242188,338.3297698974609,45.9503173828125,125.7804107666015,0.9004176767008865,-1.0,-1.0,-1.0
39,1,1103.280908203125,338.17991638183594,44.127246093750045,125.17616271972656,0.9118593964012014,-1.0,-1.0,-1.0
40,1,1103.9143798828125,338.4502899169922,43.51992187499991,125.57156066894532,0.9145405510384172,-1.0,-1.0,-1.0
41,1,1104.5340087890625,339.7238250732421,42.85898437500009,123.3678680419922,0.9096541743176942,-1.0,-1.0,-1.0
42,1,1104.8381103515624,339.6495849609375,42.56982421875,122.13176879882808,0.906006758686047,-1.0,-1.0,-1.0
43,1,1104.798779296875,337.3901092529297,41.8238525390625,120.02634887695314,0.8989131446280183,-1.0,-1.0,-1.0
44,1,1104.8421752929687,336.3795867919921,41.27321777343741,119.29548339843753,0.8949719447555537,-1.0,-1.0,-1.0
45,1,1105.4341186523436,335.6190307617188,41.13325195312518,118.98885498046872,0.9025077048960384,-1.0,-1.0,-1.0
46,1,1105.98310546875,336.80272521972654,40.408374023437545,118.39910888671876,0.9019900035279882,-1.0,-1.0,-1.0
47,1,1106.6654663085938,334.3756805419921,40.10910644531237,119.85413818359376,0.8914559384808598,-1.0,-1.0,-1.0
48,1,1107.1386474609374,335.2212707519531,39.389941406250045,118.88756103515624,0.8904854054293025,-1.0,-1.0,-1.0
49,1,1106.4755126953123,333.7025756835937,39.78852539062496,119.94038085937495,0.8875976311847076,-1.0,-1.0,-1.0
50,1,1105.9293823242188,333.6640686035156,41.31979980468736,120.56934814453126,0.8937805606295122,-1.0,-1.0,-1.0
51,1,1106.652502441406,333.60529174804685,43.02509765625018,120.3806579589844,0.9060925585997204,-1.0,-1.0,-1.0
52,1,1106.9396850585938,333.1180480957031,43.21450195312491,120.65306396484374,0.9100884295039258,-1.0,-1.0,-1.0
53,1,1108.7448486328124,333.73534240722654,42.955224609375136,119.68280639648437,0.91255717954931,-1.0,-1.0,-1.0
54,1,1109.719885253906,333.5619232177734,42.77329101562509,119.97570190429684,0.9105553516532544,-1.0,-1.0,-1.0
55,1,1111.31103515625,333.46796264648435,42.13564453124991,119.51839599609376,0.8997030108449451,-1.0,-1.0,-1.0
56,1,1110.795007324219,333.4174530029297,43.68449707031255,119.8661682128906,0.9023785986938933,-1.0,-1.0,-1.0
57,1,1110.6291137695312,333.7317169189453,45.281909179687545,119.7669067382812,0.8978270470894394,-1.0,-1.0,-1.0
58,1,1110.7253540039062,333.7963165283203,45.2548828125,119.70428466796876,0.8989743168780819,-1.0,-1.0,-1.0
59,1,1111.1010864257812,333.8247161865234,43.841601562500045,119.47280273437502,0.896154004386851,-1.0,-1.0,-1.0
60,1,1111.0993286132812,333.8923645019531,43.10793457031264,119.38518676757808,0.8951501658055534,-1.0,-1.0,-1.0
61,1,1110.9052001953123,333.6830749511719,43.29536132812496,119.59420166015622,0.8970603299525948,-1.0,-1.0,-1.0
62,1,1110.7781982421875,333.7033996582031,43.69943847656237,119.51663818359371,0.8945028329996987,-1.0,-1.0,-1.0
63,1,1110.7183227539062,333.2837219238281,43.30634765624996,120.16669921874995,0.897475778049639,-1.0,-1.0,-1.0
64,1,1110.5124389648438,333.4962524414062,42.954345703125,119.94862060546876,0.8954201304293719,-1.0,-1.0,-1.0
65,1,1109.4340209960938,332.8887908935547,46.139501953124864,121.32729492187497,0.8972216136830866,-1.0,-1.0,-1.0
66,1,1108.234533691406,332.4321716308594,49.66545410156255,122.98216552734374,0.910551271853972,-1.0,-1.0,-1.0
67,1,1105.321728515625,339.0158660888672,52.29689941406241,118.7007385253906,0.8979256467350467,-1.0,-1.0,-1.0
68,1,1104.5973999023438,341.7103454589844,53.3551025390625,116.59114379882811,0.8913164753425917,-1.0,-1.0,-1.0
69,1,1102.446826171875,345.9201141357421,54.82902832031232,114.2982971191406,0.898700398006337,-1.0,-1.0,-1.0
70,1,1101.9949584960937,348.14036865234374,54.616772460937455,112.3378967285156,0.8952476039445543,-1.0,-1.0,-1.0
71,1,1098.0405395507812,348.8832092285156,51.879199218750045,110.89780883789058,0.8666370621770021,-1.0,-1.0,-1.0
72,1,1096.9102661132813,347.23932495117185,54.23291015625,113.66246337890624,0.8727953309607415,-1.0,-1.0,-1.0
73,1,1091.29130859375,347.4482025146484,51.70803222656241,114.27305603027344,0.8951589755731248,-1.0,-1.0,-1.0
74,1,1089.5499755859375,347.5839385986328,53.303466796875,114.45888977050777,0.8902299382884706,-1.0,-1.0,-1.0
75,1,1085.8709838867187,347.5791870117187,50.41494140624991,115.78738403320312,0.8681970415377549,-1.0,-1.0,-1.0
76,1,1083.5830810546877,347.5376037597656,49.70917968749996,116.52247924804686,0.8708243685209496,-1.0,-1.0,-1.0
77,1,1079.0418823242187,350.9174102783203,51.221997070312455,107.83092041015624,0.8416635589898469,-1.0,-1.0,-1.0
78,1,1070.465625,353.1459594726562,58.62546386718736,116.11213989257811,0.809090229711007,-1.0,-1.0,-1.0
79,1,1066.3034545898438,358.84594116210934,60.606518554687455,111.0465087890625,0.8160127846406482,-1.0,-1.0,-1.0
80,1,1064.0521362304687,361.9451019287109,62.97648925781255,109.1850677490234,0.8774366138107013,-1.0,-1.0,-1.0
81,1,1065.0605712890624,364.17274475097656,59.53183593750009,107.07008972167966,0.8855959067607273,-1.0,-1.0,-1.0
82,1,1065.1184692382812,364.1263275146485,59.71530761718736,107.18434753417966,0.8838445267151229,-1.0,-1.0,-1.0
83,1,1063.8137329101562,362.7959930419922,61.99277343750009,107.95827941894532,0.8964889559289588,-1.0,-1.0,-1.0
84,1,1064.4910400390625,362.5955474853516,60.85590820312496,107.91367492675778,0.8944724419604881,-1.0,-1.0,-1.0
85,1,1064.11376953125,361.5642608642578,63.629077148437545,108.99275207519533,0.8876698677534023,-1.0,-1.0,-1.0
86,1,1064.4065551757812,362.2838928222656,64.27507324218755,108.9002746582031,0.8789996257198922,-1.0,-1.0,-1.0
87,1,1064.7302124023438,361.35642700195314,65.63364257812486,109.6478393554687,0.893598069559868,-1.0,-1.0,-1.0
88,1,1064.4263305664062,360.7280364990234,65.60200195312495,110.8577911376953,0.893149854817807,-1.0,-1.0,-1.0
89,1,1065.0671630859374,358.7964752197266,67.61557617187509,113.18178405761716,0.8697436542246351,-1.0,-1.0,-1.0
90,1,1069.6450561523436,359.5893859863281,64.30231933593768,113.59566650390622,0.8793320477765292,-1.0,-1.0,-1.0
91,1,1069.980029296875,360.1896514892578,64.34560546874991,114.60116271972652,0.8859736169097232,-1.0,-1.0,-1.0
92,1,1071.7801391601563,360.9197204589844,62.06198730468736,114.25380249023436,0.8562971286580314,-1.0,-1.0,-1.0
93,1,1064.4800537109377,358.6949890136719,67.36838378906259,118.0507873535156,0.876223832369547,-1.0,-1.0,-1.0
94,1,1072.4853515625,358.7658233642578,60.20112304687496,118.92829284667964,0.873165382779991,-1.0,-1.0,-1.0
95,1,1070.892004394531,358.0209503173828,61.84841308593764,120.08658142089844,0.8651175357348002,-1.0,-1.0,-1.0
96,1,1060.222082519531,355.5293060302734,70.8343505859375,122.63211364746093,0.8854500308377666,-1.0,-1.0,-1.0
97,1,1059.97939453125,353.603677368164,72.19138183593759,125.01246643066406,0.886092617405474,-1.0,-1.0,-1.0
98,1,1058.6453247070312,352.5655792236328,73.5062255859375,126.2808929443359,0.9117057926055168,-1.0,-1.0,-1.0
99,1,1067.826708984375,350.8151275634765,62.59482421874986,127.48526916503904,0.871162272768899,-1.0,-1.0,-1.0
100,1,1068.013916015625,348.73151550292965,61.02158203124986,129.10685119628909,0.8937287616728113,-1.0,-1.0,-1.0
101,1,1069.9869506835937,348.45221557617185,57.96298828125009,129.1213806152344,0.9019478700714424,-1.0,-1.0,-1.0
102,1,1073.23857421875,348.0657989501953,53.94770507812496,129.6054656982422,0.8874504900722613,-1.0,-1.0,-1.0
1,2,333.79722290039064,362.86034545898434,51.468585205078114,103.52389526367188,0.9185765071668648,-1.0,-1.0,-1.0
2,2,333.79722290039064,362.86034545898434,51.468585205078114,103.52389526367188,0.9185765071668648,-1.0,-1.0,-1.0
3,2,335.3335510253906,363.20339355468747,50.27667846679691,103.39755249023438,0.910478509666163,-1.0,-1.0,-1.0
4,2,335.73400268554684,363.2771392822265,50.351605224609386,103.32869567871096,0.9139597457591506,-1.0,-1.0,-1.0
5,2,336.7159881591797,363.7823455810547,50.76381225585936,102.8032745361328,0.915799630607662,-1.0,-1.0,-1.0
6,2,337.5118377685547,363.2466796875,51.00803833007808,103.25808105468752,0.9164190441484052,-1.0,-1.0,-1.0
7,2,338.92750854492186,363.4749481201172,50.47272949218751,102.63529357910151,0.9144993564891593,-1.0,-1.0,-1.0
8,2,339.9647277832031,363.82532958984376,49.56959838867186,102.33462524414055,0.9117263418712298,-1.0,-1.0,-1.0
9,2,342.0055206298828,364.5087615966797,48.14011230468748,101.53451843261718,0.9095933043595466,-1.0,-1.0,-1.0
10,2,342.8342742919922,364.2830474853516,47.52927246093748,101.69645690917964,0.9119774287879068,-1.0,-1.0,-1.0
11,2,343.0636688232421,363.5171356201172,48.39851074218751,101.85180358886714,0.9146390831792814,-1.0,-1.0,-1.0
12,2,343.7408111572266,362.6211730957031,48.145166015624966,102.88734741210936,0.9035981391038952,-1.0,-1.0,-1.0
13,2,347.1417388916016,362.97023620605466,46.11236572265625,101.25392761230466,0.8614897364242466,-1.0,-1.0,-1.0
14,2,346.68341674804685,361.6608856201172,47.362225341796886,102.0016021728515,0.8746735522622728,-1.0,-1.0,-1.0
15,2,354.02272338867186,364.0852111816406,43.28234252929684,98.697216796875,0.8828356475400625,-1.0,-1.0,-1.0
16,2,353.7452362060547,365.75568237304685,44.22337646484374,97.06168212890624,0.891324143260853,-1.0,-1.0,-1.0
17,2,354.68580322265626,367.3786926269531,43.65373535156249,95.4090637207031,0.899195745899732,-1.0,-1.0,-1.0
18,2,355.09861450195314,369.4989990234375,43.32238769531244,93.30062255859376,0.8928495331825701,-1.0,-1.0,-1.0
19,2,356.94390563964845,369.3477996826172,42.20282592773435,93.64144592285156,0.8518714865580073,-1.0,-1.0,-1.0
20,2,356.8321197509766,368.9525665283203,42.82525634765619,94.0683197021484,0.8510756351812354,-1.0,-1.0,-1.0
21,2,350.5568389892578,366.73060913085936,49.32213134765624,95.82533569335936,0.8618319791884801,-1.0,-1.0,-1.0
22,2,352.2312377929687,362.6275726318359,48.56231689453125,99.72193908691406,0.8623524649627967,-1.0,-1.0,-1.0
23,2,352.73353271484376,360.8097747802734,48.7127746582031,101.2080596923828,0.8729006761059637,-1.0,-1.0,-1.0
24,2,353.255712890625,361.24453125,49.56800537109376,100.75198974609378,0.8676290311614672,-1.0,-1.0,-1.0
25,2,360.84633178710936,365.3684692382813,52.56265869140623,94.72269287109371,0.8409700119603798,-1.0,-1.0,-1.0
26,2,360.30934753417966,371.57387695312497,55.77736816406252,88.28805541992188,0.8783849064657687,-1.0,-1.0,-1.0
27,2,349.56285095214844,372.1535430908203,67.17848510742186,86.80814208984378,0.9253050906899816,-1.0,-1.0,-1.0
28,2,350.30665283203126,373.1823852539063,67.11108398437494,86.17274780273436,0.9274589928021372,-1.0,-1.0,-1.0
29,2,342.78310546875,371.041177368164,74.55283813476564,87.80405273437503,0.9133419538128464,-1.0,-1.0,-1.0
30,2,340.5018768310547,364.4279022216797,77.30150756835934,93.86444091796876,0.8866538561029813,-1.0,-1.0,-1.0
31,2,331.9579193115234,363.58912353515626,84.76589355468747,94.04593505859371,0.8736180470173736,-1.0,-1.0,-1.0
32,2,329.7568908691406,364.9710388183594,54.580902099609375,88.04514770507808,0.421971580901868,-1.0,-1.0,-1.0
33,2,323.85973205566404,361.39740600585935,61.18450927734375,94.1365173339844,0.8615821257215117,-1.0,-1.0,-1.0
34,2,316.8455932617188,360.3603240966797,62.306652832031205,94.60711669921876,0.8215671417027224,-1.0,-1.0,-1.0
35,2,312.40428771972654,362.1419494628906,56.01934204101565,91.74655151367182,0.8059128922432421,-1.0,-1.0,-1.0
36,2,308.6092803955078,361.9194763183594,54.52371826171873,94.85386962890624,0.8625590608443368,-1.0,-1.0,-1.0
37,2,306.9072784423828,361.4107543945312,59.550457763671886,97.74854736328126,0.8821488393706112,-1.0,-1.0,-1.0
38,2,307.20775451660154,361.1299713134766,57.372967529296886,96.83151855468748,0.8577770462068166,-1.0,-1.0,-1.0
39,2,305.72490234375,358.8810150146484,61.934326171875,99.36628417968753,0.8967875275504582,-1.0,-1.0,-1.0
40,2,305.345132446289,357.78375549316405,57.4024658203125,99.0911865234375,0.8992747656842326,-1.0,-1.0,-1.0
41,2,304.8977966308594,355.91396484375,59.26728515625001,90.2972351074219,0.8943573735828103,-1.0,-1.0,-1.0
42,2,304.57908325195314,356.3792907714844,59.9512939453125,87.29219970703122,0.9146768753707022,-1.0,-1.0,-1.0
43,2,312.32908630371094,355.12083435058594,56.732464599609386,89.2731994628906,0.8653229767306563,-1.0,-1.0,-1.0
44,2,316.69903564453125,353.63471374511715,56.314599609374966,90.09931640625,0.8447444568214451,-1.0,-1.0,-1.0
45,2,323.65041503906247,350.808837890625,54.909777832031295,92.37359619140624,0.8938203375902631,-1.0,-1.0,-1.0
46,2,324.3512329101562,346.8019592285156,57.36983642578127,96.01688232421871,0.8979318702123642,-1.0,-1.0,-1.0
47,2,333.7707183837891,343.75621948242184,61.91531982421873,95.51716918945311,0.8966685346222469,-1.0,-1.0,-1.0
48,2,337.02245178222654,343.5325653076172,62.334942626953136,94.97922363281248,0.7950992519779483,-1.0,-1.0,-1.0
49,2,353.0548553466797,344.0030548095703,49.42825927734373,84.16549072265622,0.87523701887676,-1.0,-1.0,-1.0
50,2,353.8429046630859,343.687060546875,54.01279907226564,84.22547607421876,0.8851718034892109,-1.0,-1.0,-1.0
51,2,356.1424255371094,342.4619201660156,60.93572387695309,85.35596923828126,0.8819538280656971,-1.0,-1.0,-1.0
52,2,360.75849609375,341.4648010253906,63.662310791015614,81.19451293945309,0.7875749831383843,-1.0,-1.0,-1.0
53,2,364.988232421875,339.104443359375,83.78734130859374,78.9784057617187,0.9075489377486116,-1.0,-1.0,-1.0
54,2,390.2525299072265,339.3365570068359,57.216357421875045,78.80339355468749,0.8789934590686066,-1.0,-1.0,-1.0
55,2,402.0158386230469,336.6292785644531,48.622467041015625,80.97604980468748,0.8858276401924066,-1.0,-1.0,-1.0
56,2,408.91986694335935,335.57277832031247,45.26301269531251,82.46645507812502,0.8809052489015983,-1.0,-1.0,-1.0
57,2,421.4621612548828,331.0902465820312,41.83195495605469,85.5817932128906,0.8723894578993061,-1.0,-1.0,-1.0
58,2,427.8844665527344,330.76768798828124,37.83526611328125,84.73013305664062,0.8892843683088927,-1.0,-1.0,-1.0
59,2,432.82847900390624,329.8096252441406,38.9580139160156,83.88105468750001,0.8330050567323823,-1.0,-1.0,-1.0
60,2,437.41172790527344,328.04063415527344,39.68879699707031,78.92600097656248,0.8624649632381285,-1.0,-1.0,-1.0
61,2,446.10260009765625,330.7166290283203,35.480786132812455,73.91030273437497,0.8491960859980523,-1.0,-1.0,-1.0
62,2,448.13276367187495,330.82778320312497,35.607897949218795,74.94916992187501,0.8013524325445758,-1.0,-1.0,-1.0
63,2,447.6690307617187,329.40477905273434,51.39272460937502,76.76845092773436,0.8724667814706208,-1.0,-1.0,-1.0
64,2,450.0162048339844,329.27110290527344,50.6480712890625,75.00162963867183,0.8911100789255215,-1.0,-1.0,-1.0
65,2,456.9615966796875,327.2043823242187,52.37830810546876,77.77304077148438,0.8939652163278708,-1.0,-1.0,-1.0
66,2,461.6304016113281,325.8271911621094,47.592114257812455,80.21661987304685,0.8876458473581295,-1.0,-1.0,-1.0
67,2,470.77448730468745,324.32277832031247,39.32753906250002,82.01288452148441,0.8280570096330564,-1.0,-1.0,-1.0
68,2,476.5228088378906,323.05284118652344,35.62965087890632,79.25938110351558,0.8679893567393577,-1.0,-1.0,-1.0
69,2,480.2771118164062,324.19830322265625,38.45258789062507,84.66806030273438,0.8647527704395941,-1.0,-1.0,-1.0
70,2,482.54913940429685,327.56627197265624,41.316943359375045,81.41297607421876,0.8651696482211975,-1.0,-1.0,-1.0
71,2,475.3249145507812,332.13677673339845,61.292944335937534,77.64653320312499,0.8322709946492672,-1.0,-1.0,-1.0
72,2,466.1170532226562,332.6884552001953,73.2782592773437,77.06074218750001,0.8253648614457454,-1.0,-1.0,-1.0
73,2,490.2744506835937,329.0000427246094,62.8605834960938,78.68655395507807,0.8577212254697173,-1.0,-1.0,-1.0
74,2,490.3764587402344,328.2662933349609,64.8286743164063,82.10159912109373,0.8864530272855653,-1.0,-1.0,-1.0
75,2,493.1102416992187,325.770913696289,68.28662109375,83.00017089843749,0.8779598911613036,-1.0,-1.0,-1.0
76,2,499.5201049804687,323.6781555175781,58.95043945312506,80.55554809570316,0.9061050503779242,-1.0,-1.0,-1.0
77,2,510.9170471191406,325.96254272460936,48.40103759765629,77.34726562499998,0.879853649747453,-1.0,-1.0,-1.0
78,2,516.915966796875,322.6457977294922,47.0688354492188,80.70029296874998,0.8636628686219474,-1.0,-1.0,-1.0
79,2,535.9467041015624,319.3295471191406,40.30466308593759,83.96911010742184,0.7819057211504798,-1.0,-1.0,-1.0
80,2,537.2725891113281,316.1388153076172,47.91719970703127,86.47119140625,0.8199723136543753,-1.0,-1.0,-1.0
81,2,544.0249511718749,316.7789337158203,54.82760009765627,85.9482421875,0.7195388832688607,-1.0,-1.0,-1.0
82,2,560.9057739257812,320.2129852294922,29.04147949218748,65.73696899414062,0.5271433201996167,-1.0,-1.0,-1.0
83,2,561.4530029296875,317.56069335937497,53.36092529296877,77.06667480468752,0.7409963142332288,-1.0,-1.0,-1.0
84,2,570.9812255859375,316.1683685302734,39.20405273437496,75.88674316406247,0.7892511252419858,-1.0,-1.0,-1.0
85,2,572.7905364990235,317.01199493408205,41.50695190429684,74.45236816406248,0.7892511252419858,-1.0,-1.0,-1.0
86,2,574.5998474121094,317.8556213378906,43.80985107421873,73.01799316406249,0.5484847235803869,-1.0,-1.0,-1.0
87,2,577.5144104003906,310.4701721191406,51.34185791015625,79.09799194335938,0.5096811690198066,-1.0,-1.0,-1.0
88,2,579.7967651367187,311.0106719970703,61.80886230468752,78.48088989257815,0.7222180242054606,-1.0,-1.0,-1.0
89,2,608.2720092773437,309.2717834472656,49.52933349609373,77.45300903320316,0.837120862074876,-1.0,-1.0,-1.0
90,2,610.9978271484375,309.9198120117188,45.8690185546875,76.93703613281247,0.8448785473689036,-1.0,-1.0,-1.0
91,2,612.2297790527343,307.1145080566406,46.40031738281255,82.35906372070315,0.8765065078685623,-1.0,-1.0,-1.0
92,2,614.4797790527343,306.34442138671875,47.22121582031252,81.89110107421874,0.8410447428723771,-1.0,-1.0,-1.0
93,2,623.6516052246094,298.419351196289,48.63702392578125,88.00828857421874,0.8769079090526688,-1.0,-1.0,-1.0
94,2,628.2012084960937,299.8545227050781,45.79815673828125,86.24767456054684,0.8651613242649461,-1.0,-1.0,-1.0
95,2,641.2935607910156,291.88951721191404,35.62064208984373,95.87147827148436,0.7487255475173136,-1.0,-1.0,-1.0
96,2,645.02578125,287.70441284179685,36.33079833984368,102.38225097656247,0.8311475736653833,-1.0,-1.0,-1.0
97,2,646.8853271484375,284.3405364990234,39.66789550781255,104.98546142578124,0.7601702462919384,-1.0,-1.0,-1.0
98,2,649.9358459472656,284.62623596191406,38.52531738281243,106.94163208007808,0.7832008784224129,-1.0,-1.0,-1.0
99,2,656.6971069335938,285.5734497070312,37.31242675781243,106.67180786132816,0.7698914318668812,-1.0,-1.0,-1.0
100,2,658.95205078125,294.5267303466797,41.28739013671873,97.3916564941406,0.7660968222735143,-1.0,-1.0,-1.0
101,2,659.551025390625,307.9504028320312,43.627697753906205,85.13728637695311,0.7269352748341831,-1.0,-1.0,-1.0
102,2,663.6914428710937,301.1161376953125,41.96337890625,92.4658264160156,0.6487279762333387,-1.0,-1.0,-1.0
1,3,778.54658203125,347.9896911621093,52.09464111328123,129.2554138183594,0.9055791096061228,-1.0,-1.0,-1.0
2,3,778.54658203125,347.9896911621093,52.09464111328123,129.2554138183594,0.9055791096061228,-1.0,-1.0,-1.0
3,3,779.3054077148437,344.0663635253906,47.3323974609375,127.52292480468748,0.8949520717708026,-1.0,-1.0,-1.0
4,3,779.4125793457031,343.4485198974609,47.009289550781205,127.63435363769533,0.8974988829001518,-1.0,-1.0,-1.0
5,3,779.4359802246094,343.0569396972656,43.31535644531243,125.38712768554689,0.8859506796318648,-1.0,-1.0,-1.0
6,3,778.9716430664062,343.09385375976564,42.94929199218757,124.2844848632812,0.8710105390885658,-1.0,-1.0,-1.0
7,3,779.2922241210937,345.31276245117186,39.87751464843757,122.33693847656248,0.8910383546764677,-1.0,-1.0,-1.0
8,3,779.4134033203125,345.3682434082031,39.9122314453125,122.21971435546874,0.8924789714424861,-1.0,-1.0,-1.0
9,3,779.0898010253906,345.82464294433595,43.8936767578125,122.23973693847654,0.8849375293350548,-1.0,-1.0,-1.0
10,3,778.9718078613281,345.56594238281247,44.549560546875,122.29595947265624,0.8926422473206443,-1.0,-1.0,-1.0
11,3,778.8890808105468,344.4868927001953,46.81186523437498,123.25580749511715,0.9029329775081152,-1.0,-1.0,-1.0
12,3,778.446221923828,344.4949951171875,49.01868896484382,123.62233886718748,0.9040639191207588,-1.0,-1.0,-1.0
13,3,775.8562499999999,342.40391235351564,52.50739746093757,122.2326782226562,0.9077770835491776,-1.0,-1.0,-1.0
14,3,776.7541076660156,341.0272705078125,51.82932128906248,121.333447265625,0.9092615261575075,-1.0,-1.0,-1.0
15,3,774.951251220703,338.1957092285156,52.39654541015625,121.14085693359374,0.9011945327863736,-1.0,-1.0,-1.0
16,3,774.8418823242187,337.2813446044922,51.75714111328125,119.97377929687497,0.905812291936261,-1.0,-1.0,-1.0
17,3,772.5797973632812,335.74949340820314,50.00800781250007,118.16246337890624,0.903331695232005,-1.0,-1.0,-1.0
18,3,771.6337646484375,335.14118041992185,50.252453613281205,118.97600097656247,0.9024110752643252,-1.0,-1.0,-1.0
19,3,768.4957946777344,337.47978515625,50.5975341796875,116.61613769531247,0.9047874545436728,-1.0,-1.0,-1.0
20,3,765.8925842285156,338.28868103027344,52.684826660156205,116.11312866210938,0.902097305801732,-1.0,-1.0,-1.0
21,3,763.3660034179687,340.0890106201172,53.31071777343743,114.1682189941406,0.9030688016739212,-1.0,-1.0,-1.0
22,3,760.7615295410156,339.8694213867187,54.715649414062455,114.31131591796871,0.877086785957701,-1.0,-1.0,-1.0
23,3,757.4300903320312,338.1606079101562,57.55704345703123,115.90993652343752,0.918727983752632,-1.0,-1.0,-1.0
24,3,756.0984924316406,336.4887084960937,58.44671630859375,117.41292114257811,0.9226811518569952,-1.0,-1.0,-1.0
25,3,753.1394897460938,334.5401184082031,58.50230712890618,116.88722534179686,0.90271557970188,-1.0,-1.0,-1.0
26,3,752.2547607421875,332.8162536621094,57.58857421874996,115.48943481445308,0.9071531514332348,-1.0,-1.0,-1.0
27,3,752.3062866210937,328.9856781005859,54.25312499999996,113.978759765625,0.895505058697708,-1.0,-1.0,-1.0
28,3,752.2892028808593,328.3553100585937,51.26528320312502,113.38577270507812,0.8752849404276297,-1.0,-1.0,-1.0
29,3,754.2424072265625,327.16966552734374,47.37172851562502,111.69019775390626,0.868232887488773,-1.0,-1.0,-1.0
30,3,753.3142822265625,327.32872009277344,46.01645507812498,110.40380859375,0.8691002045985208,-1.0,-1.0,-1.0
31,3,749.4985656738281,327.5995880126953,47.65166015624993,109.9254089355469,0.8793276638797813,-1.0,-1.0,-1.0
32,3,745.9751403808593,329.21361694335934,49.30059814453125,108.09602050781253,0.873544926550835,-1.0,-1.0,-1.0
33,3,739.41591796875,331.31895446777344,48.96331787109364,105.8748046875,0.8816133400151074,-1.0,-1.0,-1.0
34,3,738.1312866210938,329.92193298339845,48.42817382812496,107.2925354003906,0.8806624586417229,-1.0,-1.0,-1.0
35,3,736.4527404785156,330.1863189697265,48.92519531250002,105.79042968750002,0.8801991899778159,-1.0,-1.0,-1.0
36,3,735.7770812988281,329.98329162597656,48.45333251953127,105.956103515625,0.8850845169255805,-1.0,-1.0,-1.0
37,3,735.5225830078125,328.8364288330078,44.76291503906248,105.16970214843748,0.8776569666338006,-1.0,-1.0,-1.0
38,3,735.7259948730468,327.33775634765624,43.20516357421877,104.93882446289064,0.8543979990393353,-1.0,-1.0,-1.0
39,3,733.572509765625,322.63030700683595,41.615002441406205,106.71091918945308,0.8740981478601988,-1.0,-1.0,-1.0
40,3,729.5926574707031,321.0036163330078,43.10936279296868,104.42087402343748,0.8391468746186206,-1.0,-1.0,-1.0
41,3,729.547119140625,320.284423828125,38.21462402343752,104.47322387695311,0.8711115956194,-1.0,-1.0,-1.0
42,3,729.0724548339844,320.5448272705078,38.62298583984375,103.90578002929686,0.8708433768736974,-1.0,-1.0,-1.0
43,3,727.5309631347656,320.4276580810547,38.08157958984384,102.44882812499998,0.8800922324606653,-1.0,-1.0,-1.0
44,3,725.196368408203,321.4945404052734,39.674487304687545,101.27043457031247,0.8850142032066053,-1.0,-1.0,-1.0
45,3,719.9135925292968,323.3149749755859,45.287841796875,99.1235412597656,0.8914691081017736,-1.0,-1.0,-1.0
46,3,719.7829650878906,323.5470336914062,44.88651123046873,99.76679077148437,0.8853891913042666,-1.0,-1.0,-1.0
47,3,718.8072143554688,324.3733428955078,44.52286376953123,98.40816650390629,0.890278839988305,-1.0,-1.0,-1.0
48,3,717.9725830078124,324.21307983398435,45.65676269531252,98.53330078124998,0.8871199791879789,-1.0,-1.0,-1.0
49,3,716.1455566406249,323.7210021972656,46.33615722656259,98.99593505859376,0.8895823500281352,-1.0,-1.0,-1.0
50,3,715.44375,321.0932647705078,44.47012939453123,100.06528930664064,0.8869340698923693,-1.0,-1.0,-1.0
51,3,714.0983093261718,318.9493103027344,42.30109863281257,100.4072387695312,0.8862900229584341,-1.0,-1.0,-1.0
52,3,713.9009948730469,318.6792388916015,42.040283203125,100.74259643554689,0.8826256656329576,-1.0,-1.0,-1.0
53,3,711.9956359863281,320.4624572753906,44.283032226562455,98.14246215820316,0.8906551519336858,-1.0,-1.0,-1.0
54,3,709.2804748535156,321.09483032226564,46.89349365234375,97.86049804687497,0.8990608200044647,-1.0,-1.0,-1.0
55,3,705.7115661621093,323.5705993652344,50.17478027343759,94.93253173828124,0.8961353207347074,-1.0,-1.0,-1.0
56,3,704.0133544921874,323.6590118408203,52.36721191406252,95.5529846191406,0.9013430067482986,-1.0,-1.0,-1.0
57,3,703.6303161621094,325.45445251464844,46.289685058593705,93.7254638671875,0.8998312439679701,-1.0,-1.0,-1.0
58,3,703.6850280761719,325.6082336425781,42.12081298828127,93.91964721679688,0.8995698594152586,-1.0,-1.0,-1.0
59,3,703.4402526855469,325.6670654296875,43.95816650390623,93.99276123046872,0.9044429623084512,-1.0,-1.0,-1.0
60,3,703.2947937011719,325.38922119140625,43.63802490234366,94.03912353515624,0.9096108839851808,-1.0,-1.0,-1.0
61,3,702.7303161621094,323.9021942138672,44.52780761718748,95.48865966796876,0.9106508957836256,-1.0,-1.0,-1.0
62,3,702.6988952636718,324.0664947509766,44.91353759765627,95.40791015624995,0.9069361190695844,-1.0,-1.0,-1.0
63,3,702.7686035156249,324.3997100830078,44.93704833984384,95.89460449218753,0.9112912257475224,-1.0,-1.0,-1.0
64,3,703.3382446289062,324.62363891601564,42.956103515625045,95.60500488281248,0.9099219630459848,-1.0,-1.0,-1.0
65,3,703.9011291503906,324.461865234375,40.59371337890627,96.08291015624997,0.8997887794947523,-1.0,-1.0,-1.0
66,3,704.76943359375,323.769204711914,39.15351562499996,96.53406372070316,0.889984694270062,-1.0,-1.0,-1.0
67,3,704.5454223632812,322.70026245117185,41.15994873046873,98.28045043945316,0.8947503076688861,-1.0,-1.0,-1.0
68,3,706.1820007324219,322.4512573242187,42.34207763671873,98.38460083007811,0.8863151640319238,-1.0,-1.0,-1.0
69,3,705.6788269042969,320.5676239013672,48.416088867187455,100.61449584960934,0.8457809387090265,-1.0,-1.0,-1.0
70,3,696.6701477050781,319.70799865722654,57.85433349609377,101.4625305175781,0.8893535588894288,-1.0,-1.0,-1.0
71,3,695.422265625,319.4605865478516,58.90561523437498,102.41218872070311,0.8542490815849888,-1.0,-1.0,-1.0
72,3,702.0869567871093,320.4297180175781,52.37149658203123,101.49038085937497,0.8690306035244255,-1.0,-1.0,-1.0
73,3,697.4528137207031,323.3720764160156,65.53070068359375,101.03439331054688,0.8731660293624728,-1.0,-1.0,-1.0
74,3,713.3476684570312,326.1875427246094,54.67510986328125,99.6530822753906,0.8701342980307061,-1.0,-1.0,-1.0
75,3,702.9778930664062,327.80187377929684,71.94221191406257,99.35930786132816,0.8666134550593938,-1.0,-1.0,-1.0
76,3,710.0052429199219,330.4689422607421,66.14384765624993,99.33530273437503,0.8711651210783415,-1.0,-1.0,-1.0
77,3,720.1132141113281,332.2324676513672,57.26041259765623,97.3455139160156,0.8874507552745214,-1.0,-1.0,-1.0
78,3,721.4188293457031,328.29881286621094,56.82480468749998,101.68132324218747,0.8734699508484667,-1.0,-1.0,-1.0
79,3,723.5333129882812,331.8075439453125,55.40723876953132,98.71935424804684,0.8993150977487829,-1.0,-1.0,-1.0
80,3,720.8334777832031,329.7280792236328,57.7211791992188,100.68063354492188,0.8836822900341268,-1.0,-1.0,-1.0
81,3,722.5330078124999,326.3907897949219,56.73977050781252,104.36363525390624,0.905572204969708,-1.0,-1.0,-1.0
82,3,724.7218688964844,325.667724609375,54.926586914062455,104.68256835937495,0.8977750933446202,-1.0,-1.0,-1.0
83,3,731.9541137695312,326.2181945800781,45.4603271484375,103.81184692382811,0.8848708648264392,-1.0,-1.0,-1.0
84,3,732.3840087890625,327.5043090820312,44.53879394531248,102.27167358398437,0.8842374287986736,-1.0,-1.0,-1.0
85,3,732.7940734863281,329.72222900390625,44.59965820312493,100.05413818359376,0.8806242551877403,-1.0,-1.0,-1.0
86,3,735.4847900390624,334.0941284179688,41.90273437500002,95.4893188476562,0.8760397381431488,-1.0,-1.0,-1.0
87,3,735.3084045410156,334.7605316162109,43.83522949218741,96.16849365234371,0.8772732718468959,-1.0,-1.0,-1.0
88,3,736.5505737304687,332.66395568847656,42.49775390624996,99.49152832031244,0.8724274221420636,-1.0,-1.0,-1.0
89,3,733.7122009277343,331.6920501708984,45.10788574218748,100.465576171875,0.8643892420552675,-1.0,-1.0,-1.0
90,3,734.9001525878906,330.5246154785156,43.06838378906252,102.27546386718753,0.8528981458580454,-1.0,-1.0,-1.0
91,3,733.4985168457031,331.1191955566406,52.884448242187545,101.812060546875,0.8718206094292213,-1.0,-1.0,-1.0
92,3,734.407470703125,330.1769805908203,54.1065673828125,102.80890502929692,0.8716364752804893,-1.0,-1.0,-1.0
93,3,743.3161193847656,330.5852325439453,48.26392822265632,102.4276245117187,0.8829327917606236,-1.0,-1.0,-1.0
94,3,742.0479125976562,328.9962249755859,49.61151123046875,104.1444030761719,0.8864476083484796,-1.0,-1.0,-1.0
95,3,745.0787109375,330.5679565429687,46.61696777343752,105.39744873046874,0.8778286625134086,-1.0,-1.0,-1.0
96,3,746.0971435546875,332.7704406738281,53.90815429687496,107.38981933593747,0.8621217074931522,-1.0,-1.0,-1.0
97,3,744.8024047851562,336.6741577148437,61.71075439453125,104.57017822265624,0.8969055308924965,-1.0,-1.0,-1.0
98,3,744.4213439941406,336.6475433349609,68.87625732421873,104.06975097656247,0.9076510232052896,-1.0,-1.0,-1.0
99,3,744.9704406738281,336.3401184082031,80.23293457031252,104.7314575195312,0.9217777105595212,-1.0,-1.0,-1.0
100,3,744.4694091796874,336.3490173339844,83.47565917968757,106.25745849609376,0.9095696831024896,-1.0,-1.0,-1.0
101,3,746.2173339843749,336.4152099609375,83.64869384765632,106.31925659179689,0.9193376054897372,-1.0,-1.0,-1.0
102,3,747.5481079101562,336.19029235839844,82.41350097656255,106.23224487304684,0.8931441071807456,-1.0,-1.0,-1.0
1,4,257.29722290039064,369.3041564941406,41.56320190429688,113.33556518554684,0.9008495556088754,-1.0,-1.0,-1.0
2,4,257.29722290039064,369.3041564941406,41.56320190429688,113.33556518554684,0.9008495556088754,-1.0,-1.0,-1.0
3,4,257.2389129638672,368.6376434326172,41.63082275390627,114.01839294433596,0.9074665709833952,-1.0,-1.0,-1.0
4,4,258.5201110839844,368.605810546875,40.3170227050781,114.0390197753906,0.9079563221095128,-1.0,-1.0,-1.0
5,4,259.43466796875,368.3401336669922,39.58093872070316,114.21274108886718,0.9124284769611392,-1.0,-1.0,-1.0
6,4,260.2136260986328,368.1592163085937,38.4912048339844,114.62953491210936,0.91367451687794,-1.0,-1.0,-1.0
7,4,258.88353881835934,368.13076171875,41.27393188476566,115.09953002929689,0.9143135153952002,-1.0,-1.0,-1.0
8,4,259.1787963867187,368.1525695800781,41.0789794921875,115.10271606445308,0.909779610625975,-1.0,-1.0,-1.0
9,4,260.09316101074216,367.6419250488281,40.262530517578114,115.40769653320314,0.9078864963383992,-1.0,-1.0,-1.0
10,4,260.2497985839844,367.60561523437497,40.326306152343705,115.40577392578126,0.9100386049602348,-1.0,-1.0,-1.0
11,4,261.3365936279297,367.2916809082031,39.74238281250001,115.6781799316406,0.9138106613127944,-1.0,-1.0,-1.0
12,4,261.59254760742186,367.39423828125,39.75139160156249,115.6509338378906,0.917028452486626,-1.0,-1.0,-1.0
13,4,261.8294952392578,367.2836059570312,39.83856811523435,115.44428100585937,0.919823922629952,-1.0,-1.0,-1.0
14,4,262.0859436035156,367.1466339111328,39.83642578125,115.5764739990234,0.9203320415799112,-1.0,-1.0,-1.0
15,4,262.5379211425781,367.1027160644531,39.6123046875,115.56309814453124,0.9193776873953824,-1.0,-1.0,-1.0
16,4,262.5854919433594,367.15838928222655,40.524060058593705,115.2067840576172,0.9200013185148848,-1.0,-1.0,-1.0
17,4,262.7644592285156,367.2900054931641,40.52400512695317,114.92970886230466,0.919679341963743,-1.0,-1.0,-1.0
18,4,262.82628479003904,367.2424621582031,40.63233032226566,115.1905517578125,0.9192670099309908,-1.0,-1.0,-1.0
19,4,263.4057586669922,367.207388305664,40.19952392578125,115.34806823730467,0.9149902425657928,-1.0,-1.0,-1.0
20,4,264.2116333007812,367.2831115722656,39.097210693359386,115.03635864257808,0.9138473100631544,-1.0,-1.0,-1.0
21,4,264.1383270263672,367.0200988769531,39.69876708984378,114.8675537109375,0.9111070149063636,-1.0,-1.0,-1.0
22,4,263.4303405761719,367.6527740478516,42.86678466796872,113.82756042480467,0.9080268344993812,-1.0,-1.0,-1.0
23,4,262.4586547851562,370.5732696533203,46.00074462890626,111.4871978759765,0.9123460991839316,-1.0,-1.0,-1.0
24,4,262.0377685546875,372.9785888671875,48.14176025390623,109.09418334960937,0.9002277735427207,-1.0,-1.0,-1.0
25,4,263.0177490234375,377.0831085205078,49.0446716308594,105.54090270996096,0.9091117783492564,-1.0,-1.0,-1.0
26,4,263.2180572509765,377.2435089111328,49.364428710937545,106.16399230957036,0.9069408744778684,-1.0,-1.0,-1.0
27,4,264.77814331054685,373.4755004882812,44.82630615234376,109.26227416992184,0.8812305128832918,-1.0,-1.0,-1.0
28,4,263.8295013427734,371.1847961425781,44.04287109375002,111.00629882812495,0.8875180936596223,-1.0,-1.0,-1.0
29,4,264.625927734375,368.0382019042968,42.85892944335933,112.79108276367192,0.8796733742699558,-1.0,-1.0,-1.0
30,4,264.4690704345703,366.8857086181641,43.32321166992188,106.66139831542966,0.8870320241196055,-1.0,-1.0,-1.0
31,4,263.4347900390625,362.85817565917966,49.94285888671874,108.69870300292968,0.9030133954021586,-1.0,-1.0,-1.0
32,4,263.84361877441404,361.6170501708984,48.58879394531249,109.83457946777344,0.8979760094420328,-1.0,-1.0,-1.0
33,4,261.0609466552734,358.6204467773437,44.80263061523437,109.39663696289062,0.8991497908932367,-1.0,-1.0,-1.0
34,4,260.0985443115234,357.5888305664062,47.02142944335935,106.48240356445314,0.8947375752592102,-1.0,-1.0,-1.0
35,4,260.749951171875,357.9792022705078,47.344372558593705,102.77852783203122,0.8786754964449095,-1.0,-1.0,-1.0
36,4,264.26162109375,358.56927795410155,61.99931030273439,102.5246612548828,0.8452969915980049,-1.0,-1.0,-1.0
37,4,268.5856201171875,358.310302734375,48.61334838867185,101.72845458984376,0.8425533118691,-1.0,-1.0,-1.0
38,4,271.56871032714844,357.5033843994141,56.40111694335934,101.91132202148437,0.8557710946226393,-1.0,-1.0,-1.0
39,4,276.33861694335934,355.7835296630859,42.5841064453125,98.55582275390624,0.8568954601462622,-1.0,-1.0,-1.0
40,4,275.24347229003905,356.5669372558594,50.74920043945315,91.68574218749995,0.8063575607110707,-1.0,-1.0,-1.0
41,4,276.8455810546875,356.8098449707031,59.8656005859375,92.05169677734376,0.8565864204815945,-1.0,-1.0,-1.0
42,4,276.9851898193359,355.4162292480469,56.92961425781249,89.88414916992184,0.8734621867725352,-1.0,-1.0,-1.0
43,4,278.1344421386719,353.1893005371094,67.40848388671873,91.2815002441406,0.9044356748303244,-1.0,-1.0,-1.0
44,4,280.2313751220703,351.9635284423828,69.2474304199219,92.06174926757808,0.9032323092715018,-1.0,-1.0,-1.0
45,4,292.79102783203126,349.4887481689453,61.21812744140624,91.30264892578128,0.8680550756195515,-1.0,-1.0,-1.0
46,4,299.1125885009765,347.32012939453125,56.34382324218751,90.93251953124997,0.8698864505200277,-1.0,-1.0,-1.0
47,4,320.2162811279297,342.59120178222656,42.57322998046874,83.50526733398436,0.8278086590358598,-1.0,-1.0,-1.0
48,4,326.4753021240234,339.0589599609375,42.70177001953124,87.24721069335936,0.7917493887367755,-1.0,-1.0,-1.0
49,4,336.7464202880859,334.66387939453125,39.49178466796877,91.97429809570308,0.8606700467597115,-1.0,-1.0,-1.0
50,4,339.4786926269531,331.9625885009765,41.96491699218751,90.45285644531248,0.8425846450732024,-1.0,-1.0,-1.0
51,4,352.43552856445314,329.32831420898435,37.363842773437455,94.87298583984376,0.8178161039934366,-1.0,-1.0,-1.0
52,4,357.3739929199219,329.660595703125,36.902307128906216,84.57171020507809,0.7431576813429359,-1.0,-1.0,-1.0
53,4,363.84906005859375,330.8363525390625,41.42471923828123,85.8147033691406,0.8403902006769925,-1.0,-1.0,-1.0
54,4,364.7252746582031,330.2496002197266,44.9599548339844,86.94470214843744,0.8212538598859354,-1.0,-1.0,-1.0
55,4,373.0200347900391,330.40783081054684,46.09528198242185,82.84658203125002,0.8635123335589157,-1.0,-1.0,-1.0
56,4,380.4734344482422,331.123452758789,39.217071533203125,82.02288208007815,0.8371715172822007,-1.0,-1.0,-1.0
57,4,397.77997741699215,330.5274719238281,29.07526245117191,75.40438842773438,0.8400384074337808,-1.0,-1.0,-1.0
58,4,402.0994171142578,330.8518981933594,32.2525634765625,73.91096191406245,0.8592478979778946,-1.0,-1.0,-1.0
59,4,409.76932983398433,330.95750427246094,31.98175048828125,73.88031005859375,0.7968435158406351,-1.0,-1.0,-1.0
60,4,408.2779907226562,330.0831848144531,47.28477172851564,75.80819091796877,0.7860107564951413,-1.0,-1.0,-1.0
61,4,422.9804718017578,328.9438201904297,38.530783081054665,71.66738891601562,0.8035693515498465,-1.0,-1.0,-1.0
62,4,425.93049316406245,327.8014068603516,35.33466796875001,73.91782836914058,0.7997145270525685,-1.0,-1.0,-1.0
63,4,431.9578125,326.00225830078125,32.95118408203126,74.19501342773435,0.8605341283463765,-1.0,-1.0,-1.0
64,4,434.62705078125,325.456787109375,32.04766845703125,77.55540161132808,0.8526132395567174,-1.0,-1.0,-1.0
65,4,439.67719116210935,324.46197509765625,30.12066650390625,74.44583129882812,0.8423825312837891,-1.0,-1.0,-1.0
66,4,442.7319396972656,318.9540069580078,28.92282714843748,80.13433227539059,0.8513556869748129,-1.0,-1.0,-1.0
67,4,445.6410919189453,316.00030517578125,30.08855895996095,79.69575805664061,0.8571219288995451,-1.0,-1.0,-1.0
68,4,447.5856170654297,314.6710693359375,29.771383666992165,81.1641906738281,0.8431250003519111,-1.0,-1.0,-1.0
69,4,451.8983276367187,314.3143981933593,30.022448730468795,78.42996826171873,0.8365848598459422,-1.0,-1.0,-1.0
70,4,454.2270446777344,317.7319427490234,28.31022949218749,74.0418640136719,0.8192795637132804,-1.0,-1.0,-1.0
71,4,452.994873046875,316.6610229492188,34.83940429687499,74.87155151367182,0.8527086588890214,-1.0,-1.0,-1.0
72,4,453.0542816162109,317.15191955566405,39.13047180175784,74.08586425781249,0.818158125662908,-1.0,-1.0,-1.0
73,4,451.15908508300777,320.934732055664,57.66138610839846,71.60899658203124,0.8412813916581285,-1.0,-1.0,-1.0
74,4,451.4361328125,319.75282287597656,58.44957275390624,72.74811401367185,0.8667861217408479,-1.0,-1.0,-1.0
75,4,454.52106628417965,327.0206085205078,65.80868225097657,64.98643798828124,0.7767792835731591,-1.0,-1.0,-1.0
76,4,485.1647094726562,323.0167236328125,33.62618408203127,61.6810363769531,0.7547005360864532,-1.0,-1.0,-1.0
77,4,494.2712219238281,324.1955291748047,34.10683593750002,61.12419433593749,0.529315195243214,-1.0,-1.0,-1.0
78,4,495.7400939941406,325.37966308593747,39.94112548828127,58.78932495117186,0.6784425379391088,-1.0,-1.0,-1.0
79,4,499.3350952148437,319.39161987304686,47.82590332031248,63.5706848144531,0.6542579755968774,-1.0,-1.0,-1.0
80,4,501.281982421875,320.28541259765626,58.05230712890625,63.10870971679685,0.5529135750844034,-1.0,-1.0,-1.0
81,4,532.5410522460937,318.89564208984376,38.734057617187545,71.77697753906244,0.5246056886227812,-1.0,-1.0,-1.0
82,4,539.5774658203125,319.1124847412109,33.06829833984375,62.17344360351558,0.7587206813980885,-1.0,-1.0,-1.0
83,4,553.2933471679687,316.2315399169922,31.9010009765625,65.13491821289062,0.7811282994518045,-1.0,-1.0,-1.0
84,4,556.4471923828124,315.1630645751953,27.968554687500045,65.63018188476565,0.7600545216082111,-1.0,-1.0,-1.0
85,4,559.6493774414063,310.562841796875,36.93647460937496,76.02742309570311,0.79412109714184,-1.0,-1.0,-1.0
86,4,565.8029846191406,309.7083526611328,37.6622314453125,77.64675292968752,0.7576858880214736,-1.0,-1.0,-1.0
87,4,584.8270477294922,311.09219055175777,45.3115173339844,76.2294891357422,0.7576858880214736,-1.0,-1.0,-1.0
88,4,603.8511108398437,312.4760284423828,52.960803222656295,74.81222534179688,0.544554516761373,-1.0,-1.0,-1.0
89,4,603.8511108398437,312.4760284423828,52.960803222656295,74.81222534179688,0.544554516761373,-1.0,-1.0,-1.0
90,4,603.8511108398437,312.4760284423828,52.960803222656295,74.81222534179688,0.544554516761373,-1.0,-1.0,-1.0
91,4,603.8511108398437,312.4760284423828,52.960803222656295,74.81222534179688,0.544554516761373,-1.0,-1.0,-1.0
92,4,603.8511108398437,312.4760284423828,52.960803222656295,74.81222534179688,0.544554516761373,-1.0,-1.0,-1.0
93,4,603.8511108398437,312.4760284423828,52.960803222656295,74.81222534179688,0.544554516761373,-1.0,-1.0,-1.0
94,4,603.8511108398437,312.4760284423828,52.960803222656295,74.81222534179688,0.544554516761373,-1.0,-1.0,-1.0
95,4,603.8511108398437,312.4760284423828,52.960803222656295,74.81222534179688,0.544554516761373,-1.0,-1.0,-1.0
96,4,603.8511108398437,312.4760284423828,52.960803222656295,74.81222534179688,0.544554516761373,-1.0,-1.0,-1.0
97,4,603.8511108398437,312.4760284423828,52.960803222656295,74.81222534179688,0.544554516761373,-1.0,-1.0,-1.0
98,4,603.8511108398437,312.4760284423828,52.960803222656295,74.81222534179688,0.544554516761373,-1.0,-1.0,-1.0
99,4,603.8511108398437,312.4760284423828,52.960803222656295,74.81222534179688,0.544554516761373,-1.0,-1.0,-1.0
100,4,603.8511108398437,312.4760284423828,52.960803222656295,74.81222534179688,0.544554516761373,-1.0,-1.0,-1.0
101,4,603.8511108398437,312.4760284423828,52.960803222656295,74.81222534179688,0.544554516761373,-1.0,-1.0,-1.0
102,4,603.8511108398437,312.4760284423828,52.960803222656295,74.81222534179688,0.544554516761373,-1.0,-1.0,-1.0
1,5,387.7976898193359,322.6033081054687,38.91890258789061,73.93595581054689,0.8868863676115382,-1.0,-1.0,-1.0
2,5,387.7976898193359,322.6033081054687,38.91890258789061,73.93595581054689,0.8868863676115382,-1.0,-1.0,-1.0
3,5,387.80573730468745,326.3326171875,39.92618408203128,72.8882995605469,0.8919893194224784,-1.0,-1.0,-1.0
4,5,387.5445922851562,327.1990539550781,40.122235107421886,72.60402832031247,0.8856373912571698,-1.0,-1.0,-1.0
5,5,388.1059387207031,329.1474243164062,39.56226196289066,71.4210205078125,0.883888309931212,-1.0,-1.0,-1.0
6,5,387.01930847167966,328.4372131347656,40.69896240234374,72.13656005859372,0.8875153423575313,-1.0,-1.0,-1.0
7,5,385.4815246582031,328.49513854980466,41.49063720703123,74.502685546875,0.8942728894056664,-1.0,-1.0,-1.0
8,5,385.3017883300781,327.4988983154297,41.546173095703125,76.24863281249998,0.882882146854147,-1.0,-1.0,-1.0
9,5,385.2180725097656,327.87897033691405,40.37920532226565,77.91795043945314,0.8945963254104043,-1.0,-1.0,-1.0
10,5,383.9431915283203,327.983642578125,41.56012573242185,77.5343078613281,0.9023440596915931,-1.0,-1.0,-1.0
11,5,381.768310546875,330.68064880371094,43.57342529296875,75.2887023925781,0.8641024409278231,-1.0,-1.0,-1.0
12,5,380.7884948730469,327.7709747314453,44.07099609374996,77.99886474609377,0.8939388615826971,-1.0,-1.0,-1.0
13,5,380.2949890136719,329.6768829345703,43.713775634765625,77.36852416992184,0.9004946112392531,-1.0,-1.0,-1.0
14,5,381.4710754394531,329.4324096679687,42.52280273437498,78.20502319335935,0.9027927433860016,-1.0,-1.0,-1.0
15,5,381.2576934814453,330.8039978027344,41.832366943359375,81.45845947265622,0.8905893732891776,-1.0,-1.0,-1.0
16,5,381.2903778076172,333.4155029296875,41.57523193359373,81.00197753906252,0.8845785492965845,-1.0,-1.0,-1.0
17,5,382.1943328857422,337.96356811523435,39.90646362304682,79.35012817382812,0.8840978107219932,-1.0,-1.0,-1.0
18,5,382.9421173095703,338.7537872314453,39.129620361328136,80.29692993164059,0.8831060346319433,-1.0,-1.0,-1.0
19,5,383.440347290039,338.8757629394531,39.09737548828127,81.19412841796873,0.8829112967799801,-1.0,-1.0,-1.0
20,5,383.3736328125,338.0013061523437,39.07628173828124,81.66868286132814,0.8859721219162608,-1.0,-1.0,-1.0
21,5,381.8306304931641,337.6702606201172,42.0985107421875,82.01079711914059,0.8927544187596581,-1.0,-1.0,-1.0
22,5,382.8743316650391,338.2781066894531,41.02619018554685,81.3169006347656,0.9044136708410556,-1.0,-1.0,-1.0
23,5,380.7350463867188,337.6660583496094,44.14916381835934,84.81796874999998,0.8924089880706987,-1.0,-1.0,-1.0
24,5,380.527734375,339.03624572753904,44.172454833984375,82.60883789062501,0.8890974103712495,-1.0,-1.0,-1.0
25,5,380.5242462158203,341.5838928222656,47.49131469726558,84.28974609374995,0.8869687214656281,-1.0,-1.0,-1.0
26,5,380.9812774658203,342.74443359375,50.084747314453125,84.62894897460939,0.893517862426048,-1.0,-1.0,-1.0
27,5,380.4624755859375,343.6469329833984,53.16256713867182,86.94816284179689,0.8981362166102471,-1.0,-1.0,-1.0
28,5,383.20070800781247,345.0682067871094,50.322601318359375,85.81426391601559,0.8935685192568599,-1.0,-1.0,-1.0
29,5,387.4893035888672,347.5984680175781,47.94999389648433,83.22061157226562,0.8940015830803993,-1.0,-1.0,-1.0
30,5,387.1558410644531,349.1056274414062,48.76237792968749,82.52166137695315,0.8809769180956124,-1.0,-1.0,-1.0
31,5,389.5191375732422,352.1474670410156,48.18114624023434,80.79730224609375,0.8842714774863936,-1.0,-1.0,-1.0
32,5,390.903662109375,353.38359375,48.14615478515623,79.82232055664059,0.8860455371427776,-1.0,-1.0,-1.0
33,5,393.0345703125,357.1036468505859,48.74249267578125,77.05272216796874,0.8992156297976024,-1.0,-1.0,-1.0
34,5,391.4260070800781,357.4819885253906,50.66378173828127,76.73164672851561,0.8930068590753137,-1.0,-1.0,-1.0
35,5,393.903369140625,358.0052124023437,50.012841796874966,75.52979736328126,0.9163122981567008,-1.0,-1.0,-1.0
36,5,394.4753173828125,357.3465270996094,50.22515258789065,76.63134155273434,0.916729856686139,-1.0,-1.0,-1.0
37,5,396.1012939453125,355.7767456054688,49.31202392578126,77.9429992675781,0.9107236448978036,-1.0,-1.0,-1.0
38,5,398.7040100097656,354.53053894042966,47.85479736328125,78.68743286132815,0.9141438083967834,-1.0,-1.0,-1.0
39,5,399.77814331054685,352.3312408447265,49.7652648925781,80.83256835937499,0.8970441899877102,-1.0,-1.0,-1.0
40,5,401.5090118408203,351.1885528564453,48.92014160156253,81.85770263671873,0.8938977549169067,-1.0,-1.0,-1.0
41,5,404.12653198242185,350.0627014160156,48.68706665039065,82.15263061523439,0.8903582944586041,-1.0,-1.0,-1.0
42,5,409.3581665039062,350.1568267822266,44.98879394531252,80.17174072265624,0.890649650991989,-1.0,-1.0,-1.0
43,5,401.7408233642578,348.8159454345703,58.160687255859386,76.88908081054683,0.8883124789504571,-1.0,-1.0,-1.0
44,5,406.7388061523437,349.2254333496094,55.43800048828126,75.1667541503906,0.8573097666233203,-1.0,-1.0,-1.0
45,5,416.1422241210937,350.30137939453124,49.4033203125,75.23371582031251,0.7063156024487327,-1.0,-1.0,-1.0
46,5,421.42745819091795,348.066128540039,39.482089233398426,75.45303039550782,0.7063156024487327,-1.0,-1.0,-1.0
47,5,426.7126922607422,345.83087768554685,29.56085815429685,75.67234497070314,0.456053772028568,-1.0,-1.0,-1.0
48,5,432.50351028442384,343.79268722534175,31.850614929199192,74.89261779785157,0.456053772028568,-1.0,-1.0,-1.0
49,5,438.2943283081055,341.7544967651367,34.14037170410154,74.112890625,0.456053772028568,-1.0,-1.0,-1.0
50,5,444.08514633178714,339.71630630493166,36.43012847900388,73.33316345214844,0.456053772028568,-1.0,-1.0,-1.0
51,5,449.8759643554688,337.67811584472656,38.71988525390623,72.55343627929688,0.8391738860378695,-1.0,-1.0,-1.0
52,5,452.9458740234375,337.1604400634765,42.4522705078125,74.39199829101562,0.839550120810177,-1.0,-1.0,-1.0
53,5,457.0729431152344,334.4288818359375,49.67567138671876,77.01405029296876,0.8711251101983812,-1.0,-1.0,-1.0
54,5,462.0259094238281,334.0000854492187,50.908447265625,77.21938476562502,0.8692768593601699,-1.0,-1.0,-1.0
55,5,465.2349609375,331.3440032958984,57.98221435546873,79.02822875976562,0.8776100259585426,-1.0,-1.0,-1.0
56,5,465.9049072265625,332.2345825195312,59.93865966796875,78.46885986328124,0.8721520928130957,-1.0,-1.0,-1.0
57,5,474.4750671386719,321.79084167480465,55.13796386718752,85.83684082031249,0.8871193359328657,-1.0,-1.0,-1.0
58,5,479.5747009277344,321.04423828125,53.21986083984376,87.41074218749998,0.8146260643504988,-1.0,-1.0,-1.0
59,5,502.955419921875,319.3807434082031,35.21744384765623,84.21915893554689,0.8516730791125156,-1.0,-1.0,-1.0
60,5,508.554052734375,317.928955078125,35.59537353515623,85.75499267578124,0.8729953580034646,-1.0,-1.0,-1.0
61,5,519.760821533203,317.8474914550781,34.83918457031257,85.23709716796873,0.8494604248333815,-1.0,-1.0,-1.0
62,5,526.1001525878906,318.1598602294921,36.36068115234366,83.96652832031253,0.81088506894773,-1.0,-1.0,-1.0
63,5,532.1442810058594,318.1860076904297,48.85806884765623,86.6485656738281,0.8768811906836369,-1.0,-1.0,-1.0
64,5,534.3519836425781,318.14794006347654,57.73117675781248,85.37882080078123,0.9113937973546982,-1.0,-1.0,-1.0
65,5,539.2135437011718,317.3228393554687,57.44190673828132,85.56421508789066,0.901089221143394,-1.0,-1.0,-1.0
66,5,547.2017028808593,314.1503448486328,49.939453125,86.66691284179683,0.9021358679910564,-1.0,-1.0,-1.0
67,5,569.8735839843749,312.57984924316406,34.69086914062507,84.05441894531248,0.8463031229701912,-1.0,-1.0,-1.0
68,5,574.3043701171874,312.2841247558593,35.47430419921875,85.96713867187498,0.8464955183496699,-1.0,-1.0,-1.0
69,5,584.6258056640625,312.8050964355469,36.66225585937502,80.22788085937498,0.7823013302174786,-1.0,-1.0,-1.0
70,5,592.2891540527344,313.6523895263672,33.65771484375,82.45305175781249,0.7925569945686561,-1.0,-1.0,-1.0
71,5,601.0310302734375,315.38658142089844,44.69490966796866,79.32299194335934,0.8000464662932529,-1.0,-1.0,-1.0
72,5,603.9901428222656,315.9045867919922,57.73677978515627,79.41220092773438,0.7900938155767108,-1.0,-1.0,-1.0
73,5,606.451904296875,317.28661193847654,67.01308593750002,81.07003784179688,0.9068908110319996,-1.0,-1.0,-1.0
74,5,612.1288696289063,317.14843139648434,62.63602294921873,81.79090576171876,0.8893632455038869,-1.0,-1.0,-1.0
75,5,631.8110412597656,317.5323211669922,42.77395019531252,80.82855834960935,0.8092677029274498,-1.0,-1.0,-1.0
76,5,635.8793334960938,315.841552734375,39.75765380859377,81.63594360351561,0.8307476459275343,-1.0,-1.0,-1.0
77,5,645.564111328125,315.94323120117184,38.97235107421875,84.2156982421875,0.8144351745244052,-1.0,-1.0,-1.0
78,5,651.4135620117187,318.34654541015624,36.863635253906295,82.34000244140623,0.7990659381114682,-1.0,-1.0,-1.0
79,5,656.1549865722656,317.575112915039,56.53916015625009,83.48675537109375,0.8743749862587578,-1.0,-1.0,-1.0
80,5,660.4691528320312,318.6402374267578,59.230151367187545,82.14021606445311,0.8663026181823241,-1.0,-1.0,-1.0
81,5,667.7893981933594,321.3097778320312,66.87443847656243,80.85223388671875,0.870715558778187,-1.0,-1.0,-1.0
82,5,667.1301635742187,320.2271301269531,67.31279296875005,82.4930419921875,0.8749377024379825,-1.0,-1.0,-1.0
83,5,676.0044799804688,320.5589721679688,58.17766113281243,81.29157714843745,0.9048992619869622,-1.0,-1.0,-1.0
84,5,685.6721740722656,320.1657989501953,47.43951416015625,80.33977661132809,0.885773960984352,-1.0,-1.0,-1.0
85,5,693.9926147460938,318.00245361328126,40.91154785156243,82.6165832519531,0.8382416972457598,-1.0,-1.0,-1.0
86,5,695.9368103027343,319.0529113769531,43.0412475585938,81.06882934570314,0.849278140598507,-1.0,-1.0,-1.0
87,5,707.60126953125,319.4208435058593,40.00924072265627,75.41707763671877,0.7700997590041609,-1.0,-1.0,-1.0
88,5,709.7082824707031,320.0263275146484,38.67154541015623,79.96651611328127,0.8003878699754203,-1.0,-1.0,-1.0
89,5,713.1765563964843,323.62844238281247,35.6011962890625,74.35211791992191,0.7558743017230896,-1.0,-1.0,-1.0
90,5,718.643408203125,322.5481842041016,38.71274414062498,74.26065673828123,0.72011617484916,-1.0,-1.0,-1.0
91,5,722.8241333007812,322.23036499023436,40.50272216796873,75.36583862304686,0.72011617484916,-1.0,-1.0,-1.0
92,5,727.0048583984375,321.9125457763672,42.29270019531248,76.47102050781248,0.72011617484916,-1.0,-1.0,-1.0
93,5,731.1855834960937,321.5947265625,44.08267822265623,77.57620239257811,0.72011617484916,-1.0,-1.0,-1.0
94,5,735.36630859375,321.2769073486328,45.87265624999998,78.68138427734374,0.72011617484916,-1.0,-1.0,-1.0
95,5,739.5470336914062,320.95908813476564,47.66263427734373,79.78656616210935,0.72011617484916,-1.0,-1.0,-1.0
96,5,743.7277587890625,320.6412689208984,49.45261230468748,80.89174804687498,0.72011617484916,-1.0,-1.0,-1.0
97,5,747.9084838867187,320.3234497070312,51.24259033203123,81.99692993164061,0.72011617484916,-1.0,-1.0,-1.0
98,5,752.089208984375,320.00563049316406,53.03256835937498,83.10211181640624,0.72011617484916,-1.0,-1.0,-1.0
99,5,756.2699340820312,319.68781127929685,54.82254638671873,84.20729370117186,0.6925892570310879,-1.0,-1.0,-1.0
100,5,755.7788452148437,319.035498046875,34.57562255859375,76.3225158691406,0.7106426515225372,-1.0,-1.0,-1.0
101,5,757.13642578125,320.47748107910155,38.286694335937455,75.02217407226561,0.7724168793231527,-1.0,-1.0,-1.0
102,5,758.2313781738281,318.8378540039062,41.31859130859368,75.20223999023438,0.7458041158434838,-1.0,-1.0,-1.0
1,7,346.721923828125,324.3887512207031,30.7408447265625,66.36346435546875,0.8211162237003862,-1.0,-1.0,-1.0
2,7,346.721923828125,324.3887512207031,30.7408447265625,66.36346435546875,0.8211162237003862,-1.0,-1.0,-1.0
3,7,345.84697265625,327.84601135253905,31.30938720703125,67.70928955078125,0.8097691515489274,-1.0,-1.0,-1.0
4,7,344.73900146484374,327.96290588378906,31.20139160156248,70.44428100585935,0.8096555383215076,-1.0,-1.0,-1.0
5,7,342.48839721679684,328.6912445068359,31.746368408203125,74.0352722167969,0.8194753441750606,-1.0,-1.0,-1.0
6,7,341.5633209228516,329.0673614501953,32.72860107421872,76.53834228515626,0.8414899169528809,-1.0,-1.0,-1.0
7,7,340.91773681640626,330.60011901855466,34.16693115234375,76.31251831054686,0.8457802191426111,-1.0,-1.0,-1.0
8,7,340.8231994628906,330.79380798339844,34.60654907226564,77.29595947265625,0.8214209431214954,-1.0,-1.0,-1.0
9,7,341.5788116455078,331.7296508789062,32.87680664062498,76.4818176269531,0.8503641253151102,-1.0,-1.0,-1.0
10,7,342.3120666503906,332.03636169433594,31.42567749023442,75.73359374999995,0.8587198618334213,-1.0,-1.0,-1.0
11,7,342.5121826171875,331.18956298828124,31.983068847656284,78.30763549804686,0.8649358087532732,-1.0,-1.0,-1.0
12,7,342.0310913085937,331.05552978515624,33.43892211914067,78.4237060546875,0.8510306274068924,-1.0,-1.0,-1.0
13,7,341.05056152343747,332.274462890625,35.640856933593795,85.90803222656251,0.8751855752588966,-1.0,-1.0,-1.0
14,7,340.8467651367187,333.15520935058595,35.892993164062545,83.76058959960932,0.8622496107462254,-1.0,-1.0,-1.0
15,7,339.72973022460934,333.2885009765625,37.55044555664063,84.24184570312497,0.8756232995209743,-1.0,-1.0,-1.0
16,7,340.0264984130859,333.53464965820314,37.70233154296875,87.33883666992182,0.896740661741454,-1.0,-1.0,-1.0
17,7,339.99774169921875,333.3586212158203,39.169940185546864,94.763232421875,0.8857607059534658,-1.0,-1.0,-1.0
18,7,340.3388122558593,333.4822174072265,38.85216064453124,96.23062133789062,0.8780083105695233,-1.0,-1.0,-1.0
19,7,342.0016754150391,337.28038330078124,42.63261108398433,109.56972656249997,0.854113538340961,-1.0,-1.0,-1.0
20,7,344.0028076171875,339.3620178222656,39.66344604492184,104.70168457031248,0.8497994230331081,-1.0,-1.0,-1.0
21,7,344.3456085205078,340.5474151611328,37.5759338378906,97.17764282226562,0.8752077091354948,-1.0,-1.0,-1.0
22,7,345.1521423339844,340.38706970214844,37.719140624999966,97.43538208007811,0.8915597693523125,-1.0,-1.0,-1.0
23,7,348.9248474121094,338.6566680908203,36.49042968749996,100.50693969726564,0.862286030842327,-1.0,-1.0,-1.0
24,7,349.4433197021484,338.81322326660154,38.53806152343748,100.0651794433594,0.85039589362583,-1.0,-1.0,-1.0
25,7,349.5016571044921,339.41502685546874,39.07584228515629,101.62974243164064,0.8676052289639458,-1.0,-1.0,-1.0
26,7,349.8253143310547,341.35460815429684,41.888012695312455,106.1428161621094,0.8429495231756761,-1.0,-1.0,-1.0
27,7,354.06397705078126,346.60475463867186,38.42204589843749,82.88558349609372,0.7845660045858125,-1.0,-1.0,-1.0
28,7,353.18092346191406,349.78400573730465,40.582177734374966,85.73741455078124,0.7445299147558231,-1.0,-1.0,-1.0
29,7,356.9411041259765,354.0520568847656,40.83848876953124,79.20417480468751,0.7441501271261366,-1.0,-1.0,-1.0
30,7,350.12931976318356,353.82257995605465,56.874160766601534,85.83093566894533,0.7441501271261366,-1.0,-1.0,-1.0
31,7,343.3175354003906,353.5931030273437,72.90983276367183,92.45769653320316,0.6882358058350313,-1.0,-1.0,-1.0
32,7,338.49599304199216,353.1150329589844,79.56941528320311,94.1511840820312,0.8121079751727613,-1.0,-1.0,-1.0
33,7,344.0087127685547,353.8311767578125,67.60744628906247,92.489501953125,0.905705489753302,-1.0,-1.0,-1.0
34,7,342.0652862548828,353.8380981445312,69.295166015625,93.03695068359376,0.8934447821613745,-1.0,-1.0,-1.0
35,7,348.16657104492185,352.38197021484376,49.94500122070315,94.98372802734372,0.8818153746068731,-1.0,-1.0,-1.0
36,7,345.7391418457031,351.151171875,50.428619384765625,97.54694824218753,0.891940914449215,-1.0,-1.0,-1.0
37,7,346.6092041015625,348.31219482421875,53.25650024414057,100.12972412109372,0.8826272742350909,-1.0,-1.0,-1.0
38,7,345.14027709960936,348.4389221191406,56.51751708984375,99.94317626953124,0.888483040602793,-1.0,-1.0,-1.0
39,7,355.8468383789062,351.0077728271484,49.46956787109377,98.25139160156247,0.8317832264047951,-1.0,-1.0,-1.0
40,7,361.9940185546875,352.9803955078125,46.7655029296875,95.2900817871094,0.8581466731964582,-1.0,-1.0,-1.0
41,7,363.1576354980469,355.2740112304687,61.105792236328114,93.84180908203126,0.8912899496949009,-1.0,-1.0,-1.0
42,7,367.38816833496094,355.1986450195312,64.01986083984372,93.85252075195314,0.90358311783924,-1.0,-1.0,-1.0
43,7,367.1658599853516,351.7011749267578,74.37079467773435,97.17171020507811,0.9292644004570434,-1.0,-1.0,-1.0
44,7,366.9590423583985,350.1438354492187,76.64699707031247,98.674365234375,0.9137872142498792,-1.0,-1.0,-1.0
45,7,370.9694366455078,349.0860168457031,77.16148681640624,99.230712890625,0.8728262978053039,-1.0,-1.0,-1.0
46,7,386.2470520019531,347.27118530273435,80.58669433593752,100.7507263183594,0.8924978154979044,-1.0,-1.0,-1.0
47,7,416.9934173583984,351.5150939941406,57.18507385253906,95.2260314941406,0.8792410215346216,-1.0,-1.0,-1.0
48,7,419.05703430175777,350.4906188964844,61.89178161621095,95.80325317382812,0.87570461088157,-1.0,-1.0,-1.0
49,7,420.5028900146484,347.0988098144531,69.52744445800784,98.93655395507812,0.8857623629838258,-1.0,-1.0,-1.0
50,7,422.37721252441406,345.1269561767578,68.79559020996089,100.2161865234375,0.8670127672525574,-1.0,-1.0,-1.0
51,7,442.9023651123047,344.1869384765625,67.96947326660154,94.289501953125,0.7834861924625329,-1.0,-1.0,-1.0
52,7,453.63114624023433,343.2678771972656,62.2056884765625,95.76375732421876,0.8637915102522911,-1.0,-1.0,-1.0
53,7,472.9456604003906,343.4401428222656,54.54239501953123,94.0994934082031,0.8827862799333452,-1.0,-1.0,-1.0
54,7,485.18020019531247,343.6397369384766,55.48996582031253,93.86191406249998,0.8411168995377238,-1.0,-1.0,-1.0
55,7,489.3129821777344,340.4246154785156,66.0767211914063,97.22186279296876,0.899320676062132,-1.0,-1.0,-1.0
56,7,490.88380737304686,338.90281677246094,74.93302001953128,98.25144653320308,0.912392680152326,-1.0,-1.0,-1.0
57,7,529.6915283203125,338.2426483154297,51.82053222656248,95.7116271972656,0.8661670859989492,-1.0,-1.0,-1.0
58,7,540.4557678222656,338.37330322265626,43.392260742187545,95.9858459472656,0.8525238158473059,-1.0,-1.0,-1.0
59,7,553.5455383300781,338.41241455078125,37.80208740234377,95.88713378906247,0.8554756386655527,-1.0,-1.0,-1.0
60,7,557.2187622070312,339.0713745117187,37.82570800781252,95.1942810058594,0.8789022603975312,-1.0,-1.0,-1.0
61,7,568.4862854003906,334.6780517578125,43.1379272460938,98.6439331054687,0.8566979006963322,-1.0,-1.0,-1.0
62,7,571.5497680664063,333.6468200683594,47.893688964843705,94.59865722656248,0.8321354811571915,-1.0,-1.0,-1.0
63,7,584.7531372070313,329.1306976318359,57.17768554687496,91.7375427246094,0.8970545124800111,-1.0,-1.0,-1.0
64,7,595.1799865722656,331.86986389160154,49.352124023437455,88.93586425781251,0.890288851127579,-1.0,-1.0,-1.0
65,7,612.2562561035156,333.6671997070312,41.19675292968748,87.32087402343751,0.8793146087714376,-1.0,-1.0,-1.0
66,7,622.2257446289062,332.0477600097656,36.43967285156248,89.70452270507809,0.8444057219507854,-1.0,-1.0,-1.0
67,7,630.4725769042968,331.7557983398437,48.30732421875007,90.29646606445311,0.8723699095303239,-1.0,-1.0,-1.0
68,7,633.3092468261718,330.0427551269531,57.04672851562498,92.4302307128906,0.8908051142478577,-1.0,-1.0,-1.0
69,7,643.6600708007812,332.0629486083984,63.528002929687545,88.66230468750001,0.8922569041139496,-1.0,-1.0,-1.0
70,7,654.3110412597656,330.41453247070314,52.80435791015623,90.3246459960937,0.8907109328315244,-1.0,-1.0,-1.0
71,7,666.2057739257813,329.23602905273435,42.98873291015616,90.93218994140624,0.830229292104697,-1.0,-1.0,-1.0
72,7,676.4877136230468,326.7418304443359,35.748522949218795,93.09023437500002,0.8079881065973744,-1.0,-1.0,-1.0
73,7,685.3128112792969,320.6045654296875,39.143847656250045,94.5789916992187,0.8562186935772438,-1.0,-1.0,-1.0
74,7,690.4368347167969,318.95628662109374,36.212475585937455,97.51333007812497,0.8753457492804877,-1.0,-1.0,-1.0
75,7,699.9662109375,316.56305236816405,39.54726562499991,100.78319091796874,0.7785333739839011,-1.0,-1.0,-1.0
76,7,704.8030517578125,318.5000793457031,39.258544921875,94.05126342773434,0.8244350968348755,-1.0,-1.0,-1.0
77,7,711.2758117675781,321.64708557128904,38.8970947265625,90.28179931640624,0.812404347845181,-1.0,-1.0,-1.0
78,7,711.9097229003906,322.7083374023437,43.15792236328116,90.05037231445311,0.7631007892970736,-1.0,-1.0,-1.0
79,7,724.7144897460937,322.6460357666015,41.048913574218695,89.75496826171876,0.7631007892970736,-1.0,-1.0,-1.0
80,7,737.5192565917969,322.58373413085934,38.93990478515624,89.45956420898439,0.7631007892970736,-1.0,-1.0,-1.0
81,7,750.3240234374999,322.52143249511715,36.83089599609377,89.16416015625003,0.7212078792623515,-1.0,-1.0,-1.0
82,7,758.0498016357421,324.6479187011719,38.65187988281252,86.08551635742188,0.7212078792623515,-1.0,-1.0,-1.0
83,7,765.7755798339844,326.77440490722654,40.47286376953127,83.00687255859373,0.7342250654118061,-1.0,-1.0,-1.0
84,7,766.606201171875,321.63458862304685,52.16385498046873,88.49366455078126,0.7260699814080596,-1.0,-1.0,-1.0
85,7,772.156494140625,326.5607208251953,59.10029296874996,84.89750976562499,0.802381182462895,-1.0,-1.0,-1.0
86,7,775.9671569824218,324.7500091552734,60.35712890625007,86.73914794921876,0.8076239205696822,-1.0,-1.0,-1.0
87,7,806.8553833007812,323.4042663574219,44.398937988281205,88.0443237304687,0.8496352045560052,-1.0,-1.0,-1.0
88,7,814.5164794921875,323.6937286376953,40.35574951171873,87.9290771484375,0.8399006335093873,-1.0,-1.0,-1.0
89,7,829.1104431152344,325.8347717285156,36.221813964843705,84.44097290039065,0.817564247611287,-1.0,-1.0,-1.0
90,7,834.2349609375,324.4612609863281,36.97481689453127,86.90800781249999,0.6698225734986778,-1.0,-1.0,-1.0
91,7,836.294677734375,319.871337890625,55.20432128906248,90.77920532226562,0.8677137746750816,-1.0,-1.0,-1.0
92,7,837.2764709472656,318.4230377197265,60.87689208984375,93.40828857421872,0.8432043918226597,-1.0,-1.0,-1.0
93,7,850.1322326660156,319.42455139160154,82.33950805664062,97.5723815917969,0.8977998439153083,-1.0,-1.0,-1.0
94,7,856.8390563964844,320.66803894042965,80.32000122070315,96.52510986328129,0.881612221701289,-1.0,-1.0,-1.0
95,7,876.4219116210937,321.2162841796875,66.74809570312493,96.86986083984374,0.8677924526214156,-1.0,-1.0,-1.0
96,7,893.4557189941406,324.4119873046875,52.45966186523435,93.92695312499995,0.8674888949591093,-1.0,-1.0,-1.0
97,7,906.6270629882812,321.4039855957031,51.27099609375,95.59555664062503,0.8612899534340457,-1.0,-1.0,-1.0
98,7,911.6618774414062,325.5171844482422,52.193408203125045,91.57302246093748,0.8430660360119191,-1.0,-1.0,-1.0
99,7,918.2983886718748,325.7916778564453,56.84611816406255,100.52061767578124,0.8186678710229209,-1.0,-1.0,-1.0
100,7,922.2510498046876,328.49005737304685,61.56057128906252,98.38070068359376,0.8295341401750562,-1.0,-1.0,-1.0
101,7,934.2117553710935,324.9644348144531,58.984057617187545,102.34709472656247,0.8881289562794308,-1.0,-1.0,-1.0
102,7,943.9042236328124,324.94191284179686,47.172656250000045,103.10163574218753,0.8345561181259455,-1.0,-1.0,-1.0
