1,1,266.3392456054688,371.69700622558594,42.26896362304683,113.13893737792966,0.918459852387052,-1.0,-1.0,-1.0
2,1,266.3392456054688,371.69700622558594,42.26896362304683,113.13893737792966,0.918459852387052,-1.0,-1.0,-1.0
3,1,267.1609405517578,371.79071960449215,41.698223876953136,112.88778991699218,0.9137814044311624,-1.0,-1.0,-1.0
4,1,266.066812133789,372.2999359130859,42.46089477539067,112.38653869628904,0.9149845330989486,-1.0,-1.0,-1.0
5,1,261.674478149414,372.8342834472656,47.541412353515625,111.56912841796878,0.921654389393126,-1.0,-1.0,-1.0
6,1,259.43944702148434,372.6932464599609,49.71555175781253,111.7443878173828,0.9221565053015156,-1.0,-1.0,-1.0
7,1,253.86314392089844,373.0813934326172,57.69492187499998,111.77729187011715,0.9259126361922192,-1.0,-1.0,-1.0
8,1,251.91342773437495,373.0241821289063,60.40947875976565,111.99149780273432,0.9247586549101356,-1.0,-1.0,-1.0
9,1,250.56510314941409,372.73798828125,62.30494995117189,112.62227783203122,0.9171078779819696,-1.0,-1.0,-1.0
10,1,246.02099304199217,372.6842102050781,66.334130859375,111.52166748046876,0.9167015652671182,-1.0,-1.0,-1.0
11,1,241.90504760742184,369.5367095947266,68.0037780761719,114.18977966308591,0.9262069581165662,-1.0,-1.0,-1.0
12,1,240.3809417724609,368.0989837646485,68.838134765625,115.21079406738278,0.9308513202002828,-1.0,-1.0,-1.0
13,1,238.6925079345703,364.83837890625,66.55473632812499,116.92803955078124,0.9281345643867523,-1.0,-1.0,-1.0
14,1,238.44372253417967,362.72955322265625,64.31209716796874,118.15411376953124,0.921638844981434,-1.0,-1.0,-1.0
15,1,238.32419128417968,361.4798858642578,61.97085571289063,116.35826110839838,0.9193750533716488,-1.0,-1.0,-1.0
16,1,238.27467041015623,361.80373535156247,61.16643676757812,115.7525573730469,0.9059909308244868,-1.0,-1.0,-1.0
17,1,240.8699157714844,364.79091796875,56.19715576171873,113.72283325195316,0.9349863955387648,-1.0,-1.0,-1.0
18,1,241.6240173339844,365.3524017333984,54.98475952148439,114.0328399658203,0.9301686764432304,-1.0,-1.0,-1.0
19,1,247.63568115234372,366.7236053466797,47.94966430664061,112.0840301513672,0.92651338827638,-1.0,-1.0,-1.0
20,1,248.4613586425781,365.93129882812497,46.513696289062494,112.69237060546874,0.9262037256936536,-1.0,-1.0,-1.0
21,1,250.10853881835936,363.3996368408203,44.92144775390625,113.68830871582033,0.9129382582760144,-1.0,-1.0,-1.0
22,1,250.55024414062495,363.3851348876953,45.20720214843752,113.89084167480468,0.9052675521148394,-1.0,-1.0,-1.0
23,1,249.5932800292969,364.0151458740234,49.1028991699219,111.9961395263672,0.8918583945648919,-1.0,-1.0,-1.0
24,1,249.34833984375,364.1809844970703,43.21521606445313,110.92453308105468,0.8768647187963445,-1.0,-1.0,-1.0
25,1,248.21650085449215,364.4053802490234,53.77082519531248,110.1496124267578,0.8433396927097192,-1.0,-1.0,-1.0
26,1,249.45573120117183,364.2774719238281,44.20090942382811,109.58236083984376,0.8725021733922134,-1.0,-1.0,-1.0
27,1,249.4048095703125,362.3867523193359,41.61945190429688,110.94491271972656,0.8965914503959631,-1.0,-1.0,-1.0
28,1,249.20524291992183,361.8353759765625,41.36522827148437,111.2596435546875,0.8989715106921707,-1.0,-1.0,-1.0
29,1,250.29129638671876,358.2196655273437,41.0653015136719,111.47069091796874,0.8951370368466094,-1.0,-1.0,-1.0
30,1,249.8287170410156,355.88441162109376,42.174645996093744,109.9752319335937,0.9031407743392847,-1.0,-1.0,-1.0
31,1,249.61761474609372,352.7146362304687,46.52072753906248,110.51081542968753,0.9157702042379264,-1.0,-1.0,-1.0
32,1,250.6213256835937,352.1784210205078,47.75663452148439,109.36777038574218,0.9219876276732926,-1.0,-1.0,-1.0
33,1,256.9197601318359,353.2230285644531,44.33604125976564,106.77145385742188,0.9219079433883266,-1.0,-1.0,-1.0
34,1,260.9966217041015,354.5136474609375,39.95700073242188,104.94212036132814,0.9192333188370938,-1.0,-1.0,-1.0
35,1,263.4413818359375,357.1603363037109,37.91206054687501,102.69052734374998,0.8996203673268255,-1.0,-1.0,-1.0
36,1,264.6031585693359,357.3079925537109,37.607958984375045,101.71746826171876,0.8952090843043408,-1.0,-1.0,-1.0
37,1,267.40777587890625,357.7369812011719,39.52452392578124,99.96525878906247,0.8793400076910061,-1.0,-1.0,-1.0
38,1,267.3675109863281,357.66749267578126,40.358441162109386,97.25817260742184,0.8877422793370329,-1.0,-1.0,-1.0
39,1,274.14272460937497,350.4737274169922,37.39498901367188,98.32159423828124,0.838312102285812,-1.0,-1.0,-1.0
40,1,274.9362396240234,347.94871215820314,39.73601074218749,98.42805175781244,0.8548161234915455,-1.0,-1.0,-1.0
41,1,276.0424255371093,343.0714416503906,44.12883911132815,101.04466552734374,0.8706473231628564,-1.0,-1.0,-1.0
42,1,277.04267578125,341.70400085449216,47.0533447265625,101.64836425781247,0.8799520475692795,-1.0,-1.0,-1.0
43,1,282.6314758300781,335.7092834472656,49.03428955078124,103.26505737304689,0.8846953107434175,-1.0,-1.0,-1.0
44,1,286.6808715820312,340.62555541992185,46.53654785156255,96.651123046875,0.8916520528948482,-1.0,-1.0,-1.0
45,1,294.91896972656247,341.5410186767578,44.11724853515625,95.07540893554688,0.8755480119829429,-1.0,-1.0,-1.0
46,1,302.7127258300781,341.16712646484376,37.79472656249999,95.708056640625,0.8733247715864785,-1.0,-1.0,-1.0
47,1,309.20229492187497,338.9401153564453,38.89121704101564,96.99158935546876,0.9078739653878642,-1.0,-1.0,-1.0
48,1,311.20147705078125,337.6437286376953,38.46373901367184,98.35834350585937,0.9085830715993096,-1.0,-1.0,-1.0
49,1,318.03486328125,337.4474304199219,36.769866943359375,91.05227050781248,0.9009545851162172,-1.0,-1.0,-1.0
50,1,320.85914611816406,337.13096923828124,37.453216552734375,89.91650390625,0.893323695600408,-1.0,-1.0,-1.0
51,1,327.7787200927734,340.1268585205078,43.72163085937501,86.41994018554686,0.9106723620532192,-1.0,-1.0,-1.0
52,1,329.77880859375,340.7596710205078,51.3231262207031,86.67196655273432,0.9053815082261992,-1.0,-1.0,-1.0
53,1,330.43922424316406,339.2898376464844,67.24929199218747,86.82857666015622,0.9367069479111692,-1.0,-1.0,-1.0
54,1,331.8565979003906,338.6552124023437,67.7114318847656,86.44015502929688,0.9424981370912704,-1.0,-1.0,-1.0
55,1,341.0765716552734,336.3076538085937,56.08185424804685,87.71308593750001,0.9265669263818204,-1.0,-1.0,-1.0
56,1,345.83551940917965,334.3858428955078,52.45378417968749,89.63876953125003,0.9182806134337724,-1.0,-1.0,-1.0
57,1,358.5880645751953,329.1544830322265,43.336834716796886,94.02962036132811,0.8758042265627779,-1.0,-1.0,-1.0
58,1,362.7053009033203,329.0481353759765,37.88684692382816,92.51076049804686,0.890206955040469,-1.0,-1.0,-1.0
59,1,373.1546722412109,326.3675537109375,29.60222167968749,93.89509277343744,0.8845480310817209,-1.0,-1.0,-1.0
60,1,375.6498596191406,326.3738708496094,30.209326171874977,94.86419677734376,0.8803118573068787,-1.0,-1.0,-1.0
61,1,380.8399383544922,328.40521545410155,34.285198974609386,94.177001953125,0.8815232387205327,-1.0,-1.0,-1.0
62,1,382.6106048583984,329.3741546630859,37.73369750976565,93.97183227539062,0.8985304583102405,-1.0,-1.0,-1.0
63,1,383.8233856201172,330.93297729492184,43.10551757812499,92.79959106445312,0.8982433074564256,-1.0,-1.0,-1.0
64,1,383.77257385253904,332.4551605224609,45.835784912109375,91.2226135253906,0.9154610746947328,-1.0,-1.0,-1.0
65,1,385.3598236083984,332.95144042968747,48.51068115234375,91.80362548828128,0.9063152185275314,-1.0,-1.0,-1.0
66,1,387.72064819335935,332.78606872558595,46.530010986328136,91.7363891601562,0.8985397713813654,-1.0,-1.0,-1.0
67,1,394.7647521972656,332.9642944335937,40.624420166015625,91.79049682617188,0.8882029356937196,-1.0,-1.0,-1.0
68,1,399.82494506835934,333.41454162597654,36.791784667968784,91.73721313476562,0.8568597676420353,-1.0,-1.0,-1.0
69,1,409.6083251953125,331.56617431640626,43.93690795898437,93.9105285644531,0.90038098523857,-1.0,-1.0,-1.0
70,1,407.37148132324216,329.5638061523437,45.747235107421886,95.05530395507816,0.8789534312753062,-1.0,-1.0,-1.0
71,1,404.9209533691406,328.6660583496094,43.93471069335936,95.78435668945308,0.7537065724297918,-1.0,-1.0,-1.0
72,1,401.9847747802734,332.20607299804686,45.088714599609375,91.22222900390624,0.7272465923223947,-1.0,-1.0,-1.0
73,1,417.0747161865234,333.2639465332031,37.47579345703127,91.51215820312495,0.8512265520396909,-1.0,-1.0,-1.0
74,1,421.4716644287109,333.0750915527344,34.85923461914058,85.57437744140623,0.8097423456348878,-1.0,-1.0,-1.0
75,1,423.0528991699218,333.1232391357421,35.6940856933594,86.71712036132811,0.7216909199158614,-1.0,-1.0,-1.0
76,1,424.4052337646484,333.0760803222656,36.43299865722656,87.09873046874998,0.7769435149408537,-1.0,-1.0,-1.0
77,1,429.4515563964844,332.7100433349609,34.39995117187499,88.80144653320315,0.8578965838389934,-1.0,-1.0,-1.0
78,1,430.1295227050781,332.38575439453126,35.01914062499998,89.32587890624995,0.863830026646081,-1.0,-1.0,-1.0
79,1,432.1219207763672,333.235546875,34.4572723388672,88.68729858398433,0.8469097552963802,-1.0,-1.0,-1.0
80,1,431.867642211914,332.9921447753906,34.9390777587891,88.84083251953126,0.840642012771653,-1.0,-1.0,-1.0
81,1,427.8964965820312,331.2822052001953,39.62488403320316,90.85330810546878,0.8296731356766074,-1.0,-1.0,-1.0
82,1,425.4953796386719,331.2738006591797,41.094635009765625,90.52915649414058,0.8369569682425322,-1.0,-1.0,-1.0
83,1,428.3385314941406,333.80370483398434,42.06209106445312,85.60415039062502,0.7080849849005411,-1.0,-1.0,-1.0
84,1,423.4091171264648,336.66286926269527,48.68318023681641,85.18062744140624,0.7080849849005411,-1.0,-1.0,-1.0
85,1,418.479702758789,339.52203369140625,55.30426940917971,84.75710449218747,0.8779683300484891,-1.0,-1.0,-1.0
86,1,418.2173217773437,340.4515045166016,63.98031005859377,84.20822753906248,0.8748940864228523,-1.0,-1.0,-1.0
87,1,424.1839141845703,349.5221740722656,52.90128479003903,73.61010131835934,0.8650581981536476,-1.0,-1.0,-1.0
88,1,428.969970703125,348.51780395507814,50.36259155273433,74.51559448242182,0.8141856350095686,-1.0,-1.0,-1.0
89,1,448.5742492675781,351.57472229003906,37.919091796874966,69.80718383789059,0.7138892923715616,-1.0,-1.0,-1.0
90,1,450.6461059570312,336.3084228515625,45.658410644531216,85.98911132812498,0.7751233807244446,-1.0,-1.0,-1.0
91,1,452.1664764404297,342.0845672607422,54.50852966308594,80.69935913085936,0.7961389028860566,-1.0,-1.0,-1.0
92,1,452.5418243408203,337.1361602783203,65.84284973144531,86.05634765625001,0.8727454262390779,-1.0,-1.0,-1.0
93,1,459.7761291503906,342.70677795410154,65.64946289062505,78.28489379882814,0.8400592609105502,-1.0,-1.0,-1.0
94,1,459.408609008789,337.5742950439453,66.36618347167968,82.408447265625,0.8805504463760769,-1.0,-1.0,-1.0
95,1,476.6759582519531,336.19586791992185,50.394506835937534,80.25397338867185,0.8638650349846486,-1.0,-1.0,-1.0
96,1,482.89147338867184,335.72590026855465,43.28931884765626,79.32008056640626,0.880506996761472,-1.0,-1.0,-1.0
97,1,487.9263427734375,334.3546691894531,38.970703125,79.32013549804691,0.8992784513633651,-1.0,-1.0,-1.0
98,1,488.07037353515625,333.263671875,38.75460205078127,80.32521972656247,0.8854782874796996,-1.0,-1.0,-1.0
99,1,487.5039184570312,330.4756164550781,39.42531738281252,83.57228393554686,0.8991706501782879,-1.0,-1.0,-1.0
100,1,487.7750061035156,328.89814453125,38.45511474609373,85.28873291015623,0.8993273482911945,-1.0,-1.0,-1.0
101,1,485.8893676757812,327.17515869140624,40.83826904296876,87.28066406249997,0.8780373632417096,-1.0,-1.0,-1.0
102,1,484.50124511718747,328.1759582519531,39.638452148437466,87.99444580078125,0.8769363402545949,-1.0,-1.0,-1.0
103,1,482.4146118164063,330.952066040039,41.54062499999998,81.84193725585936,0.8473188516472163,-1.0,-1.0,-1.0
104,1,479.4241882324218,332.44008178710936,46.10236816406251,82.31209716796872,0.8425477264197738,-1.0,-1.0,-1.0
105,1,475.4793273925781,336.6117004394531,50.92130126953128,75.37236328124999,0.8852485467272686,-1.0,-1.0,-1.0
106,1,474.7638977050781,337.81618652343747,47.62276611328127,75.03854370117188,0.8889209114806462,-1.0,-1.0,-1.0
107,1,471.22706909179686,336.71629028320314,53.057592773437534,78.63689575195309,0.8970024375303325,-1.0,-1.0,-1.0
108,1,470.0270874023437,335.80714416503906,53.99934082031251,80.04347534179686,0.8918331039817495,-1.0,-1.0,-1.0
109,1,467.5550537109375,337.4015899658203,55.34483642578118,78.30137329101564,0.8851971352594497,-1.0,-1.0,-1.0
110,1,467.5479675292968,338.5853393554688,43.1575927734375,77.11495971679682,0.8748528809071274,-1.0,-1.0,-1.0
111,1,465.6314025878906,338.9290466308594,35.419921875,77.09859008789061,0.8782352164203999,-1.0,-1.0,-1.0
112,1,465.0750549316406,338.98353881835936,33.114550781250045,77.38132324218748,0.8810658753430403,-1.0,-1.0,-1.0
113,1,462.7409545898437,337.905615234375,33.373498535156216,82.6923889160156,0.8687839969816764,-1.0,-1.0,-1.0
114,1,462.0142639160156,338.85219726562497,30.335119628906284,81.57540893554688,0.8581165481554649,-1.0,-1.0,-1.0
115,1,458.31566162109374,340.6289611816406,34.10804443359376,87.52296752929686,0.8731900289837213,-1.0,-1.0,-1.0
116,1,456.1952453613281,341.5441497802734,33.30593261718752,86.91421508789062,0.8681624703656787,-1.0,-1.0,-1.0
117,1,452.99415893554686,343.45799560546874,33.8126220703125,85.21501464843749,0.8892277556196859,-1.0,-1.0,-1.0
118,1,449.89996948242185,343.0812744140625,36.36397705078127,85.88067626953125,0.895549948477111,-1.0,-1.0,-1.0
119,1,446.5157684326172,340.4481811523437,39.64490661621096,92.47137451171876,0.9003411186944561,-1.0,-1.0,-1.0
120,1,445.9708190917968,339.8935913085937,40.32180175781252,96.0697814941406,0.9067980662379966,-1.0,-1.0,-1.0
121,1,444.6154357910156,340.4118713378906,40.90946044921873,99.91005249023436,0.9101688594912928,-1.0,-1.0,-1.0
122,1,442.71727294921874,341.9648986816406,42.50225830078125,101.09761962890629,0.9096145174613,-1.0,-1.0,-1.0
123,1,441.0502624511719,344.9309875488281,42.17486572265625,100.4271240234375,0.906821003304028,-1.0,-1.0,-1.0
124,1,440.1297180175781,347.2077941894531,42.1072998046875,98.09088134765624,0.9056549617200532,-1.0,-1.0,-1.0
125,1,442.2985290527344,347.9371765136719,36.77047119140627,96.5619689941406,0.9163907502479702,-1.0,-1.0,-1.0
126,1,442.9347747802734,347.34300842285154,34.9367706298828,97.98348999023438,0.9147966758789394,-1.0,-1.0,-1.0
127,1,445.4491607666016,346.2717041015625,33.544088745117165,105.92303466796876,0.911553251528403,-1.0,-1.0,-1.0
128,1,445.2745330810546,346.51856689453126,34.250344848632835,107.81076049804682,0.905435529586356,-1.0,-1.0,-1.0
129,1,445.3953552246094,349.7069091796875,36.191052246093705,110.15804443359372,0.8953160774281876,-1.0,-1.0,-1.0
130,1,445.3888732910156,352.0032165527344,37.64157714843748,107.61459960937498,0.9029220196539391,-1.0,-1.0,-1.0
131,1,444.515103149414,354.9717224121094,39.00423889160157,105.93583374023432,0.8934527468612465,-1.0,-1.0,-1.0
132,1,443.06773681640624,355.4823944091797,40.82508544921876,108.17591857910156,0.8835800508886678,-1.0,-1.0,-1.0
133,1,438.74604492187495,354.5106262207031,45.98151855468751,109.28973999023437,0.8962960478843627,-1.0,-1.0,-1.0
134,1,436.356298828125,354.27057495117185,48.3161682128906,114.54444580078126,0.9094409487026808,-1.0,-1.0,-1.0
135,1,434.6934356689453,355.8522216796875,54.18525695800781,116.61102905273437,0.9017114129012748,-1.0,-1.0,-1.0
136,1,434.8848449707031,357.9569549560547,58.7406005859375,115.81366882324215,0.8797732062645949,-1.0,-1.0,-1.0
137,1,439.8327026367188,362.179605102539,48.92508544921873,112.7238739013672,0.9119592608428916,-1.0,-1.0,-1.0
138,1,444.122232055664,362.97350463867184,45.5716461181641,111.82527465820311,0.9020288753232713,-1.0,-1.0,-1.0
139,1,452.7793487548828,363.8841064453125,38.631307983398415,111.76528930664055,0.8817536870444442,-1.0,-1.0,-1.0
140,1,454.6233215332031,363.787646484375,39.0794677734375,112.51895141601562,0.8899492386859365,-1.0,-1.0,-1.0
141,1,459.09890441894527,363.6032409667969,39.23061218261722,115.61522827148434,0.9067946753214072,-1.0,-1.0,-1.0
142,1,460.7420745849609,364.3646484375,39.62837219238281,116.74281005859376,0.9041301697030236,-1.0,-1.0,-1.0
143,1,461.6930236816406,366.9219909667968,41.097436523437466,115.51393432617186,0.907571709644884,-1.0,-1.0,-1.0
144,1,463.1217956542969,367.7419830322265,41.31057128906247,115.6258575439453,0.899190711363218,-1.0,-1.0,-1.0
145,1,466.3931396484375,368.3531524658203,39.25327148437504,115.6912811279297,0.8829660547199261,-1.0,-1.0,-1.0
146,1,470.1283813476562,367.8747802734375,36.73410644531253,115.72421264648438,0.8791915243657229,-1.0,-1.0,-1.0
147,1,473.1834045410156,366.5786407470703,34.03114013671876,118.84078674316402,0.884914625349257,-1.0,-1.0,-1.0
148,1,473.7194274902344,366.67963256835935,34.20109863281249,125.410693359375,0.8899485279895245,-1.0,-1.0,-1.0
1,2,762.6725463867188,353.57733764648435,44.91793212890616,129.11687622070315,0.9082757086337488,-1.0,-1.0,-1.0
2,2,762.6725463867188,353.57733764648435,44.91793212890616,129.11687622070315,0.9082757086337488,-1.0,-1.0,-1.0
3,2,762.6564514160156,354.1489013671875,44.69710693359377,128.46417846679685,0.911918887966266,-1.0,-1.0,-1.0
4,2,762.6655700683593,354.3686553955078,44.6407470703125,128.23162536621095,0.9134421752169182,-1.0,-1.0,-1.0
5,2,762.6193725585937,354.5806091308594,45.0056030273438,128.01643066406243,0.9130243068429352,-1.0,-1.0,-1.0
6,2,762.6463439941406,354.12547302246094,44.869152832031205,128.51446838378905,0.9138647146498116,-1.0,-1.0,-1.0
7,2,762.770654296875,355.64765625,44.67513427734366,127.0029418945312,0.9104383657757892,-1.0,-1.0,-1.0
8,2,762.7858154296874,355.63219299316404,44.56878662109375,127.2262664794922,0.9101961153020568,-1.0,-1.0,-1.0
9,2,762.6866638183593,355.59442749023435,44.75083007812498,127.32659912109376,0.9112995443916104,-1.0,-1.0,-1.0
10,2,762.7490112304687,355.65990600585934,44.67326660156255,127.23316040039066,0.9108128024358564,-1.0,-1.0,-1.0
11,2,762.697705078125,355.7214019775391,44.82905273437496,127.288833618164,0.9091823968439884,-1.0,-1.0,-1.0
12,2,762.5967956542969,355.7866607666015,45.090087890624886,127.2741668701172,0.9097288002930242,-1.0,-1.0,-1.0
13,2,763.06640625,355.7727355957031,44.89519042968743,126.89818725585934,0.9080474296272314,-1.0,-1.0,-1.0
14,2,763.9499816894531,355.66053771972656,44.0694580078125,126.56351623535151,0.9061964193364248,-1.0,-1.0,-1.0
15,2,764.7037536621093,355.9637878417969,43.27218017578127,126.0148315429687,0.9047979013611424,-1.0,-1.0,-1.0
16,2,765.2233520507813,355.9686767578125,42.76669921874998,126.01774291992189,0.9013387635623644,-1.0,-1.0,-1.0
17,2,767.1920471191406,357.011279296875,41.17093505859373,126.0538330078125,0.8897623577239742,-1.0,-1.0,-1.0
18,2,767.2900451660156,358.2316955566406,40.94637451171877,125.0239196777344,0.8919910077106081,-1.0,-1.0,-1.0
19,2,767.1294799804688,357.76862182617185,44.427502441406205,125.76747436523436,0.8737579238712954,-1.0,-1.0,-1.0
20,2,767.2842224121093,357.4568298339844,49.584484863281205,126.01351318359372,0.8706662783381738,-1.0,-1.0,-1.0
21,2,766.9881408691406,355.27758178710934,53.92012939453127,127.99610595703126,0.886417984811871,-1.0,-1.0,-1.0
22,2,766.6418518066406,353.2895233154297,55.39658203124998,129.4499542236328,0.8968704221853834,-1.0,-1.0,-1.0
23,2,766.0993469238281,350.1831939697266,55.75726318359375,127.9233489990234,0.9183681890823934,-1.0,-1.0,-1.0
24,2,765.5546447753906,349.49017639160155,54.66214599609373,125.64143371582033,0.9120419699853706,-1.0,-1.0,-1.0
25,2,763.6284667968749,346.99982299804685,54.94119873046873,124.45966186523437,0.92083242810115,-1.0,-1.0,-1.0
26,2,762.6399169921875,346.8347534179687,55.712658691406205,124.98810424804684,0.9155300816396874,-1.0,-1.0,-1.0
27,2,758.8381530761718,347.2029327392578,59.08029785156248,119.83609313964844,0.922796323793584,-1.0,-1.0,-1.0
28,2,758.2138000488281,347.3121643066406,59.70135498046864,119.54196166992188,0.9214032969754556,-1.0,-1.0,-1.0
29,2,758.4360534667968,347.6344482421875,61.20120849609373,118.89179077148437,0.9128085218997164,-1.0,-1.0,-1.0
30,2,758.7636108398438,347.8030059814453,60.764172363281205,118.7025238037109,0.9096156921150892,-1.0,-1.0,-1.0
31,2,763.8206176757812,348.09697265625,50.28903808593748,116.86580200195311,0.8872844244128437,-1.0,-1.0,-1.0
32,2,764.3476318359375,347.6274719238281,47.99069824218748,116.01507568359376,0.8818172538698619,-1.0,-1.0,-1.0
33,2,765.1774841308594,347.58643798828126,41.44438476562493,110.86946411132811,0.8873126882537257,-1.0,-1.0,-1.0
34,2,762.2524841308593,344.86839294433594,44.02056884765625,112.2203430175781,0.8740141121773064,-1.0,-1.0,-1.0
35,2,757.8567443847656,340.87343444824216,47.848645019531205,112.8791931152344,0.8953150015230449,-1.0,-1.0,-1.0
36,2,757.6118591308593,340.94896545410154,46.68442382812498,112.75032348632811,0.8858959552657097,-1.0,-1.0,-1.0
37,2,756.7103759765624,341.59117126464844,54.25543212890625,110.54349975585932,0.908353999557594,-1.0,-1.0,-1.0
38,2,755.3198364257812,341.8574523925781,56.15244140624998,110.42638549804684,0.9042745002236928,-1.0,-1.0,-1.0
39,2,754.0892028808594,341.6468170166016,56.53289794921875,110.56239624023436,0.902020425629587,-1.0,-1.0,-1.0
40,2,752.5391967773437,340.78614807128906,57.78676757812502,111.44036865234376,0.8943660237955697,-1.0,-1.0,-1.0
41,2,742.1819458007812,337.24217834472654,64.83944091796866,115.16445922851562,0.87753334796502,-1.0,-1.0,-1.0
42,2,743.2520141601562,336.322265625,59.70476074218743,114.86590576171876,0.8633550482024255,-1.0,-1.0,-1.0
43,2,738.1921508789062,337.87279357910154,52.823803710937455,106.37825317382811,0.8407565467525941,-1.0,-1.0,-1.0
44,2,735.1968383789062,335.7283721923828,52.99672851562491,105.657275390625,0.8458383809185044,-1.0,-1.0,-1.0
45,2,731.4087524414062,331.8720336914062,47.32514648437496,102.770947265625,0.8655318124300493,-1.0,-1.0,-1.0
46,2,729.8197998046875,329.71978454589845,48.62010498046868,104.87999267578124,0.8588442726477226,-1.0,-1.0,-1.0
47,2,721.9908874511718,325.57228088378906,47.69417724609377,108.07684936523437,0.8725349879059507,-1.0,-1.0,-1.0
48,2,718.2397705078125,325.8277954101562,50.91196289062498,103.79542236328126,0.8761691151569977,-1.0,-1.0,-1.0
49,2,714.2558532714844,325.96169128417966,46.81669921874993,102.72579345703129,0.86597155059318,-1.0,-1.0,-1.0
50,2,712.8971740722656,326.9926208496093,42.22836914062509,102.00613403320312,0.8564376518461607,-1.0,-1.0,-1.0
51,2,708.6804565429687,330.0469573974609,36.16204833984375,99.30882568359374,0.8659903967098899,-1.0,-1.0,-1.0
52,2,706.7526306152344,329.4426818847656,37.1042358398438,100.313525390625,0.8733640962906648,-1.0,-1.0,-1.0
53,2,701.2502929687499,333.931640625,39.766223144531295,94.33438110351562,0.8905604378751484,-1.0,-1.0,-1.0
54,2,700.1461120605469,333.6334991455078,39.503430175781205,94.62376098632808,0.8941593391514999,-1.0,-1.0,-1.0
55,2,699.3436157226562,334.2557647705078,39.68854980468757,93.81615600585934,0.8971584096886716,-1.0,-1.0,-1.0
56,2,698.7506286621093,333.900439453125,40.38277587890627,94.19073486328124,0.8940313443577708,-1.0,-1.0,-1.0
57,2,697.7306030273437,328.7352722167969,41.0185546875,99.34617919921874,0.8927413254630991,-1.0,-1.0,-1.0
58,2,697.6222778320313,327.6483947753906,41.64620361328116,100.53034057617184,0.88936638507721,-1.0,-1.0,-1.0
59,2,698.3180419921874,327.6749267578125,41.488879394531295,100.07704467773436,0.889165874405407,-1.0,-1.0,-1.0
60,2,698.390771484375,327.18463439941405,42.78713378906241,100.48112182617189,0.9009540065858131,-1.0,-1.0,-1.0
61,2,698.9481628417968,328.21556396484374,46.388781738281295,99.14029541015624,0.9059166442492383,-1.0,-1.0,-1.0
62,2,698.9924926757812,328.3667907714844,50.200817871093705,99.19489746093744,0.9011738034248076,-1.0,-1.0,-1.0
63,2,698.7717224121094,330.4958038330078,54.4822998046875,97.41571655273437,0.902521833875749,-1.0,-1.0,-1.0
64,2,700.0855224609375,331.9042236328125,53.58603515624998,96.32367553710937,0.9148531683429156,-1.0,-1.0,-1.0
65,2,702.7236145019531,331.9458068847656,51.51423339843757,95.4041748046875,0.9078258858351234,-1.0,-1.0,-1.0
66,2,702.631494140625,331.8307250976562,51.85184326171873,95.91102905273436,0.904364082322985,-1.0,-1.0,-1.0
67,2,703.0828674316406,329.1396514892578,52.46993408203127,97.55524291992184,0.8885403607411817,-1.0,-1.0,-1.0
68,2,704.6804443359375,327.98759765625,51.509289550781205,98.80806884765622,0.8900827696065932,-1.0,-1.0,-1.0
69,2,713.6923645019531,325.9911071777344,42.75087890625002,101.1796875,0.865434706498025,-1.0,-1.0,-1.0
70,2,715.5775634765624,324.9675659179687,40.7032470703125,102.05557250976562,0.8665502135263203,-1.0,-1.0,-1.0
71,2,718.6069885253906,323.80482788085936,41.020642089843705,103.58080444335934,0.8798338396023127,-1.0,-1.0,-1.0
72,2,721.0865478515625,324.2094268798828,39.84664306640627,103.50719604492184,0.8733396762900725,-1.0,-1.0,-1.0
73,2,723.5853881835938,325.6869506835937,44.57647705078125,103.1566223144531,0.8822043090883369,-1.0,-1.0,-1.0
74,2,723.5993957519531,327.17491149902344,45.415173339843705,102.30968627929684,0.8909280706697871,-1.0,-1.0,-1.0
75,2,727.108154296875,334.0207122802734,49.38771972656241,95.85648193359371,0.9000965714080849,-1.0,-1.0,-1.0
76,2,728.9797851562499,335.9745758056641,48.09199218750007,94.19864501953124,0.8967126477507463,-1.0,-1.0,-1.0
77,2,730.9455139160156,339.78746337890624,49.84255371093752,90.62990112304686,0.8988690780545667,-1.0,-1.0,-1.0
78,2,731.2603271484375,339.7802398681641,49.21918945312496,90.87588500976555,0.8933679194958941,-1.0,-1.0,-1.0
79,2,730.7152954101563,339.4726226806641,50.09271240234364,91.12730712890624,0.8898069252090934,-1.0,-1.0,-1.0
80,2,729.2796569824219,339.3026916503906,51.28494873046873,91.14422607421876,0.8921069956479357,-1.0,-1.0,-1.0
81,2,728.0307312011719,339.2347412109375,52.28217773437496,91.1742736816406,0.8989912239476894,-1.0,-1.0,-1.0
82,2,727.7025146484375,339.38673706054686,52.58583984374991,91.06149902343748,0.9052928508143552,-1.0,-1.0,-1.0
83,2,726.1767333984375,339.8624725341797,53.77104492187493,90.73295288085932,0.9009626071213432,-1.0,-1.0,-1.0
84,2,723.8652099609375,339.8898284912109,55.73111572265623,90.33546752929686,0.90602291889331,-1.0,-1.0,-1.0
85,2,719.2663330078125,339.01710205078126,61.24570312499998,92.49719238281244,0.901966188391377,-1.0,-1.0,-1.0
86,2,718.8155639648437,338.7414276123047,61.843029785156205,92.70884399414064,0.9037557550946218,-1.0,-1.0,-1.0
87,2,717.0356689453125,338.9522003173828,60.96324462890618,91.72792968750002,0.906875264825466,-1.0,-1.0,-1.0
88,2,716.5791320800781,339.9144378662109,61.16748046875,91.54973144531247,0.9078786252602812,-1.0,-1.0,-1.0
89,2,715.792071533203,339.6747161865234,61.61978759765623,92.7786071777344,0.9038616803387356,-1.0,-1.0,-1.0
90,2,714.4514648437499,340.6945495605469,58.75202636718757,92.13041381835932,0.8991783381604534,-1.0,-1.0,-1.0
91,2,715.297686767578,339.6324462890625,56.22011718750002,93.04222412109374,0.9141196085214922,-1.0,-1.0,-1.0
92,2,715.644140625,339.1341888427734,54.169189453125,94.03258666992184,0.906523273813974,-1.0,-1.0,-1.0
93,2,716.0029541015625,337.4697052001953,54.08316650390623,96.00150146484378,0.8974381955782817,-1.0,-1.0,-1.0
94,2,718.2271362304688,338.2970306396484,52.66131591796864,95.39137573242186,0.8881841666988919,-1.0,-1.0,-1.0
95,2,728.3191772460938,337.1858459472656,45.02713623046873,96.60031127929688,0.8577856276088625,-1.0,-1.0,-1.0
96,2,728.7856567382812,335.82985839843747,45.37397460937496,98.35158691406252,0.8570926607268099,-1.0,-1.0,-1.0
97,2,734.5233215332031,335.1173126220703,43.92312011718752,99.3393127441406,0.8829428130851937,-1.0,-1.0,-1.0
98,2,734.4790466308593,335.69703369140626,48.867846679687545,98.93479614257808,0.8711549530922014,-1.0,-1.0,-1.0
99,2,734.2042236328125,335.24192504882814,60.51192626953116,106.30623779296872,0.8476177783743282,-1.0,-1.0,-1.0
100,2,736.7929870605468,338.0603576660156,60.9609375,106.35963134765626,0.8755185537117391,-1.0,-1.0,-1.0
101,2,736.8019409179688,333.4604919433594,60.45260009765616,112.50027465820308,0.8757604287131251,-1.0,-1.0,-1.0
102,2,736.6554382324218,334.05128173828126,60.55466308593748,111.35939941406248,0.8847734261984641,-1.0,-1.0,-1.0
103,2,749.8629821777344,332.12807006835936,53.16481933593752,114.64881591796876,0.8640029574167443,-1.0,-1.0,-1.0
104,2,756.3899597167969,332.069677734375,50.66488037109377,114.3474060058594,0.8910867277312846,-1.0,-1.0,-1.0
105,2,758.35546875,330.0958740234375,56.14376220703116,115.76530151367189,0.8709327416704156,-1.0,-1.0,-1.0
106,2,759.8007751464844,329.7100891113281,59.18225097656239,117.04844970703124,0.8295442279261387,-1.0,-1.0,-1.0
107,2,779.7736450195312,334.01244506835934,59.65543212890634,119.84902954101562,0.8264284194762723,-1.0,-1.0,-1.0
108,2,787.4351257324219,337.3508056640625,60.4412841796875,119.74575805664062,0.9080772536789324,-1.0,-1.0,-1.0
109,2,791.0415527343749,343.50086975097656,69.40876464843757,116.65140380859371,0.8885230333646632,-1.0,-1.0,-1.0
110,2,793.2604614257812,345.9669158935547,77.9854614257813,113.06574096679684,0.912598549623212,-1.0,-1.0,-1.0
111,2,793.311602783203,351.8046936035156,92.4169921875,108.17270507812498,0.9228514274944466,-1.0,-1.0,-1.0
112,2,793.8920104980468,351.81557006835936,94.63985595703129,107.59801025390624,0.9296836944044672,-1.0,-1.0,-1.0
113,2,794.1549682617188,348.2556701660156,101.08608398437492,111.60274658203129,0.922230959270685,-1.0,-1.0,-1.0
114,2,798.8761779785156,349.4950378417969,98.6517333984375,110.64781494140624,0.916261126680908,-1.0,-1.0,-1.0
115,2,816.9957641601562,348.2897277832031,86.88614501953123,111.49151000976563,0.898004056898813,-1.0,-1.0,-1.0
116,2,825.60322265625,348.2879425048828,87.88271484375002,111.09490356445316,0.8790441143002923,-1.0,-1.0,-1.0
117,2,870.4005249023437,349.3141204833984,54.03109130859377,110.65550537109374,0.8750624766006325,-1.0,-1.0,-1.0
118,2,870.6360168457031,351.5913391113281,60.47924194335928,107.78043823242184,0.8898983192406718,-1.0,-1.0,-1.0
119,2,871.8518737792969,350.54901123046875,85.0523620605469,112.47561035156248,0.8712822046635935,-1.0,-1.0,-1.0
120,2,871.2853637695312,348.3837158203125,93.78446044921884,113.32249145507814,0.906520349146323,-1.0,-1.0,-1.0
121,2,880.8224853515625,344.8125,102.50661621093752,115.8245178222656,0.918486045538856,-1.0,-1.0,-1.0
122,2,886.4928588867188,342.4024291992187,99.55524902343744,117.49658203125,0.9190462210808904,-1.0,-1.0,-1.0
123,2,900.6267700195312,337.61326904296874,135.8118896484375,121.8264587402344,0.8897641678192159,-1.0,-1.0,-1.0
124,2,916.5455749511718,336.41249084472656,120.65289916992197,122.36599731445312,0.9157061864279186,-1.0,-1.0,-1.0
125,2,942.0127075195312,332.92287597656247,98.82465820312495,123.91193847656253,0.894168558211959,-1.0,-1.0,-1.0
126,2,951.96005859375,332.68244018554685,88.95190429687489,123.82448730468752,0.8930637987465815,-1.0,-1.0,-1.0
127,2,966.3124877929688,330.6368408203125,89.32016601562498,120.56204223632812,0.8815319234645784,-1.0,-1.0,-1.0
128,2,967.1144897460936,330.9228149414062,91.12697753906252,121.26813354492192,0.9014372264137904,-1.0,-1.0,-1.0
129,2,980.1045043945312,332.373779296875,93.5321044921875,123.901171875,0.8472788173691406,-1.0,-1.0,-1.0
130,2,985.9318725585936,334.37037963867186,85.93681640624993,122.99606323242188,0.8927190984960021,-1.0,-1.0,-1.0
131,2,999.9577880859374,338.4393859863281,76.06494140625,118.39185791015626,0.9194969022942984,-1.0,-1.0,-1.0
132,2,1011.9365112304688,337.8563415527344,68.16005859375002,118.99154663085938,0.8961303989136589,-1.0,-1.0,-1.0
133,2,1020.4395996093748,334.48200073242185,56.069384765625045,120.7935791015625,0.8911935539172333,-1.0,-1.0,-1.0
134,2,1023.9353393554688,332.2310394287109,58.92539062499998,122.51365356445314,0.8495936953605181,-1.0,-1.0,-1.0
135,2,1029.3289672851563,328.75988159179684,54.4306640625,125.8330078125,0.8640412757141753,-1.0,-1.0,-1.0
136,2,1030.13701171875,328.5573760986328,49.1912841796875,125.53093872070308,0.8713364094158749,-1.0,-1.0,-1.0
137,2,1037.1087158203125,326.2805694580078,44.64008789062496,127.33527832031253,0.8906004348979621,-1.0,-1.0,-1.0
138,2,1038.1819702148437,325.9569396972656,44.026611328125,127.30803222656247,0.8913909290254196,-1.0,-1.0,-1.0
139,2,1040.7639770507812,325.6497894287109,44.193164062500045,128.065869140625,0.8860695995333003,-1.0,-1.0,-1.0
140,2,1042.283605957031,325.2225036621094,42.68232421875018,128.18215942382812,0.8806836445481849,-1.0,-1.0,-1.0
141,2,1046.9097290039062,325.034829711914,38.963671875000045,128.6057922363281,0.8660719366537855,-1.0,-1.0,-1.0
142,2,1048.020666503906,324.9168365478516,38.23220214843764,128.7938781738281,0.8685220256806367,-1.0,-1.0,-1.0
143,2,1049.06337890625,324.8033203125,36.40913085937496,129.27255249023438,0.8750712418954052,-1.0,-1.0,-1.0
144,2,1048.762353515625,324.88140563964845,37.774951171875045,128.9958618164062,0.877320491088561,-1.0,-1.0,-1.0
145,2,1048.895068359375,325.4751892089844,38.35612792968732,128.1663391113281,0.8864365510049446,-1.0,-1.0,-1.0
146,2,1048.4675903320312,325.67931518554684,39.24404296874991,128.01247558593752,0.885769439528822,-1.0,-1.0,-1.0
147,2,1046.3674438476562,326.3195159912109,42.14157714843759,123.75016479492184,0.895264561080694,-1.0,-1.0,-1.0
148,2,1045.175537109375,326.2573333740234,43.876538085937455,122.73370971679692,0.8898298221467869,-1.0,-1.0,-1.0
1,3,988.638134765625,379.6289154052734,48.359179687500045,153.44980773925778,0.9046461055034528,-1.0,-1.0,-1.0
2,3,988.638134765625,379.6289154052734,48.359179687500045,153.44980773925778,0.9046461055034528,-1.0,-1.0,-1.0
3,3,988.8804931640624,379.6776397705078,47.39699707031241,152.8831878662109,0.909991410901572,-1.0,-1.0,-1.0
4,3,989.1401000976562,379.5241333007812,47.453686523437455,153.02933349609378,0.9084198905904196,-1.0,-1.0,-1.0
5,3,988.9926635742188,379.4888671875,47.27944335937502,152.7825805664063,0.9149967926683188,-1.0,-1.0,-1.0
6,3,988.9553100585936,379.48351135253904,47.609252929687614,152.4998199462891,0.917118415997372,-1.0,-1.0,-1.0
7,3,989.237548828125,378.85517578125,48.59450683593741,153.2713073730468,0.9241256748584874,-1.0,-1.0,-1.0
8,3,989.5468139648438,378.8904418945313,48.91838378906255,153.08234252929685,0.9231399292641916,-1.0,-1.0,-1.0
9,3,989.5787841796874,378.9755859375,49.62041015624993,153.29196166992188,0.9236395100869004,-1.0,-1.0,-1.0
10,3,989.6837036132812,379.199267578125,50.56743164062493,152.61943359375,0.9266416337806582,-1.0,-1.0,-1.0
11,3,990.739599609375,378.2066528320312,50.99699707031243,153.93526611328122,0.927573575876984,-1.0,-1.0,-1.0
12,3,991.3634033203124,377.569692993164,51.10202636718736,154.14353942871094,0.9261110014053386,-1.0,-1.0,-1.0
13,3,993.702392578125,377.5775482177734,51.65969238281241,154.90483703613285,0.9252224471340468,-1.0,-1.0,-1.0
14,3,993.9889160156248,376.925537109375,53.227221679687545,155.31278686523433,0.9244873547236452,-1.0,-1.0,-1.0
15,3,994.677099609375,376.2791290283203,57.22316894531252,154.2124786376953,0.9263192024060808,-1.0,-1.0,-1.0
16,3,995.0450317382812,375.708169555664,58.85793457031252,152.54134826660157,0.9289366544933664,-1.0,-1.0,-1.0
17,3,996.6729858398436,374.8331909179688,60.658374023437545,150.90238037109373,0.9300340015652502,-1.0,-1.0,-1.0
18,3,998.7041381835936,374.1225677490234,59.52678222656243,148.9151458740235,0.9275263877800342,-1.0,-1.0,-1.0
19,3,1003.6839111328125,373.2585479736328,58.361132812500045,146.40323181152343,0.9245321535666308,-1.0,-1.0,-1.0
20,3,1005.331640625,372.6043395996094,58.090209960937386,148.49099121093752,0.924457959148704,-1.0,-1.0,-1.0
21,3,1010.3306396484376,371.7434509277344,54.994702148437455,150.1522888183593,0.9249867927328168,-1.0,-1.0,-1.0
22,3,1012.0974609375,371.5659118652344,54.33749999999998,149.6592224121094,0.9240871241791312,-1.0,-1.0,-1.0
23,3,1016.0961547851562,371.9190399169922,51.895678710937545,148.57561340332035,0.9248208494856094,-1.0,-1.0,-1.0
24,3,1017.2411499023438,371.71485900878906,52.681201171875045,148.50634460449214,0.9283366661697628,-1.0,-1.0,-1.0
25,3,1018.7693481445312,370.6688507080078,52.4827880859375,149.66501770019528,0.9261247758308748,-1.0,-1.0,-1.0
26,3,1019.3374511718748,370.2640319824218,51.97214355468748,149.20823364257814,0.9269325784160642,-1.0,-1.0,-1.0
27,3,1019.3855712890625,369.3166534423828,52.89609375000009,147.8212921142578,0.924914659823294,-1.0,-1.0,-1.0
28,3,1019.7772338867188,368.6629669189453,53.83388671874991,147.99443664550785,0.9214843718519994,-1.0,-1.0,-1.0
29,3,1020.8345581054688,367.52052612304686,55.059741210937545,146.65567016601557,0.9154966944518144,-1.0,-1.0,-1.0
30,3,1021.8940795898436,366.7418151855469,54.94416503906257,144.86160278320312,0.9104024322477428,-1.0,-1.0,-1.0
31,3,1024.0735473632812,365.20307006835935,55.201025390624864,144.03806762695314,0.9230407720724898,-1.0,-1.0,-1.0
32,3,1025.3802612304687,365.4152435302734,54.963061523437545,143.20851745605466,0.9190101338984178,-1.0,-1.0,-1.0
33,3,1028.7482299804688,364.93385009765626,54.315747070312455,142.57221679687495,0.9262675109019368,-1.0,-1.0,-1.0
34,3,1030.8231079101563,365.3892883300781,54.57326660156241,142.26031494140625,0.927055549389742,-1.0,-1.0,-1.0
35,3,1033.9511352539062,365.066455078125,56.18671874999996,142.2252685546875,0.9315283705792864,-1.0,-1.0,-1.0
36,3,1035.5495361328124,364.799267578125,56.41545410156255,142.30788574218747,0.9286488021350294,-1.0,-1.0,-1.0
37,3,1039.455725097656,363.459375,54.82375488281264,142.44329223632815,0.9217798338129412,-1.0,-1.0,-1.0
38,3,1040.3906616210936,363.4291076660156,55.5721435546875,141.76801757812495,0.9211452780887156,-1.0,-1.0,-1.0
39,3,1041.8028442382813,362.3970520019531,57.10737304687496,140.7921569824219,0.9221371459666728,-1.0,-1.0,-1.0
40,3,1043.6451416015625,361.6493774414062,56.82919921874986,140.45657958984378,0.9203436627981604,-1.0,-1.0,-1.0
41,3,1047.0606811523437,360.5024047851562,56.67011718749996,138.87784423828128,0.9185522990663236,-1.0,-1.0,-1.0
42,3,1047.7185424804686,361.3531585693359,56.429736328125045,137.78616027832032,0.9144946121998884,-1.0,-1.0,-1.0
43,3,1049.77353515625,360.8523742675781,55.193994140625136,137.11805419921876,0.9149861868280452,-1.0,-1.0,-1.0
44,3,1049.9899658203124,360.5605773925781,55.40207519531259,137.61166992187498,0.9167633290339836,-1.0,-1.0,-1.0
45,3,1051.4872924804688,360.9312561035157,54.04570312499982,136.41696166992182,0.914635537974238,-1.0,-1.0,-1.0
46,3,1051.97783203125,361.1674896240234,53.518139648437455,135.25260314941409,0.9126734395010344,-1.0,-1.0,-1.0
47,3,1053.1828125,359.56109619140625,52.1806640625,137.05065307617184,0.9177332932081724,-1.0,-1.0,-1.0
48,3,1053.1632568359375,358.5922943115234,51.85085449218741,137.68948059082032,0.9157205804607712,-1.0,-1.0,-1.0
49,3,1053.3047607421877,358.2765472412109,50.326171875,137.180923461914,0.9090274711524486,-1.0,-1.0,-1.0
50,3,1053.3894653320312,355.7593048095703,49.33564453124996,136.69900817871093,0.9063510116009256,-1.0,-1.0,-1.0
51,3,1053.3334350585938,356.16596374511715,49.083178710937545,135.38949279785157,0.900862421309366,-1.0,-1.0,-1.0
52,3,1053.4387939453125,355.3426483154297,49.53779296874996,134.84067077636718,0.8981725414747999,-1.0,-1.0,-1.0
53,3,1051.6788940429688,353.2763122558593,51.718798828125045,136.10972900390624,0.9007840758549291,-1.0,-1.0,-1.0
54,3,1051.3811645507812,352.1857543945312,51.501049804687455,135.0322998046875,0.9003639179237766,-1.0,-1.0,-1.0
55,3,1051.0929931640624,352.2462890625,53.49309082031255,135.13403320312494,0.9132110442939734,-1.0,-1.0,-1.0
56,3,1050.992138671875,352.07594604492186,54.57766113281241,134.46463623046873,0.9120914627434756,-1.0,-1.0,-1.0
57,3,1050.5375244140623,350.7860137939453,56.45478515624996,135.84916076660153,0.920568310891838,-1.0,-1.0,-1.0
58,3,1050.5486206054686,350.5262969970703,59.10842285156264,136.3451385498047,0.9203961968019208,-1.0,-1.0,-1.0
59,3,1050.5959716796874,350.3378540039062,61.46542968750009,135.86330566406252,0.9205475050064748,-1.0,-1.0,-1.0
60,3,1050.983349609375,351.12255249023434,62.14548339843759,135.29278564453125,0.9175551078031674,-1.0,-1.0,-1.0
61,3,1052.3848754882813,351.5244873046875,63.258618164062455,134.80015869140624,0.914794775392238,-1.0,-1.0,-1.0
62,3,1052.7451171875,351.83702087402344,64.86811523437495,134.17814025878903,0.9170580962007584,-1.0,-1.0,-1.0
63,3,1057.8968261718749,351.2933898925781,61.752612304687545,134.40899047851565,0.9198844436889289,-1.0,-1.0,-1.0
64,3,1060.1368286132813,352.03944396972656,60.81459960937491,133.68639221191404,0.9121573613539092,-1.0,-1.0,-1.0
65,3,1062.09404296875,351.5619506835937,59.38791503906237,132.20875854492186,0.9053434952495536,-1.0,-1.0,-1.0
66,3,1061.92705078125,350.84698791503905,61.67702636718741,132.9393768310547,0.8978487791188385,-1.0,-1.0,-1.0
67,3,1068.5403808593749,348.1486083984375,54.418359375000136,134.2804504394531,0.9185906891181972,-1.0,-1.0,-1.0
68,3,1071.2187377929688,348.3973114013672,52.29074707031237,133.9899444580078,0.914689803140945,-1.0,-1.0,-1.0
69,3,1076.6738891601562,348.55837097167966,48.05266113281255,132.3455108642578,0.8972728325662516,-1.0,-1.0,-1.0
70,3,1082.4927978515625,348.5338989257812,43.259765625,131.70135498046875,0.8775245111582564,-1.0,-1.0,-1.0
71,3,1084.6807250976562,348.5744659423828,40.86562499999991,129.85408630371091,0.8718754543373457,-1.0,-1.0,-1.0
72,3,1084.3751953125,349.72630004882814,40.914843750000045,129.08468627929682,0.868039412902661,-1.0,-1.0,-1.0
73,3,1083.8995971679688,348.3677307128906,41.9381103515625,130.6621032714844,0.8712492602573718,-1.0,-1.0,-1.0
74,3,1084.1542602539062,348.6180541992188,42.402172851562455,130.0088012695312,0.8733983569504389,-1.0,-1.0,-1.0
75,3,1083.5480346679688,348.72923583984374,44.159985351562455,129.59055175781248,0.8742303340949569,-1.0,-1.0,-1.0
76,3,1083.6450439453124,348.7076477050781,43.460595703125136,129.21893920898435,0.8729774719395742,-1.0,-1.0,-1.0
77,3,1082.2411010742187,347.50291442871094,45.309375000000045,129.6202423095703,0.8940929056802176,-1.0,-1.0,-1.0
78,3,1082.00478515625,347.7251953125,46.073144531250136,129.29375610351565,0.8955686315612574,-1.0,-1.0,-1.0
79,3,1079.7232543945313,347.086669921875,48.4156494140625,128.80068969726562,0.8959265971962793,-1.0,-1.0,-1.0
80,3,1079.4947387695313,347.3482269287109,49.268408203124864,128.91349182128909,0.8928400866568289,-1.0,-1.0,-1.0
81,3,1077.947424316406,347.7175598144531,51.572900390625136,128.85858764648435,0.9009520195204388,-1.0,-1.0,-1.0
82,3,1078.7618408203125,347.5826477050781,50.9205322265625,128.90110473632814,0.8923288198407384,-1.0,-1.0,-1.0
83,3,1084.3870605468749,347.4692413330078,45.539208984375136,129.54910583496093,0.8751463728864763,-1.0,-1.0,-1.0
84,3,1084.6989624023438,348.2473205566406,45.74794921874991,129.1521423339844,0.8740713367994815,-1.0,-1.0,-1.0
85,3,1083.891357421875,347.3561096191406,48.08737792968736,130.11289672851558,0.8868857588769288,-1.0,-1.0,-1.0
86,3,1084.2998291015624,347.1519561767578,47.289111328125045,130.35055847167968,0.8844858479242319,-1.0,-1.0,-1.0
87,3,1085.3932983398438,347.5144775390625,46.442944335937455,130.06027221679682,0.8925003732203791,-1.0,-1.0,-1.0
88,3,1085.373193359375,347.4696807861328,46.51018066406255,130.11336364746091,0.8910290074528255,-1.0,-1.0,-1.0
89,3,1084.8130004882812,347.4662200927734,47.20803222656241,130.34171447753903,0.8920882952735063,-1.0,-1.0,-1.0
90,3,1085.0659057617188,348.0372619628906,47.41567382812491,129.8615844726562,0.8920249237206157,-1.0,-1.0,-1.0
91,3,1084.9982299804688,347.2257843017578,48.046728515624864,131.15118713378905,0.8926093122472096,-1.0,-1.0,-1.0
92,3,1085.377587890625,348.5706481933594,47.823046875000045,129.5892883300781,0.893593304504325,-1.0,-1.0,-1.0
93,3,1084.7986083984374,349.6475555419922,49.153491210937545,128.72117614746094,0.896268357813355,-1.0,-1.0,-1.0
94,3,1082.6570434570312,349.50986938476564,52.3037109375,128.77948608398435,0.894141071172907,-1.0,-1.0,-1.0
95,3,1086.537744140625,349.7161651611328,50.56545410156264,128.17295837402344,0.8956848166182141,-1.0,-1.0,-1.0
96,3,1082.3608520507812,348.73008728027344,55.44580078125,128.8149993896484,0.9009579961362776,-1.0,-1.0,-1.0
97,3,1084.4341918945313,347.92662963867184,57.016186523437455,129.73743896484376,0.8574539634076359,-1.0,-1.0,-1.0
98,3,1082.8787475585937,348.0088623046875,58.455395507812455,129.02211914062497,0.8623959718969445,-1.0,-1.0,-1.0
99,3,1072.8974487304688,346.95631713867186,69.59575195312482,128.00011596679684,0.9001546183785578,-1.0,-1.0,-1.0
100,3,1072.57060546875,347.2128204345703,71.18745117187495,126.37636413574216,0.9011931422030556,-1.0,-1.0,-1.0
101,3,1073.8490844726562,345.91843872070314,72.07448730468764,126.1939086914062,0.8882270794276366,-1.0,-1.0,-1.0
102,3,1074.46552734375,345.7935516357422,71.20261230468759,126.54088439941404,0.9089710523812222,-1.0,-1.0,-1.0
103,3,1072.3841674804687,344.7283447265625,73.24277343750009,128.08344726562495,0.9127980293398216,-1.0,-1.0,-1.0
104,3,1071.1435913085936,345.11558532714844,75.07705078125014,127.87374572753902,0.898147996422793,-1.0,-1.0,-1.0
105,3,1070.3446655273438,345.54372253417966,74.91159667968736,129.2038604736328,0.9086286829395434,-1.0,-1.0,-1.0
106,3,1069.7297607421874,344.3810668945312,75.1497802734375,131.2943115234375,0.9067757981549108,-1.0,-1.0,-1.0
107,3,1066.9665893554686,341.8868957519531,77.72189941406259,132.97703247070314,0.910049954826306,-1.0,-1.0,-1.0
108,3,1067.4832763671875,342.3332153320312,76.98977050781241,132.76878662109374,0.9063779661807024,-1.0,-1.0,-1.0
109,3,1068.9102905273437,343.1828155517578,75.69777832031241,131.9736785888672,0.8935335155834991,-1.0,-1.0,-1.0
110,3,1074.7109619140624,344.1260192871094,70.75480957031255,130.83041381835932,0.9076905310390372,-1.0,-1.0,-1.0
111,3,1077.9264404296875,343.7760498046875,66.0904541015625,131.07216796874997,0.9155901388904796,-1.0,-1.0,-1.0
112,3,1077.5583984375,343.7435302734375,66.56901855468732,131.08837280273434,0.9058478574803424,-1.0,-1.0,-1.0
113,3,1078.1321044921874,344.0162933349609,65.64682617187509,130.21185607910155,0.9096035391055216,-1.0,-1.0,-1.0
114,3,1077.721105957031,343.7461944580078,68.04052734375,129.9783416748047,0.9022612742988088,-1.0,-1.0,-1.0
115,3,1077.484460449219,341.3320037841797,69.29824218750014,131.1578887939453,0.9082926842606582,-1.0,-1.0,-1.0
116,3,1077.541259765625,340.5889434814453,69.51357421874991,130.50931091308593,0.9099185774040492,-1.0,-1.0,-1.0
117,3,1076.6872924804686,341.0595703125,69.08510742187514,126.49801025390622,0.9157582951277804,-1.0,-1.0,-1.0
118,3,1076.3560546875,342.49518127441405,70.91872558593764,124.71698913574215,0.9147219370008166,-1.0,-1.0,-1.0
119,3,1077.0448974609374,349.48212890625,70.00224609375005,116.45485839843748,0.9118193495294236,-1.0,-1.0,-1.0
120,3,1078.2853637695312,352.5105926513672,68.92998046875005,113.33877868652344,0.8950587003250874,-1.0,-1.0,-1.0
121,3,1079.53330078125,352.25527038574216,62.06813964843764,113.96785583496091,0.879842060145247,-1.0,-1.0,-1.0
122,3,1080.0146118164062,348.7417327880859,60.01171875,118.18479309082028,0.8847455288361061,-1.0,-1.0,-1.0
123,3,1080.9404296875,332.4949584960937,59.25937499999986,134.11087646484378,0.8554667948904751,-1.0,-1.0,-1.0
124,3,1073.0880615234375,319.1350616455078,64.73649902343732,146.0471649169922,0.8432533903612338,-1.0,-1.0,-1.0
125,3,1067.94755859375,313.4392822265625,66.4112548828125,148.1933166503906,0.8127844725127176,-1.0,-1.0,-1.0
126,3,1070.1123046875,311.18483276367186,66.381591796875,145.0803955078125,0.7730664722068568,-1.0,-1.0,-1.0
127,3,1072.3251708984374,301.3858245849609,67.64919433593764,139.56394042968748,0.8692147972108231,-1.0,-1.0,-1.0
128,3,1073.1624389648437,299.8292266845703,64.73979492187505,135.90065917968747,0.8571722338784582,-1.0,-1.0,-1.0
129,3,1071.0147216796877,298.9206848144531,65.6817626953125,138.50172729492186,0.8042482649360139,-1.0,-1.0,-1.0
130,3,1071.2560913085938,299.8685852050781,59.95942382812496,138.75864257812503,0.8204018502968822,-1.0,-1.0,-1.0
131,3,1070.128564453125,306.8247436523437,59.89438476562509,145.9307922363281,0.8240816399394113,-1.0,-1.0,-1.0
132,3,1069.505859375,312.1024932861328,57.08540039062496,142.5013549804687,0.8321105477459696,-1.0,-1.0,-1.0
133,3,1073.885888671875,337.66358642578126,42.67573242187496,117.64011840820308,0.8223303511833393,-1.0,-1.0,-1.0
134,3,1072.1813598632812,339.6316772460937,48.884326171875045,116.39761962890628,0.8342774096410039,-1.0,-1.0,-1.0
135,3,1068.9893920898437,340.38132934570314,42.99169921875,117.0708618164062,0.8636729208164802,-1.0,-1.0,-1.0
136,3,1070.3687255859377,339.5694946289062,41.3470458984375,117.32008666992186,0.858721843022181,-1.0,-1.0,-1.0
137,3,1064.8277709960937,339.0382507324219,45.4954833984375,122.7896850585937,0.8733551943961579,-1.0,-1.0,-1.0
138,3,1071.4101196289062,339.3758605957031,39.250634765625136,122.37593994140629,0.8654678309554775,-1.0,-1.0,-1.0
139,3,1074.6748168945312,339.178271484375,36.26169433593759,122.94376831054689,0.8813617993125149,-1.0,-1.0,-1.0
140,3,1074.8640014648438,339.1934875488281,36.144360351562455,122.96420288085938,0.8752627936556792,-1.0,-1.0,-1.0
141,3,1074.2278930664063,338.2682739257812,36.60710449218732,123.00941162109376,0.8667130883600151,-1.0,-1.0,-1.0
142,3,1073.820959472656,338.0340179443359,36.9755859375,123.09754943847656,0.8620011352706172,-1.0,-1.0,-1.0
143,3,1073.17177734375,338.1609375,37.56928710937496,123.64365234374998,0.8641101902956336,-1.0,-1.0,-1.0
144,3,1072.813623046875,338.2714050292969,38.15617675781255,123.3435607910156,0.8656188837210124,-1.0,-1.0,-1.0
145,3,1073.9400512695313,338.1717041015625,37.36516113281232,123.0298461914062,0.8678111174727761,-1.0,-1.0,-1.0
146,3,1073.2817504882812,338.3334503173828,38.09860839843759,122.59140930175778,0.8681159722350884,-1.0,-1.0,-1.0
147,3,1072.7283691406249,338.7509857177734,38.683740234375136,122.5878387451172,0.8702985800509992,-1.0,-1.0,-1.0
148,3,1073.422265625,338.6908630371093,38.51345214843764,121.40606689453124,0.8635946772012026,-1.0,-1.0,-1.0
1,4,354.1209686279297,357.03465270996094,44.90084838867182,107.38803405761718,0.8968317413571469,-1.0,-1.0,-1.0
2,4,354.1209686279297,357.03465270996094,44.90084838867182,107.38803405761718,0.8968317413571469,-1.0,-1.0,-1.0
3,4,354.3256164550781,357.54930725097654,45.160620117187534,107.0937103271484,0.8926712699979262,-1.0,-1.0,-1.0
4,4,354.2876861572266,358.1400421142578,45.80820922851558,106.56065368652338,0.86966439081937,-1.0,-1.0,-1.0
5,4,353.6152404785156,357.8355285644531,47.43825073242186,106.76716918945311,0.8459463084065106,-1.0,-1.0,-1.0
6,4,354.4354797363281,359.6973541259766,46.51732177734374,104.98746643066404,0.8541355131566206,-1.0,-1.0,-1.0
7,4,356.1420135498047,359.0685791015625,45.019665527343705,105.68946533203126,0.8531165018623881,-1.0,-1.0,-1.0
8,4,356.46943359375,359.1410888671875,44.56505126953124,105.3956359863281,0.8616406342689693,-1.0,-1.0,-1.0
9,4,358.00172424316406,360.35919799804685,42.24215698242188,104.15077514648436,0.8751901424761144,-1.0,-1.0,-1.0
10,4,357.78334350585936,359.92380981445314,42.05247802734374,104.53233032226558,0.8607967666758327,-1.0,-1.0,-1.0
11,4,360.77052612304686,361.4331939697266,39.75029296874999,103.1715911865234,0.8380432412828327,-1.0,-1.0,-1.0
12,4,360.4109985351562,361.20322265625,40.38689575195309,103.54691162109371,0.8337116694151803,-1.0,-1.0,-1.0
13,4,359.20335388183594,361.8793212890625,40.445068359375,102.08133544921871,0.8419625109461855,-1.0,-1.0,-1.0
14,4,351.8051330566406,359.1944274902344,48.380767822265625,104.30474853515624,0.8947745621874503,-1.0,-1.0,-1.0
15,4,357.5030548095703,358.4413696289062,42.57339477539063,103.62019042968753,0.8648329257128289,-1.0,-1.0,-1.0
16,4,356.4045043945312,357.97999877929686,44.15949096679691,103.76559448242188,0.8707613665308287,-1.0,-1.0,-1.0
17,4,354.73073730468747,358.0891204833984,50.57204589843752,101.17732543945311,0.8940611541716059,-1.0,-1.0,-1.0
18,4,354.1946319580078,357.6319793701172,50.83308105468751,100.4756286621094,0.8937642602638789,-1.0,-1.0,-1.0
19,4,362.06386413574216,360.9119476318359,43.08217163085936,96.43936157226562,0.8707926776492059,-1.0,-1.0,-1.0
20,4,360.2305206298828,360.8517700195312,46.232940673828125,96.68342285156253,0.8767863843968051,-1.0,-1.0,-1.0
21,4,356.26959228515625,360.7014495849609,51.10724487304685,97.17099609374998,0.8725717882811921,-1.0,-1.0,-1.0
22,4,356.1825805664062,361.6361389160156,51.72017211914061,96.27077636718748,0.8775001905624435,-1.0,-1.0,-1.0
23,4,362.36884460449215,366.645849609375,45.68120727539065,90.91873168945312,0.8633623597640394,-1.0,-1.0,-1.0
24,4,354.4476745605469,359.9052429199219,53.90326538085935,98.77499999999998,0.8858358644597004,-1.0,-1.0,-1.0
25,4,354.2907348632812,360.3609008789063,53.39739990234375,98.02128295898432,0.8749686994718928,-1.0,-1.0,-1.0
26,4,355.08592529296874,359.8524536132812,52.51228637695312,98.66634521484376,0.8679684900200115,-1.0,-1.0,-1.0
27,4,355.56080932617186,357.9972473144531,51.97197875976559,100.16257324218752,0.8933032219507631,-1.0,-1.0,-1.0
28,4,356.1875793457031,356.9194610595703,50.71365966796873,100.5770324707031,0.8828592598611635,-1.0,-1.0,-1.0
29,4,356.1218536376953,354.60060424804686,51.17777709960933,100.08083496093748,0.886146627530934,-1.0,-1.0,-1.0
30,4,356.53180847167965,352.9771270751953,53.91068115234378,100.33725585937498,0.8907382412841223,-1.0,-1.0,-1.0
31,4,358.0815948486328,353.0006927490234,52.30469970703126,97.09947509765624,0.8904331483056716,-1.0,-1.0,-1.0
32,4,359.6640930175781,354.075732421875,50.49700927734375,95.68421630859376,0.901442993624535,-1.0,-1.0,-1.0
33,4,360.87110595703126,355.5096954345703,49.266320800781216,93.98781738281252,0.9001438608925127,-1.0,-1.0,-1.0
34,4,361.4140228271484,355.2233367919921,48.8413146972656,93.73452758789062,0.8734164271620912,-1.0,-1.0,-1.0
35,4,361.6750854492187,352.9709747314453,50.87213745117185,94.74285278320308,0.8378572630989467,-1.0,-1.0,-1.0
36,4,364.2259185791016,350.3197540283203,50.17230834960935,97.48465576171871,0.8708541750044319,-1.0,-1.0,-1.0
37,4,368.9357849121093,346.8168731689453,48.28194580078127,97.2519104003906,0.8864983988479622,-1.0,-1.0,-1.0
38,4,368.9004913330078,345.97853393554686,49.142669677734375,97.7963928222656,0.8803786119143808,-1.0,-1.0,-1.0
39,4,369.3410705566406,346.8749633789062,47.50702514648435,87.83102416992188,0.8868691360709491,-1.0,-1.0,-1.0
40,4,369.53168334960935,347.5497711181641,46.2849060058594,87.8191040039062,0.8976326120051894,-1.0,-1.0,-1.0
41,4,370.32508850097656,349.2375457763672,48.8907531738281,84.88108520507808,0.8972964919286142,-1.0,-1.0,-1.0
42,4,370.8726470947266,349.0601440429687,49.53251953124999,85.21441040039065,0.9002070682853898,-1.0,-1.0,-1.0
43,4,372.2150665283203,348.20900573730466,55.51825561523441,85.67160644531248,0.9107516565450596,-1.0,-1.0,-1.0
44,4,372.4757446289062,343.6490478515625,58.12465209960936,90.41759033203124,0.9095783112842816,-1.0,-1.0,-1.0
45,4,371.4571746826172,342.7211151123047,61.08870849609377,90.01851196289061,0.914858218276926,-1.0,-1.0,-1.0
46,4,373.76647338867184,341.51978759765626,59.47097167968752,89.90507812499999,0.9013765624125832,-1.0,-1.0,-1.0
47,4,390.0626037597656,337.02154541015625,49.08669433593752,92.74872436523437,0.9046174613531264,-1.0,-1.0,-1.0
48,4,396.6217163085937,334.9325500488281,44.56527099609377,93.21152343750003,0.885725263098962,-1.0,-1.0,-1.0
49,4,397.0000854492187,332.4630432128906,47.82875976562502,93.3563232421875,0.8738852008156215,-1.0,-1.0,-1.0
50,4,401.5606750488281,330.91498718261715,44.85629882812498,94.72417602539063,0.859079884781714,-1.0,-1.0,-1.0
51,4,409.0682922363281,331.1431182861328,43.08338012695316,94.54070434570316,0.8825847168093546,-1.0,-1.0,-1.0
52,4,411.8105346679688,331.2751739501953,45.7327880859375,93.1602172851562,0.8940567254634502,-1.0,-1.0,-1.0
53,4,416.55736999511714,336.15337829589845,49.17730407714845,88.01438598632808,0.9054931569273776,-1.0,-1.0,-1.0
54,4,418.9260772705078,338.25986938476564,47.63674621582032,85.8894653320312,0.8907156862991954,-1.0,-1.0,-1.0
55,4,423.0982452392578,340.6450561523437,43.974893188476585,83.38743896484374,0.9054406674566344,-1.0,-1.0,-1.0
56,4,424.42646484375,340.5238494873047,43.354248046875,83.63309326171873,0.9042547826730782,-1.0,-1.0,-1.0
57,4,427.8802093505859,337.57811279296874,43.04962463378905,85.84337768554684,0.9031088457416204,-1.0,-1.0,-1.0
58,4,428.2264709472656,336.84551696777345,45.33579711914058,86.45784301757811,0.9044890015304928,-1.0,-1.0,-1.0
59,4,429.9775268554688,335.6002716064453,47.56959228515626,86.79045410156249,0.897068892471875,-1.0,-1.0,-1.0
60,4,432.35741271972654,335.0951202392578,47.31847229003904,87.20397949218744,0.8840495103791923,-1.0,-1.0,-1.0
61,4,436.2921661376953,335.245166015625,49.20290222167967,88.99892578124997,0.8949389654647675,-1.0,-1.0,-1.0
62,4,438.01520690917965,335.2284118652344,48.8164031982422,89.56087646484372,0.8971413309244127,-1.0,-1.0,-1.0
63,4,442.36274414062495,335.1305786132812,43.90675048828126,88.56622924804691,0.8841449571687789,-1.0,-1.0,-1.0
64,4,441.3753204345703,334.91442260742184,44.88153991699215,87.98384399414061,0.8769613949919375,-1.0,-1.0,-1.0
65,4,442.391226196289,331.26047973632814,47.54841613769531,91.66371459960936,0.8536750341745893,-1.0,-1.0,-1.0
66,4,443.5931030273437,330.4674865722656,47.96916503906249,88.79287719726562,0.8127412781155385,-1.0,-1.0,-1.0
67,4,445.92157287597655,330.2522918701172,52.866732788085926,93.56363525390624,0.8723907616410607,-1.0,-1.0,-1.0
68,4,448.13869628906247,330.5735595703125,51.450292968750034,91.9226623535156,0.8959607994310623,-1.0,-1.0,-1.0
69,4,449.7828002929687,331.8235290527344,50.11787109375001,88.84242553710936,0.8775529999315914,-1.0,-1.0,-1.0
70,4,450.052294921875,331.98486328125,49.53153076171873,89.21563110351559,0.8889618935175321,-1.0,-1.0,-1.0
71,4,453.6481475830078,333.5712890625,47.60516052246089,86.93003540039058,0.8962242834767835,-1.0,-1.0,-1.0
72,4,456.7492858886719,334.2073974609375,44.58823242187498,86.63351440429688,0.8849716309492024,-1.0,-1.0,-1.0
73,4,464.7833129882813,335.92955932617184,39.83060302734373,84.20213012695314,0.8579246050331513,-1.0,-1.0,-1.0
74,4,468.3279418945313,336.06537780761715,36.77102050781247,84.17647705078127,0.8631031442882886,-1.0,-1.0,-1.0
75,4,470.9849853515625,335.3237731933594,36.570520019531216,88.89565429687497,0.8721711710097821,-1.0,-1.0,-1.0
76,4,471.31891479492185,334.4743927001953,38.12080078125001,88.73909912109372,0.8734109875374862,-1.0,-1.0,-1.0
77,4,473.9503601074218,331.94374694824216,40.229736328125,91.93035278320316,0.8595828050793486,-1.0,-1.0,-1.0
78,4,474.9518188476562,333.9762451171875,42.62662353515623,90.25411376953122,0.8716597316622483,-1.0,-1.0,-1.0
79,4,474.07763671875,334.26194458007814,50.50052490234373,91.46711425781244,0.8524196665927484,-1.0,-1.0,-1.0
80,4,484.7416809082031,335.4719787597656,42.36350097656248,86.3729187011719,0.8325433255540311,-1.0,-1.0,-1.0
81,4,490.5422424316406,336.33429565429685,50.05426025390625,90.5212463378906,0.847760173991702,-1.0,-1.0,-1.0
82,4,494.4618896484375,338.8134429931641,54.181933593750045,88.6338500976562,0.8747950188484275,-1.0,-1.0,-1.0
83,4,494.3752075195312,339.64068603515625,64.70826416015626,87.74956054687499,0.8979481063032679,-1.0,-1.0,-1.0
84,4,494.9792358398437,339.7707916259765,68.27684326171874,87.15552978515626,0.9155296719321484,-1.0,-1.0,-1.0
85,4,497.4435791015625,339.4129943847656,70.00246582031252,91.29693603515624,0.924062226869868,-1.0,-1.0,-1.0
86,4,498.5530334472656,339.376904296875,71.76939697265624,92.54998168945308,0.910483809777496,-1.0,-1.0,-1.0
87,4,512.7764282226562,338.5993194580078,63.51679687499996,93.75754394531248,0.8678015289320058,-1.0,-1.0,-1.0
88,4,518.7683166503906,338.4674560546875,61.65878906249998,92.4394592285156,0.8517566771244987,-1.0,-1.0,-1.0
89,4,546.7949340820312,339.7716156005859,42.653979492187545,83.76322631835939,0.8361859444550639,-1.0,-1.0,-1.0
90,4,554.4498779296874,339.5819366455078,41.4855834960938,88.90971679687499,0.8661178731281147,-1.0,-1.0,-1.0
91,4,563.2989807128906,341.75445556640625,49.56009521484373,89.088134765625,0.8780214499631391,-1.0,-1.0,-1.0
92,4,568.1460388183593,341.4749084472656,56.23934326171877,89.02298583984378,0.8948117236079476,-1.0,-1.0,-1.0
93,4,555.0257263183594,346.01349792480465,87.64046630859377,84.6837158203125,0.7971493381173644,-1.0,-1.0,-1.0
94,4,563.6697967529296,346.04248809814453,84.56989746093751,86.1589599609375,0.7971493381173644,-1.0,-1.0,-1.0
95,4,572.3138671875,346.07147827148435,81.49932861328125,87.63420410156249,0.7794202335077394,-1.0,-1.0,-1.0
96,4,582.2764343261719,342.5215209960937,72.22675781249995,98.50742797851564,0.836585423885154,-1.0,-1.0,-1.0
97,4,611.0280395507813,334.2351928710937,71.07692871093741,103.45374755859376,0.6382603248010597,-1.0,-1.0,-1.0
98,4,620.9972644042969,333.7034161376953,64.26116455078117,100.99999511718751,0.6382603248010597,-1.0,-1.0,-1.0
99,4,630.9664892578124,333.17163940429685,57.44540039062495,98.54624267578124,0.6382603248010597,-1.0,-1.0,-1.0
100,4,640.9357141113281,332.6398626708985,50.62963623046871,96.09249023437499,0.6382603248010597,-1.0,-1.0,-1.0
101,4,650.9049389648437,332.10808593750005,43.813872070312485,93.63873779296873,0.6382603248010597,-1.0,-1.0,-1.0
102,4,660.8741638183593,331.5763092041016,36.99810791015625,91.18498535156247,0.433856575286633,-1.0,-1.0,-1.0
103,4,670.9691711425781,329.1060882568359,33.668041992187455,75.33890991210939,0.5357531515992378,-1.0,-1.0,-1.0
104,4,673.0061187744141,327.0943130493164,47.073449707031216,87.48369140624999,0.5357531515992378,-1.0,-1.0,-1.0
105,4,675.04306640625,325.08253784179686,60.47885742187498,99.6284729003906,0.8236912954392714,-1.0,-1.0,-1.0
106,4,677.4515991210938,323.7321533203125,60.67485351562493,100.56038818359376,0.8265703005801583,-1.0,-1.0,-1.0
107,4,686.3559631347656,325.60285034179685,54.435717773437545,94.90418701171876,0.879528198519548,-1.0,-1.0,-1.0
108,4,690.7725219726562,322.1325714111328,52.34359130859377,98.495068359375,0.8919903577251382,-1.0,-1.0,-1.0
109,4,703.7141418457031,319.8329132080078,42.19013671874996,97.83836059570308,0.8695768591538062,-1.0,-1.0,-1.0
110,4,714.73798828125,319.42150268554684,34.26602783203123,97.0230651855469,0.8645501237881881,-1.0,-1.0,-1.0
111,4,723.4996398925781,317.9793273925781,33.8719482421875,86.59061279296873,0.8047257379511947,-1.0,-1.0,-1.0
112,4,727.8599487304688,317.5304534912109,32.428784179687455,85.6763305664062,0.8024763605643876,-1.0,-1.0,-1.0
113,4,734.2499267578124,315.29937744140625,37.99918212890623,98.68645019531247,0.8776934336020332,-1.0,-1.0,-1.0
114,4,735.5119262695313,315.78151245117186,38.52630615234364,97.6891662597656,0.8624187573704489,-1.0,-1.0,-1.0
115,4,732.9992431640625,317.89484252929685,61.49575195312502,95.6436767578125,0.8511606246828336,-1.0,-1.0,-1.0
116,4,749.6021667480469,320.6662261962891,48.14879150390618,93.02481079101555,0.8620053682608315,-1.0,-1.0,-1.0
117,4,752.0661254882813,320.1472595214844,57.52507324218743,92.8947875976562,0.9176943067956848,-1.0,-1.0,-1.0
118,4,752.7439819335938,318.4852478027344,59.18939208984364,94.95845947265622,0.9151455082616168,-1.0,-1.0,-1.0
119,4,755.7377563476563,318.4214721679687,59.210705566406205,93.59181518554686,0.8703195910116968,-1.0,-1.0,-1.0
120,4,760.6634216308594,318.5602569580078,59.728271484375,91.93529663085934,0.8848355788609652,-1.0,-1.0,-1.0
121,4,775.4568420410155,314.9905792236328,52.5443115234375,94.51796264648436,0.8757832076835115,-1.0,-1.0,-1.0
122,4,781.1123291015624,313.2907470703125,50.4832763671875,95.94354858398437,0.8445321412018529,-1.0,-1.0,-1.0
123,4,790.1686889648437,309.2830444335937,42.07807617187507,99.17413330078124,0.8725823307284912,-1.0,-1.0,-1.0
124,4,792.6675842285156,307.88319396972656,40.69610595703125,101.56415405273437,0.8668750281590007,-1.0,-1.0,-1.0
125,4,799.2946472167969,313.94970703125,40.6307373046875,96.318896484375,0.830739636680363,-1.0,-1.0,-1.0
126,4,803.1593627929688,313.3855316162109,49.69149169921866,96.79010009765624,0.864985370435754,-1.0,-1.0,-1.0
127,4,810.7094421386719,316.7982971191406,44.710949707031205,93.67459716796871,0.8776469147654069,-1.0,-1.0,-1.0
128,4,812.4818115234375,317.91225585937497,45.094372558593705,92.43209838867188,0.8443262884073732,-1.0,-1.0,-1.0
129,4,819.2068176269531,319.0647766113281,43.84654541015618,91.18015136718748,0.8793843169798805,-1.0,-1.0,-1.0
130,4,821.0648254394531,323.0475128173828,41.20729980468752,86.63735961914057,0.8849519449612693,-1.0,-1.0,-1.0
131,4,820.6776123046875,322.8712921142578,43.50673828124991,86.31062622070311,0.8882293636064986,-1.0,-1.0,-1.0
132,4,821.1628234863281,323.3672698974609,44.1310913085938,84.80220336914061,0.8863835140998617,-1.0,-1.0,-1.0
133,4,820.9111816406249,321.95055541992184,44.52407226562502,85.57899169921876,0.8876570708955,-1.0,-1.0,-1.0
134,4,819.8511108398437,319.409829711914,46.29814453124993,86.77023925781253,0.9004454534579764,-1.0,-1.0,-1.0
135,4,819.4312683105468,318.61029968261715,49.02407226562502,85.24264526367188,0.9140038161200436,-1.0,-1.0,-1.0
136,4,818.4394775390624,318.3915618896484,50.52030029296884,85.24204101562498,0.911877885796372,-1.0,-1.0,-1.0
137,4,817.3400756835937,314.7508850097656,64.144775390625,87.74434204101561,0.8870597920797643,-1.0,-1.0,-1.0
138,4,816.3494934082031,314.32379150390625,67.62568359374995,88.16220703124998,0.9030104799816135,-1.0,-1.0,-1.0
139,4,815.5428771972656,314.1872589111328,68.14621582031248,87.8768371582031,0.8934621853212263,-1.0,-1.0,-1.0
140,4,815.5847900390625,313.9704986572265,69.2796752929687,88.0494323730469,0.9049280191283556,-1.0,-1.0,-1.0
141,4,815.998974609375,313.5659271240234,68.5953369140625,88.701416015625,0.9074295961350672,-1.0,-1.0,-1.0
142,4,816.3109313964843,313.532144165039,67.89869384765632,88.69636230468751,0.9043034571584484,-1.0,-1.0,-1.0
143,4,817.1162292480468,312.5207153320312,65.05708007812507,89.63794555664066,0.9050545639475516,-1.0,-1.0,-1.0
144,4,818.6149291992188,312.2794281005859,63.50668945312498,90.27059326171876,0.9046834354346772,-1.0,-1.0,-1.0
145,4,820.2527709960937,311.1281707763672,60.941162109375,91.56483764648436,0.8964165705045701,-1.0,-1.0,-1.0
146,4,820.5246826171874,311.1859313964844,60.13520507812507,91.43195800781253,0.883759341764474,-1.0,-1.0,-1.0
147,4,822.3480285644531,309.9971008300781,48.82291259765623,92.60771484375,0.8960272543559427,-1.0,-1.0,-1.0
148,4,822.1285217285156,310.0338500976562,48.433117675781205,92.58722534179684,0.8942085156553716,-1.0,-1.0,-1.0
1,5,333.5336608886719,319.74266052246094,39.99484863281248,83.14546508789061,0.8894056091062339,-1.0,-1.0,-1.0
2,5,333.5336608886719,319.74266052246094,39.99484863281248,83.14546508789061,0.8894056091062339,-1.0,-1.0,-1.0
3,5,334.42553100585934,318.8102233886719,41.1735717773438,84.9391479492187,0.8866972098154591,-1.0,-1.0,-1.0
4,5,335.0704010009766,319.0585693359375,40.2396240234375,84.2596435546875,0.8836889620058059,-1.0,-1.0,-1.0
5,5,335.90431823730466,317.8172790527344,40.27813110351565,86.19675292968748,0.8778641283386079,-1.0,-1.0,-1.0
6,5,336.19323120117184,317.8039031982421,40.13031005859375,85.7774597167969,0.8656135477729094,-1.0,-1.0,-1.0
7,5,336.64545593261715,316.9687774658203,41.91421508789063,86.51667480468745,0.8717338296076491,-1.0,-1.0,-1.0
8,5,337.71055297851564,316.73353271484376,40.971643066406216,87.18294067382811,0.8761346112390882,-1.0,-1.0,-1.0
9,5,340.9919494628906,317.02692260742185,38.30641479492186,88.07371215820314,0.8696644124693265,-1.0,-1.0,-1.0
10,5,344.4486328125,316.9897064208984,35.30170898437501,88.76810302734373,0.8632910800626554,-1.0,-1.0,-1.0
11,5,345.2602203369141,316.8773162841797,37.267163085937455,89.35208129882807,0.8654267505689823,-1.0,-1.0,-1.0
12,5,345.98614196777345,316.6477020263672,36.80496826171873,89.83421630859374,0.8685231076140099,-1.0,-1.0,-1.0
13,5,348.4275787353516,321.2611907958984,35.89238891601559,86.16665039062502,0.8712175212663738,-1.0,-1.0,-1.0
14,5,351.4167114257812,323.52313842773435,33.71242675781252,84.31204833984373,0.8858635220946383,-1.0,-1.0,-1.0
15,5,351.0719329833984,325.8127716064453,33.18255615234375,81.76420898437499,0.8814593445510148,-1.0,-1.0,-1.0
16,5,350.5500274658203,326.21242675781247,33.597454833984386,81.22088012695315,0.8853011042996002,-1.0,-1.0,-1.0
17,5,349.5503265380859,328.76784667968747,45.83468627929688,78.94698486328127,0.8613213159297821,-1.0,-1.0,-1.0
18,5,348.0198486328125,329.14747924804686,44.717541503906205,78.37690429687501,0.8435754331484873,-1.0,-1.0,-1.0
19,5,348.2144989013672,330.6754577636719,42.83475952148439,77.26486816406248,0.8458055863276286,-1.0,-1.0,-1.0
20,5,348.2083740234375,331.4861114501953,42.0413818359375,76.33229370117186,0.8593201433262259,-1.0,-1.0,-1.0
21,5,346.4585815429687,334.13560180664064,41.10562133789063,74.07745971679685,0.8778112508285894,-1.0,-1.0,-1.0
22,5,347.0328369140625,335.8902282714844,41.48382568359375,72.56716918945312,0.8743766855538446,-1.0,-1.0,-1.0
23,5,350.8073272705078,339.6252777099609,38.75443725585933,69.41436767578125,0.8415164877307042,-1.0,-1.0,-1.0
24,5,349.23479919433595,341.2021453857422,43.160778808593705,69.89128417968749,0.7572366955760224,-1.0,-1.0,-1.0
25,5,346.19216308593747,345.88201904296875,48.17219238281251,68.31864624023433,0.8244315911300646,-1.0,-1.0,-1.0
26,5,348.0687927246093,346.99913635253904,44.09807739257815,65.99201660156251,0.7507798945185868,-1.0,-1.0,-1.0
27,5,351.53912658691405,348.8322052001953,35.57911376953126,66.31072998046875,0.784160272490702,-1.0,-1.0,-1.0
28,5,350.2728698730469,347.59874267578124,34.10117797851558,67.37266845703124,0.7553226689446539,-1.0,-1.0,-1.0
29,5,347.9468994140625,344.4961212158203,37.81450195312499,67.08861694335934,0.7611808879077842,-1.0,-1.0,-1.0
30,5,345.38255310058594,342.77074584960934,39.9973205566406,69.17008666992189,0.7903173941461183,-1.0,-1.0,-1.0
31,5,342.6293518066406,337.6217834472656,43.32167358398437,75.65284423828126,0.7657298938222752,-1.0,-1.0,-1.0
32,5,340.83778381347656,336.0044311523437,45.356231689453125,75.69525146484375,0.7346737647408474,-1.0,-1.0,-1.0
33,5,338.0057556152344,334.30251159667966,46.71265869140626,78.82245483398435,0.7301883847911128,-1.0,-1.0,-1.0
34,5,336.56382751464844,333.7020538330078,50.110675048828114,81.81095581054683,0.7623504992790231,-1.0,-1.0,-1.0
35,5,335.3490966796875,335.4715942382812,44.93303833007815,80.518798828125,0.8194419840136185,-1.0,-1.0,-1.0
36,5,333.55678710937497,337.39337768554685,47.67066650390626,78.61624145507812,0.8257671018641197,-1.0,-1.0,-1.0
37,5,322.8276763916015,339.1793426513672,58.05928344726567,76.06928100585935,0.8950526574607345,-1.0,-1.0,-1.0
38,5,318.71637268066405,338.22158203125,62.32549438476565,77.32957763671874,0.8680315508031811,-1.0,-1.0,-1.0
39,5,315.870034790039,336.0326110839844,63.46636962890625,79.34507446289064,0.9056876710218376,-1.0,-1.0,-1.0
40,5,312.1372924804687,335.0144805908203,59.987109375000045,81.24867553710936,0.8382456420936535,-1.0,-1.0,-1.0
41,5,303.0098510742187,332.2351867675781,38.60595703125,83.66423950195309,0.7191467621637919,-1.0,-1.0,-1.0
42,5,305.9418548583984,330.11976928710936,32.985021972656284,86.21345214843751,0.8206828085367235,-1.0,-1.0,-1.0
43,5,303.5736419677734,328.0259124755859,34.32062988281251,87.6566162109375,0.8069627661887324,-1.0,-1.0,-1.0
44,5,294.2578125,325.9031616210937,38.07114257812498,89.22117919921874,0.7168674603272898,-1.0,-1.0,-1.0
45,5,287.49342041015626,323.7370971679687,41.25629882812496,98.154052734375,0.8325564191125068,-1.0,-1.0,-1.0
46,5,283.78872070312497,323.9825042724609,44.38465576171876,97.0576171875,0.8408205077338309,-1.0,-1.0,-1.0
47,5,275.7298645019531,326.75902404785154,44.55780029296875,95.77919311523436,0.90125373164987,-1.0,-1.0,-1.0
48,5,271.801675415039,328.36407165527345,47.182049560546886,94.73713989257811,0.91300405688731,-1.0,-1.0,-1.0
49,5,269.2962707519531,336.78566894531247,45.90093383789065,88.77507934570315,0.9154522720218524,-1.0,-1.0,-1.0
50,5,269.3069274902344,340.62994995117185,44.42431640625,84.4002685546875,0.892190687284927,-1.0,-1.0,-1.0
51,5,268.42604370117186,344.7077728271484,44.85179443359374,82.0992370605469,0.9146745450422492,-1.0,-1.0,-1.0
52,5,268.1753356933594,344.52806396484374,46.81950073242183,85.73241577148434,0.9194898842411448,-1.0,-1.0,-1.0
53,5,267.83140869140624,344.09064331054685,49.08510131835936,87.36762084960935,0.9187775947681835,-1.0,-1.0,-1.0
54,5,267.69542541503904,343.5657989501953,49.915283203125,87.91666259765623,0.9142684524959392,-1.0,-1.0,-1.0
55,5,261.17861022949216,342.4678527832031,57.81280517578125,89.92584228515625,0.9256900605306022,-1.0,-1.0,-1.0
56,5,262.4997161865234,342.0409240722656,57.4228454589844,90.31904296874995,0.9295290814179324,-1.0,-1.0,-1.0
57,5,267.26149291992186,340.00633850097654,55.77264404296875,92.93087768554688,0.9272373601580952,-1.0,-1.0,-1.0
58,5,269.6122375488281,339.35839233398434,54.3774353027344,93.5491882324219,0.9304942687236206,-1.0,-1.0,-1.0
59,5,278.2941558837891,338.49058227539064,48.290734863281216,96.63634643554684,0.9143577552075896,-1.0,-1.0,-1.0
60,5,282.3581909179687,337.7870727539062,46.8511962890625,98.06528320312503,0.910286964562701,-1.0,-1.0,-1.0
61,5,289.3147338867187,336.6480926513672,45.25010375976564,99.4493408203125,0.9150488783380696,-1.0,-1.0,-1.0
62,5,290.68626708984374,335.8065948486328,46.62257080078126,100.90706176757811,0.9013315703792416,-1.0,-1.0,-1.0
63,5,293.1109222412109,335.04114990234376,47.97377929687502,101.75031738281244,0.8763226947504776,-1.0,-1.0,-1.0
64,5,293.6759765625,335.2662872314453,48.85477294921873,101.83112182617184,0.9030857883758115,-1.0,-1.0,-1.0
65,5,293.7167633056641,337.93492126464844,51.87557373046872,97.67406005859374,0.9023991085078152,-1.0,-1.0,-1.0
66,5,293.1018859863281,339.9600036621094,52.38369140625002,96.33098144531247,0.901242252486128,-1.0,-1.0,-1.0
67,5,294.6608459472656,344.1971557617188,52.562054443359386,92.27010498046872,0.9221728482314688,-1.0,-1.0,-1.0
68,5,294.3088439941406,347.17966918945314,55.65673828125,90.87654418945311,0.9192364618644432,-1.0,-1.0,-1.0
69,5,295.64049682617184,349.39484252929685,59.735687255859375,90.3533203125,0.9331076397441508,-1.0,-1.0,-1.0
70,5,296.2632293701172,349.7983703613281,58.53916625976564,89.48594970703124,0.932744090842604,-1.0,-1.0,-1.0
71,5,300.2529693603515,352.076220703125,60.54559936523441,89.24930419921873,0.924207834751229,-1.0,-1.0,-1.0
72,5,302.3570159912109,353.3143798828125,63.93065185546874,88.98733520507812,0.9186653894262484,-1.0,-1.0,-1.0
73,5,330.9600036621094,356.7465362548828,37.1392822265625,85.80228881835933,0.8351360062010116,-1.0,-1.0,-1.0
74,5,332.7884582519531,359.07668151855466,49.645843505859375,83.89577636718752,0.8533880782737597,-1.0,-1.0,-1.0
75,5,332.77101745605466,361.2869934082031,53.99187011718749,81.27471313476565,0.9202073739094204,-1.0,-1.0,-1.0
76,5,333.1970672607422,360.6233093261719,57.38175659179683,81.50141601562501,0.9240241721580488,-1.0,-1.0,-1.0
77,5,335.9296966552734,358.7465148925781,68.85269165039062,83.96433105468753,0.9204148061579572,-1.0,-1.0,-1.0
78,5,337.6476837158203,358.1730010986328,73.51765136718751,86.22108764648436,0.9072532419113344,-1.0,-1.0,-1.0
79,5,357.28917846679684,356.4137329101562,65.93829345703125,89.02166748046875,0.8939984164107493,-1.0,-1.0,-1.0
80,5,382.3794799804687,355.52040710449216,46.01997070312501,90.48021240234374,0.8225449637112803,-1.0,-1.0,-1.0
81,5,384.2926391601562,343.5189971923828,69.95791625976562,103.37893066406248,0.6901066691614446,-1.0,-1.0,-1.0
82,5,386.7409973144531,354.98155517578124,70.3327697753906,91.85652465820311,0.8372852229387995,-1.0,-1.0,-1.0
83,5,392.2094421386719,360.5179504394531,90.13969116210932,80.32868041992185,0.5844984915749052,-1.0,-1.0,-1.0
84,5,402.2018371582031,337.8728759765625,74.08586425781249,107.66491699218744,0.8100586527287277,-1.0,-1.0,-1.0
85,5,448.442056274414,336.5140869140625,50.06653747558596,111.94310302734374,0.7523297169478909,-1.0,-1.0,-1.0
86,5,456.8162750244141,354.06438903808595,58.62318420410156,94.74301757812498,0.7983681844325723,-1.0,-1.0,-1.0
87,5,459.0631439208984,353.8995941162109,68.26967468261722,95.56062011718744,0.9045430122318976,-1.0,-1.0,-1.0
88,5,459.1601257324219,352.6220764160156,74.20187988281248,96.7175354003906,0.8905667138239437,-1.0,-1.0,-1.0
89,5,489.6894287109375,350.54376525878905,66.09616699218748,90.8911560058594,0.8384866616399904,-1.0,-1.0,-1.0
90,5,505.73270874023433,350.35326232910154,54.15205078125007,92.00665283203124,0.6555111969633529,-1.0,-1.0,-1.0
91,5,532.2426086425781,347.9695587158203,38.47719726562491,95.17104492187497,0.8089577425246972,-1.0,-1.0,-1.0
92,5,536.8417602539063,346.75026855468747,41.89361572265625,96.77927856445314,0.8244025585009069,-1.0,-1.0,-1.0
93,5,539.274737548828,343.7036224365234,65.07366943359375,97.09288330078124,0.7766761876946049,-1.0,-1.0,-1.0
94,5,556.9867721557616,342.5623901367187,61.62915344238283,98.28837432861327,0.7766761876946049,-1.0,-1.0,-1.0
95,5,574.6988067626953,341.42115783691406,58.18463745117191,99.4838653564453,0.7766761876946049,-1.0,-1.0,-1.0
96,5,592.4108413696289,340.27992553710936,54.74012145996099,100.67935638427734,0.7766761876946049,-1.0,-1.0,-1.0
97,5,610.1228759765625,339.13869323730466,51.29560546875007,101.87484741210938,0.6078317049187376,-1.0,-1.0,-1.0
98,5,622.948095703125,336.87965698242186,52.33271484374996,104.866259765625,0.7763682787488619,-1.0,-1.0,-1.0
99,5,632.5666809082031,332.9378448486328,51.52423095703125,108.66785888671876,0.8737709895429724,-1.0,-1.0,-1.0
100,5,637.0116943359375,333.4175628662109,53.10615234374996,106.62127075195316,0.8862935340664002,-1.0,-1.0,-1.0
101,5,647.9857727050781,332.6756561279297,61.08684082031243,93.1707092285156,0.8141448146452177,-1.0,-1.0,-1.0
102,5,665.4002563476562,331.959814453125,44.433764648437545,92.202099609375,0.6840319731558964,-1.0,-1.0,-1.0
103,5,674.3208251953125,335.4192718505859,51.28560791015616,95.39340820312498,0.8255661156022498,-1.0,-1.0,-1.0
104,5,674.947705078125,328.9428039550781,53.27369384765632,100.74177246093753,0.8779287122428663,-1.0,-1.0,-1.0
105,5,705.0821594238281,326.1315673828125,38.864575195312455,104.08551635742184,0.7846188573517203,-1.0,-1.0,-1.0
106,5,709.0878845214844,339.1784362792969,46.558850097656205,91.17537231445311,0.7635014010660655,-1.0,-1.0,-1.0
107,5,720.9198303222656,321.97390136718747,57.04068603515623,101.83612060546876,0.8172412318739646,-1.0,-1.0,-1.0
108,5,725.4904174804688,317.8413940429687,63.40924072265625,103.90045166015624,0.8589864651386065,-1.0,-1.0,-1.0
109,5,742.8983093261719,325.3021545410156,61.14627685546873,97.30629272460936,0.7561099339608752,-1.0,-1.0,-1.0
110,5,755.3561462402344,326.1880645751953,52.34952392578123,95.91921386718748,0.8344738285606184,-1.0,-1.0,-1.0
111,5,766.8547119140625,326.37230529785154,42.05577392578118,97.09974975585936,0.74885129766853,-1.0,-1.0,-1.0
112,5,775.9114013671874,324.43577270507814,37.072924804687545,98.97736816406244,0.8157221638581689,-1.0,-1.0,-1.0
113,5,784.1120361328125,320.3146636962891,39.18878173828125,103.1933166503906,0.857450057173164,-1.0,-1.0,-1.0
114,5,787.0955932617187,318.4660217285156,45.490979003906205,101.55168457031247,0.8542194116224309,-1.0,-1.0,-1.0
115,5,795.8572998046875,318.6771240234375,44.69062499999996,98.79702758789062,0.8459625378289815,-1.0,-1.0,-1.0
116,5,799.7636535644531,319.227456665039,38.96652832031248,91.44069213867186,0.8692541392626651,-1.0,-1.0,-1.0
117,5,811.0248046874999,318.66534118652345,33.977526855468795,92.17309570312494,0.8458073778174651,-1.0,-1.0,-1.0
118,5,813.83466796875,318.2368469238281,35.286547851562545,92.1252502441406,0.8519580879995345,-1.0,-1.0,-1.0
119,5,824.3872558593749,314.8811004638672,31.199743652343727,95.5941284179687,0.8167503503451066,-1.0,-1.0,-1.0
120,5,827.4933654785156,315.0486145019531,36.15655517578125,93.3188049316406,0.8212927016776277,-1.0,-1.0,-1.0
121,5,831.5432006835937,310.6002502441406,47.949389648437545,96.65952758789058,0.8474223826749707,-1.0,-1.0,-1.0
122,5,833.2019165039062,311.16307983398434,50.781994628906205,96.5807556152344,0.865219570068124,-1.0,-1.0,-1.0
123,5,835.0339416503906,312.4858062744141,50.10666503906248,94.23616333007811,0.8411256823367239,-1.0,-1.0,-1.0
124,5,843.2517700195312,314.19794311523435,41.13193359374998,90.35134277343752,0.8258541861392246,-1.0,-1.0,-1.0
125,5,855.0002746582031,312.5354095458984,33.19815673828123,90.19193115234378,0.7953013256129111,-1.0,-1.0,-1.0
126,5,857.1013000488281,312.53941955566404,31.77081298828125,90.94443969726564,0.7236900974036153,-1.0,-1.0,-1.0
127,5,861.8055908203124,310.839697265625,32.99787597656257,91.25617675781253,0.8516765296996809,-1.0,-1.0,-1.0
128,5,862.9836547851562,311.6244232177734,37.00283203125002,91.1195068359375,0.8392230683820223,-1.0,-1.0,-1.0
129,5,866.0893798828124,311.0394836425781,39.10275878906259,91.41163330078126,0.8657238693386091,-1.0,-1.0,-1.0
130,5,866.5044433593749,313.3210144042969,38.93422851562502,88.18187255859374,0.8700174174184845,-1.0,-1.0,-1.0
131,5,870.0992248535156,315.39037170410154,36.14688720703123,85.82321777343748,0.8888396932354112,-1.0,-1.0,-1.0
132,5,871.1956604003906,314.1121124267578,34.94564208984377,86.77150268554686,0.8817822937585831,-1.0,-1.0,-1.0
133,5,872.6640380859375,310.5172210693359,33.34592285156248,89.62190551757811,0.8913847957012457,-1.0,-1.0,-1.0
134,5,873.4013854980468,308.4658538818359,32.53293457031248,91.19273071289064,0.8964217501049809,-1.0,-1.0,-1.0
135,5,873.3710083007812,308.03477783203124,33.91611328124998,91.54621582031253,0.9061399835835502,-1.0,-1.0,-1.0
136,5,873.0419677734375,308.2284393310547,34.51519775390625,91.49754638671874,0.908897178543171,-1.0,-1.0,-1.0
137,5,872.8455322265625,307.54852294921875,34.41434326171873,91.87811279296876,0.9075390856166904,-1.0,-1.0,-1.0
138,5,872.4094299316406,307.12681274414064,34.63143310546877,92.4146850585937,0.909177344046796,-1.0,-1.0,-1.0
139,5,872.1079650878905,306.94732360839845,34.790515136718795,92.48065795898437,0.905420612676494,-1.0,-1.0,-1.0
140,5,872.1709167480468,306.6687377929687,34.58869628906257,92.68533325195312,0.9019645718794962,-1.0,-1.0,-1.0
141,5,872.2263427734374,306.53269958496094,33.52423095703125,92.9200561523437,0.8929497410350642,-1.0,-1.0,-1.0
142,5,872.3556518554688,306.6024353027344,33.093457031249955,92.93439331054684,0.8911987701999742,-1.0,-1.0,-1.0
143,5,872.6181701660156,306.2415893554688,32.585339355468705,93.38521728515622,0.8961459345086631,-1.0,-1.0,-1.0
144,5,873.0641052246093,306.29613647460934,31.797839355468795,93.13154296875,0.8962279835871101,-1.0,-1.0,-1.0
145,5,872.8698120117188,306.4267639160156,32.05096435546875,92.89407348632812,0.8917282028833711,-1.0,-1.0,-1.0
146,5,872.9581420898437,306.48089904785155,31.994055175781227,92.99899291992188,0.8940652555903448,-1.0,-1.0,-1.0
147,5,872.5677429199218,306.5443176269531,31.743457031250045,94.00314331054688,0.8917128169645068,-1.0,-1.0,-1.0
148,5,872.6223999023437,306.58587341308595,31.536694335937568,94.73104248046872,0.8891554635928358,-1.0,-1.0,-1.0
1,6,385.6567840576172,329.3577850341797,42.2429260253906,77.4662475585937,0.8661697317035291,-1.0,-1.0,-1.0
2,6,385.6567840576172,329.3577850341797,42.2429260253906,77.4662475585937,0.8661697317035291,-1.0,-1.0,-1.0
3,6,384.50874023437495,330.40187072753906,41.9733764648438,77.71316528320312,0.8799265087111792,-1.0,-1.0,-1.0
4,6,383.5972869873047,332.81732482910155,42.29681396484369,73.78753051757809,0.8577070941405438,-1.0,-1.0,-1.0
5,6,384.28541564941406,332.1204620361328,41.05447998046873,75.17763061523436,0.8546562993032651,-1.0,-1.0,-1.0
6,6,384.6465637207031,332.9648986816406,40.56448974609373,74.77509155273441,0.8573140650248021,-1.0,-1.0,-1.0
7,6,384.7199798583984,334.3801300048828,40.50186767578128,73.26908569335939,0.8607003248837657,-1.0,-1.0,-1.0
8,6,384.4468048095703,333.9536956787109,40.49434204101567,73.07913208007812,0.8605797489797737,-1.0,-1.0,-1.0
9,6,385.2123046875,332.44013671875,39.63361816406251,74.8695190429687,0.8799634744058018,-1.0,-1.0,-1.0
10,6,385.00364685058594,331.83783874511715,39.99407958984375,72.93213500976566,0.8683162015837809,-1.0,-1.0,-1.0
11,6,383.6209899902344,331.6735382080078,41.44603271484374,74.73894653320309,0.876441390213806,-1.0,-1.0,-1.0
12,6,382.8155548095703,332.114501953125,42.300823974609386,74.41391601562498,0.8754619519522038,-1.0,-1.0,-1.0
13,6,383.9470916748047,332.3751525878906,40.0600524902344,75.00119018554688,0.8778959006962239,-1.0,-1.0,-1.0
14,6,384.4527099609375,332.2310119628906,38.89594116210941,75.37747192382812,0.8786710930619392,-1.0,-1.0,-1.0
15,6,384.6073974609375,332.49830932617186,38.07070312500002,74.99608154296874,0.8687546385429314,-1.0,-1.0,-1.0
16,6,383.83766784667966,332.7799438476562,38.64803466796877,74.54866333007811,0.870653175022067,-1.0,-1.0,-1.0
17,6,382.645458984375,334.2882293701172,39.34687499999996,68.69036865234375,0.8599179018548675,-1.0,-1.0,-1.0
18,6,382.2994995117188,334.4045471191406,40.01445922851559,67.66583862304685,0.8547668335616265,-1.0,-1.0,-1.0
19,6,381.43163452148434,336.22248229980465,39.66031494140629,66.90986938476561,0.8371912996673245,-1.0,-1.0,-1.0
20,6,381.90673828125,336.2293762207031,38.59409179687498,66.49749755859375,0.8399037491393813,-1.0,-1.0,-1.0
21,6,374.05104675292966,335.9749328613281,46.74957275390625,70.44686279296872,0.8099298771189751,-1.0,-1.0,-1.0
22,6,373.3118316650391,334.8904724121094,47.84238281249998,72.96036987304683,0.80345073535754,-1.0,-1.0,-1.0
23,6,383.6892700195313,335.0395294189453,40.02544555664059,73.03502197265624,0.8482188935111594,-1.0,-1.0,-1.0
24,6,380.62499084472654,335.7510040283203,44.53472900390625,73.22354736328123,0.8670161423737035,-1.0,-1.0,-1.0
25,6,385.3689971923828,336.4397918701172,40.57245483398441,71.5566467285156,0.8788306555105976,-1.0,-1.0,-1.0
26,6,386.5802124023437,337.2550598144531,39.38763427734375,66.94557495117186,0.8830054882013627,-1.0,-1.0,-1.0
27,6,387.4434906005859,338.3570159912109,46.53484497070315,78.98389892578126,0.8713082724294097,-1.0,-1.0,-1.0
28,6,388.4240753173828,338.8346466064453,46.45360107421874,78.51423339843751,0.8838634959374758,-1.0,-1.0,-1.0
29,6,386.1690490722656,340.24314880371094,53.80806884765627,78.01649780273436,0.8880794259008908,-1.0,-1.0,-1.0
30,6,387.4091583251953,341.1702850341797,51.94544677734376,77.49667968749998,0.8819779565768187,-1.0,-1.0,-1.0
31,6,386.15795288085934,342.0370239257812,52.80463256835941,76.58811035156248,0.8801754088074603,-1.0,-1.0,-1.0
32,6,384.7128112792968,341.5744995117187,53.33911743164066,76.84727783203124,0.8776673393502108,-1.0,-1.0,-1.0
33,6,383.652767944336,339.55348205566406,54.97124633789059,78.84739379882808,0.9011241735236696,-1.0,-1.0,-1.0
34,6,382.4982971191406,339.0763732910156,50.8617004394531,78.743408203125,0.8762006831690741,-1.0,-1.0,-1.0
35,6,379.5686004638672,339.45391845703125,43.58995971679684,60.3604797363281,0.7896086792616224,-1.0,-1.0,-1.0
36,6,379.8878631591797,339.9161682128906,42.19189453125,66.28606567382809,0.7492107079605503,-1.0,-1.0,-1.0
37,6,370.5040557861328,341.68244018554685,48.8588928222656,66.93096313476565,0.7062453536194582,-1.0,-1.0,-1.0
38,6,370.4999084472656,341.60328369140626,47.18693847656249,65.37870483398433,0.5219631318587439,-1.0,-1.0,-1.0
39,6,376.14317321777344,341.7001556396484,41.92948608398433,74.26823730468749,0.686473054613316,-1.0,-1.0,-1.0
40,6,372.6419403076172,338.5477386474609,45.01571044921872,73.50847778320315,0.7230040023019058,-1.0,-1.0,-1.0
41,6,376.2023620605469,339.5917419433593,41.613244628906216,80.712158203125,0.6805755508229794,-1.0,-1.0,-1.0
42,6,373.5192260742188,338.29571228027345,45.78662109375,82.75479125976557,0.751292646327812,-1.0,-1.0,-1.0
43,6,375.0039733886719,337.48168029785154,47.1154724121094,77.60978393554689,0.6564865107985085,-1.0,-1.0,-1.0
44,6,374.8005065917969,338.47257843017576,41.435101318359386,71.11529846191408,0.6564865107985085,-1.0,-1.0,-1.0
45,6,374.5970397949218,339.4634765625,35.754730224609375,64.62081298828127,0.5723995022935071,-1.0,-1.0,-1.0
46,6,374.768783569336,339.97532958984374,39.5277099609375,64.382080078125,0.571494958254398,-1.0,-1.0,-1.0
47,6,374.67677307128906,341.9873107910156,36.794036865234375,66.8226379394531,0.7634343257922325,-1.0,-1.0,-1.0
48,6,375.7987518310547,341.821939086914,37.773193359375,69.37668457031253,0.736541850785386,-1.0,-1.0,-1.0
49,6,370.5353118896484,340.7456085205078,44.941497802734375,72.98640747070311,0.8428831680096316,-1.0,-1.0,-1.0
50,6,374.323892211914,339.5236541748047,42.25177001953125,74.09734497070309,0.8538145488580362,-1.0,-1.0,-1.0
51,6,380.8638885498047,336.73809814453125,38.17803955078119,77.7534301757812,0.8633128294345838,-1.0,-1.0,-1.0
52,6,380.9048950195312,335.25637207031247,39.86323242187501,79.68295898437503,0.868531872388111,-1.0,-1.0,-1.0
53,6,379.8975036621094,334.9815216064453,43.966021728515614,79.65867919921874,0.87911109714031,-1.0,-1.0,-1.0
54,6,378.6209747314453,335.3983154296875,47.263018798828114,79.51602172851562,0.8721182389929112,-1.0,-1.0,-1.0
55,6,382.0691711425781,337.0198150634765,47.21781005859373,76.13618774414061,0.8854304003746307,-1.0,-1.0,-1.0
56,6,385.2319976806641,337.8955352783203,45.612268066406216,77.21328735351557,0.8823295683037671,-1.0,-1.0,-1.0
57,6,387.837075805664,337.86106567382814,51.90946655273439,79.63775024414059,0.8862331039373146,-1.0,-1.0,-1.0
58,6,391.0192657470703,337.4920349121094,51.741925048828136,80.32966918945311,0.8871279995226544,-1.0,-1.0,-1.0
59,6,395.5267364501953,336.7101654052734,49.96796264648435,82.19454345703127,0.8997989781083504,-1.0,-1.0,-1.0
60,6,396.6939239501953,337.1709869384766,49.28862304687499,80.87909545898435,0.8930266247688046,-1.0,-1.0,-1.0
61,6,400.36503295898433,335.11354980468747,46.4453063964844,83.823486328125,0.8898377948311307,-1.0,-1.0,-1.0
62,6,401.73486328125,334.7080444335937,47.238244628906216,83.81942138671877,0.8798070961116728,-1.0,-1.0,-1.0
63,6,405.292236328125,335.3361328125,45.48460693359374,83.26049194335934,0.8517640642058666,-1.0,-1.0,-1.0
64,6,405.07363586425777,335.507080078125,49.97169799804692,81.95097656249999,0.8688549686940839,-1.0,-1.0,-1.0
65,6,408.9689483642578,333.2916595458984,55.64572448730468,85.00841674804684,0.8445503074475411,-1.0,-1.0,-1.0
66,6,409.06057434082027,333.42258911132814,54.57373352050786,83.69285888671874,0.7876153966984845,-1.0,-1.0,-1.0
67,6,398.2994384765625,331.2006591796875,60.20310058593748,88.17813720703123,0.8668123190441079,-1.0,-1.0,-1.0
68,6,408.2898284912109,332.2320281982422,47.38683471679684,87.48099975585939,0.8544259910174965,-1.0,-1.0,-1.0
69,6,409.6629730224609,331.8537322998047,46.73274536132809,87.72392578125,0.8544259910174965,-1.0,-1.0,-1.0
70,6,411.03611755371094,331.4754364013672,46.07865600585935,87.96685180664063,0.8544259910174965,-1.0,-1.0,-1.0
71,6,412.4092620849609,331.0971405029297,45.4245666503906,88.20977783203125,0.7417640720240115,-1.0,-1.0,-1.0
72,6,411.6103088378906,332.381689453125,45.05866699218751,87.91116943359373,0.7458998111758603,-1.0,-1.0,-1.0
73,6,396.2249176025391,337.0900451660156,51.87656249999998,80.84794921874999,0.8358434002340971,-1.0,-1.0,-1.0
74,6,396.6193542480469,333.314126586914,56.32882690429688,84.10638427734375,0.8698789284586894,-1.0,-1.0,-1.0
75,6,396.99071960449214,332.8681640625,57.46250610351564,85.63656005859372,0.9029049697346636,-1.0,-1.0,-1.0
76,6,396.8377075195313,333.9159301757812,60.250506591796864,84.0838623046875,0.8890929507984424,-1.0,-1.0,-1.0
77,6,397.5792022705078,334.2642517089844,56.41600341796874,81.80606689453123,0.8551116799693048,-1.0,-1.0,-1.0
78,6,400.3831604003906,337.3879119873047,53.4342041015625,78.00507202148435,0.8461555445907152,-1.0,-1.0,-1.0
79,6,412.6511260986328,339.95385131835934,41.55023803710935,71.60130615234374,0.8069275333878494,-1.0,-1.0,-1.0
80,6,420.0293518066406,339.8745574951172,35.5264892578125,74.15414428710938,0.7179408482712333,-1.0,-1.0,-1.0
81,6,423.42062530517575,338.9769676208496,40.83445129394532,74.59449005126953,0.7179408482712333,-1.0,-1.0,-1.0
82,6,426.8118988037109,338.07937774658205,46.14241333007814,75.03483581542969,0.7179408482712333,-1.0,-1.0,-1.0
83,6,430.20317230224606,337.18178787231443,51.450375366210956,75.47518157958984,0.7179408482712333,-1.0,-1.0,-1.0
84,6,433.5944458007812,336.28419799804686,56.75833740234378,75.91552734375,0.5839228719341385,-1.0,-1.0,-1.0
85,6,441.06495666503906,334.4413650512695,47.62897338867188,78.6357421875,0.5839228719341385,-1.0,-1.0,-1.0
86,6,448.53546752929685,332.59853210449216,38.49960937499998,81.35595703125,0.518599653163669,-1.0,-1.0,-1.0
87,6,454.7692749023437,333.9002746582031,43.48245849609373,67.10603027343751,0.7489503763994776,-1.0,-1.0,-1.0
88,6,456.8241027832031,333.69386901855466,43.46070556640626,68.48701171875001,0.7372708293116403,-1.0,-1.0,-1.0
89,6,466.9907958984375,332.91400451660155,38.926867675781295,77.31903076171875,0.7602596078043007,-1.0,-1.0,-1.0
90,6,477.80150756835934,331.1487213134765,31.477697753906284,71.16811523437502,0.5593734533277726,-1.0,-1.0,-1.0
91,6,487.3964172363281,323.04344787597654,31.905065917968784,88.77376098632811,0.7923221769165778,-1.0,-1.0,-1.0
92,6,491.70750732421874,323.66087951660154,34.29942626953124,80.56466674804688,0.747909444710519,-1.0,-1.0,-1.0
93,6,494.6814514160156,323.2118408203125,57.25634765625006,86.20301513671876,0.840503739785845,-1.0,-1.0,-1.0
94,6,497.0053344726562,323.84877319335936,62.50166015625001,84.36489257812497,0.8364415050345464,-1.0,-1.0,-1.0
95,6,502.3830322265625,330.958740234375,64.07050781249995,77.7727111816406,0.8689473085220101,-1.0,-1.0,-1.0
96,6,510.38459472656245,329.8756805419921,55.20344238281257,75.58357543945311,0.8567006187917343,-1.0,-1.0,-1.0
97,6,519.9842834472656,321.1504760742187,47.56025390624996,85.19661254882811,0.862737700620773,-1.0,-1.0,-1.0
98,6,529.4089050292969,319.61895446777345,39.93837890625002,83.59244384765623,0.8254547966713162,-1.0,-1.0,-1.0
99,6,530.0723693847656,321.32716369628906,46.3832885742188,76.69000854492185,0.7700068030237759,-1.0,-1.0,-1.0
100,6,534.5444641113281,317.54322509765626,44.69512939453125,92.55822143554684,0.7886184674255219,-1.0,-1.0,-1.0
101,6,548.5470886230469,316.42176818847656,47.99025878906252,90.5832092285156,0.8732778371349497,-1.0,-1.0,-1.0
102,6,550.7259521484375,320.2751953125,49.209301757812455,82.81735839843748,0.8632868946907593,-1.0,-1.0,-1.0
103,6,556.9961791992188,321.13690795898435,57.61966552734373,85.163818359375,0.9103134802548318,-1.0,-1.0,-1.0
104,6,559.948974609375,322.2260375976562,54.67049560546877,83.76932373046878,0.9075888981032064,-1.0,-1.0,-1.0
105,6,566.7746704101562,322.1313903808594,48.88740234375007,83.8827026367187,0.8904082219076841,-1.0,-1.0,-1.0
106,6,570.0045959472656,322.6278625488281,46.49062500000002,83.25093383789061,0.8973258318558663,-1.0,-1.0,-1.0
107,6,573.5577392578125,322.6750762939453,48.05101318359368,86.14160156249994,0.8856947075001216,-1.0,-1.0,-1.0
108,6,576.9132934570313,323.0812683105469,46.548413085937455,86.27426147460938,0.8932803912611362,-1.0,-1.0,-1.0
109,6,577.8423522949219,324.41050415039064,58.22039794921875,88.00142211914061,0.9006467624373613,-1.0,-1.0,-1.0
110,6,580.774658203125,326.80986328125,60.11520996093748,85.15189819335939,0.9172442129397496,-1.0,-1.0,-1.0
111,6,585.0137329101562,329.4716583251953,57.76226806640625,82.52968139648436,0.9195158865477352,-1.0,-1.0,-1.0
112,6,585.88330078125,327.91843872070314,57.34709472656243,84.17900390624999,0.9068286563756516,-1.0,-1.0,-1.0
113,6,589.2286926269531,330.5260711669921,54.68247070312498,81.98585815429686,0.9190981800269568,-1.0,-1.0,-1.0
114,6,588.7917114257813,330.4482055664062,55.46425781249991,81.99129638671877,0.9292625883135202,-1.0,-1.0,-1.0
115,6,592.3770446777344,331.9727783203125,54.13436279296877,80.55955810546874,0.9188307007743788,-1.0,-1.0,-1.0
116,6,593.716387939453,331.46312255859374,53.9505615234375,81.60985107421874,0.9043660962457984,-1.0,-1.0,-1.0
117,6,594.0042846679687,330.17113037109374,55.69178466796882,83.9118713378906,0.9210015356843648,-1.0,-1.0,-1.0
118,6,593.2202453613281,330.0600036621093,56.44248046874998,84.91343994140624,0.9140258592055944,-1.0,-1.0,-1.0
119,6,593.4294799804687,331.4107727050781,55.6052124023438,84.5512756347656,0.8944650892537425,-1.0,-1.0,-1.0
120,6,600.9141357421875,331.51673583984376,47.30998535156255,84.66498413085935,0.869332589364685,-1.0,-1.0,-1.0
121,6,600.2040893554687,331.21068420410154,47.22132568359382,85.53175048828126,0.8796608653869953,-1.0,-1.0,-1.0
122,6,593.4045959472656,330.6668884277344,53.74248046874993,86.03481445312497,0.8990752645260791,-1.0,-1.0,-1.0
123,6,594.0324096679688,330.56935729980466,52.42499999999996,86.10122680664062,0.897165147413876,-1.0,-1.0,-1.0
124,6,597.4427307128906,328.87265625,48.372912597656295,88.28459472656249,0.8900324365694772,-1.0,-1.0,-1.0
125,6,602.7439636230469,328.56935119628906,42.32801513671871,88.55051879882808,0.900319490958374,-1.0,-1.0,-1.0
126,6,604.4678833007812,328.20732421875,40.53647460937509,88.92570190429689,0.8974474285081158,-1.0,-1.0,-1.0
127,6,606.2799133300781,326.03892517089844,36.60018310546877,90.26806640625,0.9044669746066418,-1.0,-1.0,-1.0
128,6,606.6746520996094,323.8679992675781,36.29124755859368,92.9674072265625,0.900536364087003,-1.0,-1.0,-1.0
129,6,607.198974609375,322.65834960937497,35.10637207031243,94.04022216796876,0.8908996738808526,-1.0,-1.0,-1.0
130,6,607.3505310058594,321.57130737304686,35.93704833984373,95.1516540527344,0.8947577810953717,-1.0,-1.0,-1.0
131,6,607.9840026855469,321.0548675537109,36.42484130859373,95.46190795898434,0.8947521627815931,-1.0,-1.0,-1.0
132,6,608.25498046875,321.07164916992184,36.97547607421871,95.33254394531252,0.8900234712577273,-1.0,-1.0,-1.0
133,6,609.0974670410156,320.74395446777345,35.11614990234375,95.74958496093744,0.886973284550379,-1.0,-1.0,-1.0
134,6,609.4530944824219,319.7318389892578,34.12298583984375,96.86271972656247,0.8910042486533669,-1.0,-1.0,-1.0
135,6,609.5406005859375,318.4483612060547,35.11153564453127,98.4006958007812,0.8849706484628612,-1.0,-1.0,-1.0
136,6,610.0691528320312,318.04225158691406,34.76129150390625,99.08453979492184,0.9001402188234024,-1.0,-1.0,-1.0
137,6,610.5107482910156,316.70859375,32.546887207031205,100.06858520507814,0.8839117537475829,-1.0,-1.0,-1.0
138,6,610.8486328125,316.9853118896484,32.70322265624998,99.76162719726562,0.886987400926742,-1.0,-1.0,-1.0
139,6,612.1042602539062,317.29262695312497,32.16621093750007,97.81995849609376,0.8687767598442591,-1.0,-1.0,-1.0
140,6,614.80634765625,316.7437774658203,29.080151367187568,97.0416320800781,0.8685218969701936,-1.0,-1.0,-1.0
141,6,618.1141662597656,317.0862213134765,27.79661865234368,97.38198852539062,0.8658194186918422,-1.0,-1.0,-1.0
142,6,618.9204528808593,316.8603149414062,27.480322265624977,95.69520263671876,0.8708508969023399,-1.0,-1.0,-1.0
143,6,618.9652770996094,315.33099060058595,31.132287597656276,95.4754760742187,0.8899806923589892,-1.0,-1.0,-1.0
144,6,618.9163330078125,315.7111450195312,31.956152343749977,95.27503051757816,0.898727430304259,-1.0,-1.0,-1.0
145,6,615.9340942382812,315.5008666992188,40.08328857421873,95.14160156249994,0.90294389115234,-1.0,-1.0,-1.0
146,6,615.7082153320313,315.1425750732422,42.41228027343743,95.34215698242184,0.9060404213476758,-1.0,-1.0,-1.0
147,6,615.6989868164062,315.1685852050781,47.47994384765627,95.4387268066406,0.9224881234747464,-1.0,-1.0,-1.0
148,6,616.7290649414062,315.49389038085934,44.49946289062496,95.14423828125,0.9185128369243856,-1.0,-1.0,-1.0
