1,1,644.1203886329292,1381.7839473925312
2,1,644.1203886329292,1381.7839473925312
3,1,644.1369489060628,1381.7768393578754
4,1,645.218198101543,1378.64330179036
5,1,643.6168349957769,1376.0936830230658
6,1,642.8378789036843,1367.3129839491191
7,1,640.0073717340603,1361.512023040893
8,1,645.9306551921712,1342.6188707861234
9,1,653.2285321291855,1339.7915694700162
10,1,652.4128190893878,1333.1140912645933
11,1,652.4667057606515,1326.4437461058865
12,1,656.6840750991672,1313.4718623094611
13,1,657.4395356156506,1312.9232412232182
14,1,659.4612196453232,1306.522981255734
15,1,661.6742034056841,1304.4541519453217
16,1,664.1593080595762,1295.3787200220852
17,1,665.7218046864155,1291.2207357487268
18,1,675.1271349078625,1278.7029111335878
19,1,676.8481757947036,1275.3537052737224
20,1,682.3188734460716,1264.694294445505
21,1,685.0573372565082,1260.8856982987336
22,1,682.4807614870829,1257.2518541334027
23,1,680.6498417905691,1254.1247467206636
24,1,681.227153561909,1247.2530757355942
25,1,677.5422881236757,1240.3358696502632
26,1,688.0599646003865,1244.2888509413776
27,1,680.9553499411616,1240.2683167221358
28,1,694.5028914672437,1240.471438948087
29,1,700.1255500071153,1241.9131926387183
30,1,700.4627278320029,1242.4244909245076
31,1,700.6759578983578,1243.317260254096
32,1,700.5724004191459,1243.4550646380849
33,1,699.5840030040075,1247.663896012893
34,1,695.870069481087,1253.3375917757025
35,1,693.7055537457171,1254.6112947908828
36,1,690.6844589358932,1256.3138396825823
37,1,687.7071289305444,1254.1136049663428
38,1,680.2110524234087,1254.8677811250022
39,1,668.864565604659,1260.1840188851393
40,1,654.82398645563,1271.4069150159796
41,1,648.5885762796032,1278.3405320040263
42,1,633.0078164829682,1283.2457353940129
43,1,621.732069914089,1283.7364140531888
44,1,597.8710550753104,1286.3421201270744
45,1,603.0545073576129,1301.2821804498928
46,1,593.6136291248561,1313.3723056154881
47,1,590.9741801163566,1323.443753538708
48,1,586.3429144431786,1333.86755388338
49,1,583.872998953013,1333.043339935834
50,1,583.3500396184176,1340.6249732349988
51,1,582.9922252884639,1346.688844520195
52,1,552.5038738317281,1348.2204859539631
53,1,557.6289114601236,1353.9742404339881
54,1,567.4236814103065,1369.6767982996823
55,1,564.5144626213117,1372.6741616853737
56,1,567.4560541307587,1367.7151435800076
57,1,568.7088131414685,1370.7969709742617
58,1,567.0944500063076,1375.542790580965
59,1,561.5013038550477,1380.016228666687
60,1,566.9904940465101,1391.514124564325
61,1,566.2807563729037,1393.7104979185544
62,1,563.7102725317453,1400.1417859299606
63,1,560.7567861532253,1403.4607094318476
64,1,557.5937570808887,1408.0692164768247
65,1,555.342498552566,1408.49496878867
66,1,549.5963060001842,1407.4049840871885
67,1,547.7779563933324,1406.7179806772897
68,1,537.0640751835809,1404.294895660543
69,1,531.8486034644939,1403.6317586244656
70,1,529.4398325675736,1404.5727552270673
71,1,524.509286912141,1404.0321405595937
72,1,528.3618746706734,1407.4601398484306
73,1,528.8776149125264,1408.5298169151713
74,1,519.4659467510771,1405.8668400470817
75,1,517.4891658205147,1405.2349864429084
76,1,509.7054572823615,1404.6145886898234
77,1,496.95462708876084,1402.4957628349534
78,1,434.69243448178645,1383.2125912036213
79,1,429.71718981350284,1371.4270564315736
80,1,423.34198391408404,1370.2401732429616
81,1,418.8805352437111,1368.5736470722068
82,1,439.30594641094103,1372.8142633684274
83,1,432.0617008305166,1375.6682913171023
84,1,448.96650667985347,1377.815494213199
85,1,463.61379951028,1378.4621585645693
86,1,479.43489921095767,1374.786861399029
87,1,465.4292952458539,1375.6920542566263
88,1,475.58664784528213,1374.6649495089437
89,1,485.92912784472907,1375.338308785399
90,1,480.76472533030363,1375.4582193358126
91,1,478.3998533055895,1374.1752889460265
92,1,489.48760792228086,1376.8692133980667
93,1,491.8174041342147,1377.4989843244289
94,1,496.88453060575824,1379.5470078605526
95,1,499.25431117120064,1382.241912384289
96,1,504.92143680557456,1384.3225399735204
97,1,505.32148677362454,1384.4563390287324
98,1,507.7476738428881,1383.6439153482283
99,1,510.1707626673841,1381.2391879279726
100,1,512.7262731420673,1377.232440278116
101,1,517.0011534066194,1377.0830245836162
102,1,513.4226563473284,1376.1277633009945
103,1,512.9251353023467,1376.8066792454983
104,1,512.3478548623716,1380.2429948862805
105,1,513.273685662505,1383.4208652491948
106,1,509.35235956531864,1387.611031701162
1,2,985.4462406596041,516.5278662778406
2,2,985.4462406596041,516.5278662778406
3,2,985.4568050792144,516.563692115108
4,2,984.7937627917261,516.9417158848938
5,2,984.6493506131222,517.8891932730716
6,2,984.5230836690546,517.9540288422435
7,2,984.7529319711169,518.3968271630387
8,2,985.1678218117946,519.36271973076
9,2,984.7633354857363,518.4071967302356
10,2,984.2148478669242,518.1381078465481
11,2,984.4159776194056,518.6353909125352
12,2,984.9000896185097,518.7388927389692
13,2,984.6226319048823,518.9344370759218
14,2,984.2897351132383,519.2518425740325
15,2,984.132471455573,519.6300542016432
16,2,987.2145347616829,519.5863386323142
17,2,985.7986122450931,513.5263471471792
18,2,984.0482417203242,515.2757422828635
19,2,981.43683330144,516.6708877126423
20,2,978.4486559200432,521.9102811638836
21,2,976.5712793813392,524.1382889495824
22,2,971.7379894468627,532.630284262242
23,2,971.9395556833758,537.4209864444756
24,2,953.974201608422,572.9152273821435
25,2,950.026848971863,578.0721902169896
26,2,946.0794963353039,583.2291530518359
27,2,944.810884207437,594.4108323045981
28,2,925.065649908385,591.112840809784
29,2,912.8004766969627,623.1700098074941
30,2,904.4299935775598,633.9432876869168
31,2,899.6808226911022,643.1790842089797
32,2,882.3747085184766,641.6894113717718
33,2,883.20995572284,651.2611338496317
34,2,857.0048465502405,681.4958817898554
35,2,855.2815458945978,695.4533644445796
36,2,826.9848162163086,704.8288406744082
37,2,813.0334337349448,701.4719258313766
38,2,766.5578026650235,707.3008013215763
39,2,760.4949645126367,711.970527084925
40,2,731.097319728529,726.6050425901288
41,2,728.1750389280517,725.1159185747456
42,2,721.1119681808925,725.8431119116394
43,2,687.9893985065634,754.5917531507214
44,2,644.4624903046604,745.5076264756415
45,2,642.1571481520999,758.4059543663427
46,2,624.332579402143,774.6974936824582
47,2,621.8567569802397,789.8673094113252
48,2,605.6612771353518,799.2337123301284
49,2,619.3880459618518,816.4370575346969
50,2,607.5415562315932,843.3798245191257
51,2,602.7031135679506,850.8596936622123
52,2,581.6024141054982,872.3552748581109
53,2,582.2059968366733,874.3987219099347
54,2,578.8494420472189,887.3994488160937
55,2,551.4434981107428,865.8691787127769
56,2,542.5125809479446,886.8242209243866
57,2,534.6971566935035,891.8935680381591
58,2,524.5229213124869,904.3174361523945
59,2,512.9827392756781,907.8827553797504
60,2,505.9496642548377,919.026822085511
61,2,504.8486179817094,922.9883283523812
62,2,493.76438163827265,931.9702737954934
63,2,482.68014529483594,940.9522192386057
64,2,471.59590895139917,949.9341646817179
65,2,460.5116726079624,958.9161101248301
66,2,461.27726518318383,972.8582269398869
67,2,454.7478026519607,978.857410668781
68,2,421.7000567204049,967.5724816159025
69,2,418.3488070957954,973.0643967049058
70,2,405.5640763033022,985.4136214885523
71,2,401.30732572567814,991.8396783957419
72,2,399.7120195353484,1003.6152415372242
73,2,388.7148816476394,1003.0087906211064
74,2,376.2029851286518,1010.4494375605026
75,2,389.5727063130152,1026.2592767367012
76,2,367.40986915448696,1025.3102637193701
77,2,360.9803939436654,1023.7612666595589
78,2,357.0608570941788,1024.9347428858264
79,2,347.372542909316,1023.2811501294736
80,2,317.88590980989386,1010.4495145905591
81,2,314.7467979250032,1009.6591664461225
82,2,299.5983878434969,1005.64108439843
83,2,300.79381598568887,1006.9809389914157
84,2,283.29205189172,1004.2941754870187
85,2,266.6308278193382,1003.8026880299318
86,2,269.29413454221447,1010.3972732114353
87,2,271.9061930739933,1010.8675707820025
88,2,263.267542781929,1017.5822103357392
89,2,259.98972964150835,1013.2341232477137
90,2,251.2175202357247,1007.1549347499133
91,2,249.38221618579206,1004.7219582183383
92,2,205.1734659132316,986.4491036243847
93,2,99.19677010758762,957.6619871760665
94,2,186.85596595659274,986.7475890982721
95,2,184.19931571213732,976.6308423761086
96,2,188.29495491256225,958.7865218609637
97,2,188.2143729740616,961.7649701401633
98,2,190.66347852364032,965.7021739368771
99,2,175.52284901349412,957.8971149115347
100,2,161.98929081980435,952.1822188955648
101,2,160.90578714608955,951.2239858104339
102,2,161.91421755447732,955.8692918383651
103,2,160.35576500265614,955.7415783520136
104,2,157.98687432697736,954.6607734411932
105,2,159.24117517356538,955.2507496917714
106,2,152.54836238687963,951.7111533082024
1,3,898.2522995287223,558.9041960164058
2,3,898.2522995287223,558.9041960164058
3,3,898.2514599742386,558.8996229883325
4,3,899.4666737283625,559.8956458539905
5,3,898.9450173323539,558.2317973938378
6,3,898.8695896408371,556.8513214691664
7,3,896.9124209593103,554.5169504164181
8,3,890.5404852497396,546.5916912134766
9,3,887.0951865176922,543.3276501422106
10,3,885.0145351035248,543.1080763307191
11,3,885.0803425562046,544.7563065066703
12,3,895.320725109214,530.1820716081394
13,3,893.7678489988167,528.0055434590776
14,3,888.735435017564,540.972058717631
15,3,894.6492680295125,525.0602218605061
16,3,888.8247751376646,511.9275696879224
17,3,883.7836850035595,504.5039480802012
18,3,886.2001878410933,502.88397790926206
19,3,889.8397649490628,503.5334273349086
20,3,888.2900381660763,497.7803767633712
21,3,883.850735824422,498.6244930838568
22,3,876.9230239350966,481.3286618923697
23,3,876.4904131599124,490.0235728116178
24,3,859.3158164042721,476.63923621150843
25,3,954.4006054283902,579.3167358044603
26,3,925.0412259143606,540.5154726909672
27,3,895.6818464003308,501.714209577474
28,3,866.3224668863011,462.9129464639808
29,3,865.8003112335011,464.0178409019211
30,3,872.1769957175045,497.240690950057
31,3,875.1135813643242,491.18859275458084
32,3,874.2817917429217,494.40404626921975
33,3,873.7045426696809,490.619519235044
34,3,879.1726920266541,504.3295321323178
35,3,884.3927301454667,514.3227386201189
36,3,890.2757255009569,518.1815942502861
37,3,890.8936679267741,518.3072813616559
38,3,890.3338954143908,517.5106287665731
39,3,890.1173071291022,516.9033261310534
40,3,883.8927715282579,511.1987945084774
41,3,877.88543120277,508.14134150496363
42,3,863.1485115224189,497.09575033668006
43,3,825.878508155441,453.571648521859
44,3,816.6184901715287,458.8091343263867
45,3,821.5563215227913,470.42164046749235
46,3,809.3421649312975,466.2258889138192
47,3,805.6672376372909,470.37136192533944
48,3,801.3625351304739,477.4505149789557
49,3,795.9900542608607,472.74689489692224
50,3,790.0792198021218,467.75189428632893
51,3,786.1118771645029,464.28313276341606
52,3,755.4517287505325,436.37979390827047
53,3,753.2236487884327,442.9039057085606
54,3,744.8682969330913,446.3800696470327
55,3,742.0382295000054,444.7031183051122
56,3,732.9070039618852,449.31109708554493
57,3,731.0031042833946,455.39014491869034
58,3,724.7216835388166,460.0878896933727
59,3,716.151978929596,457.1463183450721
60,3,695.2494413859619,446.13413742687015
61,3,670.0406601196224,417.24276579266285
62,3,661.8872370060021,428.602378134334
63,3,664.2884889197443,435.0998821165251
64,3,654.9969696898395,439.31076447035866
65,3,651.5738604695181,447.84940357968435
66,3,643.1262452024027,455.98548177266815
67,3,643.3096821429873,459.11488918263626
68,3,641.5608705651147,467.42127811845194
69,3,633.100417179896,464.61088436481975
70,3,615.1910389954497,448.9223947430303
71,3,611.0694969492836,451.93090079019237
72,3,594.5369220160906,448.4672728288337
73,3,591.2331410400939,452.9429107937952
74,3,579.2179741741244,451.1752267383965
75,3,576.6484238910999,458.54757888696554
76,3,572.6114864576806,474.46901829530117
77,3,568.9182710336987,476.4933623097278
78,3,564.2415576896097,484.0822716488213
79,3,561.292725845876,486.7274479446817
80,3,518.6571378477136,450.8774071000109
81,3,514.2458290690539,449.64911038231145
82,3,502.0667910944607,452.63186278603047
83,3,497.32368850991435,462.2363116706682
84,3,496.99758460911585,475.03625904744956
85,3,488.73589994022893,482.23390815177873
86,3,481.7203518250121,490.5113422215917
87,3,478.94355067139884,493.52378066602455
88,3,477.40799562286674,498.57628937339626
89,3,465.1341239081018,497.1083842563857
90,3,458.2438840881476,499.028610717381
91,3,456.34741627866555,502.3128909478441
92,3,443.521319954227,509.6201515567066
93,3,436.38406832557234,517.6314402222816
94,3,430.80940674248257,521.7951653486653
95,3,426.5349039306124,528.9225560657829
96,3,424.0007886965042,546.4467465944718
97,3,420.1767724419749,551.2591695020792
98,3,409.8627572354153,547.6609623702532
99,3,401.5480284873424,541.9548829391061
100,3,387.58039741354423,538.1349765320637
101,3,380.9145867530311,537.0479265320305
102,3,377.644160378174,546.3359753797469
103,3,376.24507709117853,549.1206404084761
104,3,380.45682011874885,558.332381415288
105,3,380.34423207556586,559.5252947450606
106,3,373.70169345709525,567.1702926475809
1,4,583.5614922403329,1111.8284570466647
2,4,583.5614922403329,1111.8284570466647
3,4,583.5078613380355,1111.7781591233036
4,4,581.3666177077752,1108.1775856194781
5,4,576.5381892140517,1103.2995277145026
6,4,563.7049534203593,1092.2921840996944
7,4,562.121412903447,1087.6646505194951
8,4,558.005453942352,1079.4456175799642
9,4,559.4343220958726,1075.0091936757835
10,4,562.4326754909614,1075.3509511989892
11,4,562.5551711692062,1074.8863881079135
12,4,563.2613484233913,1073.079033088088
13,4,564.0516645268675,1070.7275483349847
14,4,567.0803689202069,1061.6962758234347
15,4,566.6711872200709,1056.2518450018774
16,4,553.7840442944486,1043.007651356247
17,4,554.4979483220751,1040.7543556429628
18,4,556.1182965528944,1034.5172938455275
19,4,559.0830968885904,1031.9943564404198
20,4,562.2986017799228,1024.6462317093285
21,4,565.0885911572855,1023.2382441929813
22,4,569.958531420376,1022.5551117348089
23,4,570.7026844259099,1022.7466775117184
24,4,564.9791614687658,1017.5436627404811
25,4,568.0783042940296,1016.3001671048544
26,4,558.0531773298928,996.03842808216
27,4,552.42893793147,986.6402294472816
28,4,558.7188392675898,989.3784936144905
29,4,572.2334688635303,996.9545304780828
30,4,578.2129404204743,997.7600621237228
31,4,580.3321004799483,997.7926871504429
32,4,589.010205849461,1002.7949905457965
33,4,590.8794513271854,1002.6981264139138
34,4,584.1753434740006,997.4015611112042
35,4,584.5227777154885,992.8520053898263
36,4,563.9603864164864,979.6763132690195
37,4,530.4862433739258,954.9459367967545
38,4,522.566074209001,945.5468865351445
39,4,529.560891551824,948.2673647788882
40,4,525.7633926235332,943.044949973036
41,4,528.3796621706525,943.2963808605814
42,4,526.4957667154707,937.9241803734158
43,4,527.4494562258569,937.5797859085708
44,4,527.191144935848,936.2917257683072
45,4,528.323786140393,935.220030157681
46,4,536.5782021511084,927.8469721141247
47,4,530.6306600102552,936.3933202803615
48,4,532.4734164028775,938.4192178937708
49,4,529.8993522400702,939.1382832068815
50,4,531.0547761253515,933.8958051432683
51,4,532.0143390530948,935.3345372169201
52,4,529.8732558971955,932.2417884082201
53,4,528.3676013353378,933.9252334693144
54,4,531.9653073231166,942.0487994731006
55,4,539.05713298938,942.673311501044
56,4,561.6245986618545,966.1331306426173
57,4,538.5383789291117,959.3070681504194
58,4,571.8710570358072,990.9204206385301
59,4,576.2021943796942,992.9298373964386
60,4,578.5217920153885,999.4149412250464
61,4,586.6112651635929,1002.5296803207483
62,4,604.8858801566728,1013.4650256438174
63,4,607.5641535605978,1015.5364249311914
64,4,584.4511943461089,1054.7821366859414
65,4,583.9395434548809,1063.2705145682903
66,4,574.9696200731205,1079.2347503840049
67,4,573.9034233513214,1083.5897588742187
68,4,579.9620640172051,1101.4119927450731
69,4,572.6955137233407,1109.4677664145502
70,4,565.787837784945,1134.2917967889562
71,4,555.010181062347,1153.7122934406434
72,4,543.3508803564243,1182.2502999374465
73,4,539.6047768873352,1181.8229080757956
74,4,540.7622865774653,1204.5932437281465
75,4,530.3424122142377,1200.57643517471
76,4,498.45840518632986,1243.059352695959
77,4,492.2502759731518,1254.993168992538
78,4,479.0558786761725,1270.5742856955976
79,4,439.5655477672224,1258.0457962863866
80,4,432.2754887075388,1257.0425489429983
81,4,435.811789257484,1274.6614771514196
82,4,475.7776687361461,1308.3486561860186
83,4,469.2885038061519,1325.6096543861393
84,4,458.2795298672933,1331.102952145872
85,4,468.34000935951565,1353.610808550752
86,4,455.83060752244177,1360.6888708453012
87,4,443.3212056853679,1367.7669331398504
88,4,430.811803848294,1374.8449954343996
89,4,427.67786903893096,1378.6991756744908
90,4,425.7114752671021,1383.2930788214617
91,4,427.2419483823352,1385.5145106605219
92,4,418.38594644643007,1393.9418058116116
93,4,425.0486358629541,1396.8950713113047
94,4,417.51220172897155,1400.6424757962805
95,4,430.27301984188654,1406.7296375527833
96,4,427.9117939570799,1413.2513588238717
97,4,421.38984080364975,1411.4218462586573
98,4,435.3229202994066,1418.28527628986
99,4,435.3401088546221,1419.8982507426979
100,4,435.4912439237655,1425.7188087614734
101,4,436.2873317166433,1425.8010899511778
102,4,435.31906993715404,1431.5834986093262
103,4,433.43161790316,1432.0464974050326
104,4,432.2476740792395,1433.1164683300553
105,4,431.91668773095165,1433.0875525450203
106,4,432.73644157598153,1433.6543020578208
1,5,645.9076429497237,317.28555199077107
2,5,645.9076429497237,317.28555199077107
3,5,645.8328532118817,317.20378865982093
4,5,662.7485523889519,332.9310846392664
5,5,671.4304710271533,340.87562302248654
6,5,692.4450698720325,362.8796869035869
7,5,699.619804905335,369.627885083367
8,5,703.9473360060258,368.66960370252394
9,5,703.8455387210294,364.77291393433376
10,5,705.8743824034118,363.17310464730843
11,5,706.6166932735789,362.528379395944
12,5,734.4907592270444,370.0753881042817
13,5,739.8679167239566,392.5940879005184
14,5,752.5542383824668,408.96411143705535
15,5,756.6672923861046,419.2037349920875
16,5,761.9588674555499,425.2375277965499
17,5,760.8742512255998,421.3356495811315
18,5,760.2397066084117,423.0609111572629
19,5,761.5826797146233,426.34322317311563
20,5,763.5611253107643,427.50674301145654
21,5,773.0621783515153,435.1880994417882
22,5,772.7926318242596,442.5487280591857
23,5,781.3353932353648,452.520234960152
24,5,776.824053580131,450.4054259989359
25,5,779.4152389394125,454.793477967158
26,5,770.6486615404818,458.6644491221976
27,5,768.3012335368383,464.65786319167523
28,5,758.0647159065591,478.2641359347313
29,5,753.1094724556949,477.5708763905569
30,5,711.3012657183825,442.25103538769747
31,5,691.6091642021313,428.45728632456724
32,5,651.6765341000786,410.3160744513406
33,5,711.4775255066453,503.0161827986999
34,5,741.9379899044778,543.2058809356281
35,5,730.9959999329603,536.8981499270856
36,5,698.6422966784677,514.9248476869286
37,5,664.5666264285416,490.7598506843653
38,5,671.4999438664618,524.5098566325337
39,5,636.9496205692499,495.4185433469985
40,5,647.9348550274806,521.3880989044334
41,5,640.6441572663043,526.2597333008017
42,5,631.4447254342211,546.6073871577149
43,5,630.1181931111817,552.4326565437871
44,5,621.6387983747107,548.944772597832
45,5,610.8725565085504,543.6205880813853
46,5,585.067861750276,548.2418397331276
47,5,585.8634702353071,555.9579043062766
48,5,554.9639196777576,547.4079556956112
49,5,562.6335985809352,567.4961753962125
50,5,549.4927372244465,575.6126359981192
51,5,557.0128884311353,584.551379802881
52,5,515.6134599575531,558.1356882205378
53,5,505.07435331938007,558.4364617210574
54,5,481.3071829477234,554.2558901218835
55,5,480.1132862419849,559.6907191565568
56,5,478.9865051965966,578.1985976937898
57,5,471.5516253838812,581.974401508115
58,5,469.825249122509,608.1180045162766
59,5,464.4497668054779,610.585604652197
60,5,460.45591203271596,610.7205241939677
61,5,458.0451089965371,609.9672809688312
62,5,441.39001037154816,610.2196246011152
63,5,424.61311903704006,608.9382592695442
64,5,410.7359124413913,611.2870651639781
65,5,411.6689155701439,616.066219576239
66,5,405.42148982322897,622.633197898819
67,5,404.61167389546597,630.3482748244114
68,5,399.9489924736641,647.9101771647636
69,5,398.00582156876885,655.429314061106
70,5,393.9241412325437,659.1161850454807
71,5,393.7787477717077,660.390751586484
72,5,389.4370462024394,663.720241282104
73,5,386.94124277008643,666.4804882022758
74,5,365.00508029198784,663.9356544334639
75,5,354.57773073276735,668.497379604718
76,5,357.5126785952769,681.6053162609411
77,5,360.9795306001815,689.0347098384709
78,5,350.6691211050506,690.294123087451
79,5,353.52919394004005,708.6888670127645
80,5,349.7077253798985,708.2991240197795
81,5,350.3982345767732,711.6063846280626
82,5,346.9229376926827,715.7921007418673
83,5,347.30610548478995,718.3146269291674
84,5,346.2793961020412,719.6367093805579
85,5,345.63982557900204,718.8787431631603
86,5,345.0388565564945,719.9349858775379
87,5,343.9285931906662,719.9550051197533
88,5,340.3947668513864,721.5557934188986
89,5,339.53741837411684,724.6689615169224
90,5,333.9959469114324,723.655912579261
91,5,331.6631673962588,724.759053382847
92,5,332.39367790187555,730.2311848400692
93,5,333.6769560915405,731.0878592642928
94,5,331.5048066521026,731.1553169471644
95,5,328.3563149749057,728.7099895916053
96,5,301.90330296713887,709.3515431787681
97,5,296.7225752285744,707.6068759870313
98,5,295.741602370325,709.060858105895
99,5,298.04958352320006,711.8824585789218
100,5,297.76008047008156,708.050369423645
101,5,296.36142970565436,704.5392784916645
102,5,292.342942859645,700.4214292120478
103,5,291.89181878512426,699.6505276941532
104,5,289.42182262177215,697.5587883921089
105,5,286.3213964973063,691.6286999407088
106,5,285.48729339336563,686.1087444749273
1,6,713.1590762311399,267.70625077416884
2,6,713.1590762311399,267.70625077416884
3,6,712.9410616183486,267.3941988390867
4,6,734.0320418747699,293.73368449624917
5,6,719.9992034699856,271.1335117112661
6,6,743.7450612732274,302.41620917973745
7,6,742.308361088782,298.8703108012697
8,6,756.1112453246632,317.8203817727393
9,6,774.0818543367305,345.40951822694996
10,6,806.925371263392,394.4128132571905
11,6,805.8195491697,389.7511693527922
12,6,819.4784782759053,408.5371808747787
13,6,819.7487165551365,408.4525094248921
14,6,806.1798454664623,391.3947035861397
15,6,797.7994217069064,377.23785332599823
16,6,794.9874511791613,373.39574006709614
17,6,797.1988436767973,375.47717045521244
18,6,808.3374662843261,404.5806545378802
19,6,826.8727147280009,437.5546638771535
20,6,826.7389080018633,434.138958940656
21,6,-105.2296571961127,646.5694042474653
22,6,136.84253493614187,604.8939958213202
23,6,378.9147270683965,563.2185873951751
24,6,620.986919200651,521.5431789690299
25,6,863.0591113329056,479.86777054288484
26,6,859.1984796825061,457.8749539795234
27,6,849.0144441168542,444.73237560752193
28,6,835.8398495744063,462.43754725391904
29,6,822.6652550319586,480.14271890031614
30,6,809.4906604895108,497.8478905467132
31,6,796.3160659470631,515.5530621931103
32,6,783.1414714046152,533.2582338395074
33,6,769.9668768621675,550.9634054859046
34,6,756.7922823197197,568.6685771323016
35,6,743.6176877772718,586.3737487786987
36,6,730.4430932348241,604.0789204250958
37,6,717.2684986923763,621.7840920714929
38,6,704.0939041499284,639.48926371789
39,6,690.9193096074807,657.1944353642871
40,6,677.7447150650329,674.8996070106841
41,6,664.5701205225852,692.6047786570813
42,6,651.3955259801373,710.3099503034783
43,6,704.655323511619,761.5426853097281
44,6,677.4010368608507,759.3579444507052
45,6,650.1467502100824,757.1732035916824
46,6,622.892463559314,754.9884627326595
47,6,595.6381769085458,752.8037218736367
48,6,568.3838902577775,750.6189810146138
49,6,541.1296036070091,748.4342401555909
50,6,513.8753169562408,746.2494992965682
51,6,486.62103030547246,744.0647584375453
52,6,516.3877206204953,789.5016766158234
53,6,460.28768775794936,758.2552189000713
54,6,446.9288590615953,768.7099094428526
55,6,446.2200666147803,786.2324201444712
56,6,445.5112741679654,803.7549308460899
57,6,444.8024817211504,821.2774415477087
58,6,444.0936892743355,838.7999522493274
59,6,443.3848968275205,856.322462950946
60,6,442.6761043807055,873.8449736525647
61,6,441.9673119338906,891.3674843541834
62,6,441.2585194870756,908.889995055802
63,6,440.5497270402607,926.4125057574208
64,6,439.8409345934457,943.9350164590395
65,6,466.48162138605835,990.8334194400409
66,6,493.122308178671,1037.7318224210421
67,6,469.19335405317264,1037.5730085791697
68,6,445.2643999276743,1037.4141947372973
69,6,421.3354458021759,1037.2553808954249
70,6,397.40649167667755,1037.0965670535525
71,6,379.62639082779606,1042.0434099891386
72,6,352.1906884911218,1040.2052760282677
73,6,350.3322050214665,1045.1156377386174
74,6,332.6715838317444,1052.5834782373788
75,6,336.16954469873843,1069.4423943593022
76,6,349.3175454473581,1076.3521165175334
77,6,348.9223569886078,1075.3626528074262
78,6,343.1411820002049,1076.8224961502851
79,6,337.629506490223,1089.0354884247074
80,6,257.08419638297283,1060.645012230576
81,6,321.7797713993101,1104.7261695481152
82,6,260.89360411608726,1076.32910991691
83,6,267.8978330332299,1078.152300214394
84,6,257.5268847153477,1076.2433516956435
85,6,251.3939054859182,1076.1520906257585
86,6,240.8538476370353,1071.8359164727988
87,6,233.55372215887235,1065.5545426259891
88,6,183.9424788608998,1035.1290653175427
89,6,158.804127182784,1019.7552351708972
90,6,147.68480306416495,1007.3158635238264
91,6,135.42889320359143,998.254630715505
92,6,163.83352972833237,988.6137565866032
93,6,177.78026532660596,986.5807125030026
94,6,176.63321401915914,977.4208144454226
95,6,175.48616271171232,968.2609163878426
96,6,174.3391114042655,959.1010183302626
97,6,173.1920600968187,949.9411202726827
98,6,172.04500878937188,940.7812222151027
99,6,170.89795748192506,931.6213241575227
100,6,-59.19307990382234,804.5764976552867
101,6,65.94197113562564,877.5792392542032
102,6,-104.75132651170696,780.2747488195947
103,6,130.49685694226272,909.8444197331696
104,6,145.4246474180778,900.59236686279
105,6,156.01237531430576,905.8800072344986
106,6,148.76442381014235,896.9165737952582
