1,1,864.3976931953185,1015.2809120494206
2,1,864.3976931953185,1015.2809120494206
3,1,864.8605674341354,1017.1150924890185
4,1,865.0722404504116,1017.603308750861
5,1,864.7095447606727,1018.3463059081547
6,1,862.8979785722177,1019.6619018565808
7,1,861.2100986713858,1022.3213289234018
8,1,860.5126473233558,1022.0790373964767
9,1,862.6247657945497,1025.9770743316926
10,1,860.689684469276,1029.3609053052094
11,1,856.4064902644323,1030.6619258463813
12,1,856.1414334896573,1030.999571722269
13,1,854.2110336489206,1031.7545658564115
14,1,846.6584098461959,1039.7615186162977
15,1,838.2832347092531,1043.2365840308235
16,1,838.7165716922783,1042.193775202216
17,1,835.5513289728513,1040.6761084746809
18,1,837.0993845920565,1047.7697905925734
19,1,824.787775692136,1055.189557680185
20,1,820.8493915797503,1058.3639533924954
21,1,827.77277318169,1064.1644713812818
22,1,826.7265160967588,1067.0855421500476
23,1,819.9186601923384,1069.686196242751
24,1,819.7487528023352,1070.2653372362752
25,1,809.9927475952761,1087.6506576191434
26,1,802.8995387971563,1090.2355388181822
27,1,801.8318563932843,1100.3236232948116
28,1,804.5608437632644,1109.8909649836914
29,1,809.2292843019263,1111.3367859017953
30,1,809.9255053321497,1110.4257864333592
31,1,805.016531349742,1111.6107280688564
32,1,799.4844321315501,1110.3713456603816
33,1,797.326135061309,1114.2515455623943
34,1,803.4616651193278,1121.755167833908
35,1,790.6750469009623,1129.13014306635
36,1,786.6815384774617,1131.6740495968813
37,1,746.7861803053978,1131.3211493662739
38,1,749.6259497067828,1140.7885944733553
39,1,732.2323699113031,1151.2040360117915
40,1,732.3789055009959,1156.6066903662884
41,1,732.9906032003012,1172.9895628971483
42,1,740.8165831368418,1180.8806607962792
43,1,718.6417008838122,1185.4892473012062
44,1,728.1444468698792,1189.1383063180103
45,1,737.6471928559463,1192.7873653348145
46,1,727.2616729700349,1195.9267809382836
47,1,716.8761530841234,1199.0661965417526
48,1,706.490633198212,1202.2056121452217
49,1,696.1051133123005,1205.3450277486909
50,1,702.9114248342717,1210.2641162269208
51,1,686.2744171070299,1208.582477919691
52,1,685.6395061226048,1213.0811687165235
53,1,687.7725190607491,1222.7512547282759
54,1,686.6987555040675,1222.8460508380545
55,1,670.6829279299554,1221.0704057391645
56,1,666.1603375699351,1223.8488692589965
57,1,655.9584456305193,1220.6922884869298
58,1,649.9197363469756,1216.4813251507132
59,1,648.2051042940133,1212.636390401979
60,1,648.8202141079778,1212.673808946672
61,1,646.2066327983601,1212.8876589591214
62,1,643.8702100062152,1210.8603917443784
63,1,632.2120003516844,1203.190157901409
64,1,628.7502853767786,1199.5286376807233
65,1,609.3473663198694,1182.6118256763075
66,1,601.4855640675926,1173.6908129465521
67,1,595.3637737533069,1164.4505650108117
68,1,597.1712121769781,1160.3910958769416
69,1,598.3072965963163,1151.0436780075263
70,1,604.2826278323264,1145.013608831225
71,1,607.7795963089534,1139.8625816540641
72,1,613.511317739594,1132.029866738616
73,1,625.3223986256204,1118.5639359600434
74,1,623.8552823609679,1113.5462796875552
75,1,612.3041056232917,1097.3638078881718
76,1,611.3877888691085,1087.6086514512226
77,1,619.5974078015531,1072.3561950844235
78,1,625.6200370920111,1073.1062238683426
79,1,638.2597332956063,1077.3549340254372
80,1,670.8700286052409,1097.7722979969587
81,1,679.7569207895622,1096.8361241613839
82,1,687.844750350108,1098.1591179206034
83,1,686.9251394752366,1102.5551252005487
84,1,686.0593758877131,1096.7783763045777
85,1,687.6483598030183,1085.2750498500925
86,1,684.7438518822519,1083.6656861918343
87,1,683.92621720579,1053.160045417445
88,1,663.468549919843,1043.229797920274
89,1,649.9767557751675,1020.2819872885696
90,1,628.9850926117462,992.5813547022898
91,1,634.3354919467089,1000.8582433115182
92,1,634.6382265657028,991.8349374731409
93,1,627.9409419059807,983.1610447836052
94,1,611.6362238287799,970.7495872063762
95,1,609.4729281680575,953.3060180785806
96,1,613.9847820262958,951.1687926923056
97,1,620.8869243565599,938.7210304354403
98,1,615.4101332053224,930.0887826024795
99,1,590.1715412044481,897.4127574540806
100,1,573.1949656736482,885.9892596652862
101,1,537.0303441970251,846.422160752222
102,1,532.6533897983717,839.0319422777914
103,1,529.909145230162,826.5159843246907
104,1,526.5787855718056,817.0186398963888
105,1,507.66411321743317,791.1458709370762
106,1,504.31517241216096,785.3605914903337
107,1,505.7865048403656,762.5480270643886
108,1,512.5571105794666,763.296318796097
109,1,513.6330754146011,761.8306037392632
110,1,511.7306651111277,759.1150249551646
111,1,507.82014745476397,749.0837824429703
112,1,505.00530144719215,745.3260227988184
113,1,485.36690230338826,725.2187670773982
114,1,465.05928518924435,708.7760387765319
115,1,446.08801164480775,690.7901988920363
116,1,443.1540264604634,688.0745302817606
117,1,433.53972602541546,680.7462639254082
118,1,424.50455903098936,677.6794892261925
119,1,425.58622142469534,680.6311117099117
120,1,428.3327983470068,682.5963618664119
121,1,425.96904953125863,679.538441039137
122,1,424.0354668996664,679.3863186148876
123,1,405.66765196917936,666.0736961788558
124,1,391.7584957028093,660.1734246682408
125,1,378.74614722537746,653.1981543044941
126,1,362.950779949228,643.8979897888885
127,1,329.41897858784125,627.1820472649588
128,1,317.3944403398313,623.6247887089017
129,1,290.88490403905973,620.5784859190854
130,1,293.7810684424484,629.1201124580374
131,1,293.6648188909262,632.7941720049179
132,1,293.74523910677055,630.015679986214
133,1,231.93837999141155,599.412788888311
134,1,240.84525933833302,607.2503924117756
135,1,257.6170578407633,628.8244628537849
136,1,234.09663732358848,612.5743076019144
137,1,225.47699566913911,606.0231795948532
138,1,237.34338503412187,619.1395871820222
139,1,207.3957834606334,597.9313599661125
140,1,188.32274803681457,584.4648745279495
141,1,190.7050424503334,588.1394397207195
142,1,183.0876673859561,578.768432953809
143,1,167.9211962432562,571.1716586075786
144,1,168.7931779047665,572.6834236925649
145,1,200.29628175993483,605.1076795333344
146,1,209.7207017892519,612.9386765725608
147,1,196.2036007788686,598.9047749461512
148,1,190.81945619638742,593.2719341159071
149,1,176.70779067590567,568.7021689469312
150,1,195.74668276017718,584.3324470449099
151,1,196.7246541295463,592.2078643980567
152,1,196.18834464850778,589.5259025503512
153,1,204.2651769602765,593.6949828611007
154,1,204.57343748824624,595.1877963652088
155,1,208.11653276303105,597.8435601264116
156,1,216.56924179735915,604.9552998328303
157,1,220.35275294301402,601.3551223326692
158,1,220.1595834182455,603.1861129879363
159,1,220.75215571269894,595.4817830217047
160,1,220.9925297189892,593.8855716656078
161,1,215.6975995226674,589.4710694034355
162,1,217.09017618144287,588.6673818393587
163,1,222.45207828578592,589.6867550362882
164,1,222.31702805503707,589.6124168567934
165,1,240.77537527990296,600.9276017402343
166,1,244.97297027433353,609.5261979684936
167,1,264.9894361245104,623.1417452423491
168,1,244.97419022217068,606.7683037373753
1,2,582.7682491717007,1272.6873412893526
2,2,582.7682491717007,1272.6873412893526
3,2,583.150761234783,1274.1989009009797
4,2,583.6915959632678,1273.5138237586802
5,2,590.8771977137059,1273.4855444640034
6,2,595.5426364115702,1274.2885193879706
7,2,599.3473692753922,1274.4255602379737
8,2,598.7699810791214,1271.7720806333202
9,2,598.8211202236963,1267.5237025857598
10,2,599.5816169651631,1268.1675591805165
11,2,600.6148512564745,1268.0449826276456
12,2,601.8122683321814,1267.705436534566
13,2,605.773724552159,1260.3815428547794
14,2,605.8896100284752,1259.15143138465
15,2,607.4972020653264,1262.0699324233308
16,2,607.0425624526879,1267.8783488608933
17,2,610.9051298780076,1266.4932072494237
18,2,621.6933872276793,1264.3978364886307
19,2,628.4536527651449,1265.5030591732225
20,2,627.3798757607921,1264.8037478479464
21,2,627.7992658149328,1268.5273730795736
22,2,626.897961931307,1268.2653895003407
23,2,627.1328122404185,1267.8378862787201
24,2,628.1123133661756,1265.7737414141752
25,2,630.7041621642172,1264.5409115242946
26,2,630.8150463582859,1265.5449796211003
27,2,629.6095088197188,1266.507906568006
28,2,628.9127993648157,1268.1166047380934
29,2,628.0160435522753,1269.197360140821
30,2,628.2844334026754,1271.2502381963664
31,2,629.0103380605158,1271.1411167479234
32,2,626.6505683825449,1271.3257708715248
33,2,625.7222841300486,1271.1950676072877
34,2,635.3227953165698,1278.0323241371755
35,2,632.6992472602498,1279.3664072440017
36,2,631.9391300380694,1279.3853468041875
37,2,630.7148679207133,1292.7293272668353
38,2,628.0842730735477,1297.0477820361275
39,2,642.0353835310394,1308.9099025550875
40,2,641.1931148828739,1309.2451202883303
41,2,642.1518182730781,1309.0895847978356
42,2,646.5092092127454,1312.3000416923942
43,2,654.335928107874,1320.439194917464
44,2,635.2870357118742,1316.0331920583499
45,2,625.3809801052497,1326.9075646233694
46,2,629.3891734167574,1330.074854640219
47,2,630.0218297916181,1334.6784262967776
48,2,629.4841288899328,1334.7739897243189
49,2,628.3392161556644,1332.077930535329
50,2,633.611961730203,1333.1241851284387
51,2,626.7060088881061,1328.6386210307091
52,2,625.3893153620529,1330.541155378877
53,2,620.0798949874993,1320.6079158840334
54,2,619.1766323099496,1319.8328496025833
55,2,616.2781527907889,1321.708661600668
56,2,609.6125350839328,1318.2408664477662
57,2,609.726841444367,1316.1232416621874
58,2,607.0149991034166,1328.484034565096
59,2,614.0518098342333,1335.0351398076682
60,2,615.4809429142286,1337.6963361096944
61,2,594.323249629561,1337.1495024596372
62,2,594.8872265452646,1335.8640953285835
63,2,596.9532469750917,1323.917707628984
64,2,600.2407142571491,1321.4959006558106
65,2,601.4678434705181,1322.1799904065413
66,2,600.8222865339133,1323.97523730757
67,2,581.0918204342076,1306.7180721877185
68,2,568.609932160537,1295.0884039995685
69,2,539.6055054695831,1273.828291395776
70,2,538.7334384512619,1269.9846456393286
71,2,541.1642114885013,1270.6434514309803
72,2,540.9553097185443,1272.1723318783845
73,2,549.0812756563181,1262.1435360777607
74,2,564.2367820128654,1267.466357402114
75,2,535.796393788356,1248.6200748003355
76,2,507.35600556384657,1229.773792198557
77,2,478.91561733933713,1210.9275095967785
78,2,450.4752291148277,1192.081226995
79,2,457.653610807534,1184.8831721515724
80,2,459.98779021808093,1184.3938407274488
81,2,457.71400598956234,1176.6187621304855
82,2,458.5812674392308,1175.9665152105028
83,2,445.7925266125728,1169.4236692854283
84,2,425.7364106074187,1151.0248875593131
85,2,412.1126532406256,1139.6692374727413
86,2,407.85298182585075,1141.8908946527904
87,2,414.0832595968402,1128.7278357377704
88,2,413.1078340575417,1126.2651481521186
89,2,413.0620140071096,1134.1265329996772
90,2,417.0944774015434,1130.6411188970858
91,2,409.4702112968066,1111.4217471728848
92,2,407.50171044960695,1105.2438152984464
93,2,400.112237205347,1094.0751618277668
94,2,372.8492433109716,1076.2202793223807
95,2,386.29897733837555,1076.199187691826
96,2,389.7672154125361,1076.4340376538185
97,2,392.48294584932023,1068.0183601267283
98,2,395.9307005491623,1064.9572389816935
99,2,399.82098743686737,1060.8104626259562
100,2,403.71977567604966,1060.7874634063028
101,2,398.6371882321156,1055.8679595726892
102,2,397.2561311025471,1053.822380778938
103,2,398.7768473003317,1050.8303094090786
104,2,394.40264945110914,1039.9026234730156
105,2,387.94950297900806,1013.9476280432596
106,2,370.30059029177096,1001.133295385797
107,2,376.58067599383196,999.2812982392458
108,2,375.1076520138293,994.7696122333956
109,2,382.46949139797516,992.3062954510145
110,2,389.9369300297118,993.6279440347842
111,2,382.7458252946984,980.1134195029106
112,2,374.61114735694,975.0362867543498
113,2,380.6736811750858,971.7098470127312
114,2,384.50387443485215,968.7242789866073
115,2,370.10418636841297,954.0669990702805
116,2,367.0123580899874,949.210856019722
117,2,351.8136025802618,928.6169175535691
118,2,350.2960637691476,923.1552383350656
119,2,378.7123635604094,938.044990223868
120,2,363.3279325982213,929.8547391865427
121,2,387.8641273299011,937.7423511783649
122,2,394.94949756091,940.2672134251594
123,2,411.2640665557227,948.3660272992968
124,2,402.14042640095664,940.2609182905104
125,2,373.57371191351285,921.6539786439491
126,2,373.2634475075004,920.1993048299034
127,2,366.4572267396639,908.3421483393868
128,2,389.5139186663142,920.21551677328
129,2,406.66555212769276,927.919085040034
130,2,407.3234038726785,930.1510560994494
131,2,411.0768809658607,925.5755849688035
132,2,414.0313166590531,928.633644189141
133,2,420.3509071798934,924.0997109028882
134,2,411.9687318310935,911.0148346232936
135,2,384.54726790899,886.0678795500687
136,2,376.4562380570818,877.9411006306445
137,2,355.81582427440895,849.1050874102333
138,2,362.7480540509794,842.7725738916033
139,2,373.5409696609581,818.8068652137981
140,2,394.3412881907261,811.3463085152931
141,2,409.47416738873693,813.4144790177373
142,2,413.72738045979224,811.4103354937965
143,2,421.20231557304635,801.962995780213
144,2,411.8328583519763,778.2733799072892
145,2,412.0536697944754,751.2931390382481
146,2,426.65035674253295,750.9195689994954
147,2,450.8217095150588,741.2957857294441
148,2,474.46856869977654,746.7097000722945
149,2,479.67685921857344,736.6078521143751
150,2,485.0867198133843,737.2326519029376
151,2,476.5295649316113,721.0671220690197
152,2,478.3193516925937,722.1154819161416
153,2,480.6961543302295,720.1034064942963
154,2,447.69794971037123,689.8051887747978
155,2,429.72813169860507,672.7936775106332
156,2,412.7192007106467,658.1350581390408
157,2,391.858471356004,639.1813209802625
158,2,388.62623859658447,637.6615467084677
159,2,384.1035442480639,637.3355497507195
160,2,383.448973965591,637.7813053473817
161,2,336.2337015044626,604.6173685809732
162,2,339.4762026935583,608.992263304517
163,2,317.7192512939735,594.1192478103733
164,2,284.89762155048373,574.1675628429033
165,2,281.8033730869294,576.7951331656361
166,2,277.9069217249179,573.4525208216635
167,2,283.94629273828974,581.6125770764675
168,2,299.81412286147014,606.4932377859751
1,3,986.432652267761,1030.8633253096104
2,3,986.432652267761,1030.8633253096104
3,3,986.2299337028041,1031.956692429457
4,3,985.5505327786565,1032.3602572192583
5,3,984.1016926468883,1033.5040262631235
6,3,983.8890163246717,1033.9617297375478
7,3,984.1554389634326,1034.6989561429536
8,3,984.2494117882483,1034.9746437278682
9,3,983.8863641902776,1036.9913340940648
10,3,983.9994573485327,1037.904444092446
11,3,983.9040334249748,1038.9514144586553
12,3,983.1706397994554,1040.059143486523
13,3,979.5941563739832,1045.2343119543925
14,3,978.7722686421574,1049.8498729224978
15,3,960.3090460918489,1044.3627144168063
16,3,953.3802966824602,1042.0170064310098
17,3,945.2565899225137,1043.2941860008707
18,3,949.6366276984903,1055.2183473027796
19,3,950.9546000755566,1063.7470985429666
20,3,951.3657444822214,1065.5871521757547
21,3,946.7118661166523,1068.44188529662
22,3,944.8865301111019,1069.965345272424
23,3,938.0102655636241,1073.439564875042
24,3,932.0880750640443,1073.2497149979367
25,3,925.3609321991465,1074.5213774533734
26,3,926.4619973900551,1076.7406203510811
27,3,922.3946658947834,1080.0876397523366
28,3,919.9320430260658,1086.1902374650688
29,3,912.8922792460385,1094.5063121659607
30,3,908.6417804706375,1100.171455913252
31,3,899.793256837097,1113.917075504346
32,3,895.9107255581742,1122.5497209886098
33,3,889.8558424537055,1130.2182347414232
34,3,886.1877721515427,1132.245600907671
35,3,873.5527259681229,1136.516300872872
36,3,862.5234747023889,1136.1185802012149
37,3,826.7396339850852,1143.7694402477102
38,3,822.5747436048623,1148.4845965261156
39,3,820.9710962361071,1159.3264226430838
40,3,811.6445075065402,1160.6678059902074
41,3,796.0218567217115,1175.5492617355621
42,3,790.4734409478467,1182.3534427069455
43,3,781.7772712786975,1192.3288334844829
44,3,775.0846660972796,1205.5428287001255
45,3,766.0407494648886,1214.8037409731633
46,3,767.1133092602882,1216.9874999978379
47,3,755.4604085752547,1226.031033311861
48,3,754.4475086145974,1235.8065025465282
49,3,741.9251519553914,1249.104176371876
50,3,733.9195169502472,1249.2498008814343
51,3,739.739870995022,1269.2105278571614
52,3,737.7596307072475,1270.1379588701514
53,3,692.5544209532133,1256.8767595571724
54,3,696.3994092185017,1262.1837398802106
55,3,700.6785511529656,1277.4990573309663
56,3,700.4334671561197,1284.1411332096845
57,3,699.3238105349106,1288.5768224785747
58,3,699.4124231867562,1290.5986837401883
59,3,696.4802290630313,1290.263572458518
60,3,695.861352950526,1290.555348437715
61,3,687.4751354903049,1289.4476108238714
62,3,653.0386529562448,1274.0204944797074
63,3,642.9014469444382,1267.9495806494451
64,3,640.8898205141905,1267.9290152164713
65,3,627.7675195257139,1267.9486441742708
66,3,625.1160989215168,1273.078218246838
67,3,618.4982193414778,1276.0393546291807
68,3,621.4373982016305,1274.1617153152717
69,3,613.4994344201021,1276.4222702121897
70,3,610.4666096440285,1279.997825541833
71,3,607.064063097733,1279.9048602470705
72,3,610.3372462252202,1280.0202411016683
73,3,591.3200592295963,1275.203500342412
74,3,572.3028722339723,1270.3867595831562
75,3,553.2856852383484,1265.5700188239
76,3,548.6087558402979,1264.886632700005
77,3,524.9554849931012,1258.7815629068448
78,3,524.1679865306515,1262.7191192399525
79,3,516.4119054075971,1262.4130827549998
80,3,516.5099824745109,1261.3108855600376
81,3,506.19043359046435,1258.431550169267
82,3,502.32546812834255,1259.1212821032182
83,3,496.8396328316369,1259.9210800057292
84,3,495.99665131893903,1259.7523928448084
85,3,492.3223858363269,1259.5808902034883
86,3,487.60766393311684,1258.5672085419615
87,3,473.53248691491234,1254.294287514565
88,3,462.5926534303751,1250.6868281926397
89,3,445.1453276719648,1249.0837509889234
90,3,447.9362076518367,1251.9805464468855
91,3,452.015778661355,1254.5554526696396
92,3,451.4373538574805,1254.1801343584739
93,3,445.2508413823417,1248.5078170092993
94,3,432.47829244533324,1238.9463285405807
95,3,434.87919874399654,1234.5995654309245
96,3,459.3381807284475,1242.8019079578155
97,3,471.91586062905463,1242.603397133964
98,3,478.4255151407653,1241.7688703080482
99,3,483.3960386526065,1239.3397851351972
100,3,483.0110470757647,1242.0943556072575
101,3,480.04746280139375,1231.9494196144353
102,3,482.53477446905947,1230.4886734381455
103,3,490.03169641809444,1228.421553790125
104,3,491.21445875734213,1222.0398530791763
105,3,504.25736253841353,1207.6988518602543
106,3,504.887059348652,1208.563728461412
107,3,512.1482093224257,1202.649645846778
108,3,512.296649275631,1197.8870291864262
109,3,545.0241377332543,1193.3964655440298
110,3,552.4685168132559,1194.6371152529225
111,3,551.1519229258853,1181.168807248539
112,3,551.9887777004085,1176.4544765294843
113,3,560.8709767795972,1168.0950310617482
114,3,561.8422745449742,1158.9989982903294
115,3,572.5663920000874,1149.2871806555438
116,3,578.9454591925459,1143.2133084997542
117,3,592.6627039759629,1134.9773486900563
118,3,595.7892628631176,1133.3170951874654
119,3,596.217459669273,1116.6781032296753
120,3,598.3352251358506,1113.166439112787
121,3,597.6806082147143,1087.0391153804883
122,3,610.4264515080007,1092.5110552704707
123,3,615.8260386026026,1084.6736956090654
124,3,623.451931844208,1077.9620449471352
125,3,634.2832747373257,1064.2945037502043
126,3,641.2950812930994,1063.270169736445
127,3,655.938422102425,1050.3800242248155
128,3,668.4680948449245,1039.6523612310996
129,3,686.4576512257446,1011.1723604688708
130,3,687.6838195221623,1008.2410463413377
131,3,691.6585225821631,988.1952635030909
132,3,698.8101898642299,982.6508279040968
133,3,680.8243208168457,936.5982361796298
134,3,685.9736391036273,924.1987251829369
135,3,694.7611504491441,911.0558848430541
136,3,690.9940704268416,899.5024863807881
137,3,701.6178409167547,882.9957168014456
138,3,670.241931778141,846.8750895847538
139,3,659.5335479460847,824.1932904988935
140,3,662.5242012499963,822.0500972354344
141,3,659.4404688853089,815.3688814171205
142,3,660.8893287418523,813.5829558825864
143,3,636.6138828475489,788.5959155360381
144,3,615.5956158706668,762.8208292273135
145,3,598.2695309207884,732.9961969892838
146,3,595.7982332770747,728.5546223217085
147,3,589.6849689243437,713.7887238543074
148,3,584.8101232972074,714.5983693440652
149,3,563.6050045121204,691.5484502484534
150,3,543.7791634965266,671.837136897007
151,3,521.554948537569,651.0830914151819
152,3,520.1078852482982,649.0160191677767
153,3,508.7762865880919,638.095589337838
154,3,498.27419422848897,628.2872913182157
155,3,485.0685964112541,620.349504300055
156,3,467.6113030958831,605.6513474150948
157,3,430.7724731573157,570.8197565722606
158,3,410.08761517536306,553.0827700690652
159,3,416.4631034609266,560.8122461414457
160,3,404.74185620993376,552.0572668107056
161,3,393.92207712702935,548.8383068191965
162,3,401.15610171199194,556.7634438503999
163,3,397.96762448775985,558.0298249627193
164,3,370.883742978243,535.6840338209585
165,3,383.2376500730632,551.3001507577237
166,3,359.3076054385355,532.8929543792915
167,3,314.99281628943106,501.9816720764521
168,3,309.60253565712793,500.56596188997815
1,4,562.335266938087,469.9796851546164
2,4,562.335266938087,469.9796851546164
3,4,562.2773056854757,469.35836652652625
4,4,562.6472993250186,469.5679563941016
5,4,561.9624880394406,469.900968114118
6,4,561.820137209719,470.1574738850763
7,4,560.9190003073269,470.9985179119644
8,4,561.565684779592,470.9018674064684
9,4,561.1855716164936,470.59028145308656
10,4,560.7532550267705,470.4064472007557
11,4,556.6099583964366,465.34080890708856
12,4,556.7393221441802,465.8120021986516
13,4,558.3722125509456,468.1108090476546
14,4,557.2706541659818,467.6553929429371
15,4,556.7602889986221,466.4100342021703
16,4,558.523018754869,470.20603864472884
17,4,553.7961208251262,469.8852677893132
18,4,556.244031088515,474.20529804831665
19,4,552.0904702820621,474.463616734203
20,4,548.9339072208918,474.2687007732911
21,4,540.3488312396962,477.98179530551073
22,4,542.549868870895,485.0833809319777
23,4,521.9688695382863,474.53592876900336
24,4,522.3741196172426,485.3909087535779
25,4,513.8871506783772,493.38779913332115
26,4,514.8640753367387,502.02653399207503
27,4,515.3480170161938,510.48408442215595
28,4,507.32833938623196,508.5519259920337
29,4,504.33088854631086,508.0628047041922
30,4,500.79876067792117,507.64783945524675
31,4,492.2514538488762,510.9013249697258
32,4,494.29168723140657,514.6874484738005
33,4,494.8793932154636,522.3125343875213
34,4,491.1305733618217,524.2322265393191
35,4,485.26466825319415,530.2363400044163
36,4,482.56857408887504,531.4298070575848
37,4,473.8279862154655,533.2447202209873
38,4,472.81416461044415,537.8750948278581
39,4,473.0637117192054,545.583618845279
40,4,472.1121077241265,548.1858430482588
41,4,462.3617298412082,543.442589379106
42,4,459.36744309115096,541.2951473413777
43,4,459.09622496726803,550.0235914593621
44,4,457.438576605193,552.8854300859647
45,4,455.4144915867359,554.9359027526814
46,4,453.98057861121856,555.0683410319389
47,4,453.3402562866456,562.6517806602992
48,4,448.4770805990965,559.6243558989347
49,4,448.1971941848653,561.9499254362145
50,4,448.34098557706386,564.1891038288675
51,4,444.6030326646854,564.1142145667413
52,4,443.55659799956595,563.959014602954
53,4,440.33721257654213,563.9946040967383
54,4,440.25762602932684,564.68913727123
55,4,440.1246182911983,566.6242116972682
56,4,439.43498686058354,566.6641590072999
57,4,440.0527724755707,568.0255999552529
58,4,439.41169323558063,567.2689480184637
59,4,439.149532514731,566.9058326851384
60,4,443.4000225230353,571.0024947222889
61,4,442.0964286377224,572.28865440529
62,4,441.18705276543216,574.0516690906103
63,4,433.52550297430446,570.9293524423291
64,4,434.1381429751004,575.585599049151
65,4,431.14927613513737,580.0178819073086
66,4,432.59498843552564,586.3084702115024
67,4,430.8702197259106,591.547671652392
68,4,427.3389773971305,590.1646485649486
69,4,425.07695718618044,592.0159348176996
70,4,427.07549180461467,594.8242485865972
71,4,422.28075115361145,598.1537826456881
72,4,419.67017012843513,601.0820248717305
73,4,431.2538025205973,616.168703010215
74,4,421.2954154315282,609.9650406847929
75,4,416.926117370448,612.3696500821158
76,4,412.98931190484967,612.0289084085506
77,4,413.50681780016635,619.1905161384742
78,4,407.5449912552044,616.9645656864482
79,4,406.03518178598284,619.774793615532
80,4,405.5860267021765,620.2702228207762
81,4,404.08228317028824,623.2713247281342
82,4,405.47722047408587,624.9874708086619
83,4,407.84423157564,628.3868749986266
84,4,403.93204374596525,624.8185671148915
85,4,406.2463708440301,627.7571864545287
86,4,407.30923216896906,629.1789626150997
87,4,404.7971027363113,633.1210633767738
88,4,404.2083522137441,633.5041438166286
89,4,402.45683376183024,642.7697161354737
90,4,403.97947275881586,645.4906760729459
91,4,405.3322734171011,643.4279650107759
92,4,406.06081155724235,644.3104490475943
93,4,403.5211960927571,642.74015411148
94,4,404.05704071871367,639.1413175547051
95,4,420.7422060343307,650.8547676247111
96,4,432.2030747456089,660.1289452116839
97,4,447.6949923022197,677.5917277331383
98,4,472.92021546303494,696.300201359982
99,4,445.6636540637058,667.6336614846355
100,4,429.8675872673988,649.141636175836
101,4,463.03001678219806,664.8059149796089
102,4,430.36100305362964,628.5437997193002
103,4,407.06648528499016,593.6756999662703
104,4,377.3315213137487,562.8508409383832
105,4,383.5175044620786,556.4315765468117
106,4,345.4354896058338,520.4807521461138
107,4,433.48033481808056,587.1695457038271
108,4,453.502010932064,593.2599360701573
109,4,459.4046093725234,589.4975089279928
110,4,454.8964216903223,581.4822329529032
111,4,419.4940141333267,541.1569614058251
112,4,422.7221164278678,541.9878548409729
113,4,419.47851470337616,537.0183524149899
114,4,403.0426503040956,520.4423598185449
115,4,395.03859270948243,510.224785634705
116,4,395.02804624409305,510.65267015956266
117,4,393.60259723093424,515.1402445765358
118,4,385.8630577556254,507.5659003013174
119,4,389.6301020228795,516.0051447980117
120,4,426.7314821006755,550.6690884819561
121,4,401.5504176433899,527.6095024617841
122,4,397.07871772295823,523.8192162421386
123,4,396.4613619629282,526.9630142306321
124,4,379.52932940516916,508.09942453744674
125,4,388.7504602605586,508.2440568076093
126,4,370.2270329632802,485.6501336205081
127,4,363.1982376730072,466.1988164256824
128,4,369.6440888344349,468.38205228489824
129,4,360.2084014489963,447.9661300238594
130,4,363.7010963158492,445.35222217428554
131,4,365.3334765782317,432.29223448192613
132,4,366.683940138901,432.22217664127925
133,4,376.316940572039,421.38825619176964
134,4,372.5414229932352,411.4382442269751
135,4,329.5171010544718,352.6305144299754
136,4,329.92939488755496,348.61747652520216
137,4,334.42335108127673,343.7022327785569
138,4,323.7503607512733,328.13494272559547
139,4,321.2397180877785,312.7839958528957
140,4,326.95273807895944,310.4193439858091
141,4,284.3437431101304,250.9065319403839
142,4,256.33126956593895,221.13248732542488
143,4,233.88761880664723,187.26070884481368
144,4,227.500285514765,180.94954699065698
145,4,271.5605002833953,209.39286562452557
146,4,264.3306602699951,200.4147223277459
147,4,258.75767370575267,184.6713625529124
148,4,258.7078008889603,182.6831902296052
149,4,250.15616523350852,169.39980571352635
150,4,257.29908468644453,175.86023695306096
151,4,238.90013429101555,152.63310666035179
152,4,240.13406400611106,153.89372921591956
153,4,237.94394615732966,149.78864330470802
154,4,242.99920317361781,154.81658429760512
155,4,242.94367996959102,154.49220000221825
156,4,250.98657133695875,162.064902111751
157,4,241.3770747558213,150.3612910574594
158,4,236.89594222598583,142.71091466861816
159,4,239.30445466124934,141.78580315342182
160,4,236.9172083815065,138.0438195706356
161,4,217.35078436502744,110.40972019105236
162,4,218.81416368653313,109.31982485695599
163,4,217.71065423663592,101.54360832580332
164,4,219.9181024529666,101.35072110935496
165,4,218.6359986143932,100.07422607532526
166,4,214.20796038945807,95.88141689560204
167,4,215.046979907685,96.67421377864521
168,4,214.97532476924135,95.67834186946976
1,5,630.0675659973158,1373.2412153220932
2,5,630.0675659973158,1373.2412153220932
3,5,630.0452447457761,1373.1292989993713
4,5,629.838052387109,1372.1439837811558
5,5,629.9667186889347,1371.2095611016334
6,5,630.4659615343411,1370.497234659367
7,5,630.9658322966859,1369.7731184394322
8,5,631.5432196239044,1368.5483389778124
9,5,634.7809581859674,1366.9602888101535
10,5,638.1771659223108,1367.4866867643495
11,5,644.4640172946592,1364.2215180896487
12,5,643.6229605785359,1363.630808886302
13,5,652.2145597823596,1359.4700110506121
14,5,653.7331935708794,1358.868294964993
15,5,669.9711800889671,1360.1604701209242
16,5,671.7939885211888,1361.748108329655
17,5,671.9384359203067,1363.2840595321536
18,5,674.0288582296611,1360.796132509998
19,5,680.7118137067353,1360.7151793781588
20,5,686.4230422190042,1361.6492507899275
21,5,701.9571390288991,1365.9357472705133
22,5,704.4784646417872,1366.9328500224044
23,5,705.8030672988997,1365.7429311437397
24,5,708.05046609861,1362.112324823992
25,5,709.975217565963,1359.9888698510176
26,5,709.244681118945,1358.9858268219118
27,5,712.5017769750468,1356.9697425957222
28,5,715.3891925735513,1355.9539326416693
29,5,733.2678441558314,1360.768836781034
30,5,737.893931736139,1367.3833904289895
31,5,741.9015098953779,1370.6920556184316
32,5,743.0208997069926,1372.2684995864624
33,5,740.4542130444046,1375.668778372124
34,5,744.6499768872297,1372.2724207926074
35,5,742.996019219983,1376.6837634653536
36,5,741.5778946217216,1380.046651375643
37,5,745.5594140007742,1390.330246729716
38,5,749.0788941053935,1395.8856198812157
39,5,747.5262317744363,1407.9506332661365
40,5,740.6588568558489,1418.5637020654103
41,5,738.7691053980271,1419.8647407765425
42,5,738.107334839629,1420.622922987053
43,5,735.4913757685489,1423.671081564569
44,5,735.2250160722351,1424.7621349987678
45,5,733.4354708047159,1425.55662263655
46,5,733.3796808206242,1425.8663896709168
47,5,731.1640971863173,1425.5660566151212
48,5,731.8688081652524,1425.557803680652
49,5,726.6723408978554,1424.1830335326545
50,5,725.3049309520601,1424.4431908752017
51,5,720.4413426090521,1422.8875611100843
52,5,720.2462497532093,1421.7585488420139
53,5,718.9412169855884,1420.9812041421271
54,5,720.9597005143056,1419.4573695175575
55,5,721.5606043629,1419.4241824537612
56,5,722.0485216555479,1418.960600352136
57,5,723.0742329636646,1417.7235781559414
58,5,726.5889791525997,1415.5567979561265
59,5,730.9270141375379,1402.6932124340306
60,5,738.684234520742,1397.3057910738014
61,5,751.3075774106549,1371.1540638816205
62,5,756.218061354423,1363.9145465456058
63,5,743.1281998168058,1332.030097878954
64,5,763.5617398605933,1331.0336017335667
65,5,761.7888239427712,1320.6861300919727
66,5,767.4916147326286,1319.4532070343334
67,5,766.1087911734325,1307.5665779842034
68,5,766.2579932133893,1301.9619614167307
69,5,771.553169588019,1287.4385181828297
70,5,774.9395813809797,1283.3320267327558
71,5,786.4324837157866,1266.1383475759512
72,5,790.9291129469804,1256.9788021411039
73,5,794.3881809485683,1247.0156182868586
74,5,796.6036150978215,1235.732611907903
75,5,776.0719604192461,1213.4678398071958
76,5,780.6665735479476,1210.6006523608987
77,5,788.4872964681783,1202.0503265407533
78,5,787.7279652767224,1195.0527150079092
79,5,788.0845749272528,1179.0200891264305
80,5,786.4248241316095,1168.3564506017146
81,5,794.2210788234819,1157.3267998621095
82,5,798.533883108226,1153.762403524641
83,5,803.1742139387034,1147.762882560172
84,5,800.5366466061597,1144.0832040054954
85,5,799.0634434173191,1133.8879177713063
86,5,784.0980049830983,1115.1436865469052
87,5,792.8201692266031,1093.7282867038703
88,5,794.4978536661753,1086.790307718194
89,5,800.1651667018116,1064.6274529274474
90,5,806.0750357974024,1059.7856474228367
91,5,788.4816970537588,1021.1597198333221
92,5,775.4074245132708,1005.6829912586395
93,5,761.7334139920948,976.1044173793963
94,5,751.8982673647406,974.9783659089012
95,5,755.0736153055129,951.7485702291019
96,5,747.6739902897859,949.265398134999
97,5,693.9592455743998,895.2242904160832
98,5,691.705159918392,885.713899960995
99,5,697.5086412064276,882.5174680810003
100,5,697.8536672587976,879.1038416633527
101,5,689.2798799654522,866.2195087111469
102,5,670.0990598429908,851.1612873401538
103,5,596.8221637883189,787.7716036030943
104,5,604.7187417151645,787.4561253731175
105,5,581.4948382893757,764.7660019598788
106,5,586.4911917189366,767.9061505782203
107,5,583.4287366953696,764.3184876968263
108,5,584.9485188775517,764.0244079118207
109,5,581.4768634712602,754.5591809385221
110,5,575.2525472275089,752.211692280762
111,5,541.6986404740987,714.699738117423
112,5,540.6351240107323,712.1757714021213
113,5,511.0365753072818,686.9514990951152
114,5,487.00247417359077,661.9222908159592
115,5,466.1266105455984,640.7174018734937
116,5,465.03120494590576,640.7410110293495
117,5,478.82459302077524,637.2621715775689
118,5,476.221641131916,634.8529268436822
119,5,463.69463642272916,626.9593839195458
120,5,467.35342468510635,631.3978179012898
121,5,399.18900699577864,591.3044375967983
122,5,394.13373027996244,589.4269074336888
123,5,379.53116484127753,596.6087424411202
124,5,391.6768506609851,616.2877044131438
125,5,363.36009846206207,594.6328367658776
126,5,373.04183416189727,607.6509732984342
127,5,317.7153468794087,569.5451374288076
128,5,302.971376654459,562.5479587426776
129,5,306.6033857078592,573.6607581173366
130,5,302.048581671936,573.6821522992916
131,5,297.5933257863926,577.0952044304069
132,5,297.5567140930586,578.7007622516903
133,5,286.39259606333195,578.1476060153691
134,5,271.48054434384824,568.9877389576411
135,5,258.3667893259253,570.5303906340022
136,5,238.82747201357716,560.019361170089
137,5,225.77390874868593,549.934015406677
138,5,222.72328330431827,551.2413330444115
139,5,201.91461918278603,538.635688903333
140,5,196.16568222267796,535.8394797523217
141,5,185.50224183615964,531.2270487782384
142,5,185.8446453998214,532.0707048264616
143,5,192.65529051436923,543.3821813956234
144,5,186.61889177488337,540.9202701028105
145,5,174.8797667991005,530.4235526658367
146,5,161.95068081809586,518.3060948227987
147,5,161.71547242747081,518.2292289742389
148,5,161.4802640368458,518.1523631256791
149,5,161.24505564622075,518.0754972771194
150,5,161.00984725559573,517.9986314285596
151,5,160.77463886497068,517.9217655799998
152,5,163.7987035644584,518.1848533884493
153,5,167.2997534420492,517.7846119628994
154,5,168.84131801647948,518.0262860744348
155,5,192.5041447902889,529.2663659168836
156,5,183.11846577459139,519.4468653389657
157,5,225.80891667198478,553.9374686794113
158,5,198.35099616192366,528.7658125915201
159,5,193.54650143518387,520.6199810046376
160,5,189.73171399632764,517.233495320702
161,5,174.92757906407175,502.90185425716265
162,5,160.12344413181586,488.57021319362326
163,5,160.12344413181586,488.57021319362326
164,5,160.12344413181586,488.57021319362326
165,5,160.12344413181586,488.57021319362326
166,5,160.12344413181586,488.57021319362326
167,5,160.12344413181586,488.57021319362326
168,5,160.12344413181586,488.57021319362326
1,6,601.3967587222704,103.7641876639491
2,6,601.3967587222704,103.7641876639491
3,6,599.8868322468974,102.4223200460902
4,6,599.2619934888722,101.69529025368844
5,6,596.756228890109,99.69136471768462
6,6,597.4524537695315,101.20434809499689
7,6,592.4794858948554,95.75989622296834
8,6,592.0236051109681,95.98746962951998
9,6,591.1674245832623,101.7389857156268
10,6,588.1293981511176,98.72397966534459
11,6,583.5547796504777,96.91150504561612
12,6,581.9463097336823,95.7762306737907
13,6,581.2985659388434,100.74096852798428
14,6,582.1846402685342,105.45363366904644
15,6,579.1059756231008,105.58335974393908
16,6,581.1029379038906,109.29982365135508
17,6,583.3992130802645,114.05561943954241
18,6,580.7626258591387,110.09323435800243
19,6,579.9339646808062,111.54592970542357
20,6,576.8966029397567,108.5319603191681
21,6,573.4983238796409,109.176783657499
22,6,577.7893971702946,116.92733691725228
23,6,573.0762451743685,112.34558434882062
24,6,560.4228599283559,96.85377809325742
25,6,560.6112086982978,102.33555183148184
26,6,547.3439415514165,84.79562954214649
27,6,542.0861033480738,79.66064016040279
28,6,550.7117707381891,93.1223440701818
29,6,550.39239639676,99.41087365112276
30,6,545.7072121517948,93.56683763508043
31,6,550.8871410262844,104.6374568248869
32,6,553.1534687784514,108.67356969204496
33,6,552.7882199660831,110.68801632207149
34,6,548.6850228659788,107.62067685164847
35,6,550.5429258427547,113.17099914546675
36,6,548.9617476398631,111.53571717269085
37,6,545.4265041913568,107.88956596048006
38,6,542.1439876617932,105.91574388043851
39,6,554.2971147920715,125.71694676215216
40,6,554.6801351780068,126.99425911752128
41,6,544.3082815464097,116.58836852016489
42,6,547.8163747477471,122.2049170298571
43,6,558.881480358271,140.48599749937355
44,6,557.4722135484441,140.32889565262153
45,6,563.523452793655,150.11482673252578
46,6,562.7590260544179,149.56233775358282
47,6,561.6050135950618,150.05706211677622
48,6,554.8224788564935,143.42922602590303
49,6,549.7304002264283,141.24884456144747
50,6,549.5106229672399,142.4619708388571
51,6,544.5972545549848,141.08897927398735
52,6,540.6695159397364,136.12643763100004
53,6,540.3548466287435,136.1760233269544
54,6,545.4793477460169,142.69338381242235
55,6,545.6930235811708,146.1730134484163
56,6,544.7775825984836,146.17246043895827
57,6,542.9721209727348,146.61125016137527
58,6,539.9643002218793,147.64372672985417
59,6,541.2441839278619,153.52715774479444
60,6,539.6762748524634,152.9270727531936
61,6,523.8449614379513,135.36413587685982
62,6,523.548952988904,135.96409690225636
63,6,529.1448836552551,145.36168888713726
64,6,529.4926933451293,146.0257132687235
65,6,529.045154487247,147.0866974431439
66,6,529.537523274617,147.89933552438282
67,6,527.7393857912818,145.7616656108224
68,6,526.3900204578748,144.12702301426035
69,6,527.7527145646978,145.80981125361686
70,6,528.2156095560439,146.6871227066977
71,6,535.7718712988151,156.86905855948044
72,6,535.4400980228031,157.12280149382727
73,6,535.654481087985,157.32462468478536
74,6,535.5500965363365,157.98629793651224
75,6,535.5367060271063,158.81721597678637
76,6,534.3988043950524,157.69690393790083
77,6,536.5252187037125,161.0126420562326
78,6,536.2431503624928,161.30724106876033
79,6,536.1284265434496,161.5317892186065
80,6,536.1306209261787,161.52891175894715
81,6,532.8303194691031,157.91006358022034
82,6,533.195295788604,158.30184707856097
83,6,532.831698524854,157.8937766194307
84,6,531.6515657638038,156.81009316797505
85,6,531.9181045306808,157.30068974530596
86,6,533.2225851428908,158.55400156289136
87,6,533.6623599860729,159.72200124155825
88,6,531.6196789354251,157.10623275688073
89,6,531.4966349794887,157.53714888363433
90,6,531.8354890767324,158.431560950981
91,6,526.4401707907513,156.50288531058735
92,6,525.2388642593393,155.8034335476724
93,6,523.8912481709956,155.45157144420418
94,6,526.2873706637042,161.2943463354475
95,6,533.146030731498,174.56837434206756
96,6,534.016445011678,177.77292637888112
97,6,529.2701560528969,172.71885888336553
98,6,535.9661206363244,184.24913665069167
99,6,513.2955305707542,166.13780483822657
100,6,502.3863452333119,155.73616934278843
101,6,458.2435100284457,114.73977992614135
102,6,456.2324121551475,113.39039102591188
103,6,434.2978927707829,102.24045695184877
104,6,409.9314476934291,79.9590355825803
105,6,418.84081857970733,116.84962402641136
106,6,414.50307202362336,121.41435340593175
107,6,411.2060921320669,129.38856002359526
108,6,406.71919938147187,132.19986017503692
109,6,391.2155516952337,125.19458682905447
110,6,380.831743776345,120.49799021019247
111,6,326.42168236820595,76.28432511894287
112,6,327.2115327473435,83.9894371424821
113,6,303.35257264586147,69.96493019263661
114,6,290.7432816210549,61.647946334935
115,6,283.4663336981211,73.76897939393714
116,6,278.21756189881233,71.74941539893905
117,6,263.85871624619415,74.16020129036772
118,6,267.59722157679715,86.46084043122642
119,6,267.2604387046753,97.62095579583398
120,6,258.83938053636996,91.75259370332904
121,6,254.1299395748623,93.34066477567045
122,6,247.65575529957482,92.61026204484479
123,6,247.37695591158715,96.69727182720922
124,6,246.42908796854496,99.36642993560523
125,6,246.01644725646545,98.87443315180147
126,6,245.03140414111218,98.37276069750575
127,6,247.89416557641897,100.78272353326925
128,6,246.4141800351062,98.49672751141483
129,6,245.3907397774754,96.05690748247989
130,6,247.88072662435195,97.04764356347205
131,6,252.15558092131215,101.53877637663548
132,6,250.80563510967647,95.99031140864842
133,6,255.5165107249582,94.33176028336926
134,6,252.745227166264,87.63675518010268
135,6,263.7941152832967,98.07761864273051
136,6,266.58979260776624,100.0064667518517
137,6,270.55305913695776,102.61744729358783
138,6,265.87631407613316,98.67711907507056
139,6,257.60242343233875,91.6173702352556
140,6,254.50124058578186,86.35626241172176
141,6,244.60630941606675,89.66653549068846
142,6,212.70328536839168,55.03987762001029
143,6,186.44981841191878,16.98578396906833
144,6,181.316339348727,17.741233478635298
145,6,164.92340611833328,2.392344698104012
146,6,162.88605459338567,1.0047596169169979
147,6,184.64643320296787,25.189393756381683
148,6,214.21421709187925,61.45952754869677
149,6,250.03560674498115,109.17462927375837
150,6,254.45448448970217,113.79079370376586
151,6,231.2097785556764,84.08966060712416
152,6,234.80069560808278,85.99137457077444
153,6,244.11359783572772,94.95076746701359
154,6,246.88856611701323,99.46063213913213
155,6,259.25800527844007,109.02471345785119
156,6,268.2843773868843,117.39989956237056
157,6,261.1604597110273,99.78117445137521
158,6,263.0663328030573,97.83175123270817
159,6,268.9650959547666,100.17843592919218
160,6,271.0348276390499,99.70329811433618
161,6,275.548171942448,93.21528442615084
162,6,280.53194726774666,94.66767569750637
163,6,295.52171252057747,100.26627915541751
164,6,294.8156613641731,94.27877135175854
165,6,301.5234325215783,90.9161954425708
166,6,309.21783837628067,94.48803601733283
167,6,312.00806650695614,86.24854722184777
168,6,334.4687598083475,106.53686961355501
