1,1,861.5306911554117,1011.8745719752588
2,1,861.5306911554117,1011.8745719752588
3,1,860.3987992141665,1012.3696553482447
4,1,856.5431953572569,1011.455134498926
5,1,856.3553253882582,1011.2337904797243
6,1,855.2993577795496,1012.6713405482383
7,1,854.6815493147968,1011.6551485506964
8,1,857.6455451680898,1007.9865153110129
9,1,858.4367013678649,1005.7403252544397
10,1,854.4176016502458,1008.5301606492926
11,1,853.4662882396686,1008.257988185021
12,1,855.6798134134723,1005.0568848923336
13,1,855.5209814871718,1007.3013247302388
14,1,855.360034975147,1011.5563086055624
15,1,852.5248851227747,1011.7364734799139
16,1,849.1228308575928,1012.3822220807817
17,1,847.9811272842887,1014.8606712232023
18,1,839.1077199417354,1017.4058155323929
19,1,837.621169296257,1020.1719836547906
20,1,834.9075818935075,1025.2291486465292
21,1,834.0590507128218,1026.0854786689665
22,1,833.3886959595886,1026.0052318313153
23,1,835.2458834493783,1027.803272977075
24,1,841.4511841555405,1036.0226055706185
25,1,846.0748614203148,1043.0681443667568
26,1,846.8448345477055,1045.7433101828829
27,1,844.2922935950503,1044.7767780990082
28,1,845.508199046661,1046.0390409547388
29,1,850.6663447796573,1041.3384913346174
30,1,806.7160045785545,1000.8863830567767
31,1,803.3030305715,999.6533420473222
32,1,798.2452979064825,1001.8307523065882
33,1,799.0379366804516,1006.1364044958426
34,1,796.0487207495256,1008.6985100879238
35,1,796.184209958554,1008.3143247415744
36,1,789.2914046030273,1008.0853252183528
37,1,786.7879597946093,1011.5290576518736
38,1,774.0246382524963,1016.8125375659523
39,1,763.9844461072362,1018.7641784559486
40,1,763.5631618059967,1032.8314009132685
41,1,766.2300356907549,1039.4640541901583
42,1,760.7920585058746,1034.2897649154056
43,1,759.1286779996842,1038.651129861955
44,1,728.2177814877723,1019.7836427997488
45,1,695.5091246888499,994.8340135804971
46,1,694.5198879533784,997.2705189124645
47,1,691.092916440759,995.0307664901576
48,1,689.4775612437874,1001.0901270882757
49,1,685.4015074711735,1001.8214496175256
50,1,684.4982278447271,997.157086411521
51,1,683.0833094421087,999.5660235140803
52,1,682.5443154251489,994.2006409712822
53,1,683.4566701615271,994.8872487253855
54,1,685.28095101454,989.9861401829526
55,1,688.4691945503279,986.2006524186526
56,1,682.173901249116,979.0094508074078
57,1,678.6905907238432,967.7044852825443
58,1,662.2024186057598,940.3285024865191
59,1,658.1518105475768,930.9260601065602
60,1,665.9657403264814,921.5451490522971
61,1,666.343297185055,923.6040822509938
62,1,672.037656104407,919.0801305369931
63,1,673.6593122074132,914.9684926583805
64,1,672.4837575769562,909.4158532380686
65,1,673.5230082865688,909.7781103411231
66,1,672.0355102124231,907.2525222911121
67,1,633.5331600386961,878.8877058902642
68,1,595.9662880836275,851.1638001757558
69,1,595.1019958248557,849.700619861537
70,1,589.1824824649259,847.0772847314198
71,1,589.708894081651,845.4443150493128
72,1,589.596223578959,837.8751663634081
73,1,554.8607723995498,812.8349536258846
74,1,531.2236220911446,797.2172359100897
75,1,523.0677712736586,794.5130821825916
76,1,507.9956331519613,787.8398778294322
77,1,503.7487523392419,794.9147578868946
78,1,491.3722953965299,790.6538161455275
79,1,441.053495529029,752.8417707270553
80,1,436.46625184237377,757.5669428423565
81,1,435.16189756341635,755.5420477636031
82,1,426.44582667147074,750.3178793385194
83,1,421.96017285063175,748.7533694301511
84,1,403.6686022634076,733.5482410529097
85,1,391.97272889051004,725.3117388743921
86,1,367.7561759539277,708.4245438250907
87,1,360.8942103601057,700.5406960125097
88,1,364.2075666922224,699.4461171609736
89,1,366.49888253254215,697.9709778660899
90,1,364.23278336434964,683.6738086550795
91,1,364.47540261075426,682.3960837079123
92,1,367.37705490197385,684.2194923788128
93,1,369.3571147439604,681.5319828904331
94,1,368.49126505420594,677.6177334391554
95,1,365.46243542956006,676.2389051953592
96,1,362.8156705160024,678.8642362436908
97,1,356.3650065224548,673.4664275749857
98,1,302.71500167063346,628.2191401987099
99,1,290.8839508646402,616.5462183874514
100,1,297.7600055934337,612.6092030141534
101,1,300.05869985344304,607.3696243917934
102,1,301.72328157001374,586.6324287004692
103,1,298.56092286192006,584.0361695423921
104,1,310.5946806087837,562.5827488584365
105,1,310.9923197624216,559.9564837129725
106,1,315.06884334250736,551.4708284951006
107,1,319.1453669225931,542.9851732772286
108,1,323.2218905026789,534.4995180593567
109,1,324.5851855551638,529.5285470080697
110,1,281.9881397473451,470.00760696489795
111,1,282.32540923775025,466.3241246372834
112,1,293.13458577227976,435.633811116239
113,1,289.6115744481531,426.53240347155406
114,1,298.78791680285553,414.2032165018919
115,1,291.8582424642188,401.984557988609
116,1,277.07338317134923,367.7340915431195
117,1,266.7885710415245,350.4389459543329
118,1,271.94327998533413,341.9768543689675
119,1,271.5065762683562,326.9116724638052
120,1,270.78741207390834,313.6522501487968
121,1,260.89416504248504,299.0298057856952
122,1,270.86671216938225,290.90018568149384
123,1,267.5876691929157,278.94423160418245
124,1,270.6826017406649,276.25441825274254
125,1,265.57320776136055,271.3975764352637
126,1,246.14836272963348,252.99494170043144
127,1,239.6981456086192,247.48675946803604
128,1,228.75126272654683,243.76906981784438
129,1,227.42392471841117,240.89030361979962
130,1,228.3659389638985,245.77904181858167
131,1,223.65286907955758,238.99320129827169
132,1,233.2597100817755,215.39343352691324
133,1,242.02360251744165,210.7898789581444
134,1,250.78749495310777,206.18632438937559
135,1,259.5513873887739,201.58276982060679
136,1,268.31527982444004,196.97921525183796
137,1,277.0791722601062,192.37566068306913
138,1,291.52691605426077,204.47889088110315
139,1,296.94103744211543,207.1342514893551
140,1,323.4732881347799,218.1984637052072
141,1,321.7828079364996,214.20775704422837
142,1,346.3456729375622,246.18995376375238
143,1,347.20012353748,247.06965234247497
144,1,414.32602362043764,313.87270323465367
145,1,392.9938770136236,291.822135263325
146,1,376.5888936158257,266.4973641877889
147,1,386.96399927093876,281.31360622803396
148,1,391.96954154294457,291.7232279319965
149,1,396.7329518108097,302.82458066498305
150,1,418.77841456242555,354.6694835537236
151,1,418.3353374225609,362.31634738271873
152,1,433.6644297126239,382.5685277742069
153,1,416.28229294041523,368.70909658811803
154,1,433.1982911298265,387.1620564096865
155,1,449.2828684469147,406.5762068020024
156,1,446.2832442591243,443.4545421895246
157,1,440.5733646333858,448.42837932674064
158,1,408.54793634116265,444.83331632189066
159,1,345.54947096467447,394.21805141839064
160,1,327.43370650521933,424.2223171903927
161,1,309.3179420457642,454.22658296239473
162,1,291.20217758630906,484.2308487343968
163,1,273.0864131268539,514.2351145063988
164,1,254.9706486673988,544.2393802784009
165,1,236.85488420794366,574.2436460504028
166,1,218.73911974848852,604.2479118224048
167,1,200.62335528903338,634.2521775944069
168,1,182.50759082957825,664.256443366409
169,1,164.3918263701231,694.260709138411
170,1,146.27606191066798,724.264974910413
171,1,128.16029745121284,754.2692406824151
172,1,110.0445329917577,784.2735064544171
173,1,430.7850203128355,777.3579335311794
174,1,374.5789372951796,792.4562130149758
175,1,380.71576008497834,802.3356610525983
176,1,381.4203057124035,816.8740251089714
177,1,360.5262508336658,813.8591907803294
178,1,373.1754312984654,844.2485860722853
179,1,368.3105634223787,844.7668204922131
180,1,370.95818859933786,843.1365496539827
181,1,371.2524687597419,842.9839411101852
182,1,376.30988313883717,839.093761869954
183,1,368.3174713125297,834.044449658438
184,1,369.1689901067538,831.4762255790076
185,1,372.0367157352992,830.6518439786863
186,1,338.54556962480837,777.4933330911933
187,1,352.2344474408978,785.2087956899234
188,1,382.11949191978584,789.3923377209403
189,1,384.68035860699774,784.9428995420543
190,1,415.1690078117407,799.8595423807927
191,1,422.56262133518595,802.0583959861324
192,1,426.8255154511786,802.8651073000768
193,1,417.10979184486405,794.1696294754335
194,1,403.8159404247759,779.6752328891691
195,1,403.96097899585106,778.3582218216438
196,1,392.5420162484918,769.2310818852876
197,1,400.7901218734443,770.4111712205522
198,1,409.9907368053919,770.205416763919
199,1,401.2671502044446,764.5827454788816
200,1,401.70734321380786,757.6985722810816
201,1,417.4544732438011,771.3619765476813
202,1,415.18870456156003,759.7912583241241
203,1,405.1513731783821,754.2659980143462
204,1,395.1140417952041,748.7407377045685
205,1,412.5106622484026,740.9936778812444
206,1,397.15896682229703,725.5742411340501
207,1,398.3997218218275,725.3188963054857
208,1,389.1453908666951,725.5495738021718
209,1,385.6074403865284,723.3956393771339
210,1,386.71123752037926,726.9152518427536
211,1,388.43375932676577,728.137607319952
212,1,389.8925166940745,729.206861034365
213,1,389.9383570162753,730.461667012329
214,1,388.93913528791825,731.35008424571
215,1,390.9460063848133,731.5427106326797
216,1,393.16987279331425,729.9453603997591
217,1,392.4842776949354,728.8703552152778
218,1,390.1125237311127,724.9104491620087
219,1,389.87567523251846,722.9640075939623
220,1,390.94830523127627,721.553735966522
221,1,391.33623664337017,721.8477349076496
222,1,391.96166447637967,722.0868269140556
223,1,392.57211730005673,722.3056187899629
224,1,393.1060675317308,723.1939279439811
225,1,392.3097685069632,722.3711302416307
226,1,389.5800949217376,721.1679284133306
227,1,390.1484577922729,722.463312885027
228,1,388.816682821344,724.5630674616966
229,1,385.6862586923547,723.7624539882758
230,1,369.0715824542869,715.9001435314267
231,1,368.0303111868409,717.6693238938147
232,1,351.31266327208067,711.5799484107504
233,1,348.6350297965347,710.7913864621593
234,1,347.54491981964435,710.0624170965003
235,1,347.2144082547659,710.7339668356691
236,1,343.43188053580633,708.9855866005674
237,1,346.1300946406836,710.08175083257
238,1,343.9304525375259,708.6154153140047
1,2,586.7760977141593,1264.3462609163669
2,2,586.7760977141593,1264.3462609163669
3,2,593.4325784553104,1267.1333059824897
4,2,595.0206308389113,1265.7564818365224
5,2,595.8365352928288,1264.6545670800706
6,2,596.5249406465102,1260.595419334077
7,2,598.3848856448989,1259.7925531759847
8,2,601.4199911768377,1256.448369131115
9,2,607.611051929202,1249.8957424938908
10,2,610.6729841758035,1243.6945030859545
11,2,616.8021902981044,1244.6160556620778
12,2,617.696757111565,1236.6769906897603
13,2,610.2705463192921,1224.20004343081
14,2,602.8443355270191,1211.7230961718597
15,2,595.418124734746,1199.2461489129091
16,2,587.991913942473,1186.7692016539588
17,2,580.5657031502001,1174.2922543950085
18,2,620.191178367903,1163.102455763716
19,2,677.1882051643495,1184.0992338198487
20,2,655.9832660356537,1153.8416821091334
21,2,648.211480943135,1139.9809063316138
22,2,691.0678099514203,1140.4781176235606
23,2,690.7035252390582,1136.1511966184573
24,2,700.2495213296794,1127.237124952295
25,2,704.6553183681827,1123.3098237732836
26,2,696.5249712094098,1105.6774344315447
27,2,696.050062191985,1099.6058101957435
28,2,698.3719878241434,1085.0445459682678
29,2,695.3111956131419,1083.3176256187944
30,2,696.1733943206044,1077.202904215888
31,2,690.2366001457217,1076.9427821676445
32,2,688.0146946895377,1071.907335467818
33,2,681.2009985434195,1060.9261680312288
34,2,649.4883979158615,1046.8648945075754
35,2,665.4164948920709,1058.6764832371716
36,2,741.8503682382396,1107.778899372807
37,2,727.6934668274464,1088.1725781011728
38,2,649.2362793635767,1040.6025718390167
39,2,689.5323276456438,1069.2229636511597
40,2,653.2953606206381,1060.8294829231413
41,2,610.9456201104638,1045.9223228550727
42,2,596.610466731805,1050.9794900357774
43,2,589.4004618230464,1046.1522141801759
44,2,611.1736347037013,1069.7497270705828
45,2,602.5174293976778,1079.5557428892128
46,2,587.8461639635384,1064.2803254602932
47,2,593.5287409705779,1075.1503773032068
48,2,588.2585936086964,1089.3183088056169
49,2,584.0262781371766,1096.060281534537
50,2,586.6351908753694,1102.1711930297492
51,2,584.7895541545415,1106.4359848286733
52,2,589.9879790392032,1122.3415846192574
53,2,585.8952638903453,1125.2013866600676
54,2,582.2198912158437,1133.7617792727142
55,2,578.653607830145,1133.5676900697845
56,2,573.3500346426262,1140.174939609136
57,2,569.3256015534457,1144.3879201788575
58,2,547.830121938152,1142.9664681941902
59,2,538.5671686215322,1139.8618955192098
60,2,521.6437246262373,1151.5897234505162
61,2,506.52592210335513,1165.8537698778136
62,2,508.964135560355,1173.6975484895106
63,2,509.06555839382963,1176.583205318881
64,2,506.7298226464282,1177.4364609797294
65,2,507.1714723937901,1176.9511338009636
66,2,506.411502268869,1181.6523978394994
67,2,503.30002940737194,1185.8250735415772
68,2,499.1116022041808,1188.7945161984007
69,2,501.469053961794,1188.2334735150012
70,2,500.084305032863,1191.6947895756887
71,2,500.61707963685393,1190.8937758097804
72,2,497.92409941359017,1194.809683419997
73,2,482.8696502044031,1182.2034920668311
74,2,634.8825773017693,1276.9802953049268
75,2,639.4461020078883,1270.5317548433577
76,2,611.7862801376576,1239.9671732636562
77,2,620.3023685224088,1228.876513496282
78,2,620.7904085256461,1212.9783755285696
79,2,621.2784485288835,1197.0802375608569
80,2,621.7664885321208,1181.1820995931444
81,2,622.2545285353581,1165.2839616254319
82,2,622.7425685385955,1149.3858236577191
83,2,623.2306085418328,1133.4876856900066
84,2,623.7186485450701,1117.5895477222941
85,2,624.2066885483075,1101.6914097545814
86,2,624.6947285515448,1085.793271786869
87,2,625.1827685547821,1069.8951338191564
88,2,625.6708085580195,1053.9969958514437
89,2,626.1588485612568,1038.0988578837312
90,2,626.6468885644941,1022.2007199160186
91,2,627.1349285677315,1006.3025819483059
92,2,627.6229685709689,990.4044439805934
93,2,609.5610105599185,965.5497211096209
94,2,591.4990525488681,940.6949982386484
95,2,573.4370945378178,915.8402753676758
96,2,555.3751365267674,890.9855524967032
97,2,549.8832868834463,880.865845484356
98,2,535.8166779555988,855.6397042024422
99,2,534.1093756213262,856.5702724603199
100,2,522.7214998529251,846.1871138104503
101,2,527.1459249728022,847.9790804601266
102,2,532.8413952403652,851.7409560470298
103,2,516.1576810466692,838.1212823164572
104,2,507.8538307174295,825.97222744823
105,2,508.38264678923804,819.4163990385961
106,2,488.8756352885402,810.4621351795242
107,2,465.36374871634075,792.4278909683131
108,2,524.246105601308,849.1320626420732
109,2,524.6041566208943,842.5168927287206
110,2,524.4661593439512,843.1843394413444
111,2,519.6661960413913,846.9939975413055
112,2,518.9686124761337,852.5426807370083
113,2,512.0180194662324,850.6855888247518
114,2,513.6516055355206,848.1610881863056
115,2,519.5677476190857,847.5905223818646
116,2,516.5596872757812,841.3682634316949
117,2,519.6884227536102,841.3829033145493
118,2,490.12320947552485,818.3746347656638
119,2,440.08451744525945,783.4571017363315
120,2,513.1876212745902,831.9296085220413
121,2,505.8569906111396,826.4026245802069
122,2,503.2319669443701,832.83003443363
123,2,490.88981693555513,829.1914626733139
124,2,451.34257907043826,801.194306072886
125,2,441.6565022233205,796.1164035770606
126,2,432.2721730372469,802.729685426401
127,2,422.1614144344808,803.8293578655342
128,2,427.558565611481,805.9059745857693
129,2,426.9940141947125,805.4348581858918
130,2,434.26006822925024,796.6857761018522
131,2,433.88404558308264,788.191158555207
132,2,419.0353052136819,738.5047039799526
133,2,418.6218275273668,728.2684349117271
134,2,425.58670243536767,726.8854955573071
135,2,427.278095492044,723.8776629594535
136,2,431.69860281924633,714.5169326956649
137,2,439.30982105276246,699.2240207481093
138,2,461.16977694597176,691.541096979422
139,2,458.0786826800777,657.812755348396
140,2,492.68213494192446,663.8130714769452
141,2,496.0433866821216,661.0422022650181
142,2,498.74019003718473,655.4305891333628
143,2,496.6299267428794,646.9594513044374
144,2,511.2063877212992,647.7869456127693
145,2,488.64064323503123,622.6346598280069
146,2,496.0338286090878,632.3416611784019
147,2,513.4999645566274,631.853870235764
148,2,541.5161972617409,645.8579350068351
149,2,555.9219306951888,656.9341835619562
150,2,561.8425271646544,657.5966092733156
151,2,565.1392578538934,661.3598090343387
152,2,566.5830270117776,661.1088584854493
153,2,568.312731863094,657.627295338294
154,2,575.553223738298,653.1360543600043
155,2,589.7595984450197,670.7756716011418
156,2,611.4418025697466,686.7407579093754
157,2,617.7861984803781,691.5617279709571
158,2,637.8912391501789,709.8572030587231
159,2,637.9117800455515,710.9402037594434
160,2,634.8834885375879,721.1695306201016
161,2,632.8232861393581,726.1306720109617
162,2,633.7494662000074,732.4596925634268
163,2,638.1350761162461,738.9436859610173
164,2,629.4487997491723,749.0085440143897
165,2,640.6435408327239,763.450062022225
166,2,638.4985393436466,767.4384698493258
167,2,638.4768772309625,768.410153761044
168,2,639.021247064179,768.8361352225131
169,2,638.8965971177718,767.4082055026156
170,2,644.8623187678883,770.9230552432033
171,2,650.1356879027953,773.8498066660275
172,2,649.2704441294762,777.177275405913
173,2,649.9054358219864,777.4292523498742
174,2,648.9520505241225,776.2383248405258
175,2,648.5694912700377,774.419384834772
176,2,652.6991275254264,772.5916255556338
177,2,652.388228311632,767.807335287845
178,2,647.2684040035106,754.5092039707572
179,2,646.9417332252737,748.8204248598968
180,2,625.9650124591359,717.7895973905819
181,2,622.1067177772424,711.7821676118631
182,2,623.5277260330922,708.7971774162168
183,2,627.9439425661019,708.9591002803418
184,2,630.6678753572655,708.9599289520022
185,2,630.5219660434567,708.20561718984
186,2,629.9570359788112,710.117607265817
187,2,630.8092392257876,708.9967566688306
188,2,630.1607394524493,709.1353246570962
189,2,628.3359420969078,710.8505343505069
190,2,628.2838577349507,716.8607459440781
191,2,623.3812727621512,718.4778063383021
192,2,622.1470118009814,728.3215849564202
193,2,626.5627483675252,736.462293708662
194,2,633.6884044591238,746.9929926322216
195,2,640.8140605507226,757.523691555781
196,2,642.415471234327,777.4428442643602
197,2,632.5799489889259,779.8266640877639
198,2,611.8795063582869,811.090939163701
199,2,612.1682364460867,810.8116816543666
200,2,598.3323975603527,826.8212693012326
201,2,585.4806868727169,830.3339377337288
202,2,572.6289761850812,833.846606166225
203,2,572.3515663363439,843.3120200308509
204,2,555.9694303779878,862.1268971094722
205,2,548.0472209830251,886.7522736584585
206,2,533.4444285318523,881.8933277227918
207,2,527.6484836688808,884.6971554091922
208,2,466.17496597461934,874.1462144649
209,2,461.98039536421135,880.9026982245815
210,2,453.19783506812524,888.8583901881607
211,2,444.50297577802667,896.3419289148859
212,2,426.92061448026243,902.1566336237624
213,2,379.83010474131027,875.986655472751
214,2,292.6643088700688,837.630032940611
215,2,269.9641485286444,831.1667402439168
216,2,218.14728156883552,805.1396503489084
217,2,291.31809768732785,863.4388789200315
218,2,284.04609638429014,864.1046869933086
219,2,293.15345419353747,872.1794235555559
220,2,294.0507272024417,877.6357493203698
221,2,294.2458308702547,878.4519227713731
222,2,277.59033905390163,870.5734157137504
223,2,245.75529376973054,851.7037406720274
224,2,246.82973370672758,857.292465583357
225,2,240.12869027778308,856.164320007345
226,2,232.83683482592508,850.7139519383935
227,2,178.03171215034945,809.824747642277
228,2,166.29411868881292,800.517145967522
229,2,171.8258684736958,799.9177794656975
230,2,199.43141190784053,821.766319750044
231,2,194.81026605703875,827.6111040658968
232,2,191.0531152881294,823.0345498947343
233,2,189.64331274476567,824.4248474950026
234,2,188.3457323816118,825.6796007300221
235,2,189.60636916047997,827.480624148608
236,2,188.96820104440636,828.0079814454896
237,2,190.45193446670285,831.6259527125226
238,2,185.61968547585988,832.3486640598816
1,3,621.2681571610449,1383.0238724274905
2,3,621.2681571610449,1383.0238724274905
3,3,625.8205806818404,1378.7183291274262
4,3,631.6651714190252,1372.9457109010425
5,3,635.3288096660212,1370.3201602455747
6,3,637.6103410090096,1363.5953845021297
7,3,637.5597459671958,1360.1955847212014
8,3,640.0650778319977,1353.6931460114488
9,3,645.1819181716826,1347.8290071149759
10,3,644.6571542368362,1322.7605243928297
11,3,659.5345770255446,1297.2759993708314
12,3,669.6927082880638,1283.2824937613027
13,3,679.850839550583,1269.2889881517742
14,3,675.8953187155985,1260.8381334575822
15,3,682.7523492735733,1257.1612482479936
16,3,692.3649953036419,1241.7750810510688
17,3,705.083967817943,1236.5762903564425
18,3,722.3621264286545,1209.886398822611
19,3,729.9158412203049,1201.0612834940434
20,3,746.4741189140593,1180.1280525962295
21,3,738.7247953497798,1165.0842767393005
22,3,748.8675340960289,1136.4900821460003
23,3,753.8125987519247,1127.1270681445671
24,3,756.6685155943119,1122.123678661058
25,3,757.5745416560907,1116.0297065451052
26,3,767.0680184304456,1117.76798226611
27,3,794.478588757577,1129.7289994335258
28,3,797.7768817019839,1115.1416836551246
29,3,797.7090635559671,1110.710485266208
30,3,822.7662325360765,1119.1778455698698
31,3,772.2488229991814,1080.9801667214228
32,3,764.0416774883381,1069.277918860528
33,3,766.8090058867213,1066.3994960045377
34,3,746.1920710445208,1072.377525631879
35,3,817.1370690252447,1103.0504951986004
36,3,814.6461242092812,1109.6916753259084
37,3,814.4893593279386,1102.819418155476
38,3,817.9586264162172,1098.8378052090582
39,3,814.5768639792693,1100.6030552345028
40,3,770.6188431723117,1068.693946543173
41,3,777.0088589862175,1070.3468784180093
42,3,797.2884313375591,1081.2080982655852
43,3,801.2119150705121,1083.0183174936883
44,3,790.1772774469869,1073.4481937765022
45,3,795.8149792618206,1078.0530995297934
46,3,777.3482285899275,1055.5979665462678
47,3,791.1682267992339,1060.1893094386257
48,3,800.9947724395415,1056.1360706612406
49,3,800.1961022414412,1053.3101914844306
50,3,803.9574393999043,1052.6287049400821
51,3,801.9367367428164,1050.0953220656306
52,3,796.0784679172001,1038.1077169111854
53,3,792.4331166069003,1027.8719423474315
54,3,789.3512192163231,1006.0047271057798
55,3,789.8008203050066,1004.8017874103374
56,3,798.5557875005634,990.337337409663
57,3,796.5148487650725,983.4048529103256
58,3,793.924620151633,973.0181550067656
59,3,746.3838427470779,932.3033791057074
60,3,744.7761069938826,924.5307550363349
61,3,744.3434946988098,921.1209112467418
62,3,736.0786762993945,906.3830207356423
63,3,729.2641813681572,897.7554027728655
64,3,701.8383405907356,866.764478225303
65,3,684.7703178712597,850.2192737647563
66,3,678.7320037756946,840.6148892271418
67,3,668.4814492237932,828.8060296259539
68,3,656.5541838278153,818.7963445493068
69,3,651.4715482378676,813.981292966524
70,3,618.3161732366409,781.8779043121391
71,3,569.8253678695111,739.7618409325204
72,3,556.3181350160072,729.1005783441043
73,3,556.0371098550634,729.7185261913561
74,3,547.4231017824367,719.0357686155045
75,3,543.8152275198357,714.1554969070767
76,3,523.3195261836667,697.6463468021698
77,3,513.31376526777,688.0381191017285
78,3,504.0327851633973,676.7586409237348
79,3,500.8858675140294,673.6040247309668
80,3,487.59663285394697,663.8719805204427
81,3,442.96924977773176,624.6507206971996
82,3,413.2869264368001,602.0287375516439
83,3,386.6577344858664,580.2518822722391
84,3,445.98408646631196,642.4886552499233
85,3,449.2953829490902,646.4674636036485
86,3,448.3688854464414,645.3874581608844
87,3,447.1922073411479,644.5317215178493
88,3,380.7932961021841,587.0557475084194
89,3,370.8319751488207,578.9440359469108
90,3,374.0384198481806,578.6752266158529
91,3,375.351902358785,578.2947310593264
92,3,373.19347515221574,569.5983506819542
93,3,319.334975191522,505.107787765005
94,3,353.33563347456754,494.544341165369
95,3,358.4304706309903,496.34151817271857
96,3,365.82942064194594,490.23179652171706
97,3,365.46891530340287,485.1223315521936
98,3,362.7473174874982,467.8403026799092
99,3,345.76512413430936,439.92434978322024
100,3,326.98245316444434,379.49148258390136
101,3,331.24469247707333,380.58758522857073
102,3,341.84419696661087,378.40398974618324
103,3,334.8532399521845,361.91151884197956
104,3,335.1025634566496,334.30668821170406
105,3,332.6568552418814,326.13896918910774
106,3,310.3144145926132,290.7050714370959
107,3,310.9724864727905,267.21536346899944
108,3,318.43636303568377,248.11326969860082
109,3,319.8105155707282,244.00986063490973
110,3,324.03305272332136,225.5534480211645
111,3,322.9399566821436,225.19275319705056
112,3,321.5526886338622,203.310572491135
113,3,319.7756941810299,202.3795281918246
114,3,303.4482424727979,184.38700724247366
115,3,302.308651826962,177.59235268666185
116,3,283.96468118054884,158.33240777379547
117,3,282.85503614248825,143.99290156906613
118,3,272.3479754511399,130.41691496393682
119,3,268.5930449808791,124.14848199607876
120,3,164.37575237474934,15.80829560741512
121,3,138.3845577037433,-7.6640994152919495
122,3,142.37245761112234,-2.408724674695322
123,3,152.58937065227553,10.987270647170723
124,3,193.20713300019116,58.09750059243282
125,3,229.42502606080936,97.99910342709447
126,3,251.58843780154217,121.56192369632717
127,3,273.751849542275,145.12474396555987
128,3,257.35173919563994,127.96392359891193
129,3,256.04819219734765,123.22923920837832
130,3,299.6245344119192,153.42070739177922
131,3,296.6389562971617,132.28196584300093
132,3,293.65337818240414,111.14322429422265
133,3,289.2863835850901,100.23498307697156
134,3,293.5000061503123,104.24711914024951
135,3,295.7568449652581,107.60023554778223
136,3,316.17040515102093,118.561732184308
137,3,333.9277496301448,130.54835747413952
138,3,369.54636268574035,154.4702259171738
139,3,369.7339737053119,152.03263975449573
140,3,376.7726320452228,152.9247854532442
141,3,378.86066565539056,153.7606720123297
142,3,403.2387248075901,177.5197912317625
143,3,402.7563634370425,175.8471517460702
144,3,448.134108132689,227.5354379844363
145,3,452.4184366046532,231.53008669555854
146,3,459.33992132774557,242.9315970532085
147,3,465.89064599330135,250.73807865955573
148,3,468.83946035300573,256.2285037763205
149,3,459.8399471278947,247.67223915526608
150,3,495.00077916753355,313.5436078812531
151,3,495.5736636469671,328.56830734280413
152,3,499.2628115189505,347.4728091408416
153,3,490.6476581524598,346.4305295445392
154,3,500.3586237007912,377.7671268012132
155,3,479.95409222053854,378.22079327610453
156,3,482.65191117437035,416.3222045854772
157,3,533.416058399873,472.48398310164276
158,3,532.2139351960616,494.2568832226817
159,3,539.3678799856938,511.52190769845066
160,3,502.6765841290751,483.96951883541414
161,3,477.2626449173164,500.29814555890295
162,3,451.8487057055576,516.6267722823918
163,3,426.43476649379886,532.9553990058806
164,3,401.02082728204016,549.2840257293694
165,3,375.60688807028146,565.6126524528582
166,3,350.1929488585227,581.941279176347
167,3,402.2347513756443,656.1330289225887
168,3,395.6210660091968,665.3954645911582
169,3,436.7538672303832,720.0931528197187
170,3,441.84544640799726,724.4300675704133
171,3,437.43195542738533,737.3085950442535
172,3,434.7199654291698,750.6161517899224
173,3,378.96488799233623,782.513713467989
174,3,420.9816889861077,790.7728220162458
175,3,423.12868247273536,795.1692770102806
176,3,413.37737979261607,805.7079226793536
177,3,413.72585199170356,807.8925435841285
178,3,411.876888977714,806.3049657910466
179,3,414.8552908209695,809.5458640769385
180,3,412.40839056848046,804.8891676459345
181,3,411.91606788622903,803.4182676110999
182,3,407.2119484764776,797.377661604559
183,3,415.9876619981608,801.754995125477
184,3,417.0254063143303,796.1333609627192
185,3,419.5897826317816,794.9393133957757
186,3,420.44634244116315,772.1827960440817
187,3,442.8905617477736,779.4115530435311
188,3,446.81276610433855,781.4422557064073
189,3,450.5790545947543,765.0555932576273
190,3,441.06107695144925,768.1547603302454
191,3,398.8726072374187,733.4535775754747
192,3,376.75548253962154,709.0819569231267
193,3,387.15550716921337,716.7371119123495
194,3,398.57473015047486,722.7146149576043
195,3,436.9618469735246,752.8582435627529
196,3,444.7059210798816,753.2590716840638
197,3,437.61683515029875,744.1984318193487
198,3,435.89249436700703,734.1884857680648
199,3,434.1681535837153,724.1785397167808
200,3,432.4438128004236,714.1685936654969
201,3,603.2807097248235,861.9884513602204
202,3,391.39295379832225,650.0353373072132
203,3,465.7571543383991,709.9810464499296
204,3,471.09249038739864,702.8881533380305
205,3,473.1877755947846,700.1955788615056
206,3,483.93990920163776,696.7725190449742
207,3,486.4068751525572,692.5445876736483
208,3,497.427035397249,694.0471119612854
209,3,499.39462376235946,692.9681181525899
210,3,503.79468763282307,689.8506249706932
211,3,503.77614331743484,688.5710248507883
212,3,514.5616852890412,664.9638421316479
213,3,518.8670677464374,658.922483374458
214,3,529.7416146471413,654.699140600019
215,3,529.5570925713184,649.4938148484338
216,3,537.3194366978432,640.3167345947198
217,3,539.7414353596063,632.7750707642858
218,3,541.3218723985942,631.8091858292332
219,3,542.3376190934929,627.7044549073788
220,3,549.1308513637772,623.0825785340829
221,3,545.6476888830165,612.554471555814
222,3,552.6458033326554,590.0576478554891
223,3,566.7394626616796,598.1302167920578
224,3,577.5491062472526,576.0948278304868
225,3,576.9476798652936,577.9158015570113
226,3,588.9967833025161,580.1151855330206
227,3,593.2644570106967,578.7154422530244
228,3,598.3075142028163,575.4310474432644
229,3,602.7548141890542,576.4242207930687
230,3,601.2407828323081,565.7087800779818
231,3,600.4725575741734,558.0607470428323
232,3,612.4853990074931,548.3500253279665
233,3,613.3362698909032,543.723227793881
234,3,616.6409718571083,538.683007418896
235,3,617.7320595382347,534.5972585101957
236,3,624.2359721875672,524.0221646630868
237,3,631.8748060758177,526.8710351330197
238,3,636.9169887042709,525.0127832777944
1,4,993.0165794633932,1029.9601075004982
2,4,993.0165794633932,1029.9601075004982
3,4,992.9808252690226,1030.2032382879634
4,4,991.9803246463814,1030.2673382275514
5,4,992.3792558966641,1030.8241735522333
6,4,991.6623634856883,1031.275459418737
7,4,990.9625017950683,1032.6537338266005
8,4,989.9431760418175,1034.989508277495
9,4,990.0940916598644,1035.200038727184
10,4,988.4823535460151,1037.6755336125684
11,4,986.7219166654129,1038.741194477604
12,4,987.1056703864725,1037.98370080916
13,4,983.4563365588001,1037.160999969139
14,4,983.6911505997972,1047.969922674511
15,4,983.3538980809956,1044.9029980873015
16,4,984.3163578012906,1052.1010370479648
17,4,982.7638883080389,1052.7941166120904
18,4,978.6787825828228,1060.0709272749798
19,4,979.4434564979256,1062.739886949473
20,4,979.844401625729,1065.8960341820325
21,4,977.1688751351872,1067.1316621867013
22,4,975.8465325931934,1074.0683297698833
23,4,975.1685901256035,1073.3171298841921
24,4,965.7595448514342,1082.757360628057
25,4,962.4620677757026,1086.3457974701817
26,4,944.6692592526134,1079.7563415445857
27,4,948.6299403198452,1088.6539393644057
28,4,946.6988697883952,1102.7439819817291
29,4,940.4254533422314,1101.7317593645885
30,4,933.9085710711546,1112.563615064908
31,4,932.7134438084234,1114.732903098231
32,4,919.8851981224253,1137.66096997169
33,4,905.1697713909552,1146.3770901611394
34,4,892.0027348398526,1179.4637561083646
35,4,894.5064691537349,1174.5792597929965
36,4,878.8383390454028,1187.8304964348463
37,4,829.6894183567075,1171.4825461045307
38,4,818.0195423863845,1184.294576518004
39,4,816.9147433809972,1184.7830043175934
40,4,797.2951855832406,1198.3553622647064
41,4,785.9508812714055,1211.1848924233952
42,4,737.3694893897004,1201.1223483671538
43,4,753.6879184988038,1217.9191123952328
44,4,743.3584772274968,1230.6008733439742
45,4,739.6157454571352,1237.6095239140636
46,4,730.5926870331166,1254.439082366909
47,4,723.0671010091737,1258.2474299069731
48,4,714.9829445687417,1262.5883865495616
49,4,713.371468216685,1264.9495545631491
50,4,680.376392980998,1260.07135276157
51,4,666.4017882818758,1261.5709341690724
52,4,657.6734220926703,1268.8644999133348
53,4,649.376649758831,1268.8232825504535
54,4,611.6163130729025,1266.4152578680487
55,4,626.2910288103106,1275.0607950652181
56,4,603.7060316077227,1283.886490316594
57,4,597.9785702426526,1289.7915884684942
58,4,596.7680835200285,1300.696161885547
59,4,594.3666146510824,1300.4806208863636
60,4,594.250981263317,1308.9160380167327
61,4,590.9287959859772,1310.001606973281
62,4,589.5884725227601,1323.670838873463
63,4,585.2795326239682,1326.002064184126
64,4,583.374675654707,1331.7621341570652
65,4,580.581992323989,1333.7011872169744
66,4,578.1807832071513,1333.9039671770145
67,4,580.7636948456927,1329.3079448709714
68,4,585.9982375121452,1320.4014720126715
69,4,586.4190754714465,1322.9294249418956
70,4,597.2762302281172,1320.7239805519268
71,4,603.6766610996605,1314.993153334186
72,4,623.0111269460155,1298.4985158813206
73,4,630.6930787288453,1280.2105407991178
74,4,487.3468449441974,1187.1736974419923
75,4,497.4902723252908,1166.7495181864522
76,4,509.7873398359003,1152.7156675222686
77,4,574.272418047081,1177.9921161180805
78,4,638.7574962582618,1203.2685647138921
79,4,639.2016700413893,1198.897688444151
80,4,634.3339177665468,1180.8492856446812
81,4,622.3502186654769,1162.1634675338883
82,4,640.1817471919451,1140.140285216369
83,4,641.0910332024536,1131.6203700160218
84,4,650.0930056891592,1119.0343164461221
85,4,647.7454715958698,1108.576990942074
86,4,607.3855333129894,1069.088099245194
87,4,610.0021725814818,1058.4055046844003
88,4,621.7538414597169,1028.298873133421
89,4,623.0082353291209,1023.0634075637068
90,4,626.6657611867166,996.6628218858058
91,4,629.7569924822081,995.1119018795401
92,4,623.3516181719193,964.717783293837
93,4,633.7342589858542,970.368738504917
94,4,636.3115956464811,966.6823020938302
95,4,638.0357454603125,966.7369286788814
96,4,638.8118632392093,956.780514387483
97,4,640.9420589297223,954.870298826153
98,4,638.8041986301624,949.5232348937764
99,4,640.516127185231,950.554358628904
100,4,648.0764547168086,961.2737009942651
101,4,649.3429451231582,964.2875009107541
102,4,653.9484964725311,976.9010833227127
103,4,659.5608296780216,985.5858321713057
104,4,659.8373466431902,988.5407189393493
105,4,661.2823598997007,987.3582380107605
106,4,664.0696973747122,987.4718519049973
107,4,664.6479604289939,987.8799930845183
108,4,662.2982510104943,990.4387832122436
109,4,661.1330019982155,994.4511393583657
110,4,655.4623395043968,1005.6070008106303
111,4,655.3309258121986,1009.217841583344
112,4,656.3565978572906,1013.1541588829118
113,4,653.6426325765763,1014.3862086351292
114,4,660.1741172515563,1020.4283754023094
115,4,660.0534193875214,1019.1810621808787
116,4,663.0999722001322,1009.690525020163
117,4,666.9658954759203,1006.0963884040684
118,4,688.6905029224838,982.2366430244847
119,4,690.4748441177062,977.0008343730294
120,4,705.8106212861986,959.1677125183094
121,4,708.1562692703603,958.3613307967588
122,4,716.8764947655833,952.4748266609787
123,4,720.1891171766179,950.2950355362332
124,4,731.0487687341142,915.7267294627119
125,4,731.8216090533581,914.834761696903
126,4,733.943744406722,901.2178605035025
127,4,738.0165471558116,893.577566581227
128,4,729.9249128659559,864.7407498540177
129,4,727.6485535644349,855.6064427914579
130,4,734.9504992226714,838.8661501275695
131,4,738.6390514195436,828.9699509238262
132,4,749.693824173954,806.7237797286946
133,4,757.0904593341215,802.4072646353467
134,4,746.3482554093584,773.296400995409
135,4,717.7254851524847,740.5854775221211
136,4,738.0252157024372,727.8827279370414
137,4,753.2670639076265,735.9060433874436
138,4,758.8563425200556,731.1766271263483
139,4,760.3228801303575,729.1552839355284
140,4,769.0446206959114,727.9001968417505
141,4,772.0964448341942,717.4223793704351
142,4,789.1346233857274,739.1460531810727
143,4,802.2861361473813,731.0785780587313
144,4,814.8224824511661,733.297412084293
145,4,818.9700444487025,734.5989801570942
146,4,839.3187213644343,738.2076647190722
147,4,847.3446432202218,740.620079526651
148,4,849.1339483180313,740.6801750344036
149,4,847.8178879270733,742.1751805821776
150,4,851.5779926027778,748.8567743715997
151,4,864.3893625069837,763.3241744553864
152,4,879.9299759533143,794.8632801674105
153,4,886.9263379613145,793.0032670892112
154,4,881.4208290046525,806.1703380935184
155,4,881.0434972897089,806.873845101981
156,4,880.338985900482,810.5346955304973
157,4,881.3303582896897,810.2557665080346
158,4,883.1790137301441,804.8328426941298
159,4,883.3179919690048,804.4761855227825
160,4,886.1995560028719,797.570359018868
161,4,886.0351988685858,797.7010327135662
162,4,883.2085963623059,797.6408593362515
163,4,879.7913280157793,794.1592762968611
164,4,878.8414956428771,784.7491949724123
165,4,879.0079788949613,784.4654728032502
166,4,881.0989336969928,779.4676184704091
167,4,880.0222869906781,775.6788687195817
168,4,872.7813187957977,764.7098509629715
169,4,870.6468465872553,765.7578927796178
170,4,866.2322013871018,762.3692614997027
171,4,865.7100272644315,761.4298086114158
172,4,864.22833666463,762.0280900828436
173,4,861.4016632994537,760.8456144884314
174,4,852.420480875251,757.8719164474811
175,4,852.9717225274496,760.5403725478307
176,4,836.6628994567712,743.7852747723335
177,4,834.3855935172525,742.4298179008308
178,4,828.2637249273716,732.1517082620948
179,4,827.3566143088664,725.3055397474956
180,4,826.2006606219574,715.9032242534483
181,4,824.8133992752468,715.5673411299641
182,4,820.8219652376778,715.9515404853611
183,4,821.0139608106349,724.4116722925579
184,4,821.1467590111872,737.5280416691394
185,4,824.0693982092969,740.2780758001726
186,4,810.2238224524444,763.0507619553814
187,4,807.1420356399651,767.4820040238332
188,4,798.272746932336,773.8030099107979
189,4,786.1583230010688,767.6859470907701
190,4,765.2570481931127,775.9094024325087
191,4,753.0926071148394,805.8029475933376
192,4,746.9445487650906,816.6404369585666
193,4,731.3705641487772,821.444352292543
194,4,718.6502864260964,830.8559319130386
195,4,702.6389675721271,826.7811620916052
196,4,688.9688220815758,860.4292062874097
197,4,680.1491046605556,884.2589938595537
198,4,668.0816626558764,898.6102562960763
199,4,661.3392449227517,898.1028646095366
200,4,605.9699172460529,901.3511858866068
201,4,614.4115865075191,898.8103192047672
202,4,592.1557156366406,942.4051118388751
203,4,587.6841835210059,948.7148534791309
204,4,539.4728909250676,948.9059550185749
205,4,519.3640209409193,947.1260267741093
206,4,509.1540153881289,954.3017297987241
207,4,505.4150648961767,961.3926305648001
208,4,495.5147396171957,971.1497940131354
209,4,486.7952718857846,971.6988918878377
210,4,418.8927342720046,940.8653363466834
211,4,403.47920897308245,934.8798419838238
212,4,380.9644445304639,925.1695500199224
213,4,391.528003962848,937.2352607900314
214,4,382.989101640236,937.028079191339
215,4,378.5907438376255,938.798445517827
216,4,370.89318151689463,940.3172185113201
217,4,317.33266701687285,910.5463068518928
218,4,298.78305731183326,902.8392648334997
219,4,311.2882916878337,917.200680845428
220,4,291.8004569163161,915.1500712479045
221,4,293.52538570263397,920.9752172390557
222,4,239.68739055665452,893.8691622524495
223,4,222.99240625904415,889.0128768901552
224,4,222.99240625904415,889.0128768901552
225,4,222.99240625904415,889.0128768901552
226,4,222.99240625904415,889.0128768901552
227,4,222.99240625904415,889.0128768901552
228,4,222.99240625904415,889.0128768901552
229,4,222.99240625904415,889.0128768901552
230,4,222.99240625904415,889.0128768901552
231,4,222.99240625904415,889.0128768901552
232,4,222.99240625904415,889.0128768901552
233,4,222.99240625904415,889.0128768901552
234,4,222.99240625904415,889.0128768901552
235,4,222.99240625904415,889.0128768901552
236,4,222.99240625904415,889.0128768901552
237,4,222.99240625904415,889.0128768901552
238,4,222.99240625904415,889.0128768901552
1,5,566.2073077444323,455.1983448717697
2,5,566.2073077444323,455.1983448717697
3,5,566.8477805350888,454.6751730288852
4,5,566.846663796147,454.9012887145969
5,5,566.9160487023598,454.91811737213243
6,5,567.1119340952213,454.66881642304855
7,5,567.1882665778359,454.54145999977794
8,5,567.1373315508338,454.2516116624824
9,5,567.4314462190049,454.5951906159572
10,5,565.8186289565961,453.2464852184933
11,5,565.8334592805751,453.39268377455477
12,5,566.3342671420323,454.03349103918424
13,5,566.2893649814707,453.60389744923293
14,5,566.6694934085942,453.78063450099
15,5,566.1461303962752,454.52576158392617
16,5,566.6465436940571,454.9756304265708
17,5,566.4420043662187,455.6307917861218
18,5,567.1226767400743,458.0069640458285
19,5,567.3105167483448,458.6467440337935
20,5,565.6380024317571,462.04334107982515
21,5,566.2834863350637,463.0550560244969
22,5,566.2504771784868,464.0681203726043
23,5,567.2124507101184,464.41700978060317
24,5,568.5955629117003,466.98740011422774
25,5,570.0303311538974,472.8655683320992
26,5,559.6804158448278,470.0475980654093
27,5,555.9657894419831,469.84288254609555
28,5,547.2520088273058,465.0318206759562
29,5,550.267810768355,471.2159891200873
30,5,536.4264974236825,476.69221929390585
31,5,535.0859747933747,481.6624811452717
32,5,528.8622968014535,486.702453327344
33,5,522.7584190394253,489.69128233016255
34,5,520.3615535449494,494.42340938045606
35,5,516.3019430367892,493.2849120525688
36,5,514.8385357133296,491.2709921380815
37,5,517.9160166564125,503.72439219823457
38,5,509.76656438960197,519.9626346250277
39,5,499.4326509315273,517.6554740215889
40,5,488.293156247021,514.3121499679637
41,5,490.37157992104363,521.0000126336528
42,5,492.61417246160227,547.4926899136741
43,5,485.8584628306041,552.3023142067644
44,5,480.97272892754506,571.133441760064
45,5,473.7342723118537,581.1886052715229
46,5,469.37149039091366,594.8978524364867
47,5,464.221159509646,597.6523457531702
48,5,444.9109248846109,597.0417606414788
49,5,436.8063705683817,600.2290783163598
50,5,424.98076380189474,606.6886275074969
51,5,425.5187632758187,610.9253070511561
52,5,422.80781506119774,622.9142288666787
53,5,418.2782338813015,628.0278747946647
54,5,409.56242435082993,647.3041595862164
55,5,413.6152826043382,654.1709562331982
56,5,404.8512773669247,656.3879047267999
57,5,405.34753411746203,661.0770930635132
58,5,320.3987662333848,591.5903031665539
59,5,321.6031039019201,597.1591003930884
60,5,400.8027756993607,673.4733000905653
61,5,412.91701651906624,683.7805551817062
62,5,399.28476031686455,676.1073141423607
63,5,415.8996576048945,690.4749075606588
64,5,395.5894048119968,673.66963338807
65,5,371.6735669458042,649.6798419719445
66,5,395.1233274582826,670.7963050465735
67,5,393.63924483523385,668.6430476487828
68,5,387.2577843851019,653.104736966874
69,5,396.8664648894199,658.6630795905064
70,5,395.37822123738266,649.1515136285944
71,5,397.78474559868664,646.9885416485334
72,5,405.9628677245403,644.162922079218
73,5,397.2738931945576,631.0463670302761
74,5,405.35572182218704,618.5674911041186
75,5,392.6378280575889,595.0737804363104
76,5,379.9199342929907,571.5800697685021
77,5,367.20204052839256,548.0863591006938
78,5,354.4841467637944,524.5926484328855
79,5,341.76625299919624,501.0989377650772
80,5,488.9819803608974,614.0705222498259
81,5,495.9629464017901,620.6913308371113
82,5,487.6135336726635,611.5490194091557
83,5,489.38657174233003,602.5383152582721
84,5,500.4880823700487,586.8026268192452
85,5,506.36698015952345,584.5407699827276
86,5,441.2816994310869,507.0572515946489
87,5,541.84289661025,590.1974582387919
88,5,583.1608569494008,614.4671387423256
89,5,587.1914219422683,613.1468041861023
90,5,588.6709576987954,604.5713930344727
91,5,591.8437495131003,602.4264176458065
92,5,600.1395512266757,588.656999489275
93,5,600.2074298621988,590.4708447120453
94,5,604.5504728436674,590.277821039476
95,5,604.4910503627444,588.0934612960001
96,5,547.3091845342789,497.2512597935374
97,5,594.56662743245,549.0194742359563
98,5,599.1824803224954,540.2149575534958
99,5,608.8615090201342,540.8290939512833
100,5,629.2766760125535,546.9057345785644
101,5,630.5409259069974,546.716304891585
102,5,633.6281842938694,535.2285795619887
103,5,637.2671123503656,525.5982855440795
104,5,621.4603862834133,472.1530470544287
105,5,649.4106362920948,503.13242135896525
106,5,614.6274912374354,471.1540506123039
107,5,632.9630159678754,485.9130924805884
108,5,629.4329277320272,470.7018823405489
109,5,629.248764509285,467.9293735532613
110,5,631.3101091001264,460.423077885854
111,5,629.6660123778596,458.248336928851
112,5,621.8249548341809,443.00060261257846
113,5,617.0992506388816,439.851270727849
114,5,610.9061308092729,438.86217110243183
115,5,610.4469579231748,439.6978266976743
116,5,612.2180422170878,445.3637173138122
117,5,612.3427536093194,447.51694432090187
118,5,611.0276574312811,444.26376540939714
119,5,610.9417931727168,442.1929687687042
120,5,598.5018619963084,432.1352489142286
121,5,555.2422144271536,391.37949470464764
122,5,539.763802444309,392.9863597578585
123,5,534.59373260616,399.6778225294513
124,5,524.8711588515692,420.4990381493395
125,5,525.6285035362109,421.9516380639958
126,5,518.109367931794,423.70641064744024
127,5,510.63060502415993,425.60940820031135
128,5,470.17290629780234,392.27383042498644
129,5,465.1523181089605,412.3191690998215
130,5,450.4911632327671,421.73528579939807
131,5,443.8038261707146,421.47410887406164
132,5,426.43057011158953,414.09001911066946
133,5,424.26191921319713,414.48455926812125
134,5,419.19783339239393,412.720408407148
135,5,416.2669792293418,415.36408938601
136,5,421.7563767323243,425.3007625194658
137,5,381.5586080100847,414.7782433794601
138,5,382.5014828716871,420.7151616398558
139,5,379.9501588404333,424.090832602993
140,5,368.8716354504051,426.0187818625003
141,5,362.6438065111406,425.50144395403765
142,5,350.5119610650923,418.4902056660243
143,5,346.1186738736345,424.18698183152
144,5,337.5662635271842,445.2759081538758
145,5,337.4837979626935,451.22680559512986
146,5,320.3458307828387,474.6380265862607
147,5,310.26182711257974,481.64863095559986
148,5,294.91171116083564,480.80926389694616
149,5,294.598787982514,486.64115313685875
150,5,298.9982397113614,505.04703839321206
151,5,106.7789535034811,331.6924168865878
152,5,270.2135184158511,493.6671035820643
153,5,263.8563648084277,511.59376567094165
154,5,246.83913690000728,518.2690159403367
155,5,240.24468139575325,516.9986878412113
156,5,250.53104330854674,530.7583699075338
157,5,248.80860647504466,537.4645381807313
158,5,243.3469651278927,560.7826388950584
159,5,240.44810309063539,568.2656274138732
160,5,238.53388131475955,597.0076125635818
161,5,238.7308136966359,601.0080015485664
162,5,207.37031795414526,610.9123497596723
163,5,226.3923494226812,636.0695602896714
164,5,218.37307727955692,660.9019265570734
165,5,217.83672252153016,669.4802773073152
166,5,216.62430520683404,682.3341070127194
167,5,231.08742776883832,698.9826999102454
168,5,52.34406562544944,605.8834305236907
169,5,59.76357414688324,623.5805491170692
170,5,223.01070633512913,770.2605276563207
171,5,208.17312502811768,768.3277832246062
172,5,224.31535707324431,794.5556593964292
173,5,213.1927441906599,807.5410852329906
174,5,222.1968554108958,829.4976457260027
175,5,247.56238267332117,852.726242160536
176,5,266.15763810936704,909.0531069047356
177,5,261.0120185674503,916.0695005491226
178,5,263.36775350416985,938.6848049263689
179,5,265.7195746105664,949.4474981713992
180,5,247.62110447656679,952.1364990480208
181,5,245.7604057263316,954.2835917681197
182,5,252.11291671728853,974.8823635862173
183,5,256.23701344624783,979.3165867323756
184,5,245.8870267905539,980.9914474172809
185,5,250.6364491009154,984.7845943756096
186,5,250.35118756668837,991.2310455045567
187,5,268.2963637234515,1004.2147329018087
188,5,276.00198845369414,1018.552642051492
189,5,280.2899771712573,1022.176684607854
190,5,298.7961731872798,1035.5460822063314
191,5,301.42181134957116,1037.0392847187616
192,5,301.6692190466714,1037.0253477875558
193,5,301.9490167863991,1036.0191983350794
194,5,302.10312145576694,1032.698407128643
195,5,303.9750360422034,1030.2333990165607
196,5,337.63168471105416,1041.4351468795005
197,5,351.9423502098311,1044.4888064339536
198,5,358.53114040403915,1041.1691865491266
199,5,359.5892863008251,1039.3395604080574
200,5,364.0291431372912,1032.1922466676044
201,5,364.18220235375685,1031.7440873902995
202,5,369.0519969732565,1028.7305543496245
203,5,371.6862769307829,1028.0406092632372
204,5,358.1379572074318,1012.4100658494283
205,5,364.9896594646082,1013.9973716785522
206,5,371.8327426793937,1011.3076325256636
207,5,367.73711079650985,1008.30017707695
208,5,373.38378667749816,1006.1893831950466
209,5,374.3838499659173,1008.6659371467435
210,5,352.7096333021304,993.5873415542776
211,5,347.12321391660896,991.0039422307051
212,5,338.88523830109915,985.2375057780447
213,5,335.78492611522734,988.8226561594839
214,5,330.8851134468527,983.0757122123067
215,5,335.7271923460217,990.7323639466529
216,5,329.2490982006668,984.208106783416
217,5,329.3904477950188,987.1839747471489
218,5,328.8045149761858,985.1992827233356
219,5,327.15861993525897,987.698493483707
220,5,323.77016104481254,987.6927551830879
221,5,324.45549884603753,991.1613164669725
222,5,331.00529091664004,982.4636603629118
223,5,328.74412624335713,999.3685082397674
224,5,335.2604713792539,990.2955738322488
225,5,334.38076022019817,993.214888846577
226,5,330.59750225750224,1000.0643331842982
227,5,334.2219019145572,997.8193341254167
228,5,327.72904389886395,1000.0290859495794
229,5,326.96111920837063,999.8265451125237
230,5,327.17347103102105,1002.7100043808939
231,5,327.55036199134236,1002.8099504010323
232,5,326.0953063384177,1000.6891701041384
233,5,325.4054381667823,1001.362413722802
234,5,327.28604237143594,1003.5436261422076
235,5,326.9298593843122,1003.4533084072582
236,5,328.4983337193656,1008.0320822982476
237,5,328.56353696374254,1007.7394816289321
238,5,326.74781438607346,1007.6454814871781
1,7,594.5652098087038,96.29230931423398
2,7,594.5652098087038,96.29230931423398
3,7,593.6942276797593,95.09706396806804
4,7,592.4500779865162,94.20893540358776
5,7,592.4061080226238,94.09395363947276
6,7,592.0155927662545,95.0893139606009
7,7,591.4139573922711,94.45438844402742
8,7,591.3517600616187,95.57935123572105
9,7,591.2225113911863,95.773150358613
10,7,588.553182314433,93.17389470944408
11,7,588.1690100343909,92.4771260245094
12,7,590.8323796994555,97.25716441245012
13,7,589.6032141378861,96.8917670891038
14,7,592.7176091241694,104.56684857842043
15,7,594.5878729952492,107.95575715788583
16,7,593.8044267686137,111.50878303364897
17,7,594.7738846347899,115.24378588865778
18,7,596.3791788150179,122.00680002851453
19,7,595.6501092807043,120.78233800682283
20,7,598.3279809028966,129.05526355268535
21,7,600.3684436674052,132.57669364405513
22,7,604.8663889032774,139.14109764579862
23,7,602.5762501541676,135.31950264026779
24,7,604.8798114593046,139.74809123862929
25,7,604.986626764102,140.65564641137166
26,7,607.2624504493729,148.22050594284616
27,7,606.1295861811566,148.81603051673108
28,7,606.4584579420704,159.69960284453197
29,7,606.2546084046531,165.26309982499248
30,7,605.0490418329791,174.9226622157944
31,7,604.2194850458477,176.64846645479022
32,7,608.9733418857674,189.32741210439892
33,7,608.430697219066,192.230255873072
34,7,604.4064594095863,191.0912879624165
35,7,604.885057088027,194.58090284876874
36,7,604.2255559388485,198.67544583103734
37,7,601.6162606559153,198.4393627148363
38,7,606.126561996592,208.7615675815811
39,7,609.3421549320631,214.4221749843132
40,7,618.9193261806595,228.23813416516444
41,7,618.3000320128147,227.58677833782392
42,7,620.4504693240747,229.62397468873374
43,7,619.4287242065134,226.83042592936167
44,7,618.9575365824595,225.45302389938016
45,7,619.0278088261198,225.30143154900844
46,7,619.4468622866483,225.72149577696564
47,7,619.6845794309618,228.59072823850906
48,7,618.8818858743625,232.50822955069975
49,7,618.5450132008632,232.83149486570414
50,7,618.4881110387447,234.63323228366178
51,7,619.0367539871871,235.245885142015
52,7,618.2190599079004,235.8153418053544
53,7,617.2545791947448,235.05593735961256
54,7,615.2620123886338,233.80985032605162
55,7,615.1369033998711,234.98875147612856
56,7,615.9177223882355,239.0188202590376
57,7,615.2285051712367,238.70507176572846
58,7,615.1640015712849,239.56088975998753
59,7,615.3680847190597,239.55176698223374
60,7,614.5984068375391,237.4015659478669
61,7,614.9532908609791,237.60882373377552
62,7,615.4811207850347,236.67624238825354
63,7,616.15837861307,236.2591060715086
64,7,616.055738904621,234.8200072087958
65,7,616.740039835081,235.13555529598128
66,7,616.9338007642551,234.51833036098546
67,7,616.9603985321027,233.73380205476357
68,7,618.3849215707307,232.51924829685098
69,7,617.2716421230881,230.18423121230308
70,7,618.9088690158018,232.34242107032085
71,7,623.1029814225116,238.27863069640705
72,7,637.0204966954384,256.196320360329
73,7,640.8007347142171,260.4856814554481
74,7,650.4639529956231,269.33276910102586
75,7,656.2395618450961,276.23255051484267
76,7,669.1375850187521,290.6357919481704
77,7,669.6800704765466,289.17904239327646
78,7,671.2641371679789,289.0505485245394
79,7,672.5723848557092,290.93727464999336
80,7,676.711503115251,287.73988486962344
81,7,674.1728322706808,283.2856298904664
82,7,675.810219447301,285.2668533578531
83,7,676.1264437967644,285.56767128041804
84,7,688.4062316014107,300.8052302954027
85,7,695.3005473942235,310.0810952962325
86,7,705.2851132813271,330.5300273212018
87,7,711.2611870804383,341.0368340549614
88,7,712.6319645973592,347.5007191411398
89,7,711.9665127365367,348.4175478047374
90,7,713.1887639974357,341.9005567493031
91,7,711.4911853072865,338.78401237805696
92,7,712.0311417840228,334.56755931678794
93,7,716.2571501772762,338.228326644627
94,7,719.3756511160926,339.96314385038994
95,7,721.0904822824393,340.7927415971661
96,7,726.1827419915385,335.467384993007
97,7,724.5307954389297,337.26419755278096
98,7,727.5038427057215,333.9800677356061
99,7,729.0851006913224,332.25782271710193
100,7,732.8716405059292,329.6912159892195
101,7,732.9136052474563,327.75648889959757
102,7,732.1604282562847,334.88882780161583
103,7,729.3101286372907,334.871818493766
104,7,721.1932754905538,334.7695572552425
105,7,723.6303637585751,331.54778969805056
106,7,724.1402009627413,323.1957318919228
107,7,716.5128481780413,314.4445975693833
108,7,700.3414139075362,293.02220670283447
109,7,705.0249574981061,298.55108065633186
110,7,709.0347443274055,304.88804310961973
111,7,713.8195463174369,314.3202481206035
112,7,712.6885772779854,318.8853195031391
113,7,709.5094650080349,317.8658706920432
114,7,692.5214496452534,304.21117673874403
115,7,670.9465855897723,280.8057865745172
116,7,663.4168064310384,286.8160989122952
117,7,656.077297623178,282.7414074471126
118,7,651.8848561148656,286.4100458231043
119,7,645.8949025029623,284.7573335741442
120,7,619.26278949953,265.4071099266344
121,7,618.1661608266136,269.31856838399665
122,7,576.5774130504044,260.6630218096117
123,7,569.3942455973313,266.91571383480436
124,7,566.9636425108283,285.40440780700874
125,7,563.531972419726,285.6901520794674
126,7,493.5549572971145,235.69628977572057
127,7,517.2064946732527,275.1800059041211
128,7,480.0882560581218,249.86386148965641
129,7,480.65411185894055,258.84664725623963
130,7,444.9015557157905,262.01245435987636
131,7,406.19653579756107,252.64262085001306
132,7,400.01808509973563,273.12239707371435
133,7,392.85651816219166,281.6622616259894
134,7,429.5349565194558,351.7776940929954
135,7,417.6303695984606,346.5234330903263
136,7,406.96148291681624,373.0213841955861
137,7,391.85455748212354,388.2550831117759
138,7,376.7476320474308,403.4887820279657
139,7,361.6407066127381,418.7224809441555
140,7,346.5337811780454,433.9561798603453
141,7,331.4268557433527,449.18987877653507
142,7,316.31993030866,464.42357769272485
143,7,301.21300487396724,479.6572766089147
144,7,286.10607943927454,494.89097552510447
145,7,251.02522322632953,480.7362290390339
146,7,214.7447801566932,474.17855104645895
147,7,247.34221907527305,511.0364979712318
148,7,177.21280581379617,493.64037363095593
149,7,184.86451698584233,511.94112195496575
150,7,211.22789538278982,569.4185485502006
151,7,205.56477366294655,577.2054359678667
152,7,202.98830765667114,599.3856843998605
153,7,218.00530516411817,631.4253551218233
154,7,214.59591764294515,654.3175102143473
155,7,210.9580205954281,670.8033532069629
156,7,197.57508504803917,688.7389872888751
157,7,207.64108381396179,700.7989624143776
158,7,191.6647645674459,715.7593589290576
159,7,183.94932757349332,726.2728047140232
160,7,190.84351656945532,763.8961679618967
161,7,193.96145939203282,777.7160093819331
162,7,202.6296275703926,800.9422405920836
163,7,202.43335797558996,810.6672472113707
164,7,223.2661935205474,849.2865653657437
165,7,251.58761039288026,878.7817811756213
166,7,260.380750250107,911.1890168078314
167,7,256.46044847525457,914.7949163105045
168,7,245.83419377970992,941.4761965456041
169,7,243.80571258951016,946.7660242357706
170,7,248.57168584738628,966.0986274707903
171,7,240.67574180172994,968.7685601486779
172,7,263.154396299123,992.3187626168187
173,7,258.32307206788505,992.4412777857389
174,7,257.96373280836497,1012.3136112504313
175,7,257.7738557326878,1018.3412375683577
176,7,253.12171794534157,1042.8349260414298
177,7,263.82549225491914,1052.9399490499788
178,7,220.71928438874352,1059.0516825167847
179,7,230.8342259413321,1077.3123351702839
180,7,262.2125151363751,1118.4701503765446
181,7,252.09228654748281,1121.7729368409941
182,7,285.5853737452139,1148.3017094316847
183,7,288.4326206641213,1154.324316249926
184,7,284.5129060894931,1163.24843320861
185,7,283.6659521230215,1166.6598576025062
186,7,289.2211388880013,1175.5691992454517
187,7,289.90530632870116,1179.7994906379877
188,7,308.5926905571635,1189.930246448037
189,7,321.9188564838454,1197.5385719932733
190,7,353.24752341719665,1212.0914512603792
191,7,356.8418098097638,1215.0947114005066
192,7,357.80982912789386,1219.8202187411523
193,7,365.08731345341874,1225.5897682780035
194,7,374.30769619241937,1238.6302061692181
195,7,386.73818622177237,1246.6812293289347
196,7,406.14779144039653,1258.0982866375346
197,7,415.4883666067856,1263.76031780766
198,7,417.2904916221306,1272.3012853527762
199,7,424.06215199064195,1275.6831944618107
200,7,452.2712672364667,1284.7945266730771
201,7,462.4106987970718,1287.9438890976055
202,7,494.7533006392582,1299.3911771777707
203,7,501.65816446425544,1301.5542817623366
204,7,501.9913932775656,1303.1382939325786
205,7,502.44516242861823,1302.8327318561098
206,7,506.34077605468275,1305.0873045520236
207,7,504.70376923969275,1305.127255162935
208,7,532.3187029895217,1311.710724038344
209,7,561.7822016256721,1322.68125248682
210,7,571.0245865624893,1328.6316783477603
211,7,585.3627326593614,1333.3557910036984
212,7,604.479912326139,1342.631050554535
213,7,605.4829874420652,1341.6138041028444
214,7,609.4439014976035,1339.6644945848527
215,7,609.2569742675614,1339.7159499437628
216,7,611.7887097196262,1339.317197196796
217,7,610.9583050696518,1340.8245411620742
218,7,611.3515113278493,1340.9162986607146
219,7,611.4401593502785,1340.9518111587727
220,7,611.9978968711509,1342.8903429212983
221,7,611.2634753621377,1343.8398318307823
222,7,610.3181423707967,1345.3713006135297
223,7,609.2970178273379,1346.1818637273623
224,7,607.7816977087084,1346.562514232873
225,7,607.631461060383,1346.5911193380969
226,7,607.404930028398,1346.9442709706902
227,7,607.3000306782642,1347.3464629294788
228,7,607.1827557086436,1348.2720234098774
229,7,606.5042020485524,1349.1652847672015
230,7,606.5361008932593,1351.8650746347466
231,7,606.8694205997162,1352.0517780544606
232,7,606.8437147673728,1352.6110771814692
233,7,606.6823530708854,1352.313021295454
234,7,606.5155143513223,1351.542272014979
235,7,606.6221001763085,1351.5253846356663
236,7,606.6784170441614,1351.9403919212914
237,7,606.3806759840704,1352.3650682603302
238,7,606.2392727790249,1352.786122224809
