1,1,828.2947177653182,982.4874027244227
2,1,828.2947177653182,982.4874027244227
3,1,828.3551769846864,982.5278767762529
4,1,828.0297586385909,982.9189838485628
5,1,824.2492058054743,983.3646753047092
6,1,823.9149375950402,983.7377524121557
7,1,824.1813130179839,983.9916565605648
8,1,824.7125868347192,984.1238686627571
9,1,825.3732616281937,982.9799755253088
10,1,825.9695392969696,981.7895153687755
11,1,826.7360837944335,979.8622444929996
12,1,827.2763941387615,979.5790537784637
13,1,826.167159948354,976.9940333767404
14,1,826.2610644749532,976.2954591979728
15,1,827.5366856438769,974.3944909480364
16,1,826.9925671310789,974.7964492857731
17,1,828.8109136037257,977.4775839103792
18,1,825.9988456067649,979.5602519535956
19,1,828.3367564998879,975.157481528911
20,1,825.9744592452266,982.2448938872454
21,1,823.7553501629519,981.4217994315056
22,1,822.1575101951881,982.2646324123745
23,1,821.7748607600137,986.1734096077996
24,1,820.127729333019,985.0473802823858
25,1,812.2736075353021,989.4878485344964
26,1,807.3725452556836,994.0097849968962
27,1,790.8029649719072,1000.6251672338833
28,1,784.4460922643764,1001.7821849641841
29,1,774.523436102794,1013.1524908809081
30,1,754.5342180462964,1004.9932262892934
31,1,755.5792638795347,1014.0121939727654
32,1,758.9390592142938,1020.5416421432467
33,1,753.7479208822454,1022.4225457081523
34,1,746.8353628381251,1032.445274801821
35,1,735.9421847863488,1046.1198039400663
36,1,732.1944103833594,1054.9117022903056
37,1,721.9453281774927,1067.312065796105
38,1,728.5740491149322,1081.0450617803106
39,1,732.8222618710221,1098.8595386083812
40,1,716.3825038094581,1103.4406270811098
41,1,699.9330364659982,1118.0840049967612
42,1,689.281741889132,1123.556557764454
43,1,664.8661104849432,1130.7196189886347
44,1,662.4369015051293,1132.8754162342432
45,1,648.8181879795828,1145.0521759003962
46,1,647.1467586018006,1139.661662582517
47,1,639.3152372094553,1146.3148000843846
48,1,631.48371581711,1152.967937586252
49,1,623.6521944247647,1159.6210750881196
50,1,615.8206730324194,1166.2742125899872
51,1,590.6336593474931,1165.4078487609188
52,1,599.9527658167891,1175.6191531197917
53,1,601.9996438038512,1184.6846783936778
54,1,603.8329631673581,1187.4090783733968
55,1,591.2488303929055,1183.480671932325
56,1,584.5095080108714,1179.8297711839384
57,1,568.323276895456,1176.4834505284482
58,1,556.3650675722273,1173.4230379870664
59,1,537.2061236329483,1168.9994655693602
60,1,525.5600207966348,1168.7014970348432
61,1,516.9033251430543,1167.5078466932528
62,1,517.2122570576113,1167.5106028954415
63,1,515.6473317475437,1168.8534667937702
64,1,514.14078589711,1169.2946963271547
65,1,513.6007209520083,1169.5727718633887
66,1,512.1915630262414,1169.6784972984133
67,1,505.22236347609726,1172.3869170012022
68,1,501.86519282783644,1169.5837032919446
69,1,484.05176191455627,1148.1890739866344
70,1,472.53321850234215,1138.6189722569156
71,1,455.65313433803755,1119.5365341228098
72,1,452.59260612727456,1114.7367362272332
73,1,470.6086648595197,1121.0387340337122
74,1,477.58715736828674,1115.6747634969379
75,1,477.5926713162429,1116.8456719140945
76,1,483.4048164519403,1119.7929007842026
77,1,485.7924657568174,1107.2537549653323
78,1,484.11096851402556,1108.6292504105677
79,1,501.3697547161302,1090.9431375192478
80,1,511.97962298182165,1092.4455455418624
81,1,545.7077819524942,1104.3221846808779
82,1,561.0419345314743,1107.4975671983102
83,1,577.2602292696628,1091.12200481755
84,1,575.8819693492151,1089.254530752539
85,1,576.9177112009866,1082.823198923586
86,1,582.3752286073205,1082.5259884371058
87,1,597.9198044234222,1090.37899185314
88,1,607.5502018401016,1085.6379372209392
89,1,622.7047277597845,1096.699911302124
90,1,628.5883323306057,1094.7364412331158
91,1,639.3915183430615,1096.0004784543999
92,1,634.32093800296,1094.1254376998365
93,1,625.3345343448732,1089.5441148148332
94,1,623.8508240435189,1087.8200123326308
95,1,631.1141299061786,1088.655292092341
96,1,627.1980322397862,1076.9005459180014
97,1,628.0708047312636,1048.7572698140475
98,1,633.93307748244,1037.640229053362
99,1,652.4459225584409,1025.555711357782
100,1,655.6378913734395,1018.3119821884644
101,1,653.5685776439343,1012.3783947072177
102,1,659.8009603770358,1005.4392666844788
103,1,645.2538274506547,981.733106027936
104,1,528.4229186675404,855.5670796402568
105,1,730.8282013273142,962.212056660098
106,1,551.5666368361642,840.3553885078987
107,1,595.0173756560822,862.9845332618522
108,1,638.4681144760002,885.6136780158057
109,1,681.9188532959182,908.2428227697592
110,1,619.8211332250513,857.7591906480893
111,1,624.3824596311418,839.7882895108531
112,1,620.6047077059651,827.689406754921
113,1,612.7191619363109,805.6856768022067
114,1,611.5525559094218,799.7482371350188
115,1,601.4621894277386,782.0035148634919
116,1,610.7037906427689,782.6814065258837
117,1,612.4669447610969,776.6963642586903
118,1,609.9218398587708,768.2336491955258
119,1,606.8017252762301,759.5482321356175
120,1,598.7738971565943,749.9585863645165
121,1,545.4047486035943,699.7814203980431
122,1,536.4908640557454,688.0547838670906
123,1,533.7657358386491,680.8639700563722
124,1,534.3172503054071,679.4883660736741
125,1,530.2029864285416,666.2250805807677
126,1,495.3860462064721,636.2667566497755
127,1,466.8466437810923,611.87870584397
128,1,459.18401024598967,608.4416520226773
129,1,464.41548410645146,610.0551475482828
130,1,452.73958086458583,596.1883273356531
131,1,425.97742145970085,568.6795469549014
132,1,445.32792900380184,585.5542770356647
133,1,449.29060069286726,586.561633320364
134,1,449.4329866430756,584.6429731031258
135,1,446.30041944116016,588.5276205166685
136,1,432.23847358673595,581.6602196309021
137,1,434.59631407951747,585.3134402943336
138,1,360.7718756149118,549.4903307239772
139,1,351.7404837180256,557.9931393154902
140,1,336.32966366183115,565.3153259556697
141,1,361.11511883430956,596.1715625106232
142,1,362.08117073248667,612.3521401895661
143,1,267.5675222707709,572.5362367043085
144,1,264.2746775982284,578.4403300909415
145,1,222.08304221709272,569.7004298484059
146,1,226.31677114904153,583.1936455765939
147,1,221.21170912643657,619.0827397412502
148,1,215.0511552805005,613.5164009300842
149,1,214.10203897979713,625.5803913655312
150,1,213.15292267909376,637.6443818009783
151,1,215.61349242362684,650.0616158555525
152,1,212.4747522662093,654.5407038390052
153,1,200.86547327312968,661.1339884968221
154,1,196.83403191904173,666.4346205980873
155,1,188.46484115857413,656.6864285428738
156,1,179.7861587289518,649.4890017991125
157,1,157.83695858649122,669.353079538416
158,1,174.79127766896514,680.6067215572396
159,1,193.23348754268181,690.9284364049922
160,1,204.85525847907098,699.0571487449238
161,1,200.02870738098372,708.2949207260692
162,1,196.06818456598984,717.4359448797859
163,1,129.12030176846991,669.6269728031449
164,1,47.725194780706104,618.9456432780445
165,1,-10.421273147043262,588.672182360043
166,1,117.02157533169827,675.0538946223367
167,1,188.449791714191,727.579686791559
168,1,192.0818314374262,729.1600333091029
169,1,182.58106115175843,734.2567696343302
170,1,186.00219278333367,738.6117168498812
171,1,183.08159360659556,737.1222409271991
172,1,179.2917537866729,736.804443562276
173,1,198.7710681432967,753.3663632222334
174,1,207.23434371417545,758.3197072690134
175,1,220.77095972460666,768.5526579466347
176,1,221.90759816481233,769.2396833043558
1,2,631.0441521763153,1326.6349304444038
2,2,631.0441521763153,1326.6349304444038
3,2,631.1337915721182,1326.6164513422598
4,2,628.7442667585403,1325.5484700585512
5,2,629.2408494708349,1320.99649430734
6,2,628.2696318659808,1317.5100027498636
7,2,628.9935593019646,1302.2822574490863
8,2,630.6140025240379,1292.8197619841362
9,2,638.0224059364061,1290.1688478408284
10,2,640.952150118599,1286.5930143398953
11,2,646.3377924196542,1272.3585448752629
12,2,649.45733938459,1267.079423520648
13,2,653.1889262730216,1258.9909800343169
14,2,651.7712850189579,1258.298789042786
15,2,651.4802910538584,1254.8828847689326
16,2,656.4130664135823,1251.1447682298144
17,2,659.7058454499046,1262.9305336034531
18,2,661.1935194454799,1263.128966650062
19,2,660.5019332833969,1258.0673412946708
20,2,662.1475779860816,1259.1393722888984
21,2,657.9721401135587,1262.4429855628568
22,2,653.1175428345592,1269.4033658522344
23,2,647.8225650560581,1283.4419823200956
24,2,647.6975882166081,1294.0535126742616
25,2,612.1118851002957,1290.0147650833471
26,2,665.4328076352863,1326.5509847528554
27,2,683.6503592429748,1345.2243628712945
28,2,683.0295190945487,1354.6089532071633
29,2,681.4769212514796,1359.7746649093028
30,2,677.1053962908968,1362.9956724695992
31,2,662.5697571862127,1381.3163846257514
32,2,660.6449578511675,1384.399477051643
33,2,646.4993320260097,1388.9174054857754
34,2,642.8310871117089,1390.3196732402964
35,2,629.9325728530491,1393.0862156478738
36,2,624.8304443509209,1392.668514346686
37,2,606.8635762082739,1389.0013197320773
38,2,597.7544765208472,1387.9997921770823
39,2,581.3856618860914,1388.9804269450476
40,2,577.8669021263814,1390.363276258219
41,2,572.3288240723837,1397.6313630684404
42,2,571.9718837814523,1399.7895524788714
43,2,569.5477313568316,1401.91249220683
44,2,570.2959404582898,1403.506441516303
45,2,566.0582458656132,1404.52523452071
46,2,559.8314912527403,1404.3413083545797
47,2,553.5548046363167,1402.5198563547196
48,2,557.4253662717313,1403.8449319760023
49,2,561.3195897045003,1403.7716815450488
50,2,564.1410548872802,1403.8714876920353
51,2,568.3755377027301,1403.7641081006645
52,2,568.663061054632,1403.5173357557098
53,2,565.7206246802161,1400.08319383937
54,2,566.9573893880745,1398.5839477365612
55,2,568.985559236689,1394.779318928644
56,2,570.9797797390214,1391.390669577032
57,2,572.4644429039322,1388.6095589787094
58,2,572.5411543400398,1389.3307333334615
59,2,571.5891019765294,1386.9317849978302
60,2,568.1194231543623,1388.8883098210335
61,2,567.1304365029878,1391.662728799363
62,2,561.6284557980644,1392.2190938662459
63,2,567.7226557950466,1385.8190512273038
64,2,564.9419441025075,1384.7985143589462
65,2,565.9182420977182,1380.9910060123148
66,2,571.4802736636672,1376.725618450192
67,2,584.4266040691456,1361.9853790992258
68,2,591.0915888213381,1353.2242112229367
69,2,600.7103926896034,1335.1727474667816
70,2,606.9785738638382,1323.6290840531317
71,2,619.3040356476055,1303.0835344792654
72,2,619.8332850771051,1295.7943522458545
73,2,599.8420287163033,1281.4173414261634
74,2,621.8771255720485,1273.8153480947099
75,2,662.093145897872,1264.4842483454074
76,2,658.331356881828,1252.6204808541397
77,2,691.4341824557383,1259.0844150719315
78,2,697.8391787352867,1259.1898468859074
79,2,705.364031515541,1254.0408582493367
80,2,706.5342789057834,1251.1758370505809
81,2,705.7628973207137,1242.8603076805489
82,2,706.6994737612555,1238.7218454974332
83,2,708.7384450428023,1233.176955408035
84,2,711.8360812262964,1233.0744710880408
85,2,724.4010064683242,1227.991362312378
86,2,723.4717194626877,1222.5619049321847
87,2,735.6555928984785,1219.1673037401054
88,2,735.1329503889385,1218.1284714420237
89,2,737.610540826162,1211.8142797146822
90,2,736.162549594481,1210.3793386097045
91,2,741.0368169330263,1210.1317735257146
92,2,747.435344235476,1202.8663911681494
93,2,752.0079418363564,1183.2725733510802
94,2,758.2768517217951,1178.2401489131553
95,2,764.2619818696518,1161.7365477343615
96,2,763.2207848779819,1161.2351636901826
97,2,779.1069506922972,1131.0702413386093
98,2,749.1339571433746,1100.5942606251347
99,2,751.2553043234519,1080.8088985253644
100,2,762.1322589620561,1069.4025565064821
101,2,761.8047092621158,1047.2863118152325
102,2,763.1074675204109,1040.1420495448442
103,2,726.13280611608,993.7184530056215
104,2,723.079862731893,965.7774804435602
105,2,725.582183262731,959.1952031900435
106,2,728.0845037935688,952.6129259365268
107,2,694.602970348919,915.2879311948807
108,2,685.7888674780286,920.7171270281438
109,2,726.5936030467682,882.4976709232877
110,2,727.1050780322754,873.6680013431629
111,2,684.0522303587429,841.3216497855823
112,2,691.7180454240315,817.8153530305653
113,2,691.7028820479396,810.9309086341599
114,2,693.7702423639936,807.9472446817367
115,2,663.4421417389973,762.5327257478042
116,2,663.247634647567,758.1813463466103
117,2,675.2716418674091,736.5453271142875
118,2,679.7920892546125,734.0358478658279
119,2,677.5290016472873,716.0108080409352
120,2,678.8490353075521,710.2049042509918
121,2,658.2286835129626,676.4819725077648
122,2,653.3724535380553,668.5453735131603
123,2,599.7211368043063,603.6169282804407
124,2,598.8863008229935,599.0362360776778
125,2,591.3774723856344,598.0895685932012
126,2,591.4060170517746,596.8216012560295
127,2,529.3002730108226,523.5503429172861
128,2,524.9269246519592,516.7535049967735
129,2,541.5235275103547,532.018136632137
130,2,541.8337966816671,531.3983199816448
131,2,532.3565257484048,527.4246610323449
132,2,520.2619015785392,509.6319808659063
133,2,514.3481116785448,497.29728024740774
134,2,513.8138968797206,495.3382400308926
135,2,513.5139042329632,495.2930225410042
136,2,504.5709873155607,485.2504196336172
137,2,494.31848397531536,456.5278719436003
138,2,490.52852919045597,437.6680111613252
139,2,483.1646862206212,417.7242439662843
140,2,476.69086702502193,405.03407789264486
141,2,471.81029878649844,384.2251892762586
142,2,469.0133502550662,381.6105697201506
143,2,460.06825758608164,347.42996596172014
144,2,458.5767811904016,341.42310888173023
145,2,469.340499348625,341.5959141847241
146,2,459.2203444467035,327.1293086040555
147,2,461.97781072349727,320.99669461759055
148,2,462.88052061551946,308.89741987791933
149,2,461.65241395138145,313.0901107444855
150,2,468.2990716080056,299.2020123360729
151,2,470.7825846288047,293.0818207994172
152,2,470.1619739685618,288.56955384674484
153,2,466.48748170951063,259.0493287084214
154,2,467.7302043217965,257.7442061592139
155,2,465.2874715444632,247.15007344580218
156,2,459.9259325072944,238.97621593515265
157,2,458.9598743297625,233.45679141142497
158,2,460.5523984028064,231.53798536687424
159,2,458.99000247064924,223.63724532817295
160,2,466.0921567459856,227.43033851542694
161,2,462.33700930502357,218.57892813007675
162,2,465.1767170517759,219.87819453723276
163,2,453.3668455705315,202.4000000503348
164,2,452.9331691990154,198.31918956676026
165,2,456.0299501927882,192.21090455359175
166,2,459.66886936623604,186.7873174695378
167,2,467.3019546915322,187.03475981851196
168,2,465.0811536174814,179.38280484045742
169,2,465.56035280848295,173.75642329486854
170,2,466.3669331310664,171.6540905100465
171,2,468.36992329623206,164.09674770949485
172,2,470.3100758561826,166.2239916007577
173,2,457.55971195568725,141.72888246999904
174,2,462.87501589030387,146.64320675509055
175,2,460.31212482921654,138.89848703731047
176,2,461.74625916325044,138.93780324818354
1,3,556.4334192190883,1250.5267856837797
2,3,556.4334192190883,1250.5267856837797
3,3,556.7367393717552,1250.6828676146818
4,3,556.988017745791,1248.8373575053429
5,3,558.0776892081658,1244.7827616508089
6,3,556.9366364984177,1241.8908349944163
7,3,553.6340709387589,1235.0777090842064
8,3,554.6339449377107,1223.8414345364838
9,3,558.9154329910854,1224.0171685583628
10,3,559.6475109530055,1224.9227819496093
11,3,560.1853301104951,1223.4320593166085
12,3,560.237143341646,1215.018903495351
13,3,528.7679628758002,1190.1383289228008
14,3,531.1291719896243,1185.5093311229177
15,3,557.1776882647155,1189.9780012733652
16,3,548.3500346535795,1180.7569025551752
17,3,549.5161854483447,1174.3428907909583
18,3,551.6111505738551,1172.9096329132237
19,3,551.1605195223273,1176.3791395817284
20,3,549.8284690219621,1183.7047827079398
21,3,541.992135878835,1183.3065355246563
22,3,545.1524670530882,1189.3875238349367
23,3,565.4234399652778,1198.501311375481
24,3,590.5931503544014,1214.2224947192647
25,3,579.6704789376287,1215.6110350470885
26,3,581.5149348761342,1224.1378085937456
27,3,568.1416482646564,1252.113507285049
28,3,570.9338186484982,1255.7337322960245
29,3,577.2333290649908,1255.4324574860575
30,3,571.3336985301308,1270.0722090228471
31,3,569.1349958094776,1272.6629533262237
32,3,566.2049031643578,1272.7482248568556
33,3,562.0950108103757,1276.32492229045
34,3,557.3533055936742,1277.9937757594653
35,3,539.5229197222997,1284.5311001165735
36,3,532.9773398018385,1289.52952993693
37,3,528.9850598449776,1294.1993539917546
38,3,530.6739451361083,1296.944516597297
39,3,525.776824156619,1297.5950972598025
40,3,525.4385379652184,1297.7717600866508
41,3,517.0281095452757,1301.5845795094262
42,3,504.0260244357419,1303.8430779664582
43,3,482.1303907646731,1308.2093956023639
44,3,481.60861439469113,1310.0679384310552
45,3,466.57697254908584,1301.0282274438314
46,3,466.0595204406304,1305.3841793059134
47,3,465.68162560595096,1307.2618068927413
48,3,464.61565921467064,1305.776339309766
49,3,453.0755373232617,1307.0979940371112
50,3,446.3152970947187,1307.7892636135705
51,3,440.08561259089777,1309.341614878535
52,3,436.6006791386038,1307.2377447751376
53,3,429.8806273801374,1308.3317498547701
54,3,425.73696626456524,1306.9731639404013
55,3,425.26344938314645,1301.856761250183
56,3,426.2428489530526,1299.003970916106
57,3,429.2431344517121,1292.9083555030384
58,3,429.58396164158336,1290.0614473036235
59,3,437.2622674582741,1277.9673501840243
60,3,434.12389386068855,1266.6947963326227
61,3,445.358592560001,1264.6244818820794
62,3,450.4001187754831,1263.6840077001636
63,3,450.84565623050065,1263.4436477115219
64,3,455.48118224474484,1262.4897201321075
65,3,462.4793096000673,1265.8418000615115
66,3,459.04042934052995,1260.3837961232516
67,3,448.5392054018057,1259.7340239509126
68,3,449.88471351916405,1256.2115360824282
69,3,354.1204162452732,1210.2316465926858
70,3,414.786814365894,1234.7067151540955
71,3,475.4532124865147,1259.1817837155054
72,3,473.6210138510913,1254.381535567658
73,3,445.46796598708477,1227.5086899166024
74,3,417.3149181230783,1200.635844265547
75,3,430.85513696851655,1202.8519094746077
76,3,430.5015729978934,1204.815470639532
77,3,429.492515365194,1198.9964252489503
78,3,432.5626401314371,1196.5363479446744
79,3,370.9103691259525,1127.729144661776
80,3,373.31248037520686,1122.654813976712
81,3,355.10904024850515,1103.4200702183014
82,3,446.8661149787189,1141.184646449011
83,3,334.14871904779494,1075.2355121103567
84,3,333.9039217262823,1070.7486375205558
85,3,400.2557945093525,1098.7546596696181
86,3,427.49226323631376,1106.0174682937072
87,3,426.51593752043095,1096.7890357755775
88,3,446.9429287669727,1102.028350609909
89,3,429.34060779206965,1084.0641304840567
90,3,424.6565553632194,1079.30438856592
91,3,414.89412500697046,1077.3836901029463
92,3,411.703033350906,1075.4368102471044
93,3,421.59350971124616,1088.7019503184115
94,3,421.9732534386432,1088.808230631386
95,3,418.3796997494131,1093.4555452518614
96,3,417.04001270360624,1094.063612455535
97,3,421.4214329354178,1093.5949288177744
98,3,420.9661135628205,1094.2285846339828
99,3,422.4647834913203,1097.2235558616853
100,3,422.7571895079425,1095.2854156573565
101,3,426.2759725902389,1090.7687918658662
102,3,427.75294898170415,1084.4314966007826
103,3,418.4695137878243,1054.6655435460796
104,3,419.1486342849054,1049.0143347356125
105,3,405.7466894914998,1033.5034764239588
106,3,344.96667005231916,994.223813579992
107,3,399.6727336507811,1021.4543144572092
108,3,398.71811937387474,1019.3507198291624
109,3,407.4202586978171,1017.8374950867002
110,3,406.62935504243035,1017.8266969230795
111,3,409.2732193140704,1015.4813543572827
112,3,408.45936585415853,1011.9899075264732
113,3,406.81564867625434,1003.7124823217584
114,3,413.7172554484005,978.3104904019317
115,3,416.8688084319139,979.9691074052896
116,3,418.35528050644723,972.5009146352213
117,3,425.1651315328824,970.9716395168388
118,3,424.5728861324021,967.7099412893438
119,3,417.70019879411825,964.6877011856171
120,3,433.537558476942,966.6376162797127
121,3,448.43220251745066,962.1266864663905
122,3,456.9123163855389,960.0493818549515
123,3,467.5546726010568,959.5621137868657
124,3,475.8334892651073,959.5320325190132
125,3,483.7585642075238,952.0671739753183
126,3,488.4338547223183,943.8496595989378
127,3,505.2110140836129,926.4670161807547
128,3,512.6407236443456,923.4109194188244
129,3,551.6814512558116,936.6995659656926
130,3,571.0595437742807,938.0104358491611
131,3,593.9176138438405,943.9671868299715
132,3,595.0800030944788,926.1800175434648
133,3,574.2906585114586,894.3756940885482
134,3,573.0995621687291,882.6695229167408
135,3,587.1359354592253,871.8664055792364
136,3,592.9321103052863,879.2073609414279
137,3,592.4046164797228,864.6971367119486
138,3,591.2228920897229,857.2358140373336
139,3,609.1015883844697,861.230022852439
140,3,594.5331408448914,844.4881363553914
141,3,668.1423066741589,866.6568352385634
142,3,636.2887914078617,851.6090125696561
143,3,611.3104553105019,825.1061655047534
144,3,618.9515567991891,824.0673761044069
145,3,630.6788304909809,830.5674745255595
146,3,628.806747336322,828.8797036488508
147,3,593.6022779702917,791.8704534646334
148,3,568.0868967869156,777.9855714949744
149,3,567.8574557015077,779.779031858641
150,3,567.6280146160997,781.5724922223077
151,3,567.3985735306917,783.3659525859744
152,3,580.781955884698,789.6539927986655
153,3,615.6099656386369,829.0662298146341
154,3,619.847146755323,834.5582375830372
155,3,625.5390923712235,838.0482497112241
156,3,614.5466010570512,835.7657237251633
157,3,588.5520385085495,830.5749717062508
158,3,582.2544605315564,829.166098540318
159,3,555.2440097853859,819.6515758801523
160,3,528.766450002307,804.6282886079728
161,3,524.9078428233494,827.8591294735533
162,3,528.8619583795821,840.5802839852566
163,3,521.4582434416509,847.7709943605946
164,3,519.5362419892216,846.6724492455332
165,3,514.9878796306541,845.8115542691928
166,3,515.7919480880184,844.2896426460136
167,3,515.5949150043848,843.7433782394218
168,3,511.47037168230406,842.3494443995356
169,3,508.6615807310441,842.0595615907255
170,3,497.0316904022099,838.8425752798518
171,3,490.471168231526,843.1286768085503
172,3,487.5833223722212,844.6440576284224
173,3,480.9734164675979,854.362298601794
174,3,477.3132812018922,856.8485822598352
175,3,473.76937181074965,859.8434128056194
176,3,469.7847597089175,863.2172824179378
1,4,602.7332859162077,104.24212286678195
2,4,602.7332859162077,104.24212286678195
3,4,602.3697447474426,104.14830340085749
4,4,601.2100159767376,106.11864512345227
5,4,599.6602292178521,112.6869750906502
6,4,600.8323611341041,118.28069285395387
7,4,599.8712864772946,122.91834822987761
8,4,597.9668915808184,121.31146406148103
9,4,598.5051074709927,126.65855668030642
10,4,599.4354281244368,129.57531088005993
11,4,598.0424835080856,129.22334486636203
12,4,596.3345719452351,129.38815482412363
13,4,593.548199262825,127.07617695221334
14,4,589.3402818901652,124.84276653877562
15,4,571.0110941760114,106.97605957210926
16,4,553.1938092314587,91.06077050688262
17,4,549.9322621053192,92.86050820412683
18,4,551.8019080037868,106.12238996211443
19,4,540.9606733073055,103.06992354224582
20,4,537.5358037481857,103.7490420606374
21,4,530.2237969914689,113.38126604435635
22,4,529.296777875364,115.55458529493917
23,4,527.4415637976462,113.86368042898572
24,4,518.4216107416423,107.00116076699732
25,4,514.3374559986396,108.36416475861635
26,4,502.4631681226401,94.00833267536017
27,4,494.65417278008397,98.80099680670389
28,4,493.19908194407077,101.39977843656013
29,4,496.1457228908087,112.52116205216124
30,4,480.5239601573203,99.20227637553471
31,4,464.4573423359004,94.90845592258788
32,4,455.3442970207472,88.31388804211849
33,4,426.6405250493522,60.82589546211392
34,4,429.8282512281183,69.71318507038144
35,4,422.97777944597874,79.62048591756125
36,4,430.45975441272606,93.39965912840454
37,4,411.05936089122827,86.5806187145508
38,4,407.0625692423874,85.46161915813363
39,4,405.54443673611394,96.43546308762804
40,4,391.62328452560445,83.75045989887407
41,4,364.1227408067542,50.68564238892029
42,4,360.96717664409783,54.04873426480965
43,4,365.7143360388456,74.98402142699014
44,4,368.94976379211516,84.58949867130917
45,4,357.53554194413687,79.70032806913032
46,4,354.76100583512266,88.19013737583455
47,4,351.99599714178436,100.27649054098785
48,4,348.73907971051017,100.4895021713532
49,4,341.2696522161631,95.24262307034586
50,4,334.1481825836864,88.83401233208654
51,4,307.6987720163446,64.87675276540607
52,4,303.8915172049667,67.8992586287019
53,4,312.44069772879317,89.29877655028059
54,4,307.60858361424056,87.2954403839627
55,4,296.8875562107966,83.89269644533162
56,4,293.2889533948145,86.95088548600708
57,4,280.74186201312517,78.98988949919776
58,4,276.50862802385547,76.28854775324436
59,4,261.0969329970696,63.88314803865
60,4,253.29493212006116,59.15211781810822
61,4,248.72062117167656,57.940881618386
62,4,245.8811650809637,56.83147838015752
63,4,272.53766361681517,97.82651352905467
64,4,263.6325841045413,88.44314637374481
65,4,256.0630494600797,84.2624553675313
66,4,259.0301479827948,89.76048575449325
67,4,265.0472012826633,97.62099540326336
68,4,261.63273972871207,95.40130126082444
69,4,257.9327132762249,92.61963511548893
70,4,259.59310214086526,98.32876566829216
71,4,252.69181243488848,95.24003496350562
72,4,254.48676582653727,96.65189947124881
73,4,244.02733890819084,86.44573814514409
74,4,244.19073392495295,86.27317389441421
75,4,242.8677092504019,85.21098573185829
76,4,241.4634236221027,83.92378226879613
77,4,241.67494742873285,84.33228221380406
78,4,241.80772192695719,84.35137143517738
79,4,244.41450987084164,87.07786264174923
80,4,243.82584508020693,85.91218944828408
81,4,245.25939435030025,87.43354127738064
82,4,245.14741896499757,86.99006197692424
83,4,249.95414851693954,91.10459437685272
84,4,250.2826660284997,91.51456821485935
85,4,249.89390896151838,90.3219479924112
86,4,247.90652696465585,88.18655924629793
87,4,244.35791052122784,83.2231953838653
88,4,244.52406400778506,83.49824129709098
89,4,246.158235481999,84.58363015039207
90,4,246.7154412234597,84.91984438529984
91,4,248.24188932463545,85.7924319680752
92,4,248.96089342149762,86.38317044361625
93,4,243.93006958066815,79.49815046420846
94,4,245.41191383814072,81.15039697933531
95,4,244.70108151376763,80.43064200150253
96,4,246.03596102177525,81.70821971187337
97,4,247.21239113378306,82.87399878755096
98,4,245.9328658666114,81.31065059891809
99,4,246.714992522576,82.37059181283169
100,4,247.6502483486041,83.41013860776418
101,4,248.79623128108508,85.08378743329854
102,4,248.50815489750335,84.84837466174203
103,4,243.39525253649643,79.17741932427317
104,4,242.91720969752203,78.6199003595192
105,4,242.95524999219765,78.65751298955202
106,4,244.8957156677874,80.88995773889282
107,4,245.2315246498603,81.42488116011523
108,4,246.0690919084267,82.66166518993
109,4,246.50064466351807,83.07719446906157
110,4,247.61212868050737,84.18127163674818
111,4,256.45961110683464,93.28819036423845
112,4,255.7974843900253,92.11701595854855
113,4,241.4344852358242,74.22434458821972
114,4,250.25804618091394,82.91011045376374
115,4,261.9686780953828,88.56296612083675
116,4,263.17260904383636,83.81974147298193
117,4,288.57899699694326,106.21430838542919
118,4,290.0671032458671,108.99647425935264
119,4,285.25736656283567,110.28201668260473
120,4,277.15761332370494,102.83617714448833
121,4,276.41205350129883,111.04007771393088
122,4,272.3117076578396,112.73148100584827
123,4,226.81194110421515,136.2897767609946
124,4,220.29073321321667,123.97907736430487
125,4,230.0231783156424,172.06397004750784
126,4,247.32167406648847,201.08333734476548
127,4,206.30029106749615,154.92076902923378
128,4,156.20111373695127,130.20708961129228
129,4,150.71103533475906,153.58914675106308
130,4,67.54228296708298,99.01059980077524
131,4,97.26790155329763,155.33538042869205
132,4,126.99352013951227,211.66016105660884
133,4,156.7191387257269,267.98494168452567
134,4,186.44475731194157,324.30972231244243
135,4,216.1703758981562,380.63450294035925
136,4,145.04307867968924,334.65194364925264
137,4,131.58417596935075,326.28259806189874
138,4,78.05747273298911,294.2967769889982
139,4,184.82012445511913,428.5584387012441
140,4,212.7894754892706,476.14466814621335
141,4,167.85460295978467,465.18002509245974
142,4,54.215592455173294,386.0875376753597
143,4,52.64967340099622,405.5325010544658
144,4,51.08375434681914,424.9774644335718
145,4,119.02723301685899,555.5636264576806
146,4,212.5309979539792,602.1065133820555
147,4,203.42374231936833,617.6076080200181
148,4,194.31648668475745,633.1087026579806
149,4,185.20923105014657,648.6097972959433
150,4,176.10197541553572,664.1108919339058
151,4,166.99471978092484,679.6119865718684
152,4,162.40720231149552,688.3097712383828
153,4,146.38112018889547,692.2368408366958
154,4,145.36754611509102,702.2484373517884
155,4,141.38505162791913,710.6634039361197
156,4,126.43779851909763,718.2486741531097
157,4,132.0792539798398,730.7190500696422
158,4,119.53908607628583,726.9736926697301
159,4,9.177209991961348,675.9541757987145
160,4,-101.18466609236314,624.9346589276989
161,4,-106.44056157487447,640.2847242883546
162,4,33.048143087647105,739.0436189615091
163,4,172.53684775016865,837.8025136346636
164,4,-108.55197760327769,644.0094657979909
165,4,174.58369755291514,867.6626547597124
166,4,175.09022751630434,872.9026021676577
167,4,166.5786465572082,887.8675772394522
168,4,168.3907645973543,891.1561733609947
169,4,205.79650544086994,920.8755552362992
170,4,217.81577973930186,934.1466053352199
171,4,218.77326651556535,946.1545163577032
172,4,209.42334385574162,945.0011090816096
173,4,219.83300826967175,952.0652331997393
174,4,218.38200913454662,958.4831150273434
175,4,228.97520609486958,971.5559483392058
176,4,234.28561112342322,987.6441887407296
1,5,969.2077148383487,1004.1382037305503
2,5,969.2077148383487,1004.1382037305503
3,5,968.9352129885378,1004.087881119768
4,5,968.8513624375205,1003.9070845470676
5,5,969.1056053619187,1003.8181946244939
6,5,969.0796879955195,1003.4751752281702
7,5,969.4943921614017,1004.3024063599083
8,5,969.9572822117244,1004.5406871995914
9,5,970.0647736920818,1004.4830049397729
10,5,969.4608164924226,1003.8411145920304
11,5,969.1321659328094,1003.6354242794011
12,5,969.2665334887515,1003.5362737481026
13,5,968.3992266343382,1002.9375523784685
14,5,967.6334532147907,1002.3242149105469
15,5,966.842010059455,1002.2986368144562
16,5,968.4162098354508,1005.2519606289364
17,5,966.8444575290648,1008.8376273410997
18,5,970.6083647227099,1000.0169897686144
19,5,968.2158982114987,1002.932211513179
20,5,968.1986166779735,1005.6925928267083
21,5,966.9517361325522,991.3292558935648
22,5,964.9928617366458,994.441646962816
23,5,955.2994521635817,999.5921634805238
24,5,955.3708869212478,999.3634203117595
25,5,955.2349103069085,1002.5624060429913
26,5,959.8918270566033,1011.4998153128363
27,5,953.1813922084102,1028.4316198878553
28,5,946.4979353492939,1030.5945047717341
29,5,943.0485900558639,1036.0866137336538
30,5,944.0078329284913,1045.1016304355246
31,5,903.7329128410561,1029.5964073896985
32,5,896.627976130541,1036.2284137991373
33,5,882.529324498892,1065.4388987532886
34,5,880.904212375976,1067.9099712530863
35,5,872.2205337003539,1074.7384226103477
36,5,866.2202256612787,1082.4834442853007
37,5,838.5757989859604,1089.5092224987022
38,5,829.1825621653516,1094.0883356340632
39,5,812.5402260376716,1122.4107124169186
40,5,809.4164410968892,1130.6148378677938
41,5,792.8643331484169,1154.2039623351711
42,5,788.882826365847,1153.5039873920828
43,5,732.8659864996602,1141.4973042490753
44,5,720.0838676826725,1146.9984130717874
45,5,722.6725536297566,1154.0104210671666
46,5,711.7406194775668,1161.8368330220792
47,5,695.1501253287885,1175.602397058181
48,5,688.5566342675377,1192.4627817075452
49,5,674.20864691811,1200.340344175849
50,5,652.4354515888209,1196.964461899662
51,5,628.9484260214994,1198.1471652901096
52,5,628.636428095067,1205.417241440365
53,5,617.1863610937836,1212.525384856114
54,5,613.416904483252,1217.4144708860447
55,5,570.514021869019,1207.7935562538648
56,5,556.2201266103203,1207.3762570988245
57,5,568.5259084220118,1226.515488857545
58,5,570.0384179114293,1231.24585162288
59,5,558.1691912122249,1238.7592593657903
60,5,559.6585535917635,1240.3447681310272
61,5,540.7054958936078,1250.8342292749023
62,5,544.4490025786995,1241.0700033195433
63,5,535.9440247091081,1244.6156305734887
64,5,533.1564738262649,1245.2731913963457
65,5,528.9262103220722,1245.3562287013324
66,5,526.2100495731296,1248.1017013136152
67,5,518.4831557427206,1240.6881602015878
68,5,512.5548014027133,1236.9590852139193
69,5,497.9883950115729,1226.359750424141
70,5,496.05801680386645,1230.113416299101
71,5,496.09717693136224,1234.574512512073
72,5,498.99973587985596,1233.273468418209
73,5,486.87207594273616,1226.3929831455014
74,5,469.1669909750992,1212.7112684813285
75,5,503.913933811391,1224.8049836600442
76,5,497.02021846186085,1220.6064050933617
77,5,504.88572832262753,1221.2920419412067
78,5,500.5756218071425,1215.3712222703134
79,5,472.7846895365494,1204.8405863619812
80,5,464.71211379251514,1199.9655794348284
81,5,443.8303349166641,1186.5525258678479
82,5,439.57635955215324,1183.8644844874862
83,5,417.0481552363777,1164.7427747264107
84,5,417.02951517745845,1160.8315178717762
85,5,415.21950069723493,1164.6873073278946
86,5,413.2337209510067,1157.4969682593203
87,5,418.2668329536975,1156.3553573755312
88,5,427.2801921981193,1164.671304278859
89,5,422.28581822343665,1164.7006320197165
90,5,422.47727160121764,1170.971432417537
91,5,406.0091843021276,1162.6491883386952
92,5,398.5027778917158,1166.3253902938293
93,5,365.12863020992387,1168.2240211019614
94,5,366.7079152689335,1180.0796554627361
95,5,355.7581299778564,1184.424247444303
96,5,359.17920682266237,1192.744097103674
97,5,358.1682394008717,1187.5059315158574
98,5,367.07651825681137,1189.1367218812522
99,5,352.6286102524173,1205.5679475700972
100,5,370.69092970719294,1219.8016212848784
101,5,399.8645278192209,1244.304500059968
102,5,414.90955168538545,1252.2181939204959
103,5,412.44966069064134,1254.7091847019587
104,5,411.9505110245951,1254.5210535049378
105,5,415.42981000580863,1256.7256477776227
106,5,430.63025307618955,1257.3280902176532
107,5,474.72578688245187,1270.4022708733391
108,5,482.1198770759532,1271.1826617902525
109,5,485.25311989040125,1267.7111256649591
110,5,489.1650316107282,1265.7567578983644
111,5,500.01508760191797,1261.2181284845722
112,5,498.4892656214603,1258.3446355972947
113,5,545.8018147525588,1265.3002910286023
114,5,532.0187262394062,1255.4189491759332
115,5,573.3936832183443,1246.2690223391933
116,5,579.1679725980163,1240.3062972440391
117,5,591.0952723484987,1233.446763502538
118,5,595.2539791736217,1234.175403286396
119,5,610.2216181130988,1227.191928380771
120,5,622.9898935111705,1219.7333936670623
121,5,634.1471991465679,1212.0601927215168
122,5,642.0445839822928,1201.705499241453
123,5,657.9263635546483,1181.947669818386
124,5,665.4383062592266,1179.5409650174342
125,5,692.9459563624459,1177.5736769480457
126,5,697.1293771269942,1168.2570395930202
127,5,705.2018001011174,1158.8294292483395
128,5,710.8455851986242,1148.443513990054
129,5,728.8004511992409,1122.6539708811376
130,5,731.4355391855945,1117.9695616342165
131,5,740.49644519008,1102.6501494349602
132,5,742.449777254282,1093.5835251255928
133,5,737.4597960495257,1071.904020923086
134,5,743.5486899565677,1064.383375783531
135,5,754.9862822296554,1049.3184575792789
136,5,762.6179348399492,1040.6857932132814
137,5,768.5355460492311,1028.2207646149695
138,5,780.0953190976708,1026.5075202200167
139,5,786.9172222029422,1007.5346167443415
140,5,776.3607762877737,988.5008505603241
141,5,792.5309062415728,982.2623333051299
142,5,804.1041754999063,983.5417736766401
143,5,809.307537633261,972.0055195256919
144,5,811.8106120968409,965.8957468973427
145,5,816.3203077751716,958.6978690564348
146,5,818.436120512375,952.4978537595094
147,5,817.5746226023549,947.9256884888715
148,5,817.1220713749168,947.3175866028278
149,5,800.6817868925485,954.3282476553462
150,5,787.6587507043972,950.4717256254163
151,5,753.3728675833514,922.6348145730616
152,5,753.8585012847254,919.7618751608434
153,5,739.9011684721414,924.1802476248729
154,5,739.1957234044351,926.1261240383178
155,5,715.6283749265054,905.8548677104606
156,5,680.6774748099652,909.1183402709158
157,5,672.5576683714891,914.5361210226571
158,5,663.2855665513401,917.5883212088122
159,5,644.3991140957359,925.4362970234987
160,5,620.2093300543122,920.0679018478164
161,5,598.7045139904934,922.958302781725
162,5,580.6760672051523,947.647595005271
163,5,565.4324079993286,957.6314251922896
164,5,559.7408312964272,962.5048676807331
165,5,550.9608309880831,970.1565752212421
166,5,536.9743546748488,970.100937299862
167,5,516.813624352661,971.4638506588506
168,5,498.7292490331398,975.2433676730753
169,5,485.0786897151122,976.2030569131396
170,5,474.25822313701485,978.1705870634455
171,5,455.8105591691057,981.7880532821172
172,5,456.7440339896153,988.6457283915779
173,5,446.9102199810806,999.789850909565
174,5,439.23627377817104,998.2437083739645
175,5,430.6672342516453,1007.4727709527173
176,5,424.07113099288586,1007.1432907200235
1,6,584.1443596033859,468.39181599592945
2,6,584.1443596033859,468.39181599592945
3,6,584.1139157341997,468.26536056209045
4,6,584.5862392947142,468.32776919997855
5,6,584.2053717001,467.6867926419795
6,6,584.072032033463,467.0492828911038
7,6,584.3781847716006,465.70800514273
8,6,584.8456816442186,466.32821977430916
9,6,584.3300616381318,465.7058552924384
10,6,584.9260589955061,466.4480322478523
11,6,585.1029880625326,466.6149194807361
12,6,585.0135435520958,466.3922129303646
13,6,583.5661360819508,465.3084255010993
14,6,583.2282879741282,465.9204862278496
15,6,582.2727140744499,468.76554276969165
16,6,581.8280031440116,471.0770167653226
17,6,580.1582249927254,479.3961778003521
18,6,579.9430813578641,478.6493283008992
19,6,579.3774563637576,483.3042822505116
20,6,578.124773093383,486.6101929407459
21,6,575.5404502222532,488.58360960618364
22,6,574.0832869956347,487.74507627531926
23,6,570.5893089581741,490.3885838665479
24,6,567.1034130503373,487.45718837112025
25,6,564.4645788902726,488.686098496073
26,6,550.5070349096881,485.29238950724255
27,6,532.3751158835441,479.55823222185256
28,6,526.8988863650216,478.62041786158875
29,6,513.3133938103985,478.21818168890724
30,6,506.773263234407,486.6123710001585
31,6,500.08982002338905,497.3315512947645
32,6,496.6613140678347,499.92630195092687
33,6,491.91285537327195,506.47047147024364
34,6,490.17135259417216,506.82485365346963
35,6,476.25549742109854,509.614039225181
36,6,467.87677148808484,508.7127231299214
37,6,449.84273981906256,517.7334792998638
38,6,436.7991051751286,527.0161981853048
39,6,423.06956501586996,527.8440620307402
40,6,414.1650601193603,533.3639862198609
41,6,435.01252243707347,571.9904638403333
42,6,430.32826883758685,575.5164961247746
43,6,421.44073702760363,593.66682762016
44,6,415.525426728872,602.1345914064632
45,6,404.99421566812697,621.1403743584923
46,6,397.3254873445759,628.4390587752027
47,6,393.6672189750534,635.3617689487457
48,6,388.1586258383533,635.1502100439857
49,6,382.23956424712367,640.217283930753
50,6,376.81617613350755,646.942014170927
51,6,367.2332747073008,656.5678325114029
52,6,365.9161114957365,661.2549917867799
53,6,356.4517486198764,673.5661656291524
54,6,353.36802979706084,679.436083095379
55,6,349.40335248205906,693.6072271505449
56,6,349.4081603902445,698.0834618540255
57,6,345.92791230893494,701.7441022098607
58,6,344.9413254537649,702.5879002760254
59,6,343.5506560034066,703.001569264949
60,6,344.7294249510574,704.6727494685954
61,6,344.80664275906867,703.1299519224617
62,6,345.02858891018786,701.2210179504879
63,6,345.24739069328814,694.0629235631127
64,6,349.84687826764775,695.939465864427
65,6,350.635513193977,695.2342913296984
66,6,349.73732969479425,694.6285031904364
67,6,347.01697111116965,691.113954208366
68,6,346.7591679173792,689.8330405334731
69,6,343.61033469257274,685.5608027429896
70,6,340.90232529493346,679.7172320779753
71,6,338.7888794543326,673.7746562794109
72,6,338.5141481303473,673.4000109331482
73,6,340.5902481054983,672.3253991066331
74,6,341.4345541103629,672.5652887870339
75,6,340.22773492489813,671.6086473148914
76,6,339.6427502730474,671.4937852395028
77,6,338.6900095105325,670.4191769236098
78,6,336.6743145372128,668.9937571038986
79,6,337.2736615432502,670.0328842603661
80,6,337.32060391671604,671.2880706394077
81,6,336.2952478814037,670.807069400473
82,6,336.4023446240615,670.6310135254358
83,6,334.3337141620387,670.1408441781753
84,6,331.54455137881916,667.3607890853618
85,6,331.39749098895527,665.3002485261576
86,6,328.21065797714544,662.8089684406046
87,6,328.8250880639238,661.6371064950227
88,6,327.95001177059936,661.1626841580264
89,6,328.26686679838315,659.4276327230097
90,6,328.0083535470118,660.0532541129055
91,6,327.96123965369924,660.0499737277368
92,6,328.2179443678162,660.1515214115539
93,6,326.214031348687,657.8238214685887
94,6,325.85294389984625,657.6599620929229
95,6,326.36041915906884,658.3014499185933
96,6,324.90737776001345,657.0100801955889
97,6,325.8316967461489,654.7651565464749
98,6,325.26550253807267,653.0494965165366
99,6,325.91133649802924,651.9774187569087
100,6,326.57498113573496,653.3110952393585
101,6,314.6165876449259,643.5863209080053
102,6,315.14730082390645,636.4543966647514
103,6,316.4735750352479,632.602695376622
104,6,318.46882879703696,627.9335592334534
105,6,316.20785787118206,619.7551169954046
106,6,321.9315677687352,615.7227488556638
107,6,320.73042275047914,609.5874559180589
108,6,341.4926681099871,619.9315596489001
109,6,355.2231279758681,627.3698615036068
110,6,358.880255327268,633.5716637520189
111,6,356.19740482185586,627.222233213208
112,6,319.5744723074763,565.9356839292794
113,6,373.1875292702782,591.4270973765666
114,6,364.44286475808656,584.5507569412886
115,6,361.89469848276417,555.5110928522204
116,6,358.10995766839926,543.6890584359246
117,6,358.6477069321505,531.9463100670093
118,6,329.6580326367026,494.2728456641851
119,6,381.36386314777184,516.7853022193813
120,6,377.3117352078401,504.05920419332233
121,6,381.0404789359715,500.7213841343781
122,6,374.9536071637988,488.8042862914035
123,6,391.0196922099178,475.3526976900756
124,6,388.007172976767,470.4496067608671
125,6,362.44374374851634,438.010336522165
126,6,344.5134384513855,416.0608051451321
127,6,325.59877851967616,394.5320585001161
128,6,323.27765708031734,389.21097856698674
129,6,299.07557357348384,360.1134435242953
130,6,298.6291419850609,348.94139298549914
131,6,329.05348287193414,396.27963198481564
132,6,305.3764724403094,369.59426949582274
133,6,270.5931022064054,330.4088394887988
134,6,271.6442410730155,334.30230866948654
135,6,290.7217068252609,354.4363857501275
136,6,291.04071809640834,362.0901469885057
137,6,273.43905933577395,375.84975661829446
138,6,265.7380904241077,371.7898223713834
139,6,251.92709094798894,363.04985603264
140,6,250.4355497900745,370.28826195053625
141,6,238.38531094507883,375.02941506918563
142,6,232.22188615036788,381.4438995730582
143,6,225.86129798939314,385.2811467762541
144,6,223.4453824207183,384.6045898822337
145,6,219.13105128017338,383.09408500858177
146,6,199.63204371235312,393.94740638166724
147,6,214.89901922514474,420.97731234529033
148,6,203.030783566367,414.83418481931477
149,6,198.9030621180093,429.27280433957185
150,6,291.3024995024635,513.6267577632094
151,6,254.56938963216703,490.09819776431067
152,6,289.1946682477609,524.0017883309773
153,6,150.9132604647887,406.34133424695324
154,6,251.92831339150695,496.9454563114837
155,6,208.18825010841218,467.71490327330116
156,6,146.8031166511592,422.69090918220894
157,6,197.31154574575962,485.4943406277044
158,6,160.67121321897568,461.9779879132342
159,6,97.14431794990213,417.64900668528685
160,6,191.28260121781122,501.0735125503762
161,6,194.77107241284722,508.17307276480705
162,6,192.94053698702703,516.0747931584556
163,6,218.28601092848677,540.6363799810707
164,6,224.41319938232164,549.1179966491815
165,6,225.976068918348,557.0370746751603
166,6,231.1704638445819,562.2026101063024
167,6,230.879951317714,568.7685377218914
168,6,235.96827503726934,574.7425767815113
169,6,248.83607705641242,589.207092893002
170,6,255.5485486748469,596.4075099475933
171,6,256.11925830005873,598.9304750370594
172,6,254.93392949816604,602.2745465884055
173,6,251.6186571613786,603.0289010199398
174,6,249.65628614624276,605.9073093589476
175,6,248.53032321463698,613.5881448140276
176,6,249.2059537347442,617.4780168420534
