1,2,865.7460123777938,568.5242894321741
2,2,865.7460123777938,568.5242894321741
3,2,865.7215522951637,568.4894448025173
4,2,865.6241321090707,567.9877103857898
5,2,865.5610197182433,568.0170901362138
6,2,865.7087962245937,567.6362253799974
7,2,865.8299972842748,568.1725140465534
8,2,865.6147042265585,569.0783838117067
9,2,865.0087402523994,569.0820357765206
10,2,865.1757550979568,569.9479307894018
11,2,863.7358885551499,568.8312084857516
12,2,864.4110428797106,571.5904460066419
13,2,864.4338556993887,572.011370344235
14,2,862.1820521454687,571.7577106696465
15,2,861.7809823954119,572.254830053646
16,2,862.5203005621956,571.8610376872947
17,2,863.7065432658559,573.6192705485591
18,2,852.8786138481462,557.7974551580066
19,2,851.5026648669942,555.687445063063
20,2,838.5913611159865,537.2431027677627
21,2,836.983177365976,535.1713217499118
22,2,834.7139244406825,532.8564920451491
23,2,834.697663969322,533.3969988892129
24,2,834.0759431105889,532.9952917957875
25,2,834.7445299536106,534.5986440273429
26,2,835.2855299900817,538.086287866653
27,2,833.5615265219436,536.6972534581098
28,2,822.769956435602,526.688344096799
29,2,820.3382411738186,524.6738672122082
30,2,806.4005865414093,512.2539836792588
31,2,799.8740808922395,507.5589353338177
32,2,797.062654374451,509.43836835661165
33,2,796.1879483231313,511.18708178444496
34,2,789.906820547394,517.6155693386323
35,2,787.1704487799648,516.1773690291337
36,2,788.9928180904477,520.2183292065992
37,2,783.5618088955632,515.6679670077942
38,2,776.6319758814961,510.70865045811314
39,2,776.2011821753155,514.4249574652944
40,2,772.3250109386266,522.8407691808278
41,2,771.6085668173104,533.8363229058465
42,2,766.3384693349681,533.9222530302281
43,2,768.4880559029522,537.9765272393315
44,2,767.8196097978172,538.9530169877847
45,2,768.6406580087406,539.5743056138548
46,2,766.2164736115105,536.9936008176793
47,2,757.3355848741132,519.1820262961818
48,2,737.1840576159058,490.5628256254881
49,2,736.4767315571099,471.8341380872403
50,2,721.3507615607319,465.59524118566344
51,2,716.4832412432972,443.93049616004896
52,2,685.9330822818926,428.3896257926207
53,2,687.5592085061731,430.9048377793133
54,2,684.8832481801509,436.12560318452904
55,2,684.8123056171828,440.09799025252426
56,2,675.6730144312993,439.1257374733793
57,2,670.0898972389713,443.56735558201643
58,2,650.2256642376157,428.44843463341414
59,2,645.3817486286373,427.929925680526
60,2,625.5311587849286,407.8575472332639
61,2,617.25016522047,398.9526280054713
62,2,591.7073511007377,378.2747356537797
63,2,580.5094770927057,371.86836138070123
64,2,557.5302393509153,368.063767144774
65,2,572.3515132293272,392.6923697077652
66,2,523.5919512810759,356.5260648870864
67,2,524.8595473149866,359.7605050410797
68,2,533.6309803414919,374.64977176535507
69,2,555.7195323745643,402.72651490443263
70,2,561.713253037686,411.50265371309365
71,2,555.2543727053982,405.6379434750413
72,2,550.5538755218236,407.3482195602643
73,2,530.6148670908766,382.721903406731
74,2,544.9638687758928,386.31135970996934
75,2,557.4005549879813,397.9627325352685
76,2,561.8797582363028,400.687453226749
77,2,559.1393916216043,395.70916557512106
78,2,566.0436492617139,390.34880260487756
79,2,580.3512252080683,392.43999066413903
80,2,588.640248268414,382.3249050234287
81,2,596.8301333883185,377.8143577998878
82,2,612.8256372733155,370.1502276433653
83,2,619.9749567778101,378.36277034629956
84,2,646.8109065293951,399.7420527454278
85,2,652.7587830688364,402.7971955099663
86,2,670.6500646102457,427.10830818730284
87,2,673.3365517851164,421.46273228057754
88,2,671.5509706154496,425.43038577822284
89,2,672.8611673661956,425.388668816175
90,2,666.799729696587,436.8360906671781
91,2,665.7717316235469,440.96957896507564
92,2,662.169627140481,447.8706018393175
93,2,660.1779309972349,453.2961957132151
94,2,663.3009855270817,473.0154045538121
95,2,667.606152721356,482.4936475577833
96,2,664.5556593027862,491.0604227244343
97,2,661.5393562204575,490.13259412577077
98,2,656.3911267811192,485.01254669191945
99,2,653.4968416875663,482.43320551619803
100,2,641.6141803314259,477.60254697104534
101,2,636.9960781103065,473.6806095945241
102,2,616.6978216093892,453.0433658183405
103,2,612.3530134675293,446.8868545264811
104,2,602.5998681834179,426.2988235268249
105,2,599.2827637445059,425.9296875543009
106,2,595.3280748853358,428.3651909501038
107,2,591.5611529035048,429.4213014681079
108,2,592.4323290863731,432.94724387296344
109,2,593.1473613495822,434.5284874645948
110,2,588.4700721410678,437.4340399202897
111,2,589.757828284078,444.8833022769123
112,2,587.0507723535019,449.95971087468814
113,2,588.1854076442063,452.4218745363386
114,2,586.1515312632695,456.99028167582173
115,2,584.6886215194354,456.47503892791315
116,2,586.8151911992894,463.4725401985633
117,2,582.6873150279572,460.92521635006403
118,2,599.4461771954539,490.5346141581299
119,2,603.8886647479512,498.50730790626386
120,2,607.443928411436,508.4423669300627
121,2,611.7246761134235,520.0765380736516
122,2,627.0274384921478,541.3127925346955
123,2,633.1455991893313,549.9150053623264
124,2,637.4728599038539,558.4506400279082
125,2,633.1758123475862,558.5380656486005
126,2,630.032736696694,563.8407958033656
127,2,634.9408100920266,573.8331351035093
128,2,640.3220705725461,590.972744962251
129,2,639.3188413523671,591.171176054322
130,2,639.360339689909,590.8507190792897
131,2,638.3630791137014,592.1115314615017
132,2,633.2867587748816,594.4455559459633
133,2,631.1501727266335,594.9183649774541
134,2,631.3334728427434,593.6488160112533
135,2,627.1780426420504,591.3959732235423
136,2,595.1138170831225,552.3994625722394
137,2,590.0724868673065,551.7237958781953
138,2,570.6080349279471,521.7314956231609
139,2,566.3200400978407,518.3825603770255
140,2,568.0971579164227,515.8024760687941
141,2,563.5480940144045,509.1000027273431
142,2,569.5293537907522,512.5063663877597
143,2,569.9267149432823,512.3130641855909
144,2,572.5372698096512,514.7118507294329
145,2,570.38730706448,515.2548189879648
146,2,555.5904011134107,504.4579350795318
147,2,567.4505185548705,519.234636651312
148,2,534.5855240941308,508.0223915729826
149,2,528.835488487287,503.7213923498476
150,2,508.8605289696521,504.14133643066725
151,2,504.0685682249146,502.3933681668874
152,2,502.9312580187094,505.49815797880467
153,2,511.92883482001224,518.2820392357779
154,2,508.4733902929174,542.6048824476253
155,2,499.77244608368613,535.120015707364
156,2,494.9495540365814,566.5591593976101
157,2,492.932644543577,569.9879206692128
158,2,487.6935372228401,585.2898652002137
159,2,480.58819820042004,586.5872768293918
160,2,489.74474688574196,582.8728480229387
161,2,487.2474641262381,598.0418043487396
162,2,474.57827716731896,603.3030805474515
163,2,475.4403237492458,610.3959228197747
164,2,460.5782900720285,624.2310404998923
165,2,453.25603570599145,638.0737184555786
166,2,440.96208105278725,646.104717248091
167,2,437.943101841682,646.329012614195
168,2,399.7354004333939,636.4845991947634
169,2,381.7007829141152,636.76525943778
170,2,318.4812126480827,617.6544850706684
171,2,304.8784110422256,619.2333550010983
172,2,296.41621722964675,635.3200761119793
173,2,289.9494100979591,640.0411869093889
174,2,291.98233915673444,667.6749604860362
175,2,281.68262919842743,672.311187466848
176,2,267.1034898801607,671.0445464344016
177,2,258.65257234525535,668.042109247031
178,2,265.0077260520903,678.1256518473805
179,2,266.9097049892455,679.8795615848181
180,2,268.12528359594785,684.2707749199205
181,2,266.32268255820895,683.1806061764532
182,2,269.94491280246405,686.7910212952581
183,2,276.6764860686773,689.2799755780762
184,2,277.7592313422761,681.5635520482975
185,2,277.317311388945,683.9761064990009
186,2,285.7877160844867,696.062670559665
187,2,297.8894209008689,708.0972149431956
188,2,318.8042868427568,724.5669641314687
189,2,327.016626096067,731.3661277818856
190,2,332.97567410775434,741.8548157347452
191,2,328.55693760440903,741.591919507039
192,2,324.8414112331691,744.9408825853111
193,2,326.5536731379471,747.6839967070035
194,2,319.055441494918,750.9132900384335
195,2,333.3309863035466,764.4481368230965
196,2,384.6353306960441,807.8971056478706
197,2,400.93144320779277,821.1703308069593
198,2,401.0460482372965,826.3668183187048
199,2,405.32608683968084,832.8791955282159
200,2,408.87449933152186,844.3249217596604
201,2,403.0076311206968,846.3890295344205
202,2,419.9093209175278,880.8120328737879
203,2,425.0557644215465,885.7095066019161
204,2,441.70612405804945,910.5363649966384
205,2,461.114742051793,931.9839365823833
206,2,477.9698287018402,950.052946379901
207,2,476.9314873458977,952.3695010405365
208,2,472.2390249009909,959.0388908372373
209,2,468.9617974846442,963.6548581472824
210,2,492.4556880551404,988.0167949149293
211,2,503.3787248708933,999.5030169904305
212,2,517.8919996367341,1016.3168270144705
213,2,518.6203525165338,1017.5452513111461
214,2,523.9937317878562,1023.9432199036012
215,2,521.2358801884544,1024.4303256554017
216,2,522.2507105679316,1028.4827710622726
217,2,535.2326645418785,1036.7333845884589
218,2,549.6732627906993,1046.9719371433048
219,2,554.6093375009876,1052.8857853602728
220,2,571.331417823878,1060.7661522024132
221,2,574.9511793535919,1063.7685482172012
222,2,580.478755313078,1067.294045812142
223,2,578.8057100901128,1065.8045833099354
224,2,579.3376307034722,1062.5840896392317
225,2,580.8832373104804,1064.286540886022
226,2,579.805636151864,1060.379339850329
227,2,582.380917124854,1055.495639290022
228,2,583.6131610041956,1049.6922910206147
229,2,583.0433789428708,1048.1680424875995
230,2,579.8773401737402,1045.074174281022
231,2,579.544965800171,1043.469622318774
232,2,580.6824080002671,1043.340356175755
233,2,581.3214794586135,1044.6792591716921
234,2,561.5419955074051,1035.997611658274
235,2,560.3952774856075,1035.6013960788537
236,2,557.792145043741,1033.418135258568
1,3,969.0485967250684,525.0537246329188
2,3,969.0485967250684,525.0537246329188
3,3,969.037484850074,525.0445918073693
4,3,969.9870534663743,527.4034101318632
5,3,970.0153920065767,527.3644051756448
6,3,970.0217572167932,528.1971567437084
7,3,969.9473894508468,529.2139532966596
8,3,970.4085373859201,530.3104217621191
9,3,971.0390539537331,531.0575825356725
10,3,970.8967139322397,531.6334168321574
11,3,970.6423337064006,531.1680319698683
12,3,971.4997799596673,532.1415217780796
13,3,971.7039785504605,531.4106621749021
14,3,974.3206950950477,526.1174500927525
15,3,976.177576663712,523.3603042086758
16,3,977.9010637835606,515.381486346286
17,3,977.5709226165055,509.623384337482
18,3,977.8972493247873,500.7611928941027
19,3,966.1215246438625,478.40586592386506
20,3,973.4864299358842,480.95286713650074
21,3,971.3527168865131,474.8108136186901
22,3,976.4157887049089,483.3573361717897
23,3,974.9342608382377,482.0518663266673
24,3,974.8238873383114,481.6358928508731
25,3,975.5700359016431,480.56845852877564
26,3,975.4708810147183,476.6140415650182
27,3,972.6179076294363,485.8591283478358
28,3,965.2095401652825,481.74099201703365
29,3,961.5879894036187,484.6279966646614
30,3,948.5882146982084,449.7489573508996
31,3,954.298871484239,459.82449261084105
32,3,952.9244648922961,458.2569792256183
33,3,950.0941763091893,455.51578397696403
34,3,954.9481308865305,465.3737472724553
35,3,957.5232237637913,471.7091918151986
36,3,957.7293969028002,477.96979802399056
37,3,955.7403120672219,477.19429740453467
38,3,953.8668295765635,480.6049414948881
39,3,951.2214149714241,481.2831888664654
40,3,945.1089690817065,483.0482991454152
41,3,931.6668372071607,469.66655144626895
42,3,903.6865232281962,448.3554001145218
43,3,902.1784732260589,453.33060390152525
44,3,893.2334607728823,455.0742572018646
45,3,889.067690881045,454.1440719909833
46,3,874.8877547000253,459.3440556217197
47,3,848.8393973841113,429.00757188253294
48,3,823.3216826280911,413.4587661232422
49,3,818.1913106214038,422.1157401739226
50,3,809.5526082777014,430.66197496392135
51,3,801.9659686059551,429.6847905343774
52,3,766.8873906029619,400.6864730079323
53,3,749.6578131845254,382.78779280315945
54,3,733.4288418524793,387.6318630522478
55,3,745.4446200056065,411.4774052311166
56,3,705.9932931560663,372.4696222497647
57,3,696.4811922284239,370.56213439261694
58,3,656.8812538926431,344.68229876951256
59,3,649.0907722098696,342.69934765960767
60,3,633.9166628422922,341.84215593261194
61,3,623.2470117351436,333.56845210119593
62,3,610.8794131827846,335.0055536492362
63,3,600.6562680394806,327.9596632137467
64,3,587.2094864526177,352.9174353339311
65,3,584.1188194407734,355.1839929060598
66,3,585.5691739202339,362.5178618676377
67,3,585.8544307991789,363.4019985025925
68,3,582.7572845040373,363.79927882559815
69,3,586.5876710542564,369.0668769034363
70,3,540.3791548985333,333.76404075237343
71,3,511.649930133693,308.5440877094261
72,3,501.1444626307019,297.5396113240707
73,3,551.6417741708213,362.6595307468922
74,3,503.08750391800805,313.42338195490225
75,3,504.11107305639683,312.46753953388924
76,3,474.49033167164157,296.3104084123694
77,3,447.8573869941205,278.3713479272938
78,3,469.62380812353143,311.41843413632864
79,3,547.3296510544101,371.79120447634483
80,3,488.50513006369306,325.486285648987
81,3,479.6607567088188,354.1188214827883
82,3,476.03631424827444,358.09497970167973
83,3,474.36332243674065,358.4392823947358
84,3,465.3700662541528,363.84736611367094
85,3,459.7618085001051,366.4388739887324
86,3,451.7391070958699,371.8217912921973
87,3,417.6932398999952,360.93251467764696
88,3,416.04885926561474,379.2847129747866
89,3,412.51310375837545,378.0862473651729
90,3,392.8963814959637,380.1192363099149
91,3,409.68251839346834,409.0197824544755
92,3,386.7389005335429,398.99500837798644
93,3,384.1107588227218,409.29849542195916
94,3,381.61460628172927,419.17115586907636
95,3,383.1863831006551,422.22580944178793
96,3,366.9344147176541,432.31096507707275
97,3,372.5829038693872,437.79402305022427
98,3,393.2269397961806,462.07268774478615
99,3,392.2185516332018,464.60874817165825
100,3,400.75122159096685,461.8270160756006
101,3,395.0545303320671,478.34769409034874
102,3,391.94850542730154,478.9822267815126
103,3,389.58702676220383,477.6626471679972
104,3,396.010283515129,486.19874218295894
105,3,399.9602400431101,491.71902933600836
106,3,397.95097831406207,491.4444097528612
107,3,398.09125341254367,492.6569097740444
108,3,382.76018707375425,461.3274132688034
109,3,360.6673003553793,431.2966692165034
110,3,357.16360815273583,441.1595403985655
111,3,378.8652481391867,463.05230497799164
112,3,383.7235391068361,461.0656351456091
113,3,385.97643435112246,464.13345075313947
114,3,405.729191576062,487.8257179344313
115,3,403.9098599034038,486.02252720950844
116,3,404.78230811519825,483.21177987347704
117,3,410.6484939911814,483.82592474038034
118,3,413.5398910039456,475.6497085432136
119,3,412.6889915447899,473.4432788751286
120,3,419.20609386599375,475.5101934535266
121,3,427.7726662413,483.7682629622241
122,3,450.7553154885502,508.28767481092837
123,3,458.7276357917405,515.4716832943951
124,3,469.9906497053839,526.2213726630226
125,3,474.29259085141507,529.1610342361324
126,3,474.13450610445017,524.966528680888
127,3,477.083406713201,524.6423092896949
128,3,472.4266559075102,517.5273978287302
129,3,474.0146804955746,514.3672126813653
130,3,468.3168810778489,483.97228930801487
131,3,473.5419710717602,476.93913976608354
132,3,463.40441096457704,445.3113906198216
133,3,470.04249352642205,449.33530225834863
134,3,476.6805760882671,453.35921389687564
135,3,483.3186586501121,457.3831255354027
136,3,489.9567412119572,461.4070371739297
137,3,496.5948237738022,465.43094881245673
138,3,503.2329063356472,469.45486045098374
139,3,509.8709888974923,473.4787720895108
140,3,516.5090714593373,477.5026837280378
141,3,523.1471540211824,481.52659536656483
142,3,529.7852365830274,485.55050700509184
143,3,536.4233191448724,489.57441864361886
144,3,543.0614017067174,493.5983302821459
145,3,549.6994842685624,497.62224192067293
146,3,556.3375668304075,501.64615355919994
147,3,562.9756493922525,505.67006519772696
148,3,569.6137319540976,509.693976836254
149,3,576.2518145159426,513.717888474781
150,3,582.8898970777876,517.741800113308
151,3,529.0982582176105,464.2939932636716
152,3,542.0818496401383,468.18363070529995
153,3,540.000858371946,465.53166197242626
154,3,544.9550812900856,458.2050154572172
155,3,549.3842658135388,462.59416488003774
156,3,558.613105036696,457.1619242336567
157,3,565.3581183115281,462.34834533109637
158,3,580.6665647217801,474.1563717525753
159,3,589.3855435336468,475.0373021766919
160,3,618.3608851049136,495.0378146661176
161,3,619.9442805641696,494.2835916096012
162,3,626.8489745876467,495.325954080543
163,3,626.9074133927453,492.8167990332931
164,3,629.1003509915814,491.4766723755568
165,3,629.1839360236428,491.71419614635954
166,3,628.602621399511,493.6163899177764
167,3,628.4546564244132,496.09639093822295
168,3,633.5462032827071,507.11724304607594
169,3,648.9748070194402,529.9595705025326
170,3,649.9489848215886,538.9830698143746
171,3,646.3707734887996,549.1980328785085
172,3,633.0026911187626,577.0788516882377
173,3,634.4266113752328,583.0946569142058
174,3,627.560892825674,588.2813177299856
175,3,620.37035481498,588.2956793918007
176,3,578.2964003248942,571.3780520276416
177,3,571.0804398169763,576.844348951372
178,3,542.5094042370275,591.4211235910097
179,3,546.4388951312058,599.1837690862006
180,3,534.5176495778036,610.0915996214067
181,3,527.3418585439465,614.2197266920748
182,3,524.8197317387459,632.5554257315032
183,3,527.0427398872654,648.5557575628957
184,3,518.8342176837494,657.5188466123199
185,3,518.4114281624991,667.5091386398594
186,3,506.1585895315594,681.384008034328
187,3,500.3614475269841,684.5855280764929
188,3,492.90684386987806,702.3940672903449
189,3,499.6191084419314,719.7023199485656
190,3,517.9614373876096,751.9777472383205
191,3,524.496675770166,763.2692710958871
192,3,524.2163525962266,770.9774531603721
193,3,524.2281667554578,776.4028743320706
194,3,576.4767572024605,825.2900840053009
195,3,577.7604558154362,833.9119519452478
196,3,595.223847512906,852.4782523119504
197,3,591.6874548557068,855.435608972464
198,3,592.2598862026194,872.6486588368572
199,3,585.3307489587671,869.4365109782358
200,3,619.0778516146834,906.0145579081623
201,3,664.4117326164767,943.299894120418
202,3,675.106527408687,954.8918764277295
203,3,676.0937452032515,956.6217708825752
204,3,679.0882594942025,958.7597768475445
205,3,685.7043141701565,962.8665050221796
206,3,749.4812196300938,1008.1524049036994
207,3,759.6062996877841,1014.318103473191
208,3,784.1027187105849,1032.0271134795003
209,3,785.5891141378518,1028.6008005907506
210,3,786.8056067461673,1024.5876314311827
211,3,786.7130544313551,1022.2569401624168
212,3,788.6442231181403,1022.4847780199755
213,3,790.1072120346241,1021.6668490213576
214,3,802.0639176318923,1024.1848868192174
215,3,814.5518010775974,1029.5936595040014
216,3,817.9618140037975,1028.3272204488096
217,3,818.9299110280577,1027.663543357974
218,3,819.1986604958553,1027.4969114580083
219,3,817.1669035514473,1025.702788248712
220,3,815.3514151464881,1027.4670663395248
221,3,813.497302042856,1028.7573026625753
222,3,812.2202055905648,1032.6181782479555
223,3,809.3271610613541,1031.4297706357988
224,3,792.4991657948968,1013.0600968348862
225,3,789.72491596751,1010.3940278554334
226,3,784.2217039640005,1005.2601025012789
227,3,784.0622968238035,1003.8048009481544
228,3,781.9290778308248,996.7362758774028
229,3,782.3217858500785,993.9185546826307
230,3,767.3644183960093,976.6965325353809
231,3,763.4139780745601,972.7446984163398
232,3,760.6425487719926,968.7673854169469
233,3,759.331868833876,967.8839587342779
234,3,747.6577330325146,960.1224529657044
235,3,747.00357638015,959.8177041052986
236,3,741.682092378242,954.06169035161
1,4,599.3079573209051,1438.9143074022343
2,4,599.3079573209051,1438.9143074022343
3,4,599.2162494871596,1438.8945308600973
4,4,597.8136029770375,1438.8738992492051
5,4,598.0036011119499,1438.8999868618967
6,4,597.7553604106573,1439.0706823361934
7,4,597.4301922501262,1439.1792494872261
8,4,596.9521005710308,1439.350149145556
9,4,596.988634472833,1439.4132398203737
10,4,597.0728071083875,1439.3866176934953
11,4,596.8767072700005,1439.413978443278
12,4,596.8592422716445,1439.4188088631324
13,4,597.0100267733864,1439.319656361511
14,4,597.555450240437,1439.3400180866784
15,4,597.2733908538005,1439.1399346204923
16,4,597.8994526740989,1438.909548240585
17,4,599.6031837577408,1438.4515698991981
18,4,601.7591704848383,1436.7805568661713
19,4,604.4108937691182,1436.0245539399193
20,4,606.8612674809747,1433.107576190918
21,4,607.5273643737321,1431.9205392369936
22,4,610.5061024823095,1430.636626001464
23,4,611.2429824756275,1430.1442023734426
24,4,612.4591745249161,1428.2036279759732
25,4,612.3661428388117,1427.7263420312825
26,4,613.6630693266105,1426.9630109466978
27,4,613.7624606210763,1426.600960843107
28,4,614.1613280515929,1424.6231752099386
29,4,614.511584452395,1424.2359992562865
30,4,614.4990802226631,1423.4616258213198
31,4,615.4886774878926,1423.1946050186716
32,4,616.0571085375533,1422.0987481021407
33,4,616.2637241617059,1421.7333427897381
34,4,617.0279902294852,1421.921516501057
35,4,617.1092765144911,1421.9779843069568
36,4,617.3312929391088,1421.9536172039448
37,4,616.7383472930121,1421.724827148232
38,4,616.4470049788725,1421.9550414023852
39,4,617.049569357187,1422.4700597019428
40,4,616.38875297712,1422.8471021034318
41,4,616.9988501357617,1423.323572019714
42,4,616.4473070022823,1423.9305535782223
43,4,615.7250081764931,1424.1881716015528
44,4,615.6323473817827,1423.9416793150272
45,4,615.4900277395194,1423.9872573591845
46,4,615.155700015487,1423.875005993028
47,4,614.989172482081,1424.1753652509042
48,4,615.0417524723118,1424.6931014046731
49,4,615.0622336735084,1424.7298297983893
50,4,614.8999156144048,1424.1010852078389
51,4,616.2764374655898,1423.782544902502
52,4,616.7538482746575,1423.216890815499
53,4,616.3301032878303,1423.0311729821526
54,4,617.223485989916,1422.8459493813189
55,4,617.2077291349896,1422.7058992518396
56,4,617.3219173728787,1422.5804263921148
57,4,615.9478471294591,1422.345046137077
58,4,617.5351332365112,1422.7981233859673
59,4,616.0670403358921,1422.4623382228556
60,4,617.5184905994175,1422.7242660825063
61,4,615.9306701207632,1422.3794173017336
62,4,616.2989744024969,1422.498796094271
63,4,616.2840817934654,1422.5020655262958
64,4,615.6370356929795,1422.4065430158169
65,4,615.6590155737446,1422.3916142046496
66,4,615.7094907119761,1422.3931054990198
67,4,615.7612704327012,1422.3431365825147
68,4,615.579753045269,1422.2768521593812
69,4,615.6759317957803,1422.305047034774
70,4,617.1395620012361,1422.614301682096
71,4,617.1939662874688,1422.6211745248227
72,4,615.6760539766751,1422.3815350175819
73,4,617.2397841952544,1422.7131403806825
74,4,618.483338044748,1423.0201180901672
75,4,617.1888155577027,1422.7350533964268
76,4,617.1495125388353,1422.7334151045811
77,4,617.2095489591857,1422.75898726056
78,4,617.3974284371014,1422.7745609395952
79,4,617.3280581398101,1422.7259759679464
80,4,617.2571503067417,1422.768539293605
81,4,617.1421046645181,1422.801516563124
82,4,617.171275331237,1422.809460504948
83,4,617.0185425297026,1422.7741125699688
84,4,616.9383521848371,1422.8573466377345
85,4,616.9229164379035,1422.8595911624784
86,4,616.905462529812,1422.8548660523493
87,4,616.7773753938808,1422.8493075250308
88,4,616.7309019512509,1422.8351012064297
89,4,616.7012140731282,1422.796944996403
90,4,616.7468727987554,1422.864908118654
91,4,616.7073561302657,1422.851240884095
92,4,616.7464435459655,1422.8238460454108
93,4,616.7928703063144,1422.8355951601789
94,4,616.7920839195218,1423.0068790063285
95,4,616.8071821858915,1423.044351414963
96,4,616.7304245675857,1423.015403095571
97,4,616.7941079804252,1423.0467088397093
98,4,616.8535042973741,1423.1017423596243
99,4,616.8419989341252,1423.1086095847195
100,4,616.9544814854844,1423.1687386766466
101,4,616.9198388144445,1423.067900121586
102,4,616.9141711556789,1422.986040745829
103,4,616.8689308893426,1422.9993334725855
104,4,617.8973073197315,1423.1147562953688
105,4,617.9279847034765,1423.103873073384
106,4,618.0302572003015,1423.0663027652477
107,4,617.9408142399142,1423.0983968559185
108,4,617.8078368446,1423.032341482269
109,4,618.0643851214097,1423.0904110926647
110,4,618.0163781978824,1423.0226295071925
111,4,618.1488778156389,1422.9647727274232
112,4,617.8758607275687,1422.8439998579458
113,4,617.8692872126923,1422.8734914446654
114,4,618.0857712047346,1422.9444882407495
115,4,618.1060018699911,1422.9388364770691
116,4,618.131134780691,1422.9400563250988
117,4,617.9059129925125,1422.871022368587
118,4,617.9911977216021,1422.8915010152286
119,4,617.8907674341099,1422.906925215846
120,4,617.5264141112601,1423.181079363187
121,4,617.1715748327437,1423.2865751715299
122,4,616.585303682542,1423.44791179626
123,4,616.4704029326356,1423.5381450317814
124,4,616.9507013424582,1423.9893521351462
125,4,616.9501411253801,1424.2550099546702
126,4,616.2751481623475,1424.5724404664709
127,4,616.2257889595783,1424.5729260394442
128,4,616.0389823040061,1424.8084079711903
129,4,615.5623021372734,1424.9540875421944
130,4,615.3650988448319,1425.2304005142214
131,4,614.7523766262632,1425.3847478292166
132,4,614.3114731765395,1425.4346990027093
133,4,614.5083399132961,1425.5689428031578
134,4,613.0518041067941,1425.011215892849
135,4,613.1269588540674,1425.066944927323
136,4,613.2423810887263,1425.099201823771
137,4,613.4689753707459,1425.1315415188938
138,4,613.4054305323192,1425.0026493494254
139,4,613.8253490070581,1424.9950577396455
140,4,614.5615794102331,1425.18543247079
141,4,615.3583719450403,1425.300920158994
142,4,614.9683213845917,1425.168409999647
143,4,614.8431925743265,1425.040802473418
144,4,614.6514656809535,1425.1788747062897
145,4,614.5109931515552,1425.483513216314
146,4,612.0891367935064,1424.7709637760108
147,4,614.9992684412096,1425.9236606103038
148,4,613.1935733289606,1426.7796639387684
149,4,613.2027324374995,1428.0290925042384
150,4,608.4615136966827,1429.7391174636202
151,4,608.0704399900308,1430.3885691367648
152,4,605.9139682556256,1430.4267713352906
153,4,603.4699928453073,1430.698874303589
154,4,600.5860570188952,1430.6443385344096
155,4,600.8568868587995,1430.229361900288
156,4,605.0053960123664,1430.8020609730804
157,4,606.6059125559742,1430.3453658559204
158,4,609.1291587532403,1430.130483127088
159,4,609.8153463547301,1430.0798099754606
160,4,610.7616092117349,1430.57958998235
161,4,610.0916880225355,1430.7635752099638
162,4,609.4013761448365,1432.1874316844724
163,4,608.5841190127431,1433.1126110962255
164,4,607.513119285961,1434.3550007394886
165,4,606.1715583303974,1434.7169398026265
166,4,601.9771568943045,1435.921482846123
167,4,594.4718184392519,1434.6765068021555
168,4,571.4336248116449,1436.166220043229
169,4,534.9980383270135,1427.7095275669406
170,4,525.0955003959912,1431.7068845861425
171,4,528.7445889760803,1435.478323967107
172,4,520.2485701532138,1448.3808249023514
173,4,515.8448130073812,1449.2364316303508
174,4,512.8268813536479,1444.3662101111333
175,4,501.3900063109223,1450.4373852875003
176,4,475.36004210338433,1451.5169373098358
177,4,431.88779414493126,1449.502470875473
178,4,446.48323227640554,1453.7671955689127
179,4,437.25526509446934,1454.0203645342915
180,4,424.19664902718273,1465.2940426983603
181,4,420.07567187557464,1468.4150136054468
182,4,393.9103971930136,1466.1463313612019
183,4,376.79832939145507,1463.1523834812288
184,4,366.0100601278548,1466.96177904773
185,4,362.23809379746143,1462.385038054739
186,4,354.32685371173955,1464.0225723357576
187,4,340.32528365169884,1459.536765202087
188,4,341.3665615132453,1461.830432174931
189,4,335.6178630162739,1460.6964740525852
190,4,310.7206520959591,1456.5085141079282
191,4,330.29408534623974,1463.054884920586
192,4,344.439429198776,1465.2143229833323
193,4,341.20994064042424,1464.6679155251204
194,4,345.69805032138595,1467.0890166356648
195,4,345.530626592972,1469.3658087222977
196,4,341.8362113988742,1475.1448754441174
197,4,338.7354941091615,1474.8646770972546
198,4,336.9589565467248,1475.8479543564233
199,4,335.9760122108928,1475.5601140703388
200,4,334.82434151861537,1477.7124624255662
201,4,331.963005318045,1475.4481431262284
202,4,321.8174689334626,1472.4136090864515
203,4,319.33092710319784,1471.9885141316988
204,4,310.9936686516944,1470.5367042380944
205,4,309.5038599812312,1470.102138100531
206,4,307.3781335644922,1468.9701681243182
207,4,311.974565544063,1469.963808669767
208,4,319.367624206369,1469.0209163307763
209,4,319.08982232440064,1471.9749503327635
210,4,320.77759031784854,1465.952914231637
211,4,315.0802446614125,1463.5805687674583
212,4,242.82517155787122,1445.9690563096879
213,4,240.1141952190112,1445.1894319670214
214,4,175.48018236721444,1433.3681412515434
215,4,185.87421650039897,1433.6619117010532
216,4,190.44136977702496,1433.4281290765637
217,4,204.37777287062497,1432.883451527418
218,4,248.24323510086936,1432.5852536779848
219,4,262.41327741978387,1434.3447484075782
220,4,274.37352591256956,1434.6082457809453
221,4,272.3671379865388,1432.5247058185278
222,4,288.2038555964475,1433.9165028736782
223,4,292.7197275172974,1435.6698196342438
224,4,275.2062344197791,1435.2951502110745
225,4,278.0908529385095,1436.8426720825084
226,4,282.7068490240714,1442.474455501815
227,4,269.1575235479192,1442.611764958772
228,4,257.9559028303289,1439.5035938882045
229,4,253.4253115707263,1439.9775486097672
230,4,274.1110892230189,1441.3326219657513
231,4,279.058350355246,1442.3486918966958
232,4,282.15354898888074,1440.5629162267658
233,4,284.6056890686936,1439.6643230146851
234,4,292.99781106531054,1440.1948161708715
235,4,293.0052597864822,1440.2446029665527
236,4,294.9874713012364,1440.669659473216
1,5,590.5479619547414,1096.6008015560224
2,5,590.5479619547414,1096.6008015560224
3,5,590.4529398992329,1096.588753518523
4,5,588.7254320993878,1097.3066547575152
5,5,588.8840557098356,1097.8655671262698
6,5,588.9761678915182,1098.3316412313548
7,5,589.1106024797919,1099.3475725081498
8,5,589.5123520812093,1097.8565076154048
9,5,590.3201215980764,1096.773096626946
10,5,589.3980525866752,1096.957847604404
11,5,586.945054767316,1097.5794130210897
12,5,582.4862303776308,1096.3346668824454
13,5,583.5072560750565,1096.9047183101593
14,5,566.7176046875196,1085.9640370850916
15,5,567.3484882575058,1085.6057239156821
16,5,566.8356865394971,1084.4822785574643
17,5,566.1198208069297,1083.362492280411
18,5,566.6686415781642,1081.9191907484826
19,5,566.3709350080524,1081.7280880496812
20,5,564.8741507889503,1079.8398305655642
21,5,562.8783455232953,1078.4363425560955
22,5,549.6713718190551,1070.972535354297
23,5,543.1904442945616,1066.5813780421588
24,5,530.6569137355517,1055.6355654057631
25,5,530.0267170233751,1054.3693834376152
26,5,529.0000907755666,1051.1370677704333
27,5,528.9607882142175,1050.0115846978372
28,5,530.0520456323256,1047.749075146261
29,5,531.2672109441991,1046.8187781930153
30,5,525.7992432919212,1037.721445854675
31,5,524.7100625411374,1027.7928850261326
32,5,502.89192147527774,1007.6763502027916
33,5,498.1178099156195,1000.5140674580845
34,5,477.88025284918166,984.5378923834255
35,5,484.3709178491901,986.612174213163
36,5,480.5664693442747,980.7202276055626
37,5,488.39567654559505,984.906259879312
38,5,480.4572750860499,973.2171281588246
39,5,487.3274271151964,972.9256458239789
40,5,489.213739117178,972.4878480693486
41,5,482.8708031735717,967.3565712322152
42,5,469.795450259888,947.347923015223
43,5,465.8225119935788,940.8417659765618
44,5,442.40387635146146,911.4983693006092
45,5,443.33775216971094,903.7990194033125
46,5,436.74924080032145,886.5847197257498
47,5,426.5870168658111,874.167728385567
48,5,425.00571664891737,860.3034782413428
49,5,426.847992181541,855.3911712539838
50,5,424.62123005653234,847.8874188543173
51,5,428.39451324304645,844.5427728876821
52,5,429.2970921695852,842.3211271732162
53,5,429.34729472180777,840.1393347591963
54,5,428.7438811423509,839.3449856368273
55,5,429.42928792330196,838.9920142541544
56,5,433.0545025413624,840.2620185929502
57,5,431.4533144189676,840.1565803207232
58,5,426.39570603870436,837.4967555443757
59,5,428.7634939825587,838.8865559722586
60,5,436.90313655051267,840.7616862192017
61,5,435.9941394452841,840.5163979766958
62,5,444.2450033124831,847.4036659559254
63,5,444.4860819864582,847.6559731769008
64,5,442.719414899218,849.791903736236
65,5,443.1778022837389,849.6495552661918
66,5,440.70498617707585,848.1065269050777
67,5,438.13357079555703,846.9842450962086
68,5,437.35387143309293,846.1765994624543
69,5,439.74337714423245,847.5949672345424
70,5,437.59394352701617,847.6193155726262
71,5,437.66650588069035,847.181842919725
72,5,437.63914264075925,846.8650727040176
73,5,437.8785285647024,846.9122901632262
74,5,438.05430227689317,845.1363399002613
75,5,438.1788236612448,845.2608790496347
76,5,438.77477734995034,845.013346808112
77,5,439.58190153392763,846.0364535180006
78,5,439.41592743433745,845.8993331832262
79,5,439.2226792986499,845.5020879037837
80,5,440.19076908943555,845.8606529667487
81,5,439.7124837779299,846.1683386360835
82,5,438.0512616053782,845.0082645077619
83,5,438.47381075243214,844.3892278793714
84,5,440.5287651527233,845.0458671078231
85,5,441.0855937220131,845.9246299005841
86,5,444.47953880541735,849.6099675726177
87,5,446.8773858185292,850.7248032822635
88,5,448.1120351971591,854.8426958707704
89,5,447.1774176340661,854.2915537238713
90,5,445.6940921998061,855.921009066788
91,5,444.65724374377305,854.064206543132
92,5,440.2151715871839,852.6675909935823
93,5,437.7223052919138,853.0658570328246
94,5,430.79460291295334,853.5058778933596
95,5,431.20475620730394,853.8924285599966
96,5,433.41648534430357,854.4755963588681
97,5,435.22041613640766,856.1349752810983
98,5,431.34373467454583,852.8552387295473
99,5,432.13793456080236,852.7367513521709
100,5,429.78413179057674,849.5741414328302
101,5,427.8151035397279,851.4365558301438
102,5,430.40582798830064,854.4237590638559
103,5,432.76227151347234,855.3930042586343
104,5,433.80684097226225,863.5439870819883
105,5,433.38737667939216,864.6507526032708
106,5,431.0694974927856,862.6697634223915
107,5,430.92891621112716,860.6377126374762
108,5,438.71945600424453,865.7645811216455
109,5,444.9438580902041,871.276129055478
110,5,453.5893543383257,883.2698408371737
111,5,457.6472561906036,885.6438001754888
112,5,473.98450437718407,898.0626041546022
113,5,473.7256622743223,900.4676226809166
114,5,473.9362629760299,902.3121138262862
115,5,474.09146584819564,902.4925352115878
116,5,473.8913420392138,902.6307713266197
117,5,474.2780109908761,905.3153628619655
118,5,472.9846373074901,910.5348378217194
119,5,471.4879242603479,912.2997992398083
120,5,468.579816672472,915.0199847382728
121,5,468.83223998117273,916.3245927881737
122,5,468.8610465750308,918.4355739601855
123,5,469.1280917169945,917.9305671344769
124,5,463.6011111672028,914.3817471031489
125,5,462.885788248604,914.5553779714345
126,5,462.01407062622627,916.6658228157972
127,5,459.2249706839687,916.6862073992064
128,5,459.85675772453664,921.8276764791151
129,5,457.3285901976797,923.5063542822741
130,5,456.02676354939933,930.9125482640319
131,5,455.81645754963085,933.1310913307328
132,5,442.17309838066006,931.1411182781899
133,5,436.2691052239648,934.9487681282627
134,5,456.88452367155804,953.4014196590402
135,5,455.5904508051774,954.7275926075595
136,5,454.82136516030926,954.7756636880463
137,5,454.0434800115645,954.92007306837
138,5,449.44661864298615,952.5275688476942
139,5,451.6957039435082,953.5379251644642
140,5,450.11973792231885,954.7964190609853
141,5,443.0468729647966,953.7603901115984
142,5,447.778042881133,959.8656564819513
143,5,447.9184034003757,960.2143841340322
144,5,448.3463650713178,961.6019577051019
145,5,447.87253213474986,961.5370471363384
146,5,447.92539669043015,961.3696018988481
147,5,445.7770573874324,958.5519083687312
148,5,435.426150186783,952.852441294228
149,5,432.8229500793199,951.3410615206274
150,5,399.4368039123558,925.3606917357589
151,5,414.98415721409174,935.0478759222627
152,5,420.39712877319397,935.2723948607115
153,5,421.15934255140826,933.9845553313324
154,5,418.1347126802629,930.6977903092132
155,5,418.21111341602705,931.1810054179635
156,5,416.36845659999807,929.6904558784775
157,5,416.2220452753212,930.1631614252689
158,5,410.101696903671,924.5822985114847
159,5,403.59148194335097,920.656714953757
160,5,369.9631702576079,899.5376961752395
161,5,371.40440927311687,897.5505569918324
162,5,370.5144998884614,893.3807148048452
163,5,367.2034165677118,890.364741569396
164,5,364.1423941911169,896.9835316479952
165,5,367.297321221313,898.2903673690809
166,5,365.111526175872,895.48009053293
167,5,356.2605476546738,886.6264814522971
168,5,287.76405975989576,818.6828906826441
169,5,275.27663942472293,807.9381442709348
170,5,291.4563314987574,813.6112948874044
171,5,287.05187162913194,804.6799938864455
172,5,268.0520181272667,786.3044482297896
173,5,260.0218356285587,778.0107725671262
174,5,251.92231907249115,765.0920703681038
175,5,249.38926105466646,762.2630587151234
176,5,242.91690794682245,763.4395856261835
177,5,240.86689849952924,765.3439123797549
178,5,236.405407818977,764.3719502088842
179,5,238.1275609501456,766.2882424138111
180,5,240.49627147344725,771.3588556564673
181,5,239.6146881906066,773.4369009101139
182,5,237.0926873802966,776.1592219202688
183,5,238.9425760815839,777.0259334396801
184,5,238.14248935743478,779.0229403869646
185,5,234.9416544830319,782.0335865547033
186,5,236.21965477038725,792.789634030764
187,5,229.7439946507958,795.0435987632217
188,5,214.2303192118986,795.5983326347363
189,5,213.25717214143432,802.1999857494594
190,5,211.1530738883054,815.1645102713945
191,5,205.23371516247394,804.2080942550992
192,5,213.383937306477,823.2192578522947
193,5,210.68453600285878,824.7639280298889
194,5,207.52827660907553,836.5155443380835
195,5,204.37201721529226,848.2671606462781
196,5,197.48003532380983,878.6405274199877
197,5,194.69109182616415,886.1498936300237
198,5,193.22926825225318,905.8326323056629
199,5,207.5258198164068,917.2109636692995
200,5,191.6216100411216,917.1627918346285
201,5,243.329843539856,950.5972520350414
202,5,233.62864743075818,977.9748250178088
203,5,233.17322008176757,983.784583483143
204,5,223.9955272908273,991.5575775496881
205,5,222.63901538964416,1000.3121440352769
206,5,194.2696866956358,1007.6734637908016
207,5,212.53681001563365,1031.0778499478427
208,5,260.0420137072268,1087.9583231581903
209,5,255.89545813117564,1092.128379832033
210,5,245.50125538854948,1110.1072273064103
211,5,243.5618621208027,1146.0482747976657
212,5,219.8687542554135,1156.8267034619678
213,5,151.29490829990664,1135.4433692848918
214,5,8.656807562756313,1129.0627893856797
215,5,264.60772051390046,1224.1418874519616
216,5,300.3129282597143,1264.0393603493517
217,5,293.0626790646687,1269.7232813790101
218,5,287.6165866459971,1277.11322712702
219,5,278.7961357230946,1298.1328914933813
220,5,276.71329676395845,1305.2111092631756
221,5,277.76145694054884,1312.7382470776176
222,5,290.1480083728937,1335.4511833696645
223,5,287.59537933845905,1341.1406148248273
224,5,283.45355635128016,1358.1719944122
225,5,276.9035901956006,1358.5827551129667
226,5,299.05589919441076,1368.7001910022232
227,5,286.36442781755903,1368.9434714417434
228,5,297.44545422560066,1385.162261114654
229,5,294.2590894903093,1390.0565490571644
230,5,295.39028573075984,1386.0514741808627
231,5,298.1151137171119,1389.712328969872
232,5,296.07708133469146,1388.8166735437649
233,5,294.28217408721366,1388.441112140038
234,5,295.0136808381202,1389.9948826954185
235,5,295.4929832066894,1389.682088027418
236,5,295.1923290689329,1391.0143634759704
1,6,545.3710657858729,279.04848256728036
2,6,545.3710657858729,279.04848256728036
3,6,545.4898280684943,279.095959538856
4,6,538.8814523115506,283.79030132400266
5,6,536.6722903446414,285.06876790643196
6,6,532.5485080557673,287.6816776341648
7,6,524.7760856241437,280.74336729937147
8,6,515.2348271631854,272.36573427504015
9,6,501.51126274657776,256.5253484982221
10,6,518.2052483131524,283.0933717016531
11,6,516.1440659308939,287.25387847789
12,6,516.8390529312951,289.68325866125423
13,6,499.42650933904275,269.8564426895318
14,6,520.0361220522831,297.25647727291494
15,6,519.2075071074762,296.07710798049715
16,6,520.8821176999926,299.59289821939234
17,6,519.310641046016,301.346191805905
18,6,525.374854369859,311.6867221414961
19,6,526.360843634894,312.7660439549292
20,6,525.9110256913987,313.6625151099632
21,6,527.0099454226665,309.9322792347139
22,6,529.0667462682591,314.0613918667198
23,6,528.9791076544255,318.3826818093134
24,6,509.55021066719877,298.1503799360058
25,6,518.2160303907946,313.6187247521468
26,6,544.9050116048719,345.7482129253188
27,6,548.391488254309,360.7915873203298
28,6,545.1966454060432,362.5178233752792
29,6,544.7110665516045,362.05738325801406
30,6,545.9994569608517,359.99689727399493
31,6,548.634886402254,361.4451315965664
32,6,550.7161260044885,355.1152174765468
33,6,552.0012815712686,353.55378327309916
34,6,536.9287194696584,320.1240896921888
35,6,526.0403781625471,303.95691363830446
36,6,542.3435385598438,289.1094773518319
37,6,512.1385598282886,243.94732140019659
38,6,537.4949195631957,264.80760940002017
39,6,511.7619371596459,228.18338628148047
40,6,555.5993957052879,276.48995368976455
41,6,552.9942504723873,268.8749412620559
42,6,617.9679533120745,349.5779272944425
43,6,600.7662854060543,329.5284071456412
44,6,554.6936049337398,276.9587407748828
45,6,544.1584475739211,267.00249992674577
46,6,529.0451717742673,257.50047833011484
47,6,508.09817128503767,232.9096725660931
48,6,523.4170221127939,263.3572642858963
49,6,516.2259386572994,260.54545077455674
50,6,501.17339371131567,251.2885703752724
51,6,462.32981109777415,208.8457176949338
52,6,477.5077964162456,237.16154705701555
53,6,460.7135924988699,222.97146969958257
54,6,470.51759228277194,246.06316810820397
55,6,469.1571156034759,246.57813629184983
56,6,466.8985907614686,251.2059887671745
57,6,468.2182921724234,256.5686942783616
58,6,470.90846612207895,262.4743244535524
59,6,469.8178836518116,261.20586464315187
60,6,471.09043533334807,269.8740582736161
61,6,472.13970229225555,270.37949993814675
62,6,463.8185198870515,271.6477971345903
63,6,460.4718741883226,270.26076370405616
64,6,464.20860919779415,265.12719256629595
65,6,461.962479303348,267.958547762244
66,6,459.71634940890186,270.78990295819204
67,6,457.4702195144557,273.6212581541401
68,6,455.2240896200096,276.45261335008814
69,6,452.97795972556344,279.2839685460362
70,6,450.73182983111724,282.11532374198424
71,6,448.4856999366711,284.9466789379323
72,6,446.23957004222495,287.77803413388034
73,6,443.9934401477788,290.6093893298284
74,6,441.74731025333267,293.44074452577644
75,6,433.18973991829466,284.6396400358721
76,6,422.8175476676616,287.38284213103896
77,6,359.71464811988363,223.49242468251987
78,6,418.46222798584796,317.20439574173093
79,6,417.2873072817388,321.41827051473297
80,6,420.7964909837358,332.0390990503517
81,6,412.8242922923527,332.95428346146895
82,6,406.1176632385964,357.6719508701025
83,6,403.8740464609274,360.3329387446862
84,6,386.95779534698073,372.2333778721789
85,6,380.97259747613225,374.8513247960407
86,6,376.9343031437593,398.71740300037254
87,6,374.41520705122724,407.08939905276236
88,6,363.16103366707284,413.39758479020503
89,6,363.08264675334857,419.2923071180843
90,6,357.8528627568368,418.95072498416187
91,6,377.99407905655823,427.1486323280846
92,6,355.7790439209645,421.38602000815496
93,6,342.4757374306718,414.3763637426486
94,6,333.73934778427525,434.60550193995635
95,6,355.03123262596523,464.7962603728205
96,6,359.9699413535968,485.0963820336241
97,6,359.0511161174428,507.1705079450753
98,6,352.1988225888752,512.6794741587304
99,6,354.9001211366973,512.6982183169143
100,6,356.8780780102278,520.4932259971889
101,6,366.9477790685087,525.8806041817727
102,6,366.8200734522097,529.8932440626244
103,6,374.111034951121,537.5945248757552
104,6,357.436777145389,518.83065702834
105,6,379.2860005065198,533.9209345551421
106,6,385.0577390226413,531.8223918567562
107,6,377.35020440356374,523.0795963707736
108,6,387.71461505243576,527.105891790549
109,6,380.52507343644544,522.7423711955541
110,6,381.1714401987996,522.9777696384651
111,6,388.41418653027307,530.9993467633182
112,6,391.7539412490984,532.6887143617646
113,6,396.7656101516863,538.1227266973262
114,6,402.1777374428829,547.0780440215431
115,6,403.5893457936434,549.6928042187365
116,6,399.94756635882743,549.8022718671767
117,6,401.0068406906741,551.1777819792177
118,6,400.13285143336157,553.0123101357096
119,6,400.8741593004202,556.3925132715893
120,6,401.49649318701415,560.4501156781592
121,6,401.3564320767213,563.9160059270374
122,6,397.89003214658993,567.4334086583282
123,6,415.01720729838866,588.7214176893808
124,6,416.24936650055395,597.5411679924482
125,6,415.9909503501691,600.7746432551056
126,6,417.8559070050334,602.5127147836731
127,6,420.2841463148316,588.6328868271422
128,6,417.64905523431355,599.2952588312831
129,6,419.57501181645245,594.3441319548489
130,6,421.4318066706717,603.1355850165387
131,6,424.7281948792667,602.9417240305686
132,6,422.98485590320854,610.450617086642
133,6,422.4976322176028,606.6577653949952
134,6,423.3258459413779,606.3777020693651
135,6,423.52161498828883,606.6305576638226
136,6,420.26072818395716,611.5503783555233
137,6,420.42544372590976,612.9583518303156
138,6,422.4489395130777,600.8206896889851
139,6,417.23541533737114,605.7582722386396
140,6,403.10046440163745,568.9927827293527
141,6,390.04341654686124,551.5091795917604
142,6,384.69506294172083,550.844296567821
143,6,386.827069334098,551.0737526699485
144,6,395.89770816739076,553.9809556986934
145,6,396.77866503527935,553.46011272916
146,6,396.8957812671954,550.8256221077733
147,6,399.1853362285983,550.9624270520212
148,6,383.63188313038796,529.2495151298353
149,6,361.78335977297183,503.2189011467142
150,6,330.85688415209245,473.4980162104613
151,6,332.0648506802509,477.96817871571403
152,6,357.8629877121053,471.88438354468747
153,6,345.98554818326403,459.05971417356363
154,6,350.39536667571116,447.6579490635522
155,6,286.5991409021053,390.5068251085142
156,6,303.152791813528,391.0506666930759
157,6,319.7064427249506,391.5945082776377
158,6,336.26009363637326,392.13834986219945
159,6,343.03779670656223,394.56563134109086
160,6,350.1440447258159,394.1191969904104
161,6,372.8384529269714,417.13520704936644
162,6,372.64935523520177,423.95369122268113
163,6,370.39767887938433,426.2552409194149
164,6,362.9275415185425,438.87003604856346
165,6,361.17032254931314,440.5878852266378
166,6,356.22140908867334,448.8724772984097
167,6,332.0330703405822,456.6492937920291
168,6,326.59508925160594,487.69132767810396
169,6,326.1722848936589,499.9843818941425
170,6,298.7325819266989,473.80559184501453
171,6,252.14856156404363,458.4757433028565
172,6,243.6345004849054,482.7914373297298
173,6,248.7537807005544,489.1684287277245
174,6,237.84326787085564,490.0664044027378
175,6,233.19671788174819,492.7155236845043
176,6,238.2395229817123,529.5966488129362
177,6,37.0137593381149,394.39397977858687
178,6,187.90790089069586,529.802707829897
179,6,185.4625088239745,537.1163706657647
180,6,176.28481144276347,570.5290304956045
181,6,153.87905855933298,559.4797699432625
182,6,173.98330394232923,594.599524646173
183,6,194.08754932532545,629.7192793490836
184,6,214.1917947083217,664.8390340519942
185,6,263.9211843270819,713.4607562049509
186,6,228.51167716670508,695.345638195392
187,6,181.50568390144224,677.1812888294213
188,6,171.9969700461201,691.7556821589417
189,6,166.45682573627218,698.8083200791552
190,6,208.1520241594257,739.179166068725
191,6,181.3253690925675,736.4906820332727
192,6,165.90544952542237,749.4520500808408
193,6,194.29362031599385,782.2647726690478
194,6,198.91243417889308,839.7408578388569
195,6,193.54506919216612,851.0228461266656
196,6,188.17770420543917,862.3048344144744
197,6,182.8103392187122,873.5868227022831
198,6,177.44297423198523,884.8688109900919
199,6,172.07560924525828,896.1507992779007
200,6,166.70824425853132,907.4327875657094
201,6,161.34087927180434,918.7147758535182
202,6,155.97351428507739,929.9967641413269
203,6,150.60614929835043,941.2787524291357
204,6,145.23878431162348,952.5607407169445
205,6,139.87141932489652,963.8427290047532
206,6,134.50405433816957,975.124717292562
207,6,129.13668935144258,986.4067055803707
208,6,123.76932436471563,997.6886938681795
209,6,118.40195937798866,1008.9706821559882
210,6,147.38787415755877,1029.0985587857406
211,6,248.71392558238156,1084.2127993118029
212,6,127.13938357256622,1027.9557502264713
213,6,134.00182590655325,1029.6189526873516
214,6,155.4761091192556,1038.7348690058222
215,6,138.81863055178817,1029.1493493943385
216,6,176.21461223450572,1041.9329761322485
217,6,170.79495350921815,1038.930141873904
218,6,178.60266205253413,1029.7876377165887
219,6,175.33317013068327,1031.945865485878
220,6,178.5430905675602,1026.9474199948631
221,6,179.6323870754812,1022.4756680471363
222,6,181.67150229015292,1013.1233902050293
223,6,182.52979129016336,1010.3602844549171
224,6,191.75168500123317,1002.8399176724464
225,6,198.64638074272133,1005.3486276987638
226,6,195.26633973382923,996.6389765997087
227,6,194.46990354407404,990.8351355586296
228,6,201.09303169139213,981.2449260927893
229,6,199.3228398877717,981.2080621353977
230,6,207.84555004833626,976.8486978757319
231,6,206.9054925780899,976.9117754824332
232,6,218.06659253880156,978.8605702569347
233,6,218.42300895059662,981.7297716632843
234,6,219.023348207482,976.0876495020777
235,6,219.5609690961978,974.8410160361491
236,6,220.08071442386108,973.034397668927
1,7,564.5629974193911,169.70882001805225
2,7,564.5629974193911,169.70882001805225
3,7,564.5863437551355,169.7003238460587
4,7,559.7942385320633,171.54463632108977
5,7,559.6919802075205,174.51981083408998
6,7,552.942554184616,173.6509640881983
7,7,550.0774604743609,176.1696380333897
8,7,545.9943636248829,184.90883817821742
9,7,544.8323236237577,186.16298489596375
10,7,539.1797868445528,180.7377269643145
11,7,534.3093538977022,175.77303560526678
12,7,539.2294869284757,186.21035404895943
13,7,544.2377786805142,195.33196448194172
14,7,553.4188006250218,211.93824174395192
15,7,553.1538496873791,210.1574326358256
16,7,549.7735701732598,215.00018310034076
17,7,555.445376022582,230.06057165025052
18,7,575.6357319984232,258.2896787867675
19,7,592.8804169232915,281.23261179791405
20,7,600.5570859451179,289.59719082918843
21,7,594.0957959106101,290.15443076588355
22,7,595.2378131577784,288.9784449401407
23,7,594.714958851111,290.09779703834727
24,7,592.579143268768,290.3830070869518
25,7,593.9370508748809,290.7114888840597
26,7,594.3286786008086,289.5064910847475
27,7,596.4299257988658,290.73580524374
28,7,596.6020052944685,287.3204714454082
29,7,596.7216982801591,286.2424830325761
30,7,604.7128411807571,280.68448887706813
31,7,620.8240471528919,261.1828448988725
32,7,601.809655377113,219.7173352639042
33,7,603.6290126988765,220.8888612464045
34,7,616.0147333153276,229.20313215669202
35,7,615.7223267253092,226.7255690687698
36,7,609.5878060313471,207.757290953776
37,7,617.0802404667642,213.33817116137357
38,7,609.1922569898901,204.3296394814198
39,7,604.7811685967663,200.640655954585
40,7,592.8323214061818,193.05460324932304
41,7,590.0687900835038,191.33442283747092
42,7,579.0885383300663,186.3955445099541
43,7,578.0860157760753,186.41607589680615
44,7,565.6043399978856,177.3730427955791
45,7,566.4511488647698,178.77568928392438
46,7,563.165186934325,183.48329121859416
47,7,557.1322454748088,182.20917670034518
48,7,552.9923305942499,181.30676017957234
49,7,548.3046751529009,176.6493775134715
50,7,546.6056054477701,179.78136294403944
51,7,544.5173044236005,178.0444418107083
52,7,456.00451908277427,65.20262556625892
53,7,450.826326096633,55.69060696741911
54,7,407.1788668036345,-17.97809315197985
55,7,406.9908515732283,-11.417168156619146
56,7,438.96240633238006,33.04785823657069
57,7,531.3105511150413,149.77755130574516
58,7,556.537751686952,183.91529752534785
59,7,554.7248579120497,186.16601766690536
60,7,556.5659378360973,189.5840616361492
61,7,552.5559703992087,181.43592162201784
62,7,555.2400480431377,180.96525641757265
63,7,551.1728484448502,178.77869818570778
64,7,548.4051033978566,196.67353850408824
65,7,550.0365686157414,197.16509799942656
66,7,551.7190138342042,201.10242592519663
67,7,546.3208089671756,196.9402621422461
68,7,544.9798872663113,188.69999997414342
69,7,548.7510367526372,195.49518859572
70,7,558.7310078257203,200.1026279655399
71,7,562.539153750543,187.00807986468018
72,7,564.0641901108376,180.85141806238414
73,7,563.0399835983633,180.54053643172693
74,7,575.3329707658322,187.1255744632177
75,7,587.2137172365207,206.11025820388787
76,7,616.7036503029009,236.82568653178404
77,7,612.8325517442792,231.99079500271986
78,7,622.5128691409877,223.9902226469695
79,7,623.8357248250719,219.50003808863204
80,7,668.7745888010955,273.64045674414666
81,7,676.7828079157575,285.4764760783768
82,7,681.9689395403459,278.6813698271922
83,7,686.4766036886467,277.7914629380509
84,7,693.6792361098863,270.008506454904
85,7,699.8610015656164,274.4537396349302
86,7,724.0258069833203,301.8186979797496
87,7,729.7362696032643,311.3603842954745
88,7,733.5378603780708,309.650203365902
89,7,735.0306159886329,310.3083858539381
90,7,734.8443814891014,308.95167563818785
91,7,735.2758987827052,309.0095859618671
92,7,736.609119988882,309.582746780469
93,7,736.780611598357,308.4573258664444
94,7,734.4725779613448,297.10712959412064
95,7,735.0143274457183,296.29330651415955
96,7,736.5889291954722,295.9140914991409
97,7,737.8065657955767,296.9545296137229
98,7,736.7902910023762,296.5028957757641
99,7,736.735254787127,299.84221848221813
100,7,732.7579671114142,302.993005845142
101,7,731.3401368484123,305.76608287918697
102,7,727.474266870978,325.95247189730753
103,7,728.2897075733092,323.85673372121636
104,7,729.0287509531026,313.90467156912274
105,7,727.8401635200472,310.00088773286484
106,7,727.6049480575075,310.8289715576619
107,7,724.4073705010404,305.3475595766602
108,7,728.0459050315021,312.38470578789827
109,7,725.1765690613346,309.83166340002043
110,7,726.0625859135196,310.3155147862596
111,7,729.1425112558095,315.5581694109766
112,7,758.4306662004257,359.02637929479596
113,7,765.2966815053425,370.8619078195273
114,7,772.6437245902682,376.30786683176956
115,7,771.4559041983659,377.4196489157722
116,7,765.543557968442,385.9341274001561
117,7,788.0103842215335,416.2251006915089
118,7,816.8574855660279,460.55848143267025
119,7,823.9446393034186,474.22255883797266
120,7,828.3389770012955,497.29983180203607
121,7,830.1184667002146,498.30572551422046
122,7,829.3510636162343,499.4094036420927
123,7,828.8298475293843,500.644202502856
124,7,826.2168151311175,501.5194769457683
125,7,825.0639446485413,501.93936912095535
126,7,821.0465758630776,505.71194620271564
127,7,812.1202790900135,502.98381289465874
128,7,779.1027107669039,458.78778044741307
129,7,773.6344652900541,450.44195204121263
130,7,772.0259579406046,447.2428246365954
131,7,767.2003810690586,442.6480567510592
132,7,761.1736129879239,442.4407615655461
133,7,755.9434723370473,442.5224041251635
134,7,697.1047690649291,383.89943999796355
135,7,694.8963316283183,387.70750845399783
136,7,683.4721924663581,412.5717538023472
137,7,674.0524641890769,408.22708043953827
138,7,664.2809674699006,403.0074313333781
139,7,663.0393044116335,403.8749137219819
140,7,585.0078039338536,329.5183820429472
141,7,574.0626100987785,341.68843187732546
142,7,565.7896813235786,356.19972788887765
143,7,561.2725018387878,358.37672262204785
144,7,536.7430544594048,348.799583517093
145,7,535.9147058100807,358.07818161655985
146,7,506.9457168748309,349.6668316856929
147,7,493.4708025863406,352.7274305053421
148,7,490.6991914466059,359.5221953604435
149,7,488.49353934922556,361.1956148947742
150,7,477.4602710521657,362.9109762666301
151,7,445.5649817525064,341.1806712078256
152,7,433.9205866125553,346.03054262817136
153,7,422.2761914726043,350.8804140485171
154,7,410.6317963326532,355.73028546886286
155,7,365.27563783546105,316.130396550061
156,7,305.4529351485841,278.02061833368504
157,7,335.24021734956295,322.35607969073203
158,7,331.1202904251528,349.32656049742445
159,7,341.762248837363,354.65400602626585
160,7,340.4995194913129,373.72603855098964
161,7,339.23679014526283,392.79807107571344
162,7,337.97406079921274,411.87010360043723
163,7,336.71133145316264,430.942136125161
164,7,335.44860210711255,450.0141686498848
165,7,334.18587276106246,469.0862011746086
166,7,332.92314341501236,488.1582336993324
167,7,289.970222525496,474.74264249324307
168,7,247.0173016359796,461.3270512871537
169,7,204.06438074646326,447.91146008106443
170,7,161.11145985694688,434.4958688749751
171,7,109.65938190821264,411.5097806724633
172,7,58.207303959478395,388.52369246995147
173,7,164.67658258370798,486.62506861696386
174,7,171.72508128937903,510.70043953583365
175,7,178.7735799950501,534.7758104547034
176,7,195.89695287015695,529.4055811157825
177,7,213.0203257452638,524.0353517768616
178,7,120.8415066300984,565.3373170429489
179,7,191.33189718120016,620.7427796918636
180,7,131.48874663688125,601.1069436220843
181,7,144.34143733931114,622.295034364548
182,7,156.13633729261693,639.3574451722047
183,7,-76.97753370501546,485.21629435519753
184,7,260.55540952985996,719.7436958873064
185,7,-85.62739924053362,510.8455103770227
186,7,-86.4863498574904,522.4869206873022
187,7,-87.34530047444719,534.1283309975818
188,7,-88.20425109140396,545.7697413078613
189,7,-89.06320170836074,557.4111516181408
190,7,-89.92215232531751,569.0525619284203
191,7,-90.7811029422743,580.6939722386999
192,7,-91.64005355923108,592.3353825489794
193,7,5.974542256705519,658.183178979162
194,7,103.58913807264211,724.0309754093447
195,7,-107.19766383113127,589.8036637770234
196,7,-110.82340580449372,594.2652638490188
197,7,-81.18272808768114,616.9482578639048
198,7,30.984580653985795,690.1924865525325
199,7,73.7189709474393,719.295636326642
200,7,-55.6013219108527,639.696330243514
201,7,-97.31179425155534,616.5796205131957
202,7,-111.39499252670754,608.8674594087593
203,7,-126.64658752282719,590.0135466514535
204,7,60.467738835500676,722.1266993415936
205,7,58.3055985281443,721.6414941710742
206,7,51.59292061178391,717.5765981887376
207,7,55.64936307974309,718.7896002432948
208,7,19.214884343410468,696.4996659336239
209,7,7.816798765335005,689.6516174925408
210,7,-44.45517355867937,656.8737784394573
211,7,-39.247973357385774,656.8039093389502
212,7,-107.36596986935098,605.5127767472968
213,7,-120.73701885319282,595.7692118917485
214,7,91.0592255768818,731.8859455843668
215,7,90.1244073209725,728.3107486056099
216,7,95.47865185419006,727.4172887149801
217,7,97.4998883706239,723.6051653845243
218,7,106.93493939990307,721.0538378229994
219,7,105.12849990971227,717.9131088482723
220,7,107.46474367578128,711.5070666802474
221,7,106.82490629171824,706.96975911513
222,7,109.55732352813564,703.2921470652063
223,7,112.16493369300491,700.6240613145719
224,7,131.48329817436928,705.0472543696902
225,7,133.72637995576667,704.2986647551422
226,7,141.67760298881038,706.2001612261039
227,7,142.46229354020235,705.6387868620028
228,7,141.37242271984684,695.2519676517527
229,7,143.13297457702438,693.7370015338734
230,7,144.3419659856708,692.8956698648763
231,7,146.62193403475305,693.1895639951858
232,7,146.56553713871202,692.3840013506629
233,7,146.48562010233798,692.0992295036959
234,7,150.8633272155084,694.1363327835235
235,7,150.8117232152656,693.67499186685
236,7,152.22463267514968,692.0722553154257
