1,1,975.1307674905302,523.4994204956816
2,1,975.1307674905302,523.4994204956816
3,1,974.4796741577195,523.6165150213976
4,1,972.8789447031393,521.3322694380129
5,1,972.5674878059309,523.2185171591453
6,1,971.4080539424083,522.5191844196896
7,1,970.9323897893696,523.846112585447
8,1,966.889900643352,519.5748349251684
9,1,965.92839948567,521.2410376836407
10,1,963.8415657933864,518.7131918405211
11,1,956.7069590057363,512.6523740240308
12,1,956.6445427077875,512.7868071354324
13,1,958.1990655190323,513.1631135649326
14,1,958.4715698714051,511.2835120838433
15,1,959.4674583660837,507.46782596715883
16,1,960.6665714532313,505.7074426987435
17,1,961.4566702565954,501.32131623214366
18,1,962.9228441609132,500.40299227865137
19,1,961.4513074714513,489.2148193726619
20,1,962.1621032688465,483.1961840169641
21,1,963.3466070308571,467.2245727724771
22,1,961.736510945214,461.69029982301487
23,1,959.3037395727249,447.77798567915704
24,1,955.5943197330004,438.74085389109825
25,1,960.6087823748973,444.3241677350991
26,1,962.0329952433236,446.21630575158326
27,1,960.5915572712212,444.2163687868194
28,1,959.2415271582123,445.75113367970044
29,1,952.410026510935,437.98897428351665
30,1,952.1286930849029,440.97049580119875
31,1,944.6134650470995,426.32826444356954
32,1,941.6667338030342,421.8396677588175
33,1,929.4503495457895,403.1647553823932
34,1,928.9926387394402,401.0007311608296
35,1,926.8463067511942,397.37225664231124
36,1,926.5533640087251,395.9289841325519
37,1,921.4945888458944,389.0637407492145
38,1,900.9027164417604,357.9978148567037
39,1,879.9911837569523,338.62714271402467
40,1,875.2229659863394,339.43773937636024
41,1,866.2710517914451,339.76222804027753
42,1,860.2023770515112,334.2298559253141
43,1,858.3326623046505,329.4903581037537
44,1,854.2020518756933,337.59818456984004
45,1,849.1091660950765,337.69205533664154
46,1,849.8824618132694,339.2155970291814
47,1,842.6331174303187,335.8708295484752
48,1,834.7354995576077,336.2865533065978
49,1,830.9776543388317,343.82026301135966
50,1,828.768023810857,343.4007446460034
51,1,826.784867655884,346.59421050679543
52,1,829.1010721718524,353.3843600149986
53,1,823.7762273895888,358.4622476365741
54,1,825.8894556362034,370.89676514541287
55,1,835.487726258768,390.30400829521903
56,1,837.1824669503806,391.5414893810108
57,1,835.2364769180041,392.7241706502797
58,1,831.8298261298486,395.0153606161791
59,1,827.3293719710435,400.5113773671217
60,1,827.8753777198737,401.2404406308552
61,1,826.6659450705861,397.4099017385663
62,1,824.8392244860687,394.9617614957414
63,1,822.3135558722877,387.8798681394074
64,1,821.3298185745913,386.4296933260445
65,1,821.3077134265931,383.5038649362207
66,1,823.8804599040621,387.7206059427333
67,1,820.472070130275,386.4491643380222
68,1,817.2593934825537,384.09356661902524
69,1,813.5926183415681,382.5460275997413
70,1,809.533522554986,380.5711614029923
71,1,787.9235181303588,356.3305893487191
72,1,781.9406928263915,351.51994100730127
73,1,771.3070078693158,354.7493228691198
74,1,765.9631686677338,358.5122793065494
75,1,750.2330566471252,370.29386569853904
76,1,743.8371876267821,364.20202500661827
77,1,714.2697732449997,313.55091732275656
78,1,704.1636373354982,305.3521346698637
79,1,693.54470901059,313.90408728866316
80,1,688.9533546144271,313.4015747899112
81,1,669.8459935269715,307.6977819337451
82,1,665.0196357553065,309.33980825861335
83,1,648.9576453045875,304.65562196095044
84,1,655.7410969158933,317.4168659639955
85,1,641.4619349139232,308.5501187670709
86,1,637.6907695248218,308.8145716799241
87,1,631.0721198208441,324.3540599006578
88,1,629.3827357288247,327.1821779886248
89,1,622.4079103933219,324.3434160581335
90,1,620.8929343486338,325.36465803500386
91,1,614.3102026866488,322.5762922270656
92,1,612.7932731631519,321.62330772631503
93,1,606.9729014592436,316.07580757633656
94,1,599.3894486661615,306.16945325927696
95,1,588.5204150773708,292.1487712613206
96,1,586.9193091020761,290.1976214960956
97,1,585.172215584865,286.2707720995903
98,1,584.9990446593279,287.0225748089542
99,1,582.7656889538883,282.35022641471147
100,1,584.1994228216099,283.07119935389426
101,1,587.3121868717752,284.91369890080693
102,1,584.5736783866388,281.5179098290034
103,1,580.2400109778922,276.3351773216494
104,1,574.5190162233324,268.33689380744056
105,1,555.9013754068776,243.1783824419921
106,1,548.1203106864199,232.67451278594805
107,1,551.2616591540013,229.45810740349762
108,1,547.6731340576226,222.48289581086217
109,1,549.8194944606435,222.98409387931054
110,1,549.3593507568372,222.17423126539992
111,1,549.1433915028425,221.64304648427964
112,1,549.3333880482397,221.32124865322982
113,1,548.7371310831684,219.70153561082066
114,1,550.1046342599163,219.78185385283916
115,1,548.6092477491238,217.75377266204634
116,1,547.712077928546,216.81861170613828
117,1,547.2513910537474,216.44734046513096
118,1,548.119775828762,217.79355673523642
119,1,547.9600884468874,218.82319001772947
120,1,547.4142534885459,219.26055127096302
121,1,549.7281088846355,222.2673457042992
122,1,549.6858052428563,222.83468540785776
123,1,550.1755196129086,224.2487511671151
124,1,549.2459912915947,223.01738348494698
125,1,548.8130181987303,222.226108980927
126,1,551.2026045226697,225.89005941333326
127,1,558.865687262219,235.9908085652114
128,1,558.5804020832303,235.82704235270307
129,1,558.095705811355,235.84350364732023
130,1,557.0528102237885,235.3960315990892
131,1,553.3684730783524,234.2140242482848
132,1,552.7004232453189,234.4790229905402
133,1,550.9594753282275,234.02105051022977
134,1,550.3943643179634,232.61518830299448
135,1,556.7424735369121,236.9240767470299
136,1,558.4837937152505,238.82381928957514
137,1,574.1812459535753,260.494655780482
138,1,577.5171971884263,264.948681562234
139,1,578.9165140126248,265.52498511832414
140,1,579.5330558788212,264.9906969504798
141,1,579.3001186484122,264.3742850782918
142,1,578.2589056936167,262.87945965025494
143,1,579.5893083924066,265.54331701999365
144,1,576.6247527979626,263.2676655907159
145,1,582.0445590050865,272.9608811781344
146,1,586.3745298327224,280.4913888663208
147,1,605.4085281857629,309.19525321850847
148,1,613.0315742633811,321.9556290168715
149,1,615.2312758102457,329.02245011038366
150,1,615.8835803405706,333.3771964261337
151,1,615.5969295088128,344.2833266201022
152,1,622.887692447708,358.4467212960889
153,1,648.7427111492901,403.1439663415502
154,1,651.9789606732759,414.1284407683598
155,1,652.1888364191844,426.0143450429053
156,1,647.9431512280258,422.89022000514666
157,1,648.0129619914574,430.91245796038515
158,1,649.874265536134,438.5274393586703
159,1,652.3326846952845,462.32846459117326
160,1,652.56967121077,471.28501955676643
161,1,654.8496563859745,488.08125078977974
162,1,648.128678607725,495.73935033374653
163,1,641.4409571041534,517.6421793417101
164,1,635.2931135679796,522.9942342301088
165,1,631.8606989043597,539.606617718897
166,1,635.6057026445214,557.0812280755829
167,1,636.4192349925236,582.1115164079366
168,1,628.6046640107853,598.2188953791608
169,1,617.1373976185366,608.9106888127769
170,1,613.1994909250961,622.0636067641013
171,1,593.2349392837596,626.5378684221062
172,1,576.0388061650959,620.8923442834877
173,1,574.751768119188,652.0685011314589
174,1,578.2346112129243,666.6928157445858
175,1,569.4422882207864,698.4769286261134
176,1,560.2076720368034,699.9477116496524
177,1,561.9946420278372,723.513228506089
178,1,551.4814044650753,729.4319620454231
179,1,535.5300494729695,737.472923678622
180,1,535.1256494245421,747.3601619402658
1,2,882.2058629075258,569.1768622476153
2,2,882.2058629075258,569.1768622476153
3,2,881.7600183556971,568.2426709326736
4,2,880.5049763999968,566.1706674833733
5,2,880.7724745912393,566.0491806587917
6,2,880.7405782926268,565.8964774289485
7,2,881.072907612422,566.1679089114832
8,2,881.8901767233809,566.6185063883022
9,2,882.2626637538116,565.733038109778
10,2,881.9425539492357,565.6262325247461
11,2,882.0821200007398,566.3251802065552
12,2,881.7338683780465,566.5754478832451
13,2,881.067937252072,568.5498411054999
14,2,880.8032996176025,567.4042865655292
15,2,879.5725029872681,569.8469993677421
16,2,877.845574483181,570.5073788837387
17,2,876.9247463300115,570.532433716885
18,2,875.6204292733669,569.2543411806678
19,2,871.4788901148971,565.0336385676437
20,2,869.2722813156909,563.9995907093338
21,2,858.160156133664,549.7462966670702
22,2,853.6859187650135,543.6033583295392
23,2,840.8096130142133,526.7743303430353
24,2,834.0190658411851,517.4662160057766
25,2,827.0658556628454,508.7188798638529
26,2,826.8619531932046,509.30673447592136
27,2,825.7584141425217,509.78480179043345
28,2,824.4816803169056,508.34069329420527
29,2,824.1605615330517,510.52480891016296
30,2,823.7397558149183,510.9103720455468
31,2,822.3070337962276,511.63907289473167
32,2,821.61415645677,512.2558994517196
33,2,814.7583301158134,506.4643154492004
34,2,808.6844223421646,498.816158006534
35,2,797.3696187918264,484.3507158550754
36,2,792.7496857828033,479.1119565248095
37,2,773.4964946019269,454.78921091708156
38,2,770.3637933258253,452.10401184945715
39,2,765.4347070482071,451.05254154548805
40,2,766.2283953364266,452.7559792864802
41,2,763.0131039544856,448.66104336067815
42,2,762.2237324997517,449.42571567844647
43,2,762.4341273001197,451.92664134466594
44,2,759.4765643757769,451.96915182167925
45,2,742.3167159333578,434.1352562512519
46,2,737.4845531846049,431.8221770176656
47,2,730.4686053556898,431.2591643494885
48,2,721.7135190192789,420.8713865048782
49,2,722.1331810685879,426.8610229232338
50,2,723.3751492618006,430.89235516957433
51,2,729.3795040544167,443.6667774299695
52,2,730.3597383420195,448.2633807752679
53,2,725.7929413791181,448.5179084609407
54,2,724.9434345606356,449.75922205281614
55,2,726.2621084118452,456.9698970249384
56,2,723.1036589507918,457.7151456049572
57,2,719.8280015148354,461.889867168656
58,2,717.1253669883249,463.3333352881973
59,2,718.220939536053,476.93730478315825
60,2,719.0814855537747,479.69591958406784
61,2,714.0884627110355,476.865763232309
62,2,714.5441512461858,480.3389234819909
63,2,714.7386232956044,486.2877153161677
64,2,711.5429540523745,485.22374595113354
65,2,708.1660274966806,489.1295129307949
66,2,710.8402367544013,495.6188750882976
67,2,710.5262057985206,503.77947438326396
68,2,707.5427246873656,505.68917045405277
69,2,705.0270942199072,517.5830246054863
70,2,703.4314588174032,513.138808487916
71,2,696.8128826730394,513.0889522578813
72,2,696.134855983762,512.6385954307545
73,2,686.6895233492442,507.5656533662882
74,2,676.5030374556536,501.4989754506346
75,2,647.6603637300402,477.37253911243425
76,2,645.7419599486182,479.88406380713735
77,2,623.7983696550243,468.4719146416393
78,2,618.3408422795662,466.56769680293905
79,2,614.2431424685385,472.6458202141837
80,2,614.2482284696479,474.44319543385166
81,2,611.4761408870106,483.82414249948687
82,2,607.8687155273706,484.7264253145518
83,2,601.8480738114404,488.92411921178785
84,2,598.73128962374,489.6356697054252
85,2,572.1130121086194,466.8870770736054
86,2,557.9993996025498,455.1548996252648
87,2,548.8727810522953,459.2706476747281
88,2,534.6843118960596,457.29070149759923
89,2,521.7846181071832,460.6884797924621
90,2,519.0621923507297,466.6941951778717
91,2,512.4844756256288,471.0559818798428
92,2,511.79516442910153,473.1727530893821
93,2,512.9619653326797,477.6308557401416
94,2,515.3515623484674,483.79903759523876
95,2,516.6573250752281,485.1096226354537
96,2,515.9851441151643,488.7421647284585
97,2,514.3650443256886,494.0031925174522
98,2,513.6830933227271,495.02028496465635
99,2,512.2805149240864,494.78047220424827
100,2,511.3145566366535,493.30629812914003
101,2,502.32404826666004,483.70857933166354
102,2,502.06222879212817,484.07489311856403
103,2,490.9479003754247,474.59586610971513
104,2,487.2424520627389,472.1110355421092
105,2,486.11730458721377,469.46004609874564
106,2,486.6934822460362,470.69503498461535
107,2,485.66467167851846,467.45112120538306
108,2,484.3165990821696,465.71644195448727
109,2,481.7532334929282,464.0686952490214
110,2,481.40460154621286,463.76248458542284
111,2,466.57634875734857,451.0962567963546
112,2,466.61545170786627,451.3096935329794
113,2,464.68307057288064,450.35730417805314
114,2,463.20836230191026,449.4073226835737
115,2,464.71401396699736,452.45952970909815
116,2,462.2701863286404,450.3030746528492
117,2,457.5894983323924,451.2879884740493
118,2,456.2439545675972,452.24072412849074
119,2,462.9314542130715,459.8822798741046
120,2,463.65281976774503,459.0887936274976
121,2,452.4174043762675,447.5462786330107
122,2,452.6183237854012,448.61097437837856
123,2,451.649420216788,451.6955436183871
124,2,452.1655343576058,452.692159613154
125,2,452.3027553558704,454.14326370912255
126,2,454.07820916778087,455.9850232630359
127,2,451.8139489556042,454.1675584293097
128,2,452.8205187351928,455.5636215666301
129,2,449.1105809136685,455.102268876939
130,2,448.7809275623055,455.4733908878858
131,2,444.6045982465913,453.25089204280204
132,2,444.0447750149515,452.70772688417634
133,2,444.34013962049863,452.5149579986285
134,2,444.08951880085226,451.1897599951862
135,2,448.032672653963,445.43552931194154
136,2,448.0300530900119,447.8527466220903
137,2,445.41729151823387,449.61440771540265
138,2,447.975416883166,452.5720839357716
139,2,445.9947941309141,451.76716941361553
140,2,445.9325771802919,452.9976932933711
141,2,447.1274859196507,456.7214707107837
142,2,448.02595695462156,458.60442347398015
143,2,449.8577087703624,461.57116075576494
144,2,445.04963120640014,460.01239029282397
145,2,445.72308313561575,466.1064040758151
146,2,447.4007224973641,471.46287370376524
147,2,436.08475595055455,475.59397489800364
148,2,439.3345609897844,482.30827120795453
149,2,434.94578636930856,488.5496366683757
150,2,431.8374468448558,489.42353965638057
151,2,441.6428699400063,508.2194370856306
152,2,437.8835824958391,509.1801858343845
153,2,431.08251869824386,517.3628063313005
154,2,427.8175111832422,519.5833979418867
155,2,432.1238018017148,539.1577537697465
156,2,431.4695518702626,543.2699044361452
157,2,429.26863351315814,547.6867925747852
158,2,428.6795823172166,549.494596234718
159,2,426.9876861916667,555.8823978893861
160,2,424.43021292759653,556.9829007511834
161,2,425.37010333722736,574.5239210433543
162,2,423.5647559705369,581.1393120098583
163,2,430.94540354320975,597.3963691908928
164,2,425.68395492192525,599.5272593162999
165,2,434.3630587610596,621.2884080413165
166,2,437.0549243928414,626.5194712273537
167,2,437.7926621270351,632.1009726918588
168,2,437.09044776479817,636.9417165397101
169,2,428.3932857652365,642.8373518131613
170,2,425.1375980981384,645.485007648808
171,2,422.6880430516609,653.1038091900634
172,2,421.5237007786678,656.614342056121
173,2,414.417795291956,666.3966591422078
174,2,411.7153693861827,667.961350758258
175,2,410.23731430054266,671.7452827446708
176,2,404.72797105841,671.1257466236772
177,2,383.88840249979603,661.0677297767363
178,2,373.4387741537233,657.9642952204674
179,2,373.0268563962493,674.7894111695967
180,2,369.1849506041869,674.8324407476322
1,3,607.8697894800652,1416.5023638459124
2,3,607.8697894800652,1416.5023638459124
3,3,607.8280338897492,1416.5223535835823
4,3,607.6937546979898,1416.4917633307762
5,3,607.7560288994356,1416.282482419188
6,3,607.8411971025077,1416.32648556393
7,3,607.694936520763,1416.3420103102685
8,3,607.7855202748964,1416.2871442438595
9,3,608.1589509880199,1416.2849719545538
10,3,608.1720509893681,1416.2942146149076
11,3,608.4874047397801,1416.1052617094751
12,3,608.4582997436413,1416.093907645805
13,3,609.2947076732972,1416.495381952973
14,3,609.0905996610906,1416.2591341181
15,3,609.342311768208,1416.8223421272653
16,3,608.8829513510165,1417.1457867921092
17,3,608.2947044449446,1418.072625272306
18,3,607.8012541055368,1418.325154086956
19,3,604.7666513357025,1420.1397978827354
20,3,605.1454715311543,1421.8177336575216
21,3,605.468433397295,1424.2980741408005
22,3,605.26570593519,1424.579420659265
23,3,602.836792930734,1425.6612304206542
24,3,600.8479318608285,1427.5634145589136
25,3,595.2876622875305,1429.5115712876463
26,3,590.743099692324,1429.9585712164612
27,3,579.997123010813,1431.7013637740743
28,3,575.1748372926497,1435.9409367824771
29,3,536.6555041280039,1438.2200594609474
30,3,535.2231250680788,1442.2908925725064
31,3,522.6000239785174,1449.1938571279907
32,3,520.4816867307709,1451.7412124412688
33,3,520.0022989290399,1457.4931732210653
34,3,515.959100706363,1458.306791301579
35,3,510.1257837350584,1459.349223054843
36,3,506.0221546893053,1459.1543495841863
37,3,502.8229187869465,1460.7225138536546
38,3,500.93590430458016,1462.2393153224402
39,3,461.0860142184529,1457.6018927385867
40,3,455.2454889089904,1459.3958020488128
41,3,446.8325219920228,1468.6484325885774
42,3,441.10198320111834,1468.9310274134943
43,3,436.18838909647474,1473.9213591483979
44,3,435.05770441713645,1474.6471076253079
45,3,425.554094629848,1474.966594530808
46,3,417.6191296282585,1476.1879605161466
47,3,394.00412342353115,1476.0416747764436
48,3,385.41124458216404,1478.4588858674108
49,3,381.1699772591316,1481.894993695953
50,3,380.82981500499096,1481.223244221041
51,3,375.2094017631606,1480.4929451881108
52,3,371.8349183775909,1481.0127381796958
53,3,346.5976692575805,1477.1752883828306
54,3,326.660807207398,1472.1677587745548
55,3,317.90032588715826,1468.8868073691037
56,3,314.669412462059,1469.0952044922665
57,3,319.4897448417447,1472.1478306708825
58,3,314.5351091171796,1472.3591634574102
59,3,313.0328619340317,1474.2168496545767
60,3,310.9456051673455,1473.6339428465708
61,3,306.80926223340833,1474.7383530870143
62,3,304.88585725004515,1474.6847836871216
63,3,299.24260234019073,1475.804029976312
64,3,298.3186872448394,1478.213751762577
65,3,279.6803529768906,1480.2059750264395
66,3,271.4678450491597,1478.7667315139372
67,3,261.6848098155856,1477.4133978860145
68,3,255.39355936962346,1477.296693974806
69,3,249.52821431304514,1476.7274583074784
70,3,244.068450062613,1476.3501299625275
71,3,236.6286769567971,1473.9126011682138
72,3,237.00023078358885,1473.6002296671852
73,3,235.79023745862474,1473.5488462822202
74,3,237.525836684488,1473.4821805015736
75,3,237.61904767821193,1474.0243940098426
76,3,238.1941958515566,1473.7785903240394
77,3,235.3977536032243,1473.3357465943118
78,3,234.0473600962914,1472.4486219823418
79,3,233.98955476600466,1471.750221351693
80,3,233.40035769041623,1471.5735550434922
81,3,236.42470777030297,1471.734405838555
82,3,237.00668719685086,1471.6454767322898
83,3,236.00194095800524,1470.8938394746438
84,3,235.50905719195976,1470.8625943447614
85,3,236.15235403448585,1470.5438492976416
86,3,236.38656267182088,1470.1836405834697
87,3,236.4100640975994,1469.920564984199
88,3,236.11161879398236,1469.7535128652637
89,3,237.96322735784253,1470.073160163593
90,3,238.2726635438284,1469.8854049473541
91,3,237.66101871341408,1469.3011098735458
92,3,237.74680313629509,1469.3459349956547
93,3,238.14482461793645,1469.2019621959826
94,3,237.94417986788716,1469.2854738433152
95,3,237.80249174552353,1469.0949168867949
96,3,237.58067388898618,1469.094140585454
97,3,237.45837301517938,1468.8091687522922
98,3,237.60154825826402,1468.8529125195992
99,3,237.22079220161308,1468.4774681944964
100,3,237.25180506711453,1468.5562676124237
101,3,236.19211676300517,1468.2864737597909
102,3,236.18453761459674,1468.3265085100866
103,3,236.46887667970356,1468.046669671741
104,3,235.9610738303015,1467.9730849006519
105,3,236.60518705552713,1468.077455737458
106,3,236.18275364359013,1467.9040028052336
107,3,236.3274019453503,1467.7834776964207
108,3,237.24673292544972,1467.611395593643
109,3,240.85797551194432,1468.5099563983483
110,3,245.05304725414354,1469.1976914905063
111,3,260.12628853655025,1470.9754566077593
112,3,264.88562318848244,1470.859597891287
113,3,273.626905552614,1471.312361262975
114,3,282.34686010452816,1472.0204883387144
115,3,290.27919908109925,1471.1153672787812
116,3,298.5263067790478,1472.7476859373546
117,3,308.00866195503994,1470.1729888480725
118,3,308.3609841944703,1468.5650523904114
119,3,319.9681906926066,1458.279536370116
120,3,329.3769501474515,1457.8222489826198
121,3,342.8995031281078,1458.6031110616595
122,3,351.2874584066564,1460.0616223701336
123,3,356.72029005172055,1460.3557249420232
124,3,360.6681371056529,1458.3004305781517
125,3,361.88854823093254,1460.3789603580442
126,3,361.4837612320686,1461.2356556080485
127,3,364.0482545389015,1456.772332042245
128,3,365.30747718465256,1453.6717835395875
129,3,364.1982501851171,1450.154611240511
130,3,368.4607367656013,1449.5862192357388
131,3,372.27963551729334,1446.3677829698738
132,3,372.6725184910895,1445.8740845192535
133,3,378.8197297615051,1453.6473224442582
134,3,384.5816699744566,1452.552988604379
135,3,390.3747092383876,1450.7466547576898
136,3,383.34011932107956,1463.8841195118666
137,3,389.5882961996446,1456.924692568438
138,3,387.35239546265296,1457.4755565617431
139,3,387.15422346318513,1459.1703468514766
140,3,386.96323338305655,1458.1559491184655
141,3,382.64676342009454,1458.3769445749506
142,3,378.9984631448452,1456.235069241496
143,3,362.8281207857163,1460.3236156254313
144,3,363.91130042964346,1453.760277390388
145,3,353.86463458734113,1451.0785114318155
146,3,349.86371101869133,1450.3890952900513
147,3,346.5130668980537,1450.830670360854
148,3,346.00648115391164,1451.9748808268098
149,3,344.1586611343818,1451.5644458185704
150,3,341.61320143341345,1450.3135668496607
151,3,341.35362207471275,1446.6787794091513
152,3,341.14016975850046,1444.5142448825097
153,3,282.4856730114124,1432.809014047319
154,3,243.89669558806918,1416.7665574714765
155,3,240.15710742741697,1423.5406240184436
156,3,243.3410953526735,1424.2639960034353
157,3,236.01441859605225,1411.7763158620478
158,3,280.1496808077452,1425.5106356291913
159,3,260.3925757483876,1421.903688823706
160,3,308.93618138807153,1432.5696562249277
161,3,311.73742079796796,1419.6233453296966
162,3,310.692768503456,1419.5867864978231
163,3,309.859814642887,1420.1620175154235
164,3,307.0197366371019,1419.2056320696356
165,3,307.97711965140917,1421.202935649751
166,3,307.15264364780893,1421.0957248114573
167,3,310.2237948719834,1420.7729584426531
168,3,310.92098980771493,1421.211265236005
169,3,308.4033795894166,1420.2146419319
170,3,306.53019600864,1419.5922525497347
171,3,305.12606886630954,1417.6025908454014
172,3,304.1714921409018,1417.4354171424309
173,3,307.4520420084745,1419.0763154083963
174,3,305.1867262710747,1419.1984749901733
175,3,309.78667495603804,1423.0504914799571
176,3,310.3229391395406,1423.743522222496
177,3,300.36619275950767,1423.2140312156
178,3,303.7784856386765,1425.1135321491113
179,3,303.69750150400614,1426.8499632305713
180,3,304.34366687361,1426.820262722938
1,4,598.6825942377702,1127.0833816143634
2,4,598.6825942377702,1127.0833816143634
3,4,598.367260228922,1126.2532178388667
4,4,599.3453037433682,1126.5784486376306
5,4,600.0437661993562,1127.3879621301696
6,4,599.8000705666291,1127.6297435766876
7,4,598.8354700902996,1128.4889073381396
8,4,597.9612834256169,1129.1567181543542
9,4,596.0746174502088,1129.0952684458305
10,4,595.1302028754691,1128.6156462864392
11,4,589.2194114666563,1125.5097859972998
12,4,588.6024892767224,1124.8919691306646
13,4,584.1045710310774,1120.8289280260653
14,4,578.6242493755576,1115.2204428043865
15,4,578.926582774205,1110.9332704905678
16,4,578.4264668436899,1108.6220982598647
17,4,580.8654870462774,1106.612284407854
18,4,581.2359195295617,1105.7476922623798
19,4,580.7134231987131,1104.7307594809383
20,4,581.1195299453253,1104.6245848615902
21,4,582.3908425552286,1102.6799708580804
22,4,582.726743830996,1101.913672603891
23,4,582.717364696312,1099.4543435252392
24,4,583.9624367411823,1099.9342831983106
25,4,582.3908501612294,1100.7208311759848
26,4,582.7903569142217,1100.8335678069338
27,4,584.0122859437977,1104.793246168063
28,4,583.9544734199926,1105.9961473418387
29,4,582.589970140697,1105.164404533856
30,4,584.4710870197727,1100.7189767803477
31,4,568.5760962674211,1097.073225063464
32,4,561.0587064617035,1091.8318380958299
33,4,537.579328070834,1078.2169652510613
34,4,528.9041518585067,1070.101203484552
35,4,525.7848993878159,1068.8288132045295
36,4,526.5355661669363,1067.1450017332857
37,4,528.4749495722047,1063.7886860078697
38,4,528.9020113538788,1063.151470572414
39,4,529.4090296791255,1059.6708453755775
40,4,525.1275614660035,1055.3433429419501
41,4,501.4143455674112,1041.463401270918
42,4,481.15487552395064,1027.3199103913732
43,4,463.3992494187245,1014.5808294978814
44,4,455.4257165968949,1007.8655106557871
45,4,454.51014492477117,1000.9702564804015
46,4,452.33931720022423,997.9393200084094
47,4,451.460353140145,996.4114498913057
48,4,446.47110033387963,998.269338854071
49,4,449.48284733098143,993.008841006604
50,4,452.09089488438923,989.7934789969875
51,4,445.4305841286451,988.7189944001383
52,4,440.01513609830727,987.3521197300886
53,4,427.4546208755652,981.9488866171433
54,4,418.7060136543955,979.8390922944228
55,4,409.0813684290809,981.613048890908
56,4,401.7028186352549,979.6730614322984
57,4,398.47440348110007,984.3049438896704
58,4,393.61861154495887,982.6863480388181
59,4,393.1418810734065,983.1946677151266
60,4,390.15282028686846,982.8765030295014
61,4,384.99597773215226,984.3609005680945
62,4,381.97134376725404,990.7736165815854
63,4,375.82684446119544,999.4620396373043
64,4,375.70362316656355,1007.2081833691959
65,4,363.549695392442,1010.9726374341999
66,4,359.54059736576215,1013.8413319654464
67,4,352.51731566525905,1018.5204399303578
68,4,368.33780526370373,1039.422529967922
69,4,374.11179730802354,1054.6469175832892
70,4,378.05910773892947,1060.9372579852034
71,4,380.82529015500353,1065.3731223600146
72,4,380.92440659167625,1066.524547024894
73,4,379.30767357400947,1066.7946741153264
74,4,374.0609898308984,1069.753539030056
75,4,367.41265413369456,1076.8062288398828
76,4,366.3541864040742,1080.2295455651013
77,4,364.3000752028097,1093.1137933621994
78,4,375.665196865047,1102.128986468352
79,4,385.0427111318459,1111.298022079768
80,4,382.873578077039,1111.08516063752
81,4,379.31908343508275,1127.225543744058
82,4,377.6229605448405,1128.3627645593228
83,4,378.26083260576115,1132.1475265601819
84,4,376.07803004638333,1132.357174030024
85,4,372.02712637865204,1133.9013004318172
86,4,368.9039455183798,1133.9919270801383
87,4,373.12551373647136,1137.0195068221371
88,4,375.4982293496005,1139.3744617528175
89,4,373.3938572513748,1142.2958067906022
90,4,372.03882126611995,1142.3834216179957
91,4,368.9600007018486,1140.0306808963828
92,4,367.85134881828253,1139.5123852438285
93,4,361.2234060679021,1137.9272441278865
94,4,342.49739780452467,1130.4765753576635
95,4,346.7854106747865,1130.7295417392954
96,4,348.24695236335924,1129.5541922779407
97,4,347.4801199546907,1127.9149897393759
98,4,347.61228934696453,1127.5458654923377
99,4,344.91974251301406,1120.6747613287614
100,4,345.24469033442557,1119.4612299522237
101,4,323.633904251533,1103.7683531477585
102,4,323.60469232366967,1103.8683356542667
103,4,323.5349842927307,1099.816188443761
104,4,324.49735034358065,1098.5574983312474
105,4,327.50283313155364,1093.8352167063804
106,4,326.12280981899266,1091.677811238275
107,4,325.1991099381123,1093.0338969636127
108,4,324.89185612617337,1087.3179773622328
109,4,325.5566825772123,1080.420929093224
110,4,328.35350616148975,1077.0906318841887
111,4,332.7265550356247,1069.037542128256
112,4,334.04915036912104,1068.6634447880076
113,4,332.1106920486694,1065.453815943713
114,4,332.4701907822098,1066.295041691173
115,4,327.3134829241128,1058.1261646311157
116,4,324.47680704815025,1051.5982825827803
117,4,322.2238683205858,1026.8275756312917
118,4,320.6647014897061,1001.9164363535469
119,4,203.0899158814308,939.5697362414887
120,4,182.42083631252547,918.6409588696732
121,4,347.0777563587708,994.8739046418042
122,4,346.1459595300136,991.4864876931995
123,4,345.2498221928496,988.7704295708081
124,4,345.5635592264512,987.5517525850076
125,4,336.78122811201456,981.1554852463773
126,4,331.9461428495034,980.6369111957508
127,4,312.6376702506034,970.3173991337779
128,4,321.2626119510826,977.2067509003118
129,4,315.4325408576646,975.9842801538807
130,4,314.74070202834395,976.0530926533179
131,4,323.35917845501416,987.7569622981548
132,4,326.1566383549066,992.5906133561564
133,4,327.92358933438186,989.9657751717986
134,4,323.7043907507638,992.6973166438611
135,4,322.34194678298513,998.8704715811638
136,4,320.3870925165846,1002.4388498890474
137,4,322.231498912787,1014.991755192698
138,4,316.79264874060107,1026.619549974025
139,4,314.31029325755435,1034.9554849920319
140,4,343.09146396197946,1054.690788957247
141,4,359.0437946949353,1074.271294200616
142,4,366.3259388024794,1082.5906607505433
143,4,361.88654115981507,1118.3208504144266
144,4,360.61038700346904,1120.3262271161707
145,4,357.1794695337977,1127.9501047687604
146,4,355.64326414473675,1137.7462304324192
147,4,374.1632622348852,1166.5166034690021
148,4,376.49193612212275,1179.519238993722
149,4,353.84274590469994,1231.504971741295
150,4,347.05569612270943,1246.396417769478
151,4,335.3470023324871,1265.6761004325174
152,4,330.9162060476994,1265.5605215727853
153,4,322.5655466984495,1269.3201779316744
154,4,276.18425296956934,1274.3316862516574
155,4,263.24467065322887,1283.57696559616
156,4,253.23556365013027,1290.6563139144703
157,4,312.1367025853608,1341.6984956784013
158,4,313.35987449367656,1348.2015537688
159,4,286.8022782317898,1359.9908922959507
160,4,319.21792457661803,1372.312199741693
161,4,307.80283089264753,1370.9683308904628
162,4,307.8888889307933,1371.9216227074442
163,4,289.9783763932874,1378.4804323184844
164,4,286.13079700122023,1382.932839357541
165,4,276.57333374494124,1385.1633229370482
166,4,274.5551486121313,1386.6813827114474
167,4,272.2923142082333,1387.4509513490398
168,4,269.3322708104702,1387.4961968373707
169,4,271.6601207525302,1389.810526864673
170,4,237.80797209676518,1381.3152010422111
171,4,306.44941396899253,1400.8566716712055
172,4,299.15754640084646,1398.6595077335326
173,4,304.8011325938864,1401.4149700283497
174,4,257.4254659508878,1388.543997680822
175,4,233.69822286768664,1381.2610267304874
176,4,237.729887946887,1381.2235760082383
177,4,243.42468440442636,1384.4765887520416
178,4,242.02364454718094,1385.7823768104186
179,4,241.69254002967935,1388.8082545105797
180,4,240.49490713589438,1387.3090480389617
1,5,535.8756908904778,247.54436499404264
2,5,535.8756908904778,247.54436499404264
3,5,534.0929081199531,254.3850687797576
4,5,532.7144593356111,256.1986333695808
5,5,529.7128532332146,264.8482228616374
6,5,529.0905441861519,266.0704747728815
7,5,516.0908963003997,259.11441597739173
8,5,510.21757911603135,251.6778183627173
9,5,496.46813357331223,241.4818772478928
10,5,495.38989293770044,243.51742064417385
11,5,507.32858569099614,267.70229157399683
12,5,506.0642566762889,271.04023854875317
13,5,500.7489548252603,278.583731892532
14,5,499.4962841248152,280.518717418813
15,5,498.24395232584277,287.26176626511284
16,5,493.03651918109927,283.90215748298857
17,5,491.27420433810363,276.04764243255556
18,5,494.86322727762905,295.9569162990584
19,5,492.48658317121743,296.95922761617754
20,5,486.1122055074008,293.994460981418
21,5,459.07953808428624,276.3363649375244
22,5,464.18154784170304,285.16086327658235
23,5,459.01270090174097,284.5114767005829
24,5,453.5311699450049,290.58225637081523
25,5,443.6279987836135,294.0079214075007
26,5,442.3743297066063,296.9186186991811
27,5,438.5586935075695,296.9282477761988
28,5,437.136628877434,297.56329835565487
29,5,437.2555338929222,298.7038192485899
30,5,438.3727295031072,297.6641500952582
31,5,411.16769687905014,265.2227155843212
32,5,432.71426092415794,292.7112113378782
33,5,453.60598230204397,316.56123967327545
34,5,452.43964928679827,318.2062549381936
35,5,451.7254361433023,321.0321339909543
36,5,450.30802400971186,323.885882803696
37,5,456.7411598171332,338.6795166668559
38,5,470.00129431896363,360.7968927278933
39,5,470.71698758007756,368.7246334856056
40,5,472.6046058843351,375.7106194851121
41,5,474.2974886820335,389.80663457752416
42,5,484.11061217557506,401.52862316890804
43,5,486.98673308913294,415.18473065440173
44,5,524.801578625627,455.28558439726845
45,5,481.49494867915763,420.69937317941196
46,5,499.7188972792493,440.44219442365113
47,5,536.2887540376236,507.7455373050396
48,5,541.1649569862069,514.1090512297407
49,5,537.263186299757,517.4267563796266
50,5,541.8892127821866,524.0764074611145
51,5,483.2104621278492,467.11637956880077
52,5,487.38315571479455,476.21705980919194
53,5,557.7755493789377,569.7578042240475
54,5,557.3161390531907,574.2434719973872
55,5,556.7656073705839,582.0271219523983
56,5,556.8813758652827,582.8418414575601
57,5,558.8158104349931,584.8325691446364
58,5,588.5751989078341,613.7998244406741
59,5,603.8200279517056,621.0199682366232
60,5,604.9313645732863,614.275132570172
61,5,632.7074597557661,622.1623999705392
62,5,642.5070414743311,632.3861270778694
63,5,684.7172992969428,672.0499869467566
64,5,680.303662521519,662.3218169442947
65,5,682.4550921003768,662.6283687664303
66,5,683.8790247962977,663.4520927299674
67,5,710.2360208755704,685.5370145531783
68,5,725.7322015535184,703.2874366330279
69,5,725.928239054793,710.2451462324983
70,5,725.5669605057573,713.9265610280803
71,5,736.7811145848101,731.1563247444094
72,5,741.3699427191722,735.861594990151
73,5,734.307959359969,742.4059599089732
74,5,731.6569195134324,747.5026031275665
75,5,727.4915333011797,758.6836490948033
76,5,728.15722516994,765.5558183389444
77,5,730.0423572111541,788.1504266602506
78,5,728.7488174539453,796.7229369325531
79,5,732.9629656897673,814.6609435327136
80,5,735.4725566084091,824.4281579452502
81,5,732.176146188545,831.3656646356808
82,5,729.2301409706422,832.5182545619741
83,5,724.7453022627276,829.1904364682315
84,5,721.062782966404,832.3216020001023
85,5,707.8685284295294,845.4284413584041
86,5,707.6081647636101,850.2530167510959
87,5,702.972527876455,857.3111887727184
88,5,702.1224848751008,856.945730452597
89,5,699.7493036532913,863.4331902170526
90,5,698.9744742768003,864.3693899812172
91,5,701.3700239258528,862.9682786895648
92,5,699.812678022818,864.4376609817252
93,5,699.2232136385152,861.8352197837831
94,5,699.5455954617023,862.4610938999452
95,5,676.7992667171793,820.452012748103
96,5,657.9571062048483,808.3936335775281
97,5,658.9359709361167,805.6324777810141
98,5,648.7795490843848,793.6377186158386
99,5,630.2818760858022,776.55840934291
100,5,619.6120173027663,762.4792850203534
101,5,600.5012691652696,740.1668632046294
102,5,583.5967905988756,724.0752882021628
103,5,596.0667595832884,731.908366644277
104,5,550.7386671230825,708.4943484612252
105,5,477.7102493539212,643.6330970388673
106,5,525.0887496954514,683.1756872621784
107,5,566.6304241842471,735.9727268604942
108,5,562.9203724271563,731.7254837117191
109,5,554.7052084094793,742.943826014977
110,5,543.0533238741666,744.130956042174
111,5,534.4475866402727,739.5924442697961
112,5,532.1683190431065,743.8356538314927
113,5,477.2206642090159,733.6971974405675
114,5,491.23788426359306,749.0801794185575
115,5,464.46442193022443,744.5890087445241
116,5,463.52270603557116,752.047470772878
117,5,446.9990865683851,778.0574477762632
118,5,439.4336238352209,785.0200088053394
119,5,435.36210069315064,792.9375486972832
120,5,428.25510711747734,793.4472629391582
121,5,405.7904965153527,813.5276074883586
122,5,403.2473800803589,817.1292805549899
123,5,300.7913225255888,759.4281379054938
124,5,340.9897727924717,798.469643483039
125,5,298.48016496328734,795.826203508783
126,5,282.3438632197227,793.5186996019556
127,5,252.78911996040134,797.7496894434854
128,5,303.38479517488537,836.6841252598623
129,5,300.0288337750471,851.8980837181709
130,5,293.4583427056005,855.325403877059
131,5,290.78284521107014,862.8438288377789
132,5,288.10734771653983,870.3622537984988
133,5,280.05530770514537,874.2118500107908
134,5,272.00326769375084,878.0614462230828
135,5,263.9512276823564,881.9110424353748
136,5,255.89918767096188,885.7606386476668
137,5,247.84714765956738,889.6102348599588
138,5,239.79510764817292,893.4598310722508
139,5,231.74306763677842,897.309427284543
140,5,223.69102762538392,901.159023496835
141,5,215.63898761398946,905.008619709127
142,5,207.58694760259496,908.858215921419
143,5,199.53490759120047,912.707812133711
144,5,191.482867579806,916.557408346003
145,5,179.02027919846572,912.6306072342551
146,5,183.4580123575571,912.4789256009982
147,5,173.49106742885843,912.034186106147
148,5,159.16128757437139,910.6320673168744
149,5,156.79577836703348,915.0040646244659
150,5,157.3865947084544,915.3491121111385
151,5,151.46858603591645,922.8938208544897
152,5,155.7380123014004,925.2331938103799
153,5,153.19155579097085,924.3018072228394
154,5,145.9232310993389,920.8061927969171
155,5,138.07172228705116,917.5618488605334
156,5,138.06270147108003,917.239003488054
157,5,139.70437273053867,918.5036005866491
158,5,145.64341195982874,920.0660317612063
159,5,139.9030938328769,919.1322910264839
160,5,135.06886876144569,917.1070895153324
161,5,131.83121110499516,918.880901412682
162,5,133.94781448767498,918.9925638242839
163,5,143.0573153869378,920.0694391619007
164,5,139.57930660100916,920.702618927188
165,5,156.9680641795057,923.6564348713749
166,5,157.84503234680759,923.9272273651462
167,5,157.9276176039421,922.5761711842052
168,5,161.92804655558797,924.0749886282779
169,5,155.2332579335069,920.79473853343
170,5,153.67972742408995,919.8743377043005
171,5,155.85790738041658,920.249435861135
172,5,159.6385324397456,920.4967465308994
173,5,158.9213952572131,919.2796357901365
174,5,160.36853752012124,920.10099189426
175,5,160.413410176008,919.776941832593
176,5,159.68653801449207,920.1156558971746
177,5,161.1671034391858,922.3992079632282
178,5,161.96562723381658,923.0365734117497
179,5,160.88918485097958,922.6792885674731
180,5,162.2370310991394,924.3167812245325
1,7,559.4321273228651,138.10394871004345
2,7,559.4321273228651,138.10394871004345
3,7,554.4139718731287,138.8850514763359
4,7,555.9271586616209,144.4821866422848
5,7,552.712023907131,149.01695860743547
6,7,553.791991520209,155.75568270516604
7,7,545.9349813333673,156.27456252636907
8,7,548.0774418276694,168.04149179252215
9,7,529.988788590235,161.63347115628875
10,7,535.5967408443679,183.70572871936812
11,7,532.7893798351371,198.27051007699555
12,7,531.7612844444341,203.481711713839
13,7,527.508862092192,206.05544686749516
14,7,528.8319125707409,211.10193989775394
15,7,527.1846319454797,218.83462915726605
16,7,529.1949611314548,225.5580057166957
17,7,520.7170664186699,228.8355309105298
18,7,499.9245171820233,209.6265731073365
19,7,497.01625491974517,217.68636883095462
20,7,488.18590851241794,208.56498459039977
21,7,486.0925372579533,223.53924731092613
22,7,483.1953419690155,226.6616793448645
23,7,479.40248911046984,229.61279726115714
24,7,487.4539486599442,249.58118202209707
25,7,476.8729722158009,243.775785975949
26,7,481.5501692554914,246.59805872479956
27,7,481.5733488256898,241.5650403519367
28,7,484.4411245125756,241.31417467472292
29,7,485.1689962835594,239.83121213176867
30,7,484.5986917155065,241.8152896554476
31,7,498.6013119735849,257.0019313306778
32,7,504.2955936315955,264.119055449629
33,7,532.5229848416702,298.18219625437325
34,7,539.4894882071693,318.5773600251936
35,7,534.2728985063102,310.9647371023296
36,7,534.3931926716821,314.72688929744373
37,7,533.0616309570038,338.16630444877126
38,7,557.6695107968396,370.9928147007454
39,7,525.6732519049899,342.9079243484266
40,7,574.5528663453456,405.76310969219963
41,7,573.94985349328,423.92957686315754
42,7,570.8986827099957,428.4192020131008
43,7,567.6056653515736,440.7305595299495
44,7,544.499253597005,443.05316443499413
45,7,562.5402965836789,484.82570131782455
46,7,524.7950834672721,438.8990861003772
47,7,579.1240749705285,536.2894784154374
48,7,590.4683248792895,546.9874898547897
49,7,614.9823517259119,555.2297172430359
50,7,617.9344793329622,558.7873810867981
51,7,619.3730336119082,573.3232392051874
52,7,622.3158740957019,571.1272430993646
53,7,627.6546685255555,572.335870656838
54,7,646.3725722368496,582.4347057584695
55,7,675.288838322684,599.4116349202941
56,7,693.5489829951177,613.1057179641181
57,7,712.7770383261065,632.5655945046209
58,7,713.398387837464,630.8273543095688
59,7,754.7682003615448,669.1943003784222
60,7,718.864881241179,626.3994460051638
61,7,770.2968425916943,673.7668893073437
62,7,780.9768662712638,679.2425273220431
63,7,787.7415797672612,675.5864294177848
64,7,806.5457995401425,689.4262909685324
65,7,799.3975454383565,677.515316904635
66,7,860.8415915283459,748.0754883173543
67,7,871.8771333355035,763.0089120507339
68,7,874.700738490311,759.9891922227857
69,7,868.8675840749614,768.8784969294959
70,7,869.072106237458,774.1748697102605
71,7,862.6075480247551,788.4760613926138
72,7,865.6054498254636,798.0829539042948
73,7,868.1753812383886,818.3125541116397
74,7,874.5056179075021,833.3559968099623
75,7,879.41363979837,845.63073038304
76,7,877.3199964584225,850.7345546048799
77,7,865.3959177003791,866.528508127777
78,7,863.8709243313593,871.02646496187
79,7,861.2131980787872,878.5966579393382
80,7,875.1653274565582,900.8331903033359
81,7,883.7970674294431,919.7244103328812
82,7,881.7494599310049,922.4937677607181
83,7,880.2106204763008,927.7976612687594
84,7,878.7770696289483,928.386846095388
85,7,875.242363537272,925.2834538670389
86,7,874.817969445005,923.2059101916188
87,7,853.4170779601645,892.1698896296033
88,7,838.6925694752914,874.1709022990343
89,7,836.1395471562857,871.3866034184638
90,7,832.290203359893,868.0222040159965
91,7,801.7375713682444,838.6026940363062
92,7,781.0629939413262,816.0433687078034
93,7,774.6623343290566,807.3280942095137
94,7,774.4545270378351,803.6585831450739
95,7,762.2981456553227,792.0325626041582
96,7,749.5881486712644,782.6433027211805
97,7,736.3031174963576,780.5380734984996
98,7,732.6758632082352,783.5331761222717
99,7,726.467355818996,779.8497308222816
100,7,726.0909248134129,780.1373646355938
101,7,723.713082734604,783.5648596445528
102,7,724.7671184942551,784.5194045792656
103,7,717.4435263051926,790.5935327886411
104,7,692.3645176100044,829.6216910909611
105,7,689.454370812687,844.8122249807649
106,7,685.896358105439,849.0768243632378
107,7,679.0064275536844,853.0017398034687
108,7,668.5384615147998,850.5431799266108
109,7,612.2154980050108,831.3752498067788
110,7,608.278794019253,847.1540187091307
111,7,593.7793955691567,869.5597502609319
112,7,585.726022333511,873.4629775954326
113,7,578.5220338617879,886.0510861710969
114,7,559.9960127012424,894.8606371127
115,7,503.06470560506085,872.4281836035965
116,7,501.53030645859315,881.1375907196519
117,7,465.35208902715544,892.7950350983318
118,7,461.85424453673517,894.5282631442981
119,7,437.299796305386,892.0634571445395
120,7,416.137498017328,885.2700441021982
121,7,401.7239306285035,894.7740314233882
122,7,395.3155546684815,894.9437324615451
123,7,385.4588817138904,900.4485932927014
124,7,381.04604097012685,904.3128556810316
125,7,372.57228323706846,909.6727180444752
126,7,370.5713303921704,914.1204984113211
127,7,363.4045416771683,922.3631409325733
128,7,357.6866745127187,929.0040374030277
129,7,342.22615305375604,925.9922586438271
130,7,333.09642626589454,924.369673264895
131,7,302.6468672681457,879.6544454593051
132,7,293.3378339122996,877.5300229495276
133,7,284.02880055645346,875.4056004397501
134,7,278.7732942230228,873.4105376285718
135,7,270.20974214177454,883.364495044346
136,7,258.81433618004166,880.374438843201
137,7,256.572289017002,910.4388533069373
138,7,254.08919429347978,909.6345822509533
139,7,225.96305143474623,900.7234469399365
140,7,222.63312173320472,900.7809385180736
141,7,206.6886772632483,895.1647550619472
142,7,210.41311961212955,897.7272427694282
143,7,191.85180004222315,912.6901506171797
144,7,197.01561375798053,890.5672212277864
145,7,194.4176489929289,892.8387880153747
146,7,198.12841988799138,895.9900056805452
147,7,194.0392660141367,897.3617631190594
148,7,195.57943619087905,898.729639526917
149,7,190.58993189652867,897.538714974318
150,7,188.12118195961608,896.5290221025351
151,7,182.94089358538972,894.9212070000008
152,7,178.76624491831794,891.3498843012115
153,7,186.9366506870165,895.2108034439116
154,7,183.95267348886821,892.8131765249307
155,7,180.58647197015154,890.2630213301875
156,7,178.85925067892964,887.6821128042841
157,7,179.3580139345197,880.5983442785079
158,7,171.633176720016,875.3828615182447
159,7,155.5409547675136,861.3407532318297
160,7,156.6155638426261,860.9051067220013
161,7,183.03309091353873,881.4780127182737
162,7,177.30930284337197,877.7896218263281
163,7,162.47557388693198,867.1142645244229
164,7,159.4259669758431,868.5186654847822
165,7,144.49392950022644,864.1426656099632
166,7,142.57257742007087,863.3002419085782
167,7,145.82784664582906,867.4586097093159
168,7,138.86332436772778,864.5151378210509
169,7,142.36788371735767,866.7564035823231
170,7,142.65518138657816,867.0717921185458
171,7,153.94838006117234,873.4985061447115
172,7,153.60581736733852,873.08165916511
173,7,149.810199552106,870.7222471653396
174,7,150.31904083468186,871.4632154585884
175,7,147.77180014489235,869.5475422741293
176,7,146.6450828397398,869.425799444516
177,7,149.63249662816122,871.2173017192075
178,7,150.1111590809074,871.5063117686547
179,7,146.48797998503375,868.9243842450348
180,7,152.0083373124321,872.7514541044286
