1,1,984.7495620024182,503.79437846383615
2,1,984.7495620024182,503.79437846383615
3,1,985.3823557448261,504.8725324227752
4,1,984.7913332982856,505.6014117908968
5,1,984.7036908349631,506.25624228426193
6,1,983.9458998642273,506.5823607233755
7,1,983.6670616088393,506.51546870247614
8,1,983.0733589157951,506.3734493214895
9,1,982.3946588814439,506.2935627859846
10,1,981.9166568278683,506.32773342360497
11,1,981.6219846147811,506.4566347974628
12,1,981.3498329020825,506.7931380234746
13,1,981.1655572165896,507.14300999885313
14,1,981.7317846226531,509.31637128267846
15,1,981.3126211280991,509.4318590543534
16,1,981.1482611341023,511.45281582046084
17,1,979.908795421554,510.31178373428173
18,1,979.0444213315653,510.2573281460064
19,1,979.1577007327845,510.90746285427855
20,1,975.6678893463783,505.7499987019551
21,1,975.7711489017905,506.11828349701784
22,1,974.4995185033112,504.2030340787442
23,1,976.3622542691393,506.6975458322154
24,1,974.4996163159798,509.3973938707369
25,1,975.5893804542869,506.01878263802547
26,1,963.8867134754632,483.17554051955676
27,1,963.0374318023748,477.5233649969003
28,1,966.9479978242719,476.98618868663834
29,1,969.249221000169,477.61389423584217
30,1,972.6380049746516,481.3404321956035
31,1,972.9154783707876,480.24310733376785
32,1,967.672849744885,471.24950437890004
33,1,959.651953181033,452.5978897408489
34,1,956.9239225491739,434.1203645899307
35,1,957.8091884631572,433.45688699246455
36,1,953.466206387163,419.4574753019543
37,1,947.2371689061234,405.0297358911721
38,1,940.386314290418,382.92718537179513
39,1,935.9735966585508,372.4326409107226
40,1,935.7603191930937,362.00100259369276
41,1,937.4738139639301,360.20281196219577
42,1,934.3939287852996,346.0976458853793
43,1,932.9977583561358,338.7914815805849
44,1,911.9156081045421,298.5997182200835
45,1,907.9256919879736,292.70086865010245
46,1,902.1997693925811,293.3318652855448
47,1,903.6075030899544,285.131692500846
48,1,889.0904282090007,289.4743078544128
49,1,882.5710511434695,288.1317636506997
50,1,857.9920196092351,249.06107167935218
51,1,827.158948969688,205.77228715183196
52,1,826.9189141999673,213.25740437032465
53,1,824.0946226464597,209.62652377912485
54,1,805.4215732126985,206.83545868826266
55,1,801.7514514636906,211.16739801300787
56,1,763.1259502059954,182.21948459030284
57,1,753.8586200695786,169.16614479051503
58,1,743.6377929206036,169.45214404094773
59,1,721.6603076058249,141.20343037044535
60,1,714.8020956311258,145.37453892457512
61,1,707.4782026516142,140.20688785453632
62,1,700.9277305367426,144.83211654371158
63,1,671.0789030349213,107.55824409738904
64,1,646.8680597000839,98.86083480234211
65,1,655.5896581686518,123.00616838712635
66,1,653.5364194887491,149.78912336550678
67,1,651.1884085249452,155.9580764925787
68,1,637.9630769794883,150.6150890784153
69,1,677.2943339840659,223.35903105036607
70,1,596.3689240515315,110.11305709292549
71,1,611.6506447781862,135.65938200906982
72,1,585.5598955079582,106.30252484576162
73,1,588.5246404207769,112.27860649195028
74,1,593.0093953635098,124.36399951198395
75,1,591.7278330647937,122.87443481168778
76,1,593.2846677945644,127.44939499863047
77,1,594.1923733591321,129.5466588701165
78,1,595.6196290136035,138.6105293119719
79,1,599.4483109259908,139.9746739789886
80,1,598.1213710249922,140.59518522504152
81,1,596.5786913925695,141.0672018712815
82,1,590.3599722610642,142.5791844713293
83,1,590.7012941743307,162.86510371858517
84,1,562.0932404144818,136.5375863127054
85,1,532.9881438493874,132.2790309510514
86,1,517.8881978303134,146.4134976728671
87,1,517.5718574171775,150.59688091981744
88,1,512.4855416726862,167.25196644159274
89,1,464.2548182781572,142.97657929183848
90,1,454.90845113033316,166.5900323796664
91,1,455.45397845006124,174.60966227217435
92,1,441.58134323077394,182.1116601930099
93,1,434.15982706928406,183.92243455984809
94,1,427.03563923468755,188.72017040918632
95,1,417.38907105962943,177.08643393877597
96,1,421.61927304582565,200.0384695288278
97,1,411.9636084316467,192.8780154965347
98,1,406.0273801239526,203.12787950670054
99,1,407.854723018103,209.31771423061983
100,1,405.4362904077503,206.69749166990266
101,1,403.7062204816702,211.5407007221519
102,1,422.76853943878336,250.011451293626
103,1,418.5595593708953,252.44188308318766
104,1,417.95362313795624,278.81774292661976
105,1,416.2691010333838,282.7624366699182
106,1,415.4576793917212,298.2122814734952
107,1,417.5028909141303,310.9627757645801
108,1,447.2897418189471,362.43400359033535
109,1,421.2801979905218,341.35447826256427
110,1,458.465230025124,401.67727565608106
111,1,473.2164010883763,428.06639253571694
112,1,452.8723603048711,439.8670987046462
113,1,452.7418586435821,438.69942103237184
114,1,430.7684448556668,426.7437667516987
115,1,432.76504500083337,431.9333632284183
116,1,471.8269453761033,472.62687527248954
117,1,482.3471165887586,487.0046607552851
118,1,519.2451024626063,537.1596878788237
119,1,520.0218397658203,545.5719492111822
120,1,520.6509995852199,549.7335206130393
121,1,520.0283140717206,551.9460183135375
122,1,508.3693377031145,548.7793083887592
123,1,509.62187612825693,551.2044182090957
124,1,535.5458560947108,577.7163926699866
125,1,529.6987204767346,571.3913947990308
126,1,524.6529270676432,560.266567335868
127,1,527.9549447456732,560.683269383642
128,1,553.056444862321,576.9886491364523
129,1,567.582949149957,587.3988276668732
130,1,575.2426021162029,578.2849900320996
131,1,584.7815708828219,571.037245455733
132,1,600.4639648442984,553.8706646095761
133,1,601.7048441551157,550.1134247188946
134,1,611.905291264232,531.0308905897153
135,1,618.3317969333337,528.534415949682
136,1,626.2663252287031,517.5807291816869
137,1,629.5663552739053,506.5951254105142
138,1,639.8114788007501,502.4971280539796
139,1,645.8145598053002,502.5100304003037
140,1,650.9401788566469,496.7173496861046
141,1,649.6189788263279,492.053522655573
142,1,663.2357331792425,475.74459487982193
143,1,663.435309254571,464.32043332934865
144,1,680.5397920167143,464.916415048854
145,1,683.97231522723,461.0772123589146
146,1,689.1010622506884,445.6740373581392
147,1,689.9892951228757,441.50704878696723
148,1,699.0440467414022,436.817575765526
149,1,698.0566831014328,426.71408989977715
150,1,694.225018959612,409.723966605573
151,1,691.7714414042491,405.90029307385004
152,1,682.882013904646,373.73277313483237
153,1,679.4558336150652,363.8402770629686
154,1,676.6174425229902,351.95350123976846
155,1,681.8614331446382,354.99074203587935
156,1,688.8585189806647,347.6998916937119
157,1,689.2153507355488,344.61481749698544
158,1,691.023563142703,335.8625901043673
159,1,695.6256610900128,337.3078267485195
160,1,690.9159596762294,324.3969089142451
161,1,683.2949725400601,309.3383349643457
162,1,689.1407971274319,310.93655470405
163,1,678.2271813624251,292.7462349404319
164,1,689.0673843524971,299.8277468208889
165,1,691.3660055280743,297.73412356482123
166,1,710.7118129827436,312.868629295998
167,1,710.4412182368468,314.9817460295981
168,1,705.1895687335307,311.3577827876741
169,1,705.4601443165096,314.6992920618107
170,1,702.9168703818203,325.37425629638795
171,1,696.7297959051816,325.74849834367524
172,1,676.1529160320316,337.1417869373952
173,1,674.6648755848659,348.4508767819107
174,1,669.0149129137386,360.1361290198567
175,1,664.2892017621668,363.8331145414574
176,1,659.1795570972456,394.331154958567
177,1,663.4823918405601,401.14467754563077
178,1,640.8554828098797,435.3120775100648
179,1,639.4943394637249,441.01418401078996
180,1,638.3543955239535,464.9492385568536
181,1,631.6310158285869,470.3500495363063
182,1,618.4473866836869,501.60228176383055
183,1,610.8439846415656,498.98154627655816
184,1,565.7441300440117,505.4945556248112
185,1,565.8802538874479,520.0237937038656
186,1,545.1814383917228,523.2931587327604
187,1,538.2615545156434,530.0586644040332
188,1,504.6732760675261,526.0005827245859
189,1,501.9044936502226,543.6881312105089
190,1,510.026850630046,585.3080393517758
191,1,506.46795502900267,595.9299486452138
192,1,493.7337980496131,621.1543223348204
193,1,490.49781358512837,625.6937636007314
194,1,479.59717677406974,646.0604982086784
195,1,472.0036679325391,645.361740563146
196,1,463.3171334356011,670.5551823787838
197,1,462.6119067548389,680.7078448961146
198,1,462.30805832880134,695.6985327678002
199,1,461.0389184095154,705.2178557305313
200,1,459.7056437126926,729.789809125673
201,1,459.0266755876259,738.2671251670282
202,1,440.8703595597983,745.5810748513926
203,1,436.73499124451376,749.3946111767299
204,1,443.0455391156543,774.4259455112372
205,1,445.0161709294158,784.663380396289
206,1,434.6579572060693,800.2109141122305
1,2,612.7054310758472,1431.1450269191066
2,2,612.7054310758472,1431.1450269191066
3,2,612.5397670585565,1431.0755142572098
4,2,612.5741886068589,1430.9698485214842
5,2,613.1498197527155,1431.138486457776
6,2,613.9317991280578,1431.4615877098076
7,2,614.122144446291,1431.515755376852
8,2,613.8981698283806,1431.5168002364233
9,2,613.1038320223327,1431.3370800994333
10,2,612.7192121131749,1431.3520924103473
11,2,613.0975207663148,1431.4521141283774
12,2,612.6655226046183,1431.5542353027424
13,2,612.4908685685867,1431.4641704190133
14,2,612.3087435305464,1431.516489211844
15,2,612.4788086377896,1431.429048777246
16,2,613.1449028989387,1431.9888038150982
17,2,613.0418093568318,1432.0121564138321
18,2,613.0063581101067,1431.9206765740557
19,2,612.7506785624093,1431.6793207339601
20,2,612.9172618414742,1431.5014050279851
21,2,612.7524431484468,1431.4084228472914
22,2,613.1235144434368,1431.0811680119702
23,2,613.1570769400664,1431.0427457148987
24,2,613.8629813312349,1430.8359263219763
25,2,614.02403618106,1430.6404500129008
26,2,614.8297682765082,1430.0550280244706
27,2,615.2540758909298,1429.5032777486529
28,2,616.0243620164347,1429.0503396700844
29,2,616.2251372580967,1428.7307168349685
30,2,615.0010335689593,1428.9161089731335
31,2,614.5564733886227,1429.254947692842
32,2,613.3990855486983,1430.462795741765
33,2,612.8309795583452,1431.3150648137528
34,2,611.4540991270206,1433.0147778294292
35,2,611.2985207595804,1433.8237577858486
36,2,610.3564413203063,1433.7457059474639
37,2,611.185581831621,1433.2064436519427
38,2,611.8632154743204,1432.353750030735
39,2,612.3852118294112,1431.7684231745181
40,2,612.174142312216,1431.5663120220077
41,2,612.0760353015503,1431.525186904055
42,2,610.0033424622295,1431.752141230964
43,2,611.4719032677529,1432.0313801631767
44,2,610.3245381830552,1432.7788613582102
45,2,609.6765113048683,1433.2297352317178
46,2,609.8289001126104,1434.3549924549836
47,2,609.5582646147667,1435.001012509267
48,2,609.1763589752057,1436.5110752960554
49,2,609.1871915857579,1437.614167291689
50,2,608.6507076293167,1439.7308964992512
51,2,606.254968802353,1440.1639311750544
52,2,603.1704468273632,1441.2344560852873
53,2,602.1738532830992,1442.06471908014
54,2,593.9921241213862,1442.3693921493625
55,2,592.7536125908002,1443.171162781723
56,2,584.9205993453303,1445.4487952099391
57,2,579.1735120198726,1445.5168244968197
58,2,573.008349117945,1448.3496570721204
59,2,569.8985177012062,1448.844370104946
60,2,565.3681151011867,1450.2194103964716
61,2,563.7729193800023,1450.7646810114693
62,2,563.0763696243027,1451.3398429513973
63,2,563.6800575190165,1452.4357750387894
64,2,561.6446348708283,1452.7222325691807
65,2,560.1284772054066,1452.9002050675413
66,2,550.3879622496869,1451.8850866271036
67,2,547.9575268420784,1452.0545152764612
68,2,546.5988746366888,1454.0305587225278
69,2,545.2847460335416,1454.294935227158
70,2,548.4705520375562,1456.841821632176
71,2,548.891996901893,1457.6477761518386
72,2,549.9070103438299,1457.5190143135142
73,2,549.0775563618777,1457.0897423371214
74,2,551.3723889172823,1456.748631664197
75,2,552.0378641907922,1456.9943863849537
76,2,557.4287969711352,1460.0263127711169
77,2,558.2656526736127,1460.1936179715772
78,2,558.9702195312994,1459.9243180399565
79,2,559.4457394105681,1459.9254208814293
80,2,560.2433491537881,1459.02181988371
81,2,560.3734071301895,1458.4811851532686
82,2,560.3848281233606,1457.9175370809264
83,2,560.3105132203384,1457.6523795334067
84,2,561.120084929542,1457.30274228796
85,2,561.2881359148483,1457.222923503717
86,2,561.0629778031525,1457.0350689444451
87,2,560.7514079696426,1457.076650776155
88,2,559.7655761402261,1457.26176916648
89,2,558.6478835612758,1457.466498486501
90,2,558.1239766939171,1458.447417229139
91,2,557.1335055486919,1459.1680936249543
92,2,556.4042174258852,1459.4243674200202
93,2,555.6477111883177,1459.5478891015405
94,2,554.6246777850247,1460.1736573525952
95,2,554.2075834035047,1460.459926039635
96,2,553.5712519222893,1460.9775162018775
97,2,553.6668804189213,1461.058576954148
98,2,554.1602651649622,1460.722063107862
99,2,554.4733244154888,1460.6090988576238
100,2,554.0727578622132,1459.8836825316562
101,2,555.3099811132334,1459.7455153658843
102,2,556.0437852594878,1459.7760382220013
103,2,557.3017070006166,1459.801652169972
104,2,558.1829267005684,1459.5986067899873
105,2,558.4989691102405,1459.5392006640295
106,2,557.5590186076531,1459.0857001149413
107,2,557.1611458640377,1459.2451829896613
108,2,555.9449016070301,1458.8119152750094
109,2,555.6064133489947,1458.913666643668
110,2,553.4895062793798,1461.4957679037668
111,2,553.5114015576922,1461.9286987680873
112,2,553.4550876331211,1464.6740510895147
113,2,551.3889998743216,1465.5897370938376
114,2,546.9004700815158,1471.0997329810814
115,2,544.8581576677884,1471.1052396766013
116,2,530.41042229669,1472.7897360380675
117,2,517.0022548420798,1472.6264664874577
118,2,492.4902196735373,1473.4416701600837
119,2,490.71888991338,1476.8655553419794
120,2,478.1558832234505,1479.083234283497
121,2,476.5898221177398,1480.8503468578765
122,2,462.6854410711723,1481.715252801882
123,2,440.70740701921903,1478.1326316671248
124,2,426.0628412401143,1479.184436946212
125,2,407.6651341055747,1476.9071911043231
126,2,406.1055353414647,1478.851882383079
127,2,401.9042819129208,1479.2877387038318
128,2,398.34163494673857,1478.9296599768381
129,2,397.6626244300052,1480.8909006003178
130,2,387.40548834318895,1479.6779375194621
131,2,384.8623614323231,1480.8971967861928
132,2,373.1533902974986,1482.531945407379
133,2,360.9424554365964,1485.5244382750134
134,2,347.1724881687455,1486.6839525380726
135,2,340.97303355803535,1486.6138656526707
136,2,320.0771668686122,1486.4532264943925
137,2,314.9776704852794,1485.8964295951948
138,2,330.00553088745227,1493.260946764887
139,2,326.87725299942497,1494.1796256600978
140,2,321.286947315664,1491.1056835027694
141,2,319.732115866436,1491.069662414108
142,2,319.22576590389326,1493.4792362940232
143,2,317.17103428412975,1493.681793833804
144,2,309.4853357328612,1492.069540901528
145,2,307.0497264408289,1491.819411701222
146,2,294.3092684585791,1490.6592049490444
147,2,294.16364424958346,1491.16486748054
148,2,287.08501046711325,1489.9921332592558
149,2,280.0427907685834,1489.2218890249221
150,2,277.0142923781211,1489.543183021352
151,2,277.090811731108,1489.6755647288865
152,2,277.34993687201046,1490.3742821698802
153,2,277.25407781590815,1490.5269511717431
154,2,276.48938718062067,1488.3163247607288
155,2,276.2623788228463,1487.2047548438063
156,2,277.7688884475758,1486.5202482062634
157,2,277.7114233375204,1486.6535805453132
158,2,277.3285733582325,1486.9492570107172
159,2,277.523816959535,1487.8599448263144
160,2,277.83197777178293,1489.3811704848674
161,2,277.4370383929146,1490.0753693890274
162,2,275.82038630432226,1490.6336008431024
163,2,276.5817009334851,1490.958679226434
164,2,276.36370406020507,1490.9774205277963
165,2,276.2092091067731,1491.097362858024
166,2,274.4990292191402,1490.98591393664
167,2,274.56589146149685,1491.0113560419384
168,2,274.4661862642737,1490.7221837866134
169,2,274.0963969922275,1490.503351400064
170,2,273.404851761745,1490.1326670044325
171,2,273.7550503928198,1489.874235824843
172,2,274.5049218272092,1489.8777870906747
173,2,274.7553842505921,1490.025587300603
174,2,275.6365691032902,1490.3501882368028
175,2,275.5682028845857,1490.0462082209417
176,2,275.75955129768937,1489.9124851642384
177,2,275.9057591787305,1489.6453213216532
178,2,276.8538938844609,1488.8204676297994
179,2,277.4302975517402,1488.6964482278115
180,2,277.3963732885905,1488.6708378301375
181,2,276.97294804249054,1489.1322230818973
182,2,276.44001457121993,1489.4997138254487
183,2,276.54605932781635,1489.7788748029582
184,2,276.065334996473,1489.844349610813
185,2,275.99921807354457,1489.9864060941443
186,2,275.5883431816699,1490.025528568737
187,2,275.6091251223371,1490.043547661982
188,2,275.413856752351,1490.2515037073852
189,2,275.2611309490143,1490.2781955058929
190,2,274.88348667132686,1490.3840561203983
191,2,275.0095409225531,1490.4488823357983
192,2,275.42591413354126,1491.0797747033566
193,2,275.303077923892,1491.1456246070188
194,2,275.00851149625004,1491.2498325561216
195,2,274.6221812563086,1491.2348404057493
196,2,274.8019431093043,1491.2891601513325
197,2,274.78261693097744,1491.3865405082586
198,2,274.9145878243982,1491.1420744681504
199,2,274.94947547458196,1490.7735971225427
200,2,274.4057510880529,1490.551826300265
201,2,273.10040418978764,1490.047138228561
202,2,272.23631056401763,1488.962423177558
203,2,270.9712135981456,1487.7357784010587
204,2,264.66837648519663,1484.5413387402982
205,2,261.7762400756503,1482.9683629312212
206,2,262.4083300454094,1477.707828704484
1,3,541.6801909389716,1122.5918017915378
2,3,541.6801909389716,1122.5918017915378
3,3,542.1591148243027,1123.0728218550757
4,3,541.4121647366162,1122.8174605573458
5,3,541.3883610022356,1122.785624437948
6,3,538.5332797043569,1122.304974652835
7,3,537.9062322068652,1122.127707931964
8,3,535.1795416760633,1122.8445061615055
9,3,532.9332337699963,1121.944420671057
10,3,527.0427564520775,1120.875306999707
11,3,524.6687031114687,1119.7616663769813
12,3,511.80522472242296,1112.421539818015
13,3,507.7109174600286,1109.5933568250293
14,3,503.01927255787234,1104.1701252036228
15,3,501.21825241418844,1101.6418552779871
16,3,499.06152310039903,1095.0168933138546
17,3,499.0811526647377,1094.233281837942
18,3,498.4791629826705,1092.7694653160072
19,3,497.9355528637177,1092.0661089972964
20,3,496.18556218791537,1089.1929535175657
21,3,495.61797172197305,1089.4223640797118
22,3,489.8278097079722,1084.878933465141
23,3,487.83379701433955,1083.3257405795352
24,3,487.69953067458596,1081.523611028908
25,3,487.5041352167187,1081.4193381678504
26,3,486.34183168504427,1082.3491552457172
27,3,485.4350833467478,1082.0383312227418
28,3,484.90229409409557,1083.626172264471
29,3,484.407088016097,1084.0504894959265
30,3,481.0238919674476,1083.3479812326775
31,3,479.47804425858055,1081.4347268451718
32,3,474.57402694242785,1082.815148743869
33,3,473.8411439570571,1082.2550572103676
34,3,474.4746901174321,1083.1356706670679
35,3,476.13300090984643,1083.2615936461652
36,3,476.3813406324599,1082.0814208899315
37,3,481.1616777879039,1078.1060644292631
38,3,482.2542819086853,1074.11291700489
39,3,472.19414002838363,1070.2372873013046
40,3,459.8976487836837,1050.8139713430946
41,3,458.1374135800917,1043.7221600864227
42,3,435.83041830297833,1022.6345585012532
43,3,420.0810470101777,1009.3058848103935
44,3,419.6018911221231,1000.4587931494613
45,3,418.75867372990905,996.5304668828591
46,3,426.529579048615,985.9947726282106
47,3,427.7048443130913,983.3248330957717
48,3,431.10227834613875,976.6592336529259
49,3,427.7650924915213,965.953953618071
50,3,431.3497628210582,960.905194402476
51,3,430.60431172926445,958.1235189074628
52,3,432.95182484535087,955.9451502487005
53,3,434.8312915171441,955.722903458973
54,3,437.26837526066566,956.8395226022878
55,3,436.24012143678397,955.9129636821921
56,3,436.1790717703641,952.6150420019023
57,3,436.56110986502387,952.3521884408093
58,3,436.97596568098004,952.587464128893
59,3,436.9884301890073,952.7850299793544
60,3,436.262289893066,953.1192192611228
61,3,435.74141188523777,953.868083663233
62,3,434.80426604068384,953.2483215100629
63,3,434.1822597377153,952.1443953893329
64,3,435.82315825130837,953.2059797179818
65,3,435.1073605251601,952.9705674035687
66,3,438.60072169479093,955.6022734914603
67,3,437.79628613237566,955.091603224606
68,3,430.67740894235857,951.656319241035
69,3,425.49212524682065,947.216632427466
70,3,410.54855497080257,939.5895226978322
71,3,410.09442934176366,939.9009797987143
72,3,397.8589914688461,934.7798317766142
73,3,393.9610061849889,935.4333727995977
74,3,389.01021393523393,935.4104328568189
75,3,386.1256651497886,934.1999649958973
76,3,381.9259382036233,933.9234778066074
77,3,379.21355005796073,933.124889334808
78,3,377.45154676526096,933.3002164407281
79,3,376.09082069151106,933.388645865178
80,3,373.62388117719604,933.1534502963092
81,3,373.18124150932965,934.329411316095
82,3,376.3490791947285,939.0519623811902
83,3,379.88590469121914,941.6385749115284
84,3,376.3998118297255,944.0079740032668
85,3,372.46283194253414,942.6953788770801
86,3,370.1233094073957,947.3687239052724
87,3,372.0023048539659,948.670469620402
88,3,374.9708132454104,955.9720811356883
89,3,384.13137021179807,966.0261212988275
90,3,382.4214794583848,966.1236811196649
91,3,387.29965151022895,969.4194740644555
92,3,383.40615758792916,975.0809031309062
93,3,384.6127049354415,985.7713861341784
94,3,368.44161469525824,988.5634342665029
95,3,327.6766660632558,968.8280813014721
96,3,363.09458314967384,1003.4663058460867
97,3,364.19403452644514,1008.5938672690082
98,3,360.02405407416063,1010.7186419540357
99,3,353.08997661581043,1018.1304400685975
100,3,349.0360605954548,1016.6883684028719
101,3,349.1069172893404,1019.0276978143654
102,3,344.22711941221536,1023.0835552115632
103,3,340.16446959872565,1027.3703927823444
104,3,340.5603182246664,1032.263808530045
105,3,338.1327766065325,1032.073058455304
106,3,346.8141110636451,1038.6210867337616
107,3,352.86460133496183,1043.491844051108
108,3,359.52935727045076,1043.7301419389187
109,3,363.7264319959305,1045.6287280052404
110,3,362.88755645288086,1044.9977709175269
111,3,360.5702238134247,1044.3129510407166
112,3,353.36935491061706,1044.270890136123
113,3,353.8344985228814,1044.255804248155
114,3,350.9753208643068,1042.1741147969205
115,3,358.83820189128784,1045.0673797640238
116,3,368.06046274803435,1047.1590552421844
117,3,376.03389656455875,1053.389903191537
118,3,404.50958159198717,1064.7731010683092
119,3,403.9673415726258,1067.9264977955013
120,3,412.67318932409194,1077.4379233365332
121,3,425.3181560378305,1085.4445430935598
122,3,455.3423592090458,1102.8104817020574
123,3,463.5222207802888,1107.2065892709688
124,3,459.5457553609215,1106.7985579117394
125,3,458.92644070903583,1108.7896289926975
126,3,455.3642755228289,1118.0620494702841
127,3,454.1091716010955,1120.9074424122591
128,3,450.7846485814715,1123.772451033433
129,3,457.4636473310241,1127.518862943762
130,3,476.4418650695545,1141.1894590000522
131,3,484.24952158878614,1147.5663108076033
132,3,490.97693561590285,1153.6063455951742
133,3,490.05319586361793,1153.4295228028452
134,3,488.64347241828403,1154.7584323993165
135,3,487.2323829679082,1155.786367353515
136,3,487.126764981451,1158.536736231423
137,3,486.68732193517155,1158.9914077508126
138,3,486.7582858594788,1163.7508823265025
139,3,480.1310852168829,1166.3057745051776
140,3,458.1367602340935,1164.0259016794776
141,3,450.44546382320664,1162.848315069287
142,3,432.64774117136255,1165.3230456046076
143,3,416.5717617333883,1160.767131393801
144,3,412.32406181599913,1162.8234504039394
145,3,411.28310899742166,1164.4623116643209
146,3,415.50064267946453,1172.7064291060892
147,3,413.94348932168083,1174.3039302079537
148,3,406.2982760531105,1180.1523703448495
149,3,404.39327402728014,1182.2295152555057
150,3,401.28481885495376,1184.8035100317588
151,3,395.3292404700312,1183.9631363479668
152,3,388.06575587336283,1183.220461935701
153,3,374.40738442868184,1175.7029897837597
154,3,350.39436753769684,1164.593801757124
155,3,346.72703453768366,1161.883135162717
156,3,332.24141024201316,1152.1266139125785
157,3,333.0132103088465,1151.6624059027056
158,3,333.5958891288304,1150.073691072938
159,3,336.4198937311114,1150.3620334584828
160,3,332.09433260182817,1148.6948430790283
161,3,329.72742346059573,1147.7029933609272
162,3,318.83762908186213,1144.1765705046573
163,3,311.1862558858649,1142.0273492726626
164,3,309.18539163952266,1149.2502187438486
165,3,307.0221734173473,1149.6735190556901
166,3,298.3434848656257,1155.0678223666941
167,3,296.7447228381469,1154.9372535930036
168,3,296.6825324313329,1156.5900585005197
169,3,292.50242885889304,1158.5609719953504
170,3,293.3744239239974,1164.6326748158244
171,3,293.4861210242915,1166.210158031133
172,3,295.94816079631164,1171.3081442561788
173,3,304.18196170601766,1174.6166085889206
174,3,310.91264088919365,1177.7818097755833
175,3,310.41151551399184,1177.4315488794236
176,3,311.0561538638157,1180.4259712957605
177,3,312.9668643690417,1178.2650907566888
178,3,317.36469098290473,1171.6506998214336
179,3,318.26982309864354,1169.5661823646863
180,3,317.3885114963391,1169.2365321294824
181,3,315.7289289523058,1168.6964944617528
182,3,314.5115699904114,1168.1472898872148
183,3,315.6386725894123,1164.8059483335799
184,3,308.8343917078619,1153.3592372477785
185,3,303.98104651193785,1146.1009766159802
186,3,267.17499138416247,1116.3577127069325
187,3,271.689751316676,1109.0882188488877
188,3,285.1299285514857,1100.042647257822
189,3,283.978262468317,1095.3058012105441
190,3,283.82955362509,1086.72616289177
191,3,285.95085687535436,1080.8992725139897
192,3,285.2727052750056,1070.3210217158903
193,3,268.0114840483785,1056.179972990693
194,3,269.33874871074124,1043.3075338340489
195,3,273.60373187877804,1039.0174498279953
196,3,281.63566852579083,1022.6353978158627
197,3,281.2498375945105,1018.3968777529714
198,3,275.95162572102015,1006.383042006993
199,3,258.93170622054987,991.7862501417004
200,3,234.92281646767822,968.5369976033465
201,3,214.43052416677872,946.5133541418604
202,3,144.19069399631294,896.6796815243823
203,3,249.24640820823475,949.3866269203538
204,3,281.40177995482225,956.5620358257335
205,3,262.55424517214766,941.46507929432
206,3,272.8905464657673,936.6113735886468
1,4,871.6442044823045,542.4706009066545
2,4,871.6442044823045,542.4706009066545
3,4,871.5199360056564,542.7186811769931
4,4,871.8139933622451,543.4319580870737
5,4,871.9587439022899,543.900531857544
6,4,871.5050725776271,544.486662656614
7,4,871.5098138156224,544.8271039827446
8,4,871.7450628846537,546.0740698003603
9,4,871.2699009720512,547.8001653478468
10,4,869.3131648748868,548.8550549949522
11,4,868.3158565941055,549.3168338354038
12,4,864.212761013965,548.0157990854524
13,4,859.1456414011218,543.2440903402693
14,4,850.1512549977745,538.5580488537925
15,4,841.5701247043514,532.3411515111698
16,4,841.891171569117,539.8787830939492
17,4,840.9798940303393,540.5511255337352
18,4,840.795978140888,542.3212101411712
19,4,840.4666686244238,542.0004391444246
20,4,839.2895686951306,542.7844619154796
21,4,839.3333296782747,544.6488477686693
22,4,837.40617699911,544.1376537676873
23,4,837.0989737239724,544.5334592237419
24,4,836.8542490675547,545.5001224791189
25,4,836.7224415421086,546.0653620642205
26,4,835.9108834906585,547.1055999004319
27,4,835.8531996374464,546.8054589099414
28,4,834.0081524526238,546.7822583682687
29,4,834.6058232429896,549.9231345520961
30,4,834.7498077118115,552.0000715127923
31,4,832.9867298698174,550.5749414086156
32,4,832.9464330967313,549.7763625934316
33,4,830.659348973946,553.5505265678718
34,4,832.0019111567389,554.2140863561905
35,4,830.8223748654576,553.4738055913735
36,4,823.6799194022783,529.2242694392088
37,4,823.3746219498452,527.1856922791243
38,4,794.671478728843,487.51374009735673
39,4,785.0285800581898,473.45019481652304
40,4,776.0479165610817,460.6749363789023
41,4,779.7233713269271,458.9373954740351
42,4,775.1530379317011,444.49701570432177
43,4,773.2395348250302,437.7721066609523
44,4,759.8324287105952,412.0371559129249
45,4,750.751154335489,393.0716917570651
46,4,744.955119395636,383.3958475685612
47,4,747.7672480015833,381.8230124879599
48,4,750.753188783391,378.79802072011597
49,4,750.2857881390049,379.3689180587738
50,4,749.5462542568956,376.40415246199086
51,4,746.9445134508409,371.7492570120714
52,4,726.8332943075593,338.0804035493678
53,4,717.769496315176,328.82329528089394
54,4,693.0965108725882,297.4637223988764
55,4,692.1325021636688,295.2696338201464
56,4,680.4645953251141,276.3198995735194
57,4,681.1540810994449,278.75142788499556
58,4,680.5728052160744,282.66407905093496
59,4,673.9683574835972,281.29866630141436
60,4,667.4143424434867,277.8945704639382
61,4,660.8725033219607,269.4608090510622
62,4,637.2573855554788,253.42337087348278
63,4,628.9210131058791,251.79330535218745
64,4,599.1744787154356,218.15856544195873
65,4,593.9587287931932,216.42458781184467
66,4,564.2409049865407,197.60382792381114
67,4,558.631937705603,194.65174053339112
68,4,559.4304357122795,216.86736842242263
69,4,557.6793832896283,231.28096687786737
70,4,542.7867226457447,219.00245552508085
71,4,542.2533665717729,217.28337082947573
72,4,528.8671785756464,216.49177464339408
73,4,529.2695211026446,219.99693238023653
74,4,510.75154953030517,209.79305162599792
75,4,535.3965634696175,250.71698318497477
76,4,532.2992342840824,255.9214485398749
77,4,543.3324010422044,247.9414566674625
78,4,543.9123407619461,251.74222850756658
79,4,544.4922804816879,255.54300034767067
80,4,545.0722202014296,259.3437721877748
81,4,545.6521599211712,263.14454402787885
82,4,540.6157912085978,274.43390497273225
83,4,530.2760467765996,269.3885921531508
84,4,525.9554872239243,275.54980051032396
85,4,522.6796811774022,275.4035940160624
86,4,508.5426365071172,280.44955157602897
87,4,505.4858234587262,275.38828418243406
88,4,474.58709511151994,262.44669095923956
89,4,472.5229202476632,272.331230134377
90,4,468.1466683876453,285.6929367868188
91,4,465.3253477677694,290.3673001019488
92,4,423.2957682007784,281.42002229747516
93,4,382.21412191407774,253.01217527460554
94,4,375.84882013072865,266.16935791100514
95,4,376.50813699920826,292.80352714634216
96,4,354.45788354687943,297.83426431642584
97,4,349.26558245244695,303.51519983300307
98,4,334.6784185055859,307.2003508972364
99,4,332.1681713781443,313.71463433075735
100,4,313.11506307395587,307.24234739362356
101,4,307.06376827195555,307.88893171668167
102,4,302.93524768321504,317.17159143561685
103,4,299.44463309198983,320.82137888910756
104,4,336.87232140775683,376.41541528177663
105,4,331.53185777736024,374.50121576074565
106,4,335.64086598424956,383.5168968298545
107,4,331.6747841571192,386.0498987318351
108,4,334.8146072246008,404.8122850413312
109,4,344.66834015674635,418.67849133023304
110,4,352.6204564925733,444.3096411720005
111,4,372.2162338576945,473.21276377705505
112,4,369.3668702152081,490.6616573971555
113,4,368.95091491880316,499.49107591604104
114,4,365.24743424295474,512.6972073364692
115,4,363.39020470383815,519.2355897515921
116,4,384.78268823845724,537.4456497345678
117,4,394.6274459799478,546.866516349563
118,4,401.2403629231117,555.9828310837934
119,4,406.56512992296734,561.3212613703516
120,4,408.7259710329321,551.2814447335073
121,4,410.45162663183197,562.3542138388157
122,4,402.19987220614155,566.9949361971227
123,4,417.537168687577,589.664999851737
124,4,414.4009358723572,588.3654592942949
125,4,417.4123124708375,592.9406658479766
126,4,396.1855479729574,578.6856176931149
127,4,401.04879686578175,583.1526261364324
128,4,430.39664530154556,625.2203878030459
129,4,438.60645433334776,636.9050279655227
130,4,366.7703459532438,584.8737391602992
131,4,379.73899151149976,595.8102028685511
132,4,412.35765699477645,631.042509150095
133,4,405.1909400176433,633.2382848411926
134,4,403.2863602366204,638.7928064711394
135,4,400.1217576002087,640.3889448443763
136,4,421.8484450977706,661.3170135997458
137,4,431.1154287978261,667.7975603785666
138,4,420.3682149227742,650.652340456816
139,4,431.45132120946755,657.4284927843769
140,4,454.79569776553734,666.9911568809274
141,4,451.62399094874405,666.9940180530657
142,4,457.0316482590998,668.8044156166302
143,4,456.6961102338415,667.6504560135799
144,4,460.6030682032556,668.1456035130212
145,4,464.5597365136582,670.5445156859794
146,4,468.62456152210973,670.0419001194341
147,4,468.91524537311227,666.7613860743338
148,4,476.09858501531806,658.3687442681784
149,4,482.7704642414193,657.95653869392
150,4,487.59998010157057,644.2151564380282
151,4,492.8936847881139,640.3200263847549
152,4,505.49748036497317,638.7706415776322
153,4,506.81622499935077,643.493626975969
154,4,507.8285227855457,643.4211969075993
155,4,510.4902532722815,640.1763659776088
156,4,514.5081713457838,623.0378818261029
157,4,515.718174094509,615.974394820801
158,4,500.90896771095294,586.9666626132292
159,4,500.30242135306287,581.1038088546029
160,4,499.41731823044523,568.652222315834
161,4,499.4607584070613,567.3513807884113
162,4,494.1895317981547,564.6233153233408
163,4,491.7092946271925,560.0919205623027
164,4,483.29212356992184,547.8767356492027
165,4,491.92969503388287,545.256212675545
166,4,495.89798374840166,538.7070251599116
167,4,499.3106285955909,539.7190704063577
168,4,492.26235557448126,518.0755460199669
169,4,486.63807566358133,511.29862051078794
170,4,481.26814034355255,500.8013738003953
171,4,487.16891669007066,504.8431382571699
172,4,501.52716510156824,508.8720727783791
173,4,500.59286180240025,505.88909007731763
174,4,501.8317180286575,507.67268319428257
175,4,501.30195566462186,508.73442766725833
176,4,498.77435190676465,508.02653197210765
177,4,489.9065662099543,501.3918239912652
178,4,492.3789105002513,518.3785799389086
179,4,483.58091371908426,526.7006398733876
180,4,484.89983017230963,539.6002443422391
181,4,484.03357957972213,541.4435559832384
182,4,479.5438614374525,543.3777033541004
183,4,478.53101826297274,543.4893957316239
184,4,487.25631184199415,551.80059741476
185,4,471.4089049551676,543.8060926125163
186,4,443.894141130892,546.9087528867293
187,4,437.2753777815243,557.838530071525
188,4,431.549914783288,597.3294573495261
189,4,417.5491248775896,598.2225131480793
190,4,415.67751331084804,609.4231770165003
191,4,397.05848778552394,605.4716548651904
192,4,400.9222030187279,624.5033451027352
193,4,400.66277245161456,633.7760732637297
194,4,374.6569766505248,642.8885340691247
195,4,350.7604231609123,633.2800091084199
196,4,335.57909572716403,641.7065340789077
197,4,331.3959408092227,650.4701239305854
198,4,318.9759900865048,650.4136989434005
199,4,314.02492490439704,653.0270325669372
200,4,296.32349758919605,671.0737919657104
201,4,240.27256740900285,638.1960687126547
202,4,291.1023184783724,693.1183218878356
203,4,276.5481190437877,703.2177971683465
204,4,256.5125807601894,706.498264545503
205,4,268.6265177015463,725.0167707481983
206,4,260.1132726878042,725.1036057363975
1,5,521.109361200344,258.4711688372525
2,5,521.109361200344,258.4711688372525
3,5,506.23251545356777,244.14214206973423
4,5,509.80678324244667,253.39589417165826
5,5,507.1676422760441,253.57364775886407
6,5,507.196853047392,256.6789739274604
7,5,505.69482381062545,257.6041860062173
8,5,496.03229243705664,259.6753810802007
9,5,495.09815615632175,262.24519470007635
10,5,492.91174766793944,267.60596036619273
11,5,479.94428947434403,257.37316060928407
12,5,478.3121152445181,258.3658750534178
13,5,488.3207860909626,271.7968838466402
14,5,491.284724766075,285.4952231497507
15,5,485.6621066152881,282.24683654036653
16,5,475.53234518899916,284.35078854193046
17,5,479.0141830438325,289.8075920269477
18,5,476.49414545629395,299.0726479630331
19,5,472.8882029937586,302.3955730348184
20,5,481.53009114680833,321.1593166706081
21,5,487.36422322783926,323.9751187790911
22,5,487.4308504548114,335.27674660017493
23,5,486.6501191118623,336.65317201185377
24,5,484.2734115139369,342.2832242742799
25,5,488.76350424723273,344.99597508309756
26,5,471.894517897268,349.2423178791091
27,5,475.5299753225762,354.9729629493647
28,5,483.06935473697433,361.45404425761535
29,5,483.80655459599075,360.9431935570028
30,5,489.85770531545563,351.1641710740514
31,5,491.29500168176,352.11273936663895
32,5,494.84402339350567,338.48898825704515
33,5,505.50295857188917,339.36454707910787
34,5,510.455366375729,328.22915101485256
35,5,514.7242201841493,327.2491908876579
36,5,524.1649408806435,326.760388947502
37,5,532.2260064615518,336.56463693122794
38,5,530.8980114845069,327.3975996572347
39,5,545.3632854853819,330.372509362049
40,5,550.8730912122985,325.504882190404
41,5,552.0081896347873,323.0489184491646
42,5,551.4353363840628,315.1142164796944
43,5,552.2006579316925,311.97837552624634
44,5,502.4697111237772,240.45711797656557
45,5,492.63163370349,221.53879296736577
46,5,557.3380226587175,271.26944254259655
47,5,525.7323285939212,229.17805035943795
48,5,545.4503280683159,269.45138014903546
49,5,550.9331894625313,272.3076674512629
50,5,558.5132202607476,272.94823610404586
51,5,563.5464424328721,276.99881477445024
52,5,564.0048992325625,276.1192162508478
53,5,565.6189695544304,277.9125661462876
54,5,567.657754524353,279.0758399019638
55,5,567.9872270686069,279.37276197720263
56,5,568.8475203834877,277.3320125941279
57,5,573.9672860028182,282.10750650933136
58,5,571.8896498519877,286.70895625323493
59,5,570.0432389319889,286.3730095416765
60,5,565.7120458645462,286.5101757359108
61,5,561.9742211116031,283.24303895423486
62,5,555.7320710844941,279.90196274863
63,5,541.8802421380981,266.26945853001524
64,5,544.6023967146077,276.07791193903745
65,5,545.1591875218799,282.0170956177455
66,5,540.4122631268928,288.0502648491946
67,5,538.7398396566539,286.2921017909085
68,5,535.8812234866404,289.05086531908023
69,5,511.36718343905056,262.5321940313284
70,5,537.5779676072665,300.6209790318845
71,5,545.0174378370223,295.14673381075073
72,5,540.3448468951773,307.22491876291735
73,5,535.7458381427798,313.2070953590627
74,5,530.0081024696617,316.2487174618244
75,5,526.9151664467997,321.65097710650906
76,5,526.4026618960786,328.81136931643925
77,5,530.9720900702788,332.4337727119894
78,5,529.0508960196594,329.5904857883025
79,5,526.094111541905,349.63852123809266
80,5,513.2405499895285,350.59609065249606
81,5,513.1703595031742,359.52614785309856
82,5,544.4620941875806,403.93407490338535
83,5,542.1863127328182,406.96158625074924
84,5,528.2594336336198,416.5836435834213
85,5,531.4878184692394,436.90506975303407
86,5,547.1671500821598,472.11155494518437
87,5,525.4660178296034,471.37609677304965
88,5,503.7648855770471,470.64063860091494
89,5,482.0637533244908,469.9051804287802
90,5,476.847236603249,483.35512955705104
91,5,471.63071988200716,496.80507868532186
92,5,466.41420316076534,510.25502781359273
93,5,461.1976864395235,523.7049769418635
94,5,455.9811697182817,537.1549260701344
95,5,450.7646529970399,550.6048751984051
96,5,445.5481362757981,564.054824326676
97,5,437.2239109766289,573.7299538941771
98,5,415.9746962040531,567.5318462136993
99,5,394.7254814314773,561.3337385332214
100,5,373.4762666589015,555.1356308527436
101,5,352.22705188632574,548.9375231722659
102,5,330.97783711374996,542.739415491788
103,5,309.72862234117423,536.5413078113102
104,5,288.47940756859845,530.3432001308323
105,5,339.9301810331169,581.6088937503268
106,5,391.3809544976354,632.8745873698215
107,5,410.2156168322904,650.2491339971365
108,5,423.1208022874241,665.6337317558983
109,5,436.0259877425578,681.0183295146602
110,5,440.28948119702375,682.9501368956793
111,5,440.0820557895137,675.2749590782516
112,5,448.0092637479203,697.3588392827647
113,5,470.4253900396939,721.9844243032732
114,5,413.7153831189044,670.2156121084403
115,5,473.69398764793846,723.4365416638888
116,5,462.92511753644334,714.9772437364078
117,5,475.61852261845945,725.1337857004833
118,5,468.2018798807348,735.1841857173613
119,5,469.1988001671444,735.009808708223
120,5,486.76162422853645,732.5565252306203
121,5,489.0955357119593,734.3282445714558
122,5,479.5063031873815,727.6267794890434
123,5,484.1222091687668,731.6540707898436
124,5,471.0698122743492,722.7975980647474
125,5,468.2519387066613,724.6780345065079
126,5,521.655473330409,768.8481456014987
127,5,525.8974121370923,769.5074460038187
128,5,559.4817162614592,800.1924858597552
129,5,563.9327608590357,803.9319944386071
130,5,596.2678495585182,835.4824990869978
131,5,585.9018843630789,831.4133040600836
132,5,616.4007494907399,863.4038301778145
133,5,614.8036990255551,867.0888856295571
134,5,592.5126380110322,855.977441722033
135,5,588.5735530163194,856.317124065328
136,5,616.037102525724,889.205453873277
137,5,635.1522066046324,906.0275130373296
138,5,606.9087759770107,890.4171657625418
139,5,639.5908773511195,919.1842560437086
140,5,662.0859308896496,945.7118996540688
141,5,659.0174830101855,953.5574583691379
142,5,668.5004534874462,970.3904098241844
143,5,671.1394254864194,972.9421364383518
144,5,671.5348584963764,974.3364545681268
145,5,672.6215704954003,972.0584781183184
146,5,673.5089053848404,965.359170517944
147,5,672.8452641587781,965.7228243257254
148,5,673.8041845340281,964.4029703686672
149,5,673.2925169964731,961.326481969991
150,5,652.2643461632296,927.6723102465324
151,5,638.9962700252779,902.5904873759578
152,5,648.8966292232535,892.5884120653708
153,5,618.5803216568927,860.4176962598588
154,5,627.4311079787642,851.964509378043
155,5,652.5939065589259,861.7425237876463
156,5,704.9740285425833,883.5405033728177
157,5,691.5217136527019,873.7933982443377
158,5,678.0693987628207,864.0462931158577
159,5,654.8390606750885,849.806444942605
160,5,631.6087225873564,835.5665967693523
161,5,608.3783844996242,821.3267485960996
162,5,648.2804866569666,861.1281621464699
163,5,605.7916027663291,822.2215748677713
164,5,599.1291606849092,821.3615695043624
165,5,595.6427213014069,818.3973237407668
166,5,591.6514996686986,820.3678944418411
167,5,589.6099547900104,824.6665224177549
168,5,581.9855707111318,837.6042890461067
169,5,548.3564732215142,832.9905486481667
170,5,544.0746563785835,851.9383846060806
171,5,538.599814842946,853.1037234859864
172,5,531.4406469886043,862.8964788831611
173,5,511.06560386765074,852.95947761176
174,5,500.77677987401694,870.9932302735027
175,5,495.8085147930338,887.3138443514329
176,5,484.4012238604285,892.723014080627
177,5,480.54219850962414,899.0217454536989
178,5,433.22463053701165,877.7510743210172
179,5,434.2244007988981,881.5441082064326
180,5,398.49267004772656,873.2045682375538
181,5,392.3459855788619,875.032988695515
182,5,378.0247091390027,877.6630110300352
183,5,350.0912686920785,864.5206713032986
184,5,295.779289795765,831.7953398719419
185,5,279.2429657592539,824.064471202991
186,5,274.9086663401435,829.9327001399192
187,5,262.1965563882676,828.132583793695
188,5,260.74747102868446,848.0539766292989
189,5,253.14569721901677,851.5107196265657
190,5,251.01229902508064,841.583141302298
191,5,248.26669270775758,841.4031023017824
192,5,137.60362303146988,777.581961018656
193,5,210.08485426642554,826.5583765400353
194,5,196.85853716452874,822.6699378593523
195,5,193.58474738961075,825.2649039729246
196,5,185.63234325705676,824.3505468593363
197,5,177.96328437298968,820.9045550125429
198,5,164.4025117346472,813.3063363817705
199,5,158.65144002531443,810.0169574235624
200,5,146.92573013118633,800.3111472882082
201,5,146.30282403930445,800.9200840587482
202,5,145.40805290703915,800.5597284728806
203,5,151.38936635193127,805.3525959565118
204,5,145.0862816008293,806.0523784570101
205,5,138.76264559667547,803.7288768140543
206,5,133.79698250390624,803.3589633393029
1,7,556.8790235428778,120.8815118677069
2,7,556.8790235428778,120.8815118677069
3,7,538.8957185932431,100.99250551222484
4,7,503.28245386789564,62.050039473372365
5,7,513.8939751835047,80.51383890073866
6,7,547.0578314629876,146.77069891156606
7,7,546.1093421844765,150.01354881975774
8,7,544.7789573720781,162.11438858198343
9,7,549.0850366728833,172.9127019481439
10,7,541.5524379862197,172.97522259386653
11,7,542.4728707466564,179.00078656378713
12,7,537.6592230230424,188.68971533975153
13,7,540.9147363493925,195.0747749207301
14,7,542.8037727307845,219.56990437786052
15,7,540.7188459501214,225.81588321609232
16,7,520.9827751955145,216.8889683519814
17,7,506.7416952297449,202.6256230509275
18,7,510.9440160087855,233.48294902534326
19,7,519.0687946433046,242.49352570187617
20,7,517.4566962925145,248.07839997373605
21,7,517.2174705517933,247.8304127213178
22,7,517.5049921732617,241.0448385540381
23,7,527.5223294282192,239.60537422012095
24,7,530.5483304755293,229.12532672610044
25,7,527.0829872426189,216.4391812967997
26,7,545.177244990118,189.13229531802705
27,7,503.1746605954079,103.32392126283649
28,7,494.02915733329735,66.49419741741929
29,7,494.63620878637664,66.249680124864
30,7,623.2584165204084,208.63521568084437
31,7,625.126102789523,203.332175553822
32,7,635.6608384714247,180.46705183462137
33,7,641.0291158979157,182.80963927006638
34,7,642.0317038649197,179.65745668356155
35,7,643.2560103257604,179.19359888607434
36,7,645.6272998316412,174.98165890511507
37,7,647.5806838399759,176.5934784458867
38,7,643.7686467839744,174.01429779010076
39,7,645.1319960303875,171.55326175843325
40,7,635.696109598962,163.1141460362462
41,7,635.1132257144393,163.19850603367138
42,7,622.801012634289,149.19842522513233
43,7,626.567325302975,154.37964395185404
44,7,625.5190066939737,153.9440811768678
45,7,624.290075276545,153.5371052976562
46,7,630.528584081551,165.92465625738888
47,7,627.0451920824638,162.80636990034546
48,7,622.8088861541988,153.2640654175675
49,7,623.205291935239,153.05069308542568
50,7,625.5473795786755,149.97902576807277
51,7,625.5791872174572,147.8467269959168
52,7,632.4226449819253,147.8347396751683
53,7,631.990130925239,141.60562973916734
54,7,634.4360558524486,137.57165415069386
55,7,636.3192879762826,135.44916597089554
56,7,639.2132930160643,162.37416975340784
57,7,637.0510957288944,146.6793769284984
58,7,655.0181759446083,169.18564444526427
59,7,649.4694051971886,164.36782222439518
60,7,656.5396051168782,175.30925820520704
61,7,657.5147145515234,175.68104222911134
62,7,658.1324412408914,176.5428844754935
63,7,664.2323763944902,185.82583502107389
64,7,666.7957351084965,189.6251268534964
65,7,673.5521264878131,201.15489822545882
66,7,682.0824315321717,217.52303343577728
67,7,680.0128255395098,223.51107928296022
68,7,682.0649753127867,234.1230885176819
69,7,668.9557489812807,231.369170893927
70,7,673.3230250834832,251.32256481145149
71,7,667.4635174549632,257.1013440886361
72,7,589.5082276324624,155.82666344865405
73,7,677.9178488573061,281.6575684780587
74,7,681.032406759951,314.0551830181469
75,7,678.8574489130128,325.13793412933325
76,7,668.3938823445155,358.1721719781485
77,7,663.3139886786013,364.53626340069627
78,7,658.0521898128593,366.1108729636227
79,7,657.0415671771066,381.5407772728587
80,7,671.3102764263889,408.812259399651
81,7,655.1050941287664,444.0556888285728
82,7,653.4644300623389,465.750133704244
83,7,649.0727361917811,473.4928506794581
84,7,643.7560837293271,483.4164108054848
85,7,628.578187831197,510.18135962505823
86,7,625.1791958452455,521.5461529173762
87,7,600.316655524095,528.2823972241204
88,7,596.2591231466758,554.2220063117434
89,7,596.4759865905118,562.7559434339953
90,7,541.4549064286948,526.0762300545035
91,7,582.6138529947933,600.9316140745926
92,7,574.7649060891969,624.919863338415
93,7,558.2358314379986,628.0133028045534
94,7,555.5021139953969,647.8718321317963
95,7,565.664997464103,666.9067741822707
96,7,563.0976054353706,705.6775391735921
97,7,561.7603897378578,711.9193517079825
98,7,568.3332217710804,733.8336667252537
99,7,564.0508789545868,742.9342774713276
100,7,549.7581581580159,753.2339098483216
101,7,545.7985812441482,761.2905229245553
102,7,571.0950984067819,794.3691633281036
103,7,575.982973914338,811.12216285927
104,7,583.3897242790612,834.6161221169301
105,7,586.1386036481463,838.6269284424177
106,7,580.4967794586995,838.0569292157514
107,7,584.019483273856,841.9682231068452
108,7,599.4887866974854,849.256017631022
109,7,595.6159216944459,855.8855541192466
110,7,621.4245261228676,883.3987621792386
111,7,633.1182265473012,893.578408877886
112,7,633.2500480628905,892.7783480404938
113,7,685.4464077490389,927.9587857919475
114,7,693.5507412000317,927.1057941765827
115,7,695.887792327963,926.1570965916133
116,7,699.3440226787123,920.5329262752877
117,7,700.9096057332863,918.3098562045981
118,7,700.2926518534033,911.5583261797562
119,7,724.0044043091291,926.1481073240376
120,7,758.8629990107531,942.6162379203755
121,7,773.5424642805344,956.8003431033779
122,7,797.9189277470301,966.4431034420452
123,7,803.8847819524937,974.295558750845
124,7,805.0350212708723,975.5447083333437
125,7,805.2737881077089,975.8391888884831
126,7,806.5893022248085,971.9002822299619
127,7,806.4155988832339,972.3290924884193
128,7,816.3444859858379,982.4625440116863
129,7,811.9676742981227,978.194023736641
130,7,834.924245329595,998.0593029441701
131,7,838.001526848213,1001.7087111650537
132,7,833.7413925650854,1004.2290377798563
133,7,835.8310174728472,1011.8808341572524
134,7,829.5692718031152,1022.4111723267507
135,7,823.8845391997307,1022.0731883545128
136,7,819.5229810149807,1028.8410514699806
137,7,800.8962500832172,1021.9950362372153
138,7,800.2213044955188,1031.3947085749721
139,7,801.7341541980907,1039.9986059098069
140,7,807.4599023801316,1056.9225374198727
141,7,811.4750605634406,1062.2981243000738
142,7,812.6362709493334,1064.0479979681104
143,7,811.9120729788702,1062.3895091317659
144,7,806.5810387123898,1048.7201753227541
145,7,791.6770650675522,1032.4437870381228
146,7,791.1869112134615,1012.2879227015511
147,7,794.7849204218528,1008.5558808791197
148,7,794.3324469369721,998.5257066819564
149,7,797.9087712909733,994.2139312002114
150,7,788.5372515031187,967.9747117557886
151,7,766.8106879043623,965.9594506496372
152,7,710.3711199346141,907.7583979296609
153,7,713.0417675272979,899.894015068275
154,7,708.3382231793859,895.3360989383777
155,7,709.4430890352864,893.2967271073
156,7,705.4517855847639,887.9737328640949
157,7,701.4604821342414,882.65073862089
158,7,690.4495386094413,878.0826584517338
159,7,679.4385950846413,873.5145782825774
160,7,670.9686334973002,873.709932009137
161,7,667.843266837806,881.8189298181802
162,7,630.3027842895701,905.7543360602357
163,7,630.4667156616189,915.3846228696822
164,7,624.7792562526454,924.0939014623875
165,7,620.0995323929905,929.6438171348262
166,7,620.5726879382163,926.5202825106253
167,7,615.2626905015642,930.5411725121398
168,7,583.6830850506437,924.4123412303553
169,7,550.5213113748276,914.2795193291294
170,7,537.1211166278396,929.7750817814604
171,7,535.6612648685879,937.0568321446872
172,7,521.2234635314744,945.9249960600672
173,7,522.1153791774616,950.3955832415975
174,7,473.5349164853811,942.8928758061327
175,7,449.10130849118883,935.6376846823312
176,7,441.6902087576866,946.3238469333518
177,7,435.5001996994571,946.588767134352
178,7,427.2287764977388,943.8987112506037
179,7,410.34826660301104,945.7346728637953
180,7,338.5532004804745,911.4541241151531
181,7,291.3563162518316,884.4702172549004
182,7,300.67542661575834,898.5836249831762
183,7,291.8051247184796,896.8304567120006
184,7,256.6281501178006,874.1310457909628
185,7,222.77230810747676,855.3907863688331
186,7,160.62483938961887,835.4016500579088
187,7,160.62483938961887,835.4016500579088
188,7,160.62483938961887,835.4016500579088
189,7,160.62483938961887,835.4016500579088
190,7,160.62483938961887,835.4016500579088
191,7,160.62483938961887,835.4016500579088
192,7,160.62483938961887,835.4016500579088
193,7,160.62483938961887,835.4016500579088
194,7,160.62483938961887,835.4016500579088
195,7,160.62483938961887,835.4016500579088
196,7,160.62483938961887,835.4016500579088
197,7,160.62483938961887,835.4016500579088
198,7,160.62483938961887,835.4016500579088
199,7,160.62483938961887,835.4016500579088
200,7,160.62483938961887,835.4016500579088
201,7,160.62483938961887,835.4016500579088
202,7,160.62483938961887,835.4016500579088
203,7,160.62483938961887,835.4016500579088
204,7,160.62483938961887,835.4016500579088
205,7,160.62483938961887,835.4016500579088
206,7,160.62483938961887,835.4016500579088
