1,1,864.7602735140171,998.3486300998364
2,1,864.7602735140171,998.3486300998364
3,1,858.42821361406,995.6929481882494
4,1,847.8894784245804,991.9114447384271
5,1,847.3882277029044,991.6020246302984
6,1,845.7918533962309,988.2044292674923
7,1,846.6650097225728,987.4662808877152
8,1,847.234668095083,986.1205707569966
9,1,848.8898916896801,986.5399900762636
10,1,849.680804492447,984.2357283743927
11,1,849.6280183942145,983.1687676297032
12,1,850.1119720188013,987.4183070066657
13,1,846.5020699815171,987.4361528131357
14,1,845.093138747354,990.0999070643114
15,1,844.6801893742776,994.5622488016865
16,1,843.5514956982595,996.8501445935501
17,1,840.0644208105704,998.5783516534041
18,1,837.1992072231055,1004.3467369892825
19,1,835.8015004729142,1010.2531770374917
20,1,833.0660324279327,1013.2733734969956
21,1,832.6111244655397,1014.2003155652916
22,1,842.8175583192365,1021.5607131977653
23,1,851.4314516738626,1031.831957322313
24,1,866.7184981792838,1047.2509509355946
25,1,873.0198460546312,1056.4564543550973
26,1,874.581070676942,1060.1308220940975
27,1,881.0459702132999,1065.5817865033969
28,1,877.546375971507,1069.8890550512324
29,1,878.6311419767602,1073.7320805457005
30,1,867.9236837700616,1095.1854610246353
31,1,858.9393102414903,1086.1792449399927
32,1,850.2520513863054,1085.5449120562632
33,1,868.5183181488378,1099.8650239961637
34,1,879.51177349374,1112.5134639699547
35,1,879.7881277429951,1112.481626017749
36,1,878.7252300089328,1113.1485122597376
37,1,862.0839403051714,1100.184196841016
38,1,869.2694752013961,1107.9210111903772
39,1,873.2554322262984,1112.6068485761637
40,1,864.570167686032,1126.1349100146033
41,1,865.456798353054,1125.3170907217936
42,1,867.9871228854272,1123.7178589092266
43,1,865.363031312357,1126.2261571594656
44,1,858.2122867390335,1118.1087632895394
45,1,851.1889636542119,1114.2300554054818
46,1,823.8639224369203,1101.3448890547193
47,1,808.073813926568,1099.3107824630868
48,1,789.3702887100806,1076.9521170801333
49,1,784.2689642074956,1073.486655665719
50,1,768.8537175872448,1083.3060843008966
51,1,765.4519435507602,1096.9880248108282
52,1,760.249321891811,1093.435408135129
53,1,761.4726569309004,1092.1012811444602
54,1,752.6374048783359,1086.51944388554
55,1,709.2975136987164,1073.486298125023
56,1,679.6252637461604,1063.310146414661
57,1,674.5668235658165,1067.6512382259214
58,1,666.4119785300342,1077.95584398375
59,1,664.0743576523352,1079.638626175211
60,1,656.5305283240413,1087.6715347889165
61,1,626.5008976915831,1076.1328066607878
62,1,556.1012118304086,1048.079919488279
63,1,538.029113683313,1047.8331634176095
64,1,530.0773265977765,1058.7275402648654
65,1,523.924469592704,1062.2699343808836
66,1,513.8870871168104,1064.8798687438218
67,1,504.9905139606788,1063.918081021408
68,1,453.4259719825512,1045.775611241827
69,1,452.65667338066095,1048.3091806019727
70,1,441.0774138239105,1054.101471988955
71,1,426.8982723303459,1051.8417645008603
72,1,414.5675063015718,1057.6013069862865
73,1,408.09856047562766,1062.494112349006
74,1,393.5064101259536,1063.0356661857866
75,1,388.1291578745099,1063.63232020007
76,1,379.1937231750306,1066.7772283465047
77,1,376.1011997075343,1068.9801987827445
78,1,371.2248442176787,1067.6179414497014
79,1,368.18086100242334,1066.7997129493917
80,1,315.93756417887784,1032.3931921048572
81,1,311.0348536982381,1030.7109413599583
82,1,307.104317584251,1023.9517586212812
83,1,288.28105373491246,1007.0801102998582
84,1,277.8440740763561,994.6144534283775
85,1,276.9352638502979,992.9007146549905
86,1,243.83045835588644,969.4462795598371
87,1,246.43036852741014,973.7530066910177
88,1,243.06781047861242,962.6430496134341
89,1,236.64658204065032,952.8386038235766
90,1,227.3587868294404,943.8702192148767
1,2,583.1709374414764,1268.0840108922139
2,2,583.1709374414764,1268.0840108922139
3,2,583.3551191740866,1265.5911335144542
4,2,588.9473067162398,1264.4476278074164
5,2,590.7708661782596,1260.5900553254567
6,2,592.3374856216933,1262.8977438392787
7,2,594.6442526559964,1262.5199338204645
8,2,605.7194404044877,1252.5621138507945
9,2,610.8874210613662,1253.8487729896679
10,2,615.2495340673331,1242.7600016711317
11,2,619.6116470732999,1231.6712303525958
12,2,631.6045056619372,1218.5327046375678
13,2,652.6440975804736,1215.2432457980276
14,2,655.343466357926,1205.7008613546316
15,2,656.8936901635724,1194.6321903673463
16,2,673.101876351572,1168.5018299384506
17,2,663.4794222011889,1202.5666975262507
18,2,650.0089218595762,1168.4896656298145
19,2,640.5235429034535,1148.1101664043415
20,2,657.3220814993633,1131.2980764223319
21,2,656.3403742155352,1122.9713400754408
22,2,688.5705152607586,1119.9610034006944
23,2,719.0797117219205,1125.2921643254301
24,2,730.6354883162105,1116.3061507927098
25,2,733.6989508752358,1114.8528899889359
26,2,735.070348974864,1107.7120504928191
27,2,734.6417160753815,1105.2889507823752
28,2,722.6355245582114,1095.9422038101484
29,2,722.4511117787528,1095.3210572396788
30,2,706.5065156148938,1081.9105763583598
31,2,705.9762112303961,1080.7788531778504
32,2,707.1959767850569,1082.157566016907
33,2,704.025929374903,1080.316785870327
34,2,703.0867085923699,1077.5134908199766
35,2,703.2661591911327,1077.968358225518
36,2,700.9117394172298,1078.1921378209638
37,2,695.2700530084093,1076.7669660899585
38,2,688.6824864922327,1078.2931008235562
39,2,687.642862939731,1079.4215501964754
40,2,691.1249906483182,1076.4273037917578
41,2,687.8141753892762,1076.3838669248262
42,2,701.3895444431854,1066.7925889506164
43,2,694.3950326280561,1058.0660072266749
44,2,604.2132705660051,968.6257613677882
45,2,612.3208014571209,967.285609904169
46,2,658.9005403795092,1001.446801509549
47,2,666.0042729857362,992.8013046884311
48,2,628.384281878572,929.0697316952911
49,2,630.9301131187175,936.632683794216
50,2,647.795131171114,954.0768642664043
51,2,650.2560585514666,951.8434731669352
52,2,653.1981242543166,929.2709658467035
53,2,654.1157326480266,924.6851885444621
54,2,618.3179806323617,899.5228280365827
55,2,603.9160492161243,885.1903317059506
56,2,589.2244608865154,868.5564159560637
57,2,576.8593416080665,855.0286869422156
58,2,579.6608637944707,856.4273403003426
59,2,584.1247741038171,849.1807209398307
60,2,566.0927231106583,839.0194604012587
61,2,532.7845255462419,807.4268644827401
62,2,504.6157240077603,785.7206835968695
63,2,501.48695840407396,774.7745079176192
64,2,472.0883160755548,753.8679562926249
65,2,469.3647631178901,750.2982088001588
66,2,474.1175818319566,747.5743594564498
67,2,480.1747751238585,735.2009898835112
68,2,474.7654949685783,724.3804852862925
69,2,472.62959167617987,721.8544863577433
70,2,429.43693959228904,687.1191352913054
71,2,392.2440162522215,657.169885589107
72,2,377.3965853705611,664.8377243793088
73,2,376.58893271005326,655.868854743627
74,2,376.2362678641438,645.9331246012257
75,2,365.41234184913594,637.9486650746551
76,2,336.3707990296456,617.2799559603295
77,2,321.8090121229108,601.9537328777876
78,2,295.83389290036513,583.8629724197206
79,2,287.07253107521876,580.6467047237647
80,2,254.72005196037668,566.2521044579215
81,2,258.72656906311687,567.4883231028541
82,2,240.05217943889852,557.8443290014472
83,2,239.94458165317184,558.9461916220234
84,2,245.33590839760745,566.0868083542169
85,2,243.6799863340737,565.5176779295714
86,2,231.4703247483756,561.4529728236595
87,2,217.20663203465315,552.3058482815055
88,2,113.62539240148035,493.4095527756793
89,2,116.78810898605958,499.69045801595706
90,2,125.25056565365831,502.87952127356374
1,3,624.6095708537126,1373.6791108757077
2,3,624.6095708537126,1373.6791108757077
3,3,629.448976334689,1368.436694841859
4,3,633.2445081171614,1359.7253632397037
5,3,634.8708867119657,1357.3748367891662
6,3,641.1750682737227,1348.0615102355225
7,3,637.4632082223096,1340.4401335966884
8,3,665.0408460256646,1304.655736468539
9,3,667.6944970938014,1293.6912460457736
10,3,677.1202564634355,1282.6058435124542
11,3,679.0458867476456,1279.720345390509
12,3,678.943539039356,1274.731656082639
13,3,691.1653648670148,1269.7033782268613
14,3,710.6121378185093,1259.8533460546096
15,3,724.3069636891562,1250.5320877225556
16,3,734.4212865358646,1244.6792688284704
17,3,743.3344320507292,1206.7687941280751
18,3,751.059016657248,1206.73237730339
19,3,761.0670384577068,1197.6003101727556
20,3,754.9404338014026,1161.6795612031985
21,3,742.1516477491407,1133.8039970821562
22,3,742.3650745026378,1119.231992434713
23,3,744.4945769632369,1109.1049714332619
24,3,775.6098371558443,1124.6807746611864
25,3,764.4875139593953,1105.6151674787309
26,3,811.1593153188758,1120.2025922165958
27,3,798.7548090588663,1102.417195681953
28,3,848.5722620845867,1131.4835760177787
29,3,852.4638463007583,1131.9393257645236
30,3,854.2576359992636,1126.8157735821515
31,3,856.599031555475,1127.1375102440654
32,3,862.255821379694,1130.4390632280533
33,3,859.3606004600468,1127.8942311738567
34,3,846.5224640771864,1120.1570970637945
35,3,855.0125270078672,1127.0179497973375
36,3,850.365407246347,1126.4614847308449
37,3,849.2843525711056,1130.1777210965479
38,3,837.6393811464104,1132.415910992729
39,3,833.5144022005387,1134.6429807630059
40,3,837.1248051454298,1149.2061363079579
41,3,840.0278434601058,1151.6079643956875
42,3,836.6047728732219,1157.9894755684008
43,3,833.2460244656959,1156.031958722255
44,3,825.7014755874602,1156.2952267754756
45,3,807.0139634229902,1150.8475241979959
46,3,790.4342929132793,1153.2857933285902
47,3,782.0754018778712,1153.6107855228777
48,3,766.341880379757,1169.308837900258
49,3,763.1197275535442,1175.159218649645
50,3,751.7110767636497,1179.3175091569162
51,3,750.5812373899356,1184.216712476905
52,3,690.9219916914238,1193.2777730633995
53,3,692.0830567977011,1186.299140890027
54,3,675.9006508284037,1209.6282134946096
55,3,671.5051269039031,1212.2879548918345
56,3,663.3826896233428,1224.64068023315
57,3,659.0846744022539,1229.7831262937405
58,3,651.761547584327,1251.6439874158693
59,3,650.3918785453251,1260.3802464245723
60,3,638.6313813559256,1278.337925554002
61,3,633.0498565082979,1288.3383247743236
62,3,614.0414807049897,1314.2812093749365
63,3,610.1413361763495,1322.5049892112313
64,3,598.0559629729984,1336.0280168884308
65,3,584.109997877272,1340.3904830758681
66,3,552.6327152038056,1349.8265740948564
67,3,549.0418187159274,1361.5471522736336
68,3,536.7722014545534,1375.2377473149986
69,3,537.0924520446306,1385.2494777281486
70,3,521.7608133028508,1400.4775412900603
71,3,516.8435327982123,1405.536885772297
72,3,502.82635577999207,1419.0397543730446
73,3,500.42501517771757,1424.5498488050964
74,3,491.4308794622892,1433.1744553695714
75,3,488.47447165791783,1437.8279618214121
76,3,479.82348009424464,1447.843974631656
77,3,468.518579062455,1452.6312133447939
78,3,445.23822607141346,1460.8362990456046
79,3,456.597080710769,1466.0433555651084
80,3,454.9196366439764,1468.318392567125
81,3,454.9191585866198,1468.147344597173
82,3,455.8345260591393,1469.7511669306568
83,3,453.56503430110916,1469.7726977605082
84,3,455.5007928997493,1472.2711062679048
85,3,455.7087759146861,1474.5822777927774
86,3,455.67502267902717,1474.8365501449412
87,3,454.5850912661973,1476.6436382512627
88,3,452.89220452659566,1478.9440132204975
89,3,453.6289323491053,1478.868130212263
90,3,453.1484103137533,1479.4545112869332
1,4,993.1387487501079,1012.7706092511286
2,4,993.1387487501079,1012.7706092511286
3,4,992.3638037900313,1013.2195349355527
4,4,987.5847202747044,1011.8151617517809
5,4,985.4524794747566,1010.6711916399366
6,4,993.5906851360314,1022.1083919599145
7,4,999.989867602037,1030.911316061743
8,4,1002.3968079827612,1037.9688520720954
9,4,1002.1321391424061,1040.0144604452541
10,4,1005.3105430311936,1050.1226526351122
11,4,1012.9651095324506,1057.3665768440449
12,4,1011.8172274461817,1059.8119477166358
13,4,1005.2607133269879,1066.229684442539
14,4,1011.0324392354433,1062.9308044809138
15,4,1008.3295758188284,1068.2940205975206
16,4,1005.7029906693259,1069.6278674059258
17,4,1005.35372134054,1073.0507653652135
18,4,1002.4845231935539,1077.390444074568
19,4,1001.8930417516715,1079.4261194397413
20,4,998.4311319713996,1079.4311690904906
21,4,996.104934585994,1082.38823614907
22,4,990.3560393059337,1090.087080112978
23,4,993.3916710367937,1098.5177877135693
24,4,983.9374136346331,1101.418416973736
25,4,980.7396198375632,1101.4015921997752
26,4,988.9963906789837,1119.9774088389229
27,4,990.3953317958051,1122.75387752952
28,4,987.7544143944706,1124.9763746382162
29,4,987.8948461381535,1123.7845172096127
30,4,981.8787284356757,1124.2173299455449
31,4,980.6791131778033,1119.1141812238614
32,4,984.1993537948797,1103.9481450323112
33,4,980.2253374133993,1085.4868315589133
34,4,988.2525678381354,1071.5793647568353
35,4,992.0082891697679,1066.460346472197
36,4,993.5102323542576,1058.754514407795
37,4,980.8481919891319,1047.3742643498813
38,4,962.5960041768742,1021.6883569070981
39,4,955.8346028836285,1024.4823599527585
40,4,935.8262689096374,999.797102989354
41,4,933.8236474001561,996.2102378855069
42,4,887.692599083196,950.9923090486247
43,4,899.6019970449175,963.8338186823881
44,4,863.6173207720007,928.4810599945151
45,4,862.2336517768991,924.9626071194168
46,4,852.4148994619438,918.1922100246394
47,4,847.6205941528864,919.7907656053878
48,4,840.5372432052023,923.1996909950819
49,4,823.4994850829858,911.3766839185889
50,4,796.5805230165391,885.1467774327327
51,4,796.9850611285135,876.5018386561602
52,4,792.3601141374646,871.6711445462699
53,4,790.4653699664018,869.555056847853
54,4,733.5056772982505,824.5954059085216
55,4,722.6631403987308,817.1249351965832
56,4,710.5489079546088,809.547992948518
57,4,696.4230015775986,811.0656881305098
58,4,689.2985435956032,806.0192779924671
59,4,662.2410455362544,783.1508884196809
60,4,605.5692117894741,740.8753346637484
61,4,600.0104213748839,744.9378855309939
62,4,592.850714227648,739.0305757927812
63,4,589.6354796416742,741.1069122025373
64,4,562.1041233383006,719.2681170264274
65,4,538.7546755906294,701.5596244320137
66,4,505.68542401229007,682.2741670174562
67,4,482.4660812878079,667.42635302307
68,4,486.00796643044924,674.9127410387156
69,4,481.79130716837807,674.1561804576786
70,4,460.1945459171566,667.0452567617457
71,4,421.4564187140708,640.9624485443665
72,4,369.96780584289735,600.0992686711666
73,4,371.07636358656885,603.6995513672805
74,4,361.057284857927,599.390011081402
75,4,351.03820612928524,595.0804707955236
76,4,341.0191274006434,590.7709305096452
77,4,331.0000486720016,586.4613902237668
78,4,320.9809699433598,582.1518499378883
79,4,310.961891214718,577.8423096520099
80,4,300.94281248607615,573.5327693661314
81,4,290.9237337574343,569.2232290802531
82,4,280.90465502879255,564.9136887943746
83,4,270.8855763001507,560.6041485084962
84,4,260.86649757150894,556.2946082226177
85,4,250.8474188428671,551.9850679367394
86,4,240.82834011422528,547.6755276508609
87,4,230.80926138558348,543.3659873649825
88,4,220.79018265694165,539.056447079104
89,4,220.139718957033,536.0884807215838
90,4,203.454113585941,535.064169914765
1,5,601.4819960967473,397.79716004566427
2,5,601.4819960967473,397.79716004566427
3,5,599.5630656548833,400.48427237954655
4,5,595.1513759725273,399.7306641106541
5,5,596.4615902974697,402.38774805285266
6,5,595.6643364673039,402.22549910596524
7,5,594.3178985137774,401.79867508514576
8,5,594.7238716106741,402.4967721894709
9,5,594.0065091089433,401.8684667433195
10,5,594.3623126923216,403.7501803705456
11,5,594.4133059546369,403.82030278335384
12,5,594.3905545004269,404.40657393243174
13,5,593.851594437749,404.4168625673048
14,5,593.9678039493245,406.1528808128163
15,5,593.209314865965,406.54237378043246
16,5,595.2725083145699,409.5971316533549
17,5,595.9800775311405,411.49872051471476
18,5,595.713049134363,413.6609468461023
19,5,594.8371734214171,414.37590758275377
20,5,589.6292608373129,413.15923735030793
21,5,589.1223917061459,414.91213209886075
22,5,584.2667769418733,414.4636410554013
23,5,577.3886600464037,413.1686937918733
24,5,574.4778562638187,424.67734725559774
25,5,574.2468251254304,431.2703613121827
26,5,560.9893169978556,422.01292208183946
27,5,548.9537594473925,426.6555849343265
28,5,542.3089139752128,432.1079816951855
29,5,538.7910389301455,432.9117326205441
30,5,533.6417775313756,444.4153666547984
31,5,536.0790693755127,449.6285104666518
32,5,536.090581833433,452.24099058748004
33,5,531.370450273795,446.65882101196485
34,5,522.9428437990354,461.83806461634356
35,5,518.297169078928,466.1372823662139
36,5,513.8058923676106,473.9617882609291
37,5,510.10941856160304,476.51844319346355
38,5,506.4875812441131,485.4342789880605
39,5,495.9364769252789,485.40124737971547
40,5,485.7415600007666,498.74900092144225
41,5,487.28665027726026,508.5946536664611
42,5,467.9435798541774,508.17988538573104
43,5,475.2703341214537,533.499386909332
44,5,463.29210969984894,525.9551227862121
45,5,463.68671615266277,528.7553377904477
46,5,469.0069133978857,544.3265291968205
47,5,452.881939871721,538.1614943463425
48,5,493.1565661104075,594.382055406119
49,5,486.69371398202196,601.0791578994275
50,5,468.79368868337065,600.0290630721488
51,5,480.7128588991842,618.6190071955812
52,5,466.93884504623696,609.6014525562115
53,5,466.5901652973705,613.8046944861017
54,5,465.6514457419371,609.7694558967809
55,5,464.5024183608945,608.2881121052234
56,5,477.3514951281981,616.8969751128883
57,5,466.23981581463283,598.2438365026059
58,5,453.7356698292477,548.1991976506931
59,5,468.1053851160726,560.5085728458355
60,5,432.3600822117284,526.6719235326195
61,5,428.8031928548786,523.4859168589439
62,5,451.01774989315174,536.1414679070808
63,5,451.7094787996425,529.9627306370726
64,5,443.7273023231095,519.5609938421626
65,5,445.4527150712645,521.9226744396458
66,5,456.0197408121961,526.0466623583665
67,5,450.08072267735895,519.6330750239899
68,5,431.80238157317893,492.72018757477144
69,5,431.0829590733251,492.0097400359767
70,5,430.2551365559902,492.674964228702
71,5,429.97287249502796,492.2507486463096
72,5,427.538584889173,495.9579429065991
73,5,426.9678366692361,493.22957461291
74,5,425.55348364906047,491.1531001057488
75,5,426.8357558845351,491.786259037437
76,5,426.63604534293626,491.5037044657866
77,5,429.03396792828073,494.83502494013834
78,5,417.5828212035934,487.08783364292293
79,5,411.437298658312,486.68913599720696
80,5,394.1619846125262,486.14827552209096
81,5,387.47210369745875,491.54590307807774
82,5,396.11065990088105,512.9587123754521
83,5,382.46121461155394,504.7885244902893
84,5,385.1794992078779,519.8407695280376
85,5,375.0271247734966,514.603345953218
86,5,380.3218744372696,535.043995504959
87,5,365.77454575226074,525.4082918483371
88,5,359.4265119894522,526.2921483779672
89,5,359.07262223523924,529.1257097932779
90,5,357.3433044885146,542.0905294840275
1,6,610.7359312782816,101.25128572423914
2,6,610.7359312782816,101.25128572423914
3,6,610.8101270049342,101.2594459890701
4,6,609.6016424444375,101.7600095941665
5,6,609.262484473178,102.13636399095881
6,6,608.8211416109341,104.47743921616058
7,6,605.4632272931343,103.43258376884278
8,6,601.9102152465002,104.11313021303853
9,6,599.7403004535003,104.81717304919529
10,6,598.0769398029126,115.42231489449112
11,6,597.1541801522131,116.03909644527504
12,6,596.3260640124314,119.0518413343496
13,6,593.6662800788201,122.34735237715978
14,6,590.5134564002725,125.67600351392481
15,6,590.1473735252135,126.13318188881009
16,6,590.7274343951462,130.9145581484727
17,6,589.9494704007695,132.13117349292492
18,6,586.6383870704062,129.98175419148228
19,6,586.2288972750558,131.25270665148028
20,6,585.1204352131988,132.62966373060812
21,6,585.7974469399544,134.81949668425028
22,6,572.4128281714931,122.04787375359483
23,6,570.1360486705214,124.86940190484808
24,6,582.4752305810215,148.51156193815197
25,6,585.181807125086,154.6995848627071
26,6,586.5615739532082,163.25683614618373
27,6,584.2568524034923,163.43402578321675
28,6,583.5379794924959,165.767007282593
29,6,586.7069141266279,170.4022521025927
30,6,585.8596962182339,169.7654836126773
31,6,583.8716057203261,167.7559675507563
32,6,582.6182441830124,166.64350443679433
33,6,583.2795539199167,169.09019964517302
34,6,579.8143931610886,166.69398887580482
35,6,578.3205602049169,167.09349792465287
36,6,581.6182870381296,179.75754527909143
37,6,580.6875562864286,178.16420688059137
38,6,585.8548360538078,185.38795164098786
39,6,590.8940892554116,192.7252841023476
40,6,597.4490790585743,201.7632933296368
41,6,597.9009438488403,202.26389349673676
42,6,598.489547843768,203.2402476433335
43,6,596.6265474152807,201.53460220103386
44,6,596.6710489368605,199.12971391816185
45,6,596.2273937080992,197.59034371459126
46,6,591.4818146308461,189.68079666938456
47,6,596.1691433524138,195.41403948783596
48,6,595.0416971029886,193.18161722516572
49,6,597.8666989183191,196.67882178177018
50,6,599.036955689194,196.81401089505613
51,6,597.8302988852187,194.19682721049062
52,6,595.719311936991,189.8529136334727
53,6,597.5293583143571,191.44522596032266
54,6,592.3039653136791,184.01971584293784
55,6,593.2884248068558,184.84246534529387
56,6,593.9880175430769,185.00707114290807
57,6,595.5523238772752,186.91806422300812
58,6,595.6051069012819,185.92416800239022
59,6,596.76758950727,186.39837979855574
60,6,595.8064745740794,183.7505016191738
61,6,597.5504291992999,183.31327661566147
62,6,593.1484178378413,175.78511358387905
63,6,586.8253786986922,167.65741963702087
64,6,603.1548531505089,188.34887704073358
65,6,603.0259925498974,189.13570981827502
66,6,602.8820503121951,196.05586395202982
67,6,605.5159071054946,196.02124016940294
68,6,604.3152769550312,198.59196514818467
69,6,599.9239419601638,194.49300670943984
70,6,593.3046708696521,192.91588576083046
71,6,568.8042210931106,164.1288266906677
72,6,541.6947951393113,143.17108502630933
73,6,538.99706734327,153.61608423844004
74,6,515.7320225000054,134.85040187634905
75,6,509.6411410706317,136.68702215518488
76,6,491.8610857437002,118.40638602489902
77,6,461.58185555655933,90.21373072878413
78,6,455.55322092077296,101.93053782637698
79,6,452.2081632927454,113.52909436902743
80,6,444.975903793441,129.42268247492876
81,6,441.06491013363564,133.20767235715763
82,6,430.59313521873753,143.87392593383734
83,6,368.2054388368761,89.92510157515235
84,6,374.25443482433207,130.75931220105747
85,6,360.8836508855426,126.96323598080002
86,6,345.95432406823124,143.39448509852775
87,6,335.6933249672091,144.8793947530826
88,6,319.52122751040207,153.88808613715597
89,6,317.440878631732,166.97463107771995
90,6,309.212644659639,189.55978629506777
