1,1,983.3533574534077,533.7229302531845
2,1,983.3533574534077,533.7229302531845
3,1,983.3178800864114,533.7348984071542
4,1,982.9311574523442,533.0659716128321
5,1,983.01614042874,532.8654344408903
6,1,983.2439095815779,532.8244274751886
7,1,983.2987319711812,532.8082637719425
8,1,983.0736124825025,532.9421049128019
9,1,982.4112846393739,532.5881050858662
10,1,981.4346894490211,533.5513208435791
11,1,981.0868480350167,534.3011700368708
12,1,981.2679859909042,533.6680243558131
13,1,981.0147728068181,533.0978902798008
14,1,983.1589057912541,537.5521392226236
15,1,982.4249840673235,537.4707337834898
16,1,978.1361050169469,532.6111056262654
17,1,976.1654825220203,530.5543003693139
18,1,975.4195542069954,534.2359259531356
19,1,975.4897217142463,534.4871228696389
20,1,974.2861298460956,533.2938849037092
21,1,974.4787742022598,533.2798011268877
22,1,975.2139951324148,533.2424334791416
23,1,976.2828266064188,534.777152126675
24,1,976.8706192219323,535.0293857550508
25,1,976.9935965955281,534.7524011316918
26,1,978.3199623926116,536.1162425522881
27,1,978.0186536065457,532.4367765596605
28,1,974.0897584911021,517.3320279363543
29,1,978.2638255912941,514.1876232795719
30,1,977.4323660816204,500.5518824512593
31,1,974.0452174911942,494.7061223508511
32,1,966.1769908184688,484.31664858270494
33,1,967.0639051656801,479.40007320571453
34,1,969.351724526593,478.3229120553315
35,1,969.3055932284741,477.08318087327723
36,1,967.8675285886274,476.1256228189
37,1,963.2388547987933,468.03372259905285
38,1,959.7901605178628,458.25170649738857
39,1,958.7365163272847,455.69426040808065
40,1,947.2304454815478,432.8175842929454
41,1,945.7429771417285,429.68494074338764
42,1,941.536105971198,417.59424129984717
43,1,942.3595281134701,416.2742624933852
44,1,935.9941427459814,405.6727991345302
45,1,938.3257850418994,401.51197069532884
46,1,940.1646173203402,390.19828906148354
47,1,938.7476095451849,383.6426864474896
48,1,943.157703842954,384.95746000398316
49,1,941.3437617414535,381.26465554846965
50,1,932.4340961748682,369.119981168569
51,1,923.269750054255,344.093823039474
52,1,898.8856715137869,306.0339495758146
53,1,901.66542697108,310.8845894185176
54,1,898.5372307702033,316.98435903759355
55,1,894.1119114216799,317.9104406697392
56,1,841.3119019356081,246.23203496858685
57,1,827.5817176691558,233.04651609461473
58,1,807.5217364214193,252.50070871136256
59,1,807.1489378731176,262.66829766520556
60,1,799.8742188198713,269.4259919748986
61,1,757.183724423606,217.9925554353999
62,1,615.5344860828199,86.12538880212998
63,1,697.364959873309,227.8769833980983
64,1,703.3333731322723,260.0484700733356
65,1,698.5090997378145,257.6277335883287
66,1,694.6069022801155,281.6577170584692
67,1,660.1118598491455,258.71667445211625
68,1,623.329028637125,244.8271156513905
69,1,586.5938923860991,217.285598366196
70,1,589.6448477664163,256.08809656611527
71,1,599.1867524086372,275.05314430188236
72,1,585.5520061901647,277.71169317501517
73,1,580.1635049256693,283.49615725832206
74,1,494.89991230868196,243.49891565041858
75,1,542.9438055957073,502.0764306780114
76,1,514.6001636724692,312.24582909444615
77,1,504.05078708612234,372.3750647352882
78,1,493.50141049977555,432.50430037613035
79,1,482.95203391342875,492.6335360169724
80,1,472.4026573270819,552.7627716578145
81,1,486.08890139503416,595.4965986496218
82,1,499.7751454629864,638.2304256414292
83,1,467.04702626691636,616.7065738507868
84,1,434.3189070708463,595.1827220601444
85,1,401.5907878747762,573.658870269502
86,1,368.86266867870614,552.1350184788596
87,1,336.1345494826361,530.6111666882173
88,1,303.406430286566,509.08731489757486
89,1,270.6783110904959,487.5634631069325
90,1,237.95019189442587,466.0396113162901
91,1,226.87204836569893,477.0842017443998
92,1,234.17710752578972,508.99589908243274
93,1,241.48216668588054,540.9075964204657
94,1,251.42182221991735,576.2227115906633
95,1,254.5434879268904,571.522939303919
96,1,238.7960432953915,588.3481272321179
97,1,223.04859866389262,605.1733151603169
98,1,207.30115403239375,621.9985030885158
99,1,191.55370940089483,638.8236910167147
100,1,175.80626476939597,655.6488789449137
101,1,160.05882013789707,672.4740668731126
102,1,144.31137550639818,689.2992548013115
103,1,128.56393087489928,706.1244427295105
104,1,112.81648624340039,722.9496306577093
105,1,97.0690416119015,739.7748185859084
106,1,81.3215969804026,756.6000065141072
107,1,65.57415234890374,773.4251944423062
108,1,49.826707717404844,790.2503823705051
109,1,34.07926308590595,807.0755702987041
110,1,18.331818454407053,823.900758226903
111,1,11.15566112579764,828.2434781925367
112,1,3.979503797188226,832.5861981581703
113,1,-3.1966535314211875,836.928918123804
114,1,-10.3728108600306,841.2716380894376
115,1,-17.548968188640014,845.6143580550713
116,1,-24.725125517249428,849.957078020705
117,1,-31.90128284585884,854.2997979863386
118,1,-39.07744017446825,858.6425179519723
119,1,-21.924307069759916,870.459100483462
120,1,-21.679300272138956,875.2704215625096
121,1,-34.28413897673802,869.3075273816645
122,1,-24.782132175664177,872.829614052113
123,1,-26.353258676431228,871.9259096414414
124,1,-23.801230898805958,872.9618027017654
125,1,-22.13556992979509,873.4515566965335
126,1,-26.433241125364095,872.3372234433998
127,1,-30.57986703358633,871.059534221291
128,1,-38.79581563654904,864.9405974812837
129,1,-31.88639371630325,867.1619630558249
130,1,-25.767104279926386,867.156159131241
131,1,-28.747936959686804,864.5420710076129
132,1,-20.794903210935068,865.2029996321977
133,1,-32.030306354273314,852.8010437704058
134,1,-11.17906436311522,863.7369812926423
135,1,-3.517306889951863,867.2743746534406
136,1,14.088204439991413,877.0929112101861
137,1,19.742184983696756,879.9189343392394
138,1,11.319338016622645,877.3734715931331
139,1,21.328571494816075,883.9455159875365
140,1,20.14708173269655,883.9970807549356
141,1,16.434576164218228,882.0330867414228
142,1,56.725656736238314,885.0944106158547
143,1,79.22660737625036,896.2500808059981
144,1,112.02769714580256,922.2767096153301
145,1,108.77763486332816,922.4912589289062
146,1,114.51587566395044,930.4168659734851
147,1,109.54103692600147,930.5756674161324
148,1,141.69266471535602,943.1428379067765
149,1,147.9816829338174,946.4641890541968
150,1,186.80372213225584,958.6422358497183
151,1,186.72562581591708,958.6360269180652
152,1,168.5218619992092,962.8148776166104
153,1,166.1517190102305,962.9737735172203
154,1,186.03671831509286,955.5893105170852
155,1,187.16625693873146,955.6849158329284
156,1,186.29138305073886,954.8282534454742
157,1,194.73816186231065,963.7437601535124
158,1,215.19245138518605,979.2900531944817
159,1,225.99199302341435,983.3009830222842
160,1,230.87773064714855,984.5451377137485
161,1,230.40260213236897,986.4628968319751
162,1,239.04510792913624,980.8314214693139
163,1,240.65584195705046,978.6779858111604
164,1,243.8176171355475,985.2444564322888
165,1,247.75078504506874,989.6260437463889
166,1,258.2362362618518,992.7400036204662
167,1,267.329385465401,990.9015885131605
168,1,261.50838209313247,979.149189708259
169,1,271.4705351818498,984.6813760953759
170,1,279.5560107823771,981.0761841182258
171,1,285.52013591266314,978.1871823177561
172,1,300.0550469427596,968.3274668665422
173,1,311.44175532418024,964.5329384349105
174,1,335.8190400838773,968.5142754027454
175,1,341.1938861697995,967.0808762805141
176,1,374.34437089574277,974.2075554393468
177,1,384.0909021334043,974.3550858863998
178,1,399.2987024963973,966.7147046304992
179,1,404.84062301870614,961.8011763515808
180,1,415.193530024857,954.8459117519166
181,1,425.2087751749783,956.8243183713598
182,1,434.16479714936446,957.478671123258
183,1,432.5067485582426,954.9002425763426
184,1,438.17704603908686,953.5644327492176
185,1,441.6922941510389,954.1181486165877
186,1,455.17876501578195,960.9972742103308
187,1,465.38216624680774,965.9498171731719
188,1,496.39228871110026,981.2994642934684
189,1,497.1617726844234,980.5671686352413
190,1,501.4352335343257,979.7188779152334
191,1,504.20980128857417,979.3590720286011
192,1,506.72382877560636,977.4441048672609
193,1,502.53210792835824,971.3279147752345
194,1,502.17715312244013,964.0387166041091
195,1,499.623404588571,957.6084051059526
196,1,508.76266823826353,959.4386726209565
197,1,507.95106069283304,947.5607256145831
198,1,529.1385959174015,940.8552189454774
199,1,530.0323071470908,940.8483709718068
200,1,542.3755812822218,929.6187597027458
201,1,540.6112331965597,926.7003134260697
202,1,545.9323386309866,919.9655768164882
203,1,544.7147588269373,908.1719042644257
204,1,544.6641782096154,895.7540668495201
205,1,548.1760919827855,891.0623853872019
206,1,558.5479758656008,869.9002857126354
207,1,557.9589346976774,864.11699870447
208,1,549.6843818091055,845.1472082971325
209,1,549.9962449778442,840.0053489088108
210,1,531.4610036138274,807.3065236478654
211,1,533.3052108436948,800.795501617922
212,1,537.0249694222916,792.8858788556547
213,1,536.794286758588,787.5383360500417
214,1,536.7597460682609,778.2930607543851
215,1,534.6991221024833,772.8148599219664
216,1,519.130188772376,752.0171566045894
1,2,604.4274065393463,1437.463796559917
2,2,604.4274065393463,1437.463796559917
3,2,604.7016079596276,1437.5323068775888
4,2,604.6096381809095,1435.48527941924
5,2,603.1258498971149,1434.106943388544
6,2,604.0661318478617,1431.0932770774232
7,2,604.1239001137702,1429.1850500789205
8,2,605.4899785400912,1426.6202902070502
9,2,606.0267240798522,1425.6959994489323
10,2,607.4737653643011,1424.219849289377
11,2,608.2063026866905,1424.0403970217028
12,2,611.7774845765018,1423.7241434505613
13,2,611.9565028477442,1423.0320510241313
14,2,611.8299768853453,1421.7571524913426
15,2,613.3757106226333,1421.3273579421912
16,2,612.4594312429573,1419.9137873572859
17,2,611.8777883698802,1419.5476740811944
18,2,610.897128152248,1418.802110686289
19,2,611.1546982177497,1418.4201408915658
20,2,611.6971549248224,1418.0586600912704
21,2,612.1671799374082,1417.7283344244972
22,2,611.9045608695168,1416.8620234240532
23,2,612.0767472135312,1416.4885165613266
24,2,613.2689952390755,1416.308283795866
25,2,613.7567223638667,1416.1357859919674
26,2,613.9958344542631,1414.9387490696713
27,2,614.5365986895836,1414.3494614646518
28,2,614.9192556337462,1413.5831129135374
29,2,615.2493190764108,1413.4765382433334
30,2,616.2132375236782,1412.5027197612571
31,2,616.3523571724301,1412.5769053478589
32,2,616.2894477859281,1410.896701917455
33,2,619.3819133309192,1407.0524838270765
34,2,621.6868784122734,1405.79653140718
35,2,621.0812462801013,1405.0650611347546
36,2,621.7999535498153,1404.774324491273
37,2,622.4823446560714,1405.0525888215743
38,2,622.5678058957832,1404.3299492294125
39,2,622.8707388638684,1404.176212896082
40,2,621.3786089671368,1402.620466916526
41,2,621.3085341806827,1402.461471041907
42,2,621.4242193916674,1402.2495270261434
43,2,620.9477899412618,1402.0042573965802
44,2,621.7604199833232,1402.0533669572508
45,2,622.5830723840859,1402.1410160245593
46,2,622.717767666379,1401.627679149886
47,2,622.5566281646342,1401.4737426278832
48,2,622.4075383584659,1401.0004728799895
49,2,623.6292472906594,1401.30396485565
50,2,619.4918987046245,1399.0995644990746
51,2,618.6635192501928,1398.4833246244668
52,2,616.293594213352,1397.0275333354227
53,2,615.1768847921401,1395.5320194238095
54,2,610.5171090724212,1392.796460593159
55,2,610.338844035748,1392.220454858284
56,2,610.453567867405,1391.238950622827
57,2,609.9382752490469,1390.2571035124442
58,2,611.4927542994141,1389.971698264137
59,2,610.6427078993288,1389.803188277835
60,2,609.8864640827516,1389.1182598541125
61,2,610.5728210092743,1389.5703048986827
62,2,609.8481696210945,1389.6561201179886
63,2,608.5753422478357,1389.568609988528
64,2,604.5564754900424,1389.8595566721715
65,2,601.9072125759818,1390.008819798982
66,2,597.5314351235509,1389.971913905482
67,2,591.2494933114622,1387.6003105077036
68,2,587.1805615729972,1383.55676965218
69,2,590.1169625472866,1382.6118365693676
70,2,593.132317635175,1382.0348334317564
71,2,595.1108697484673,1382.0389709743454
72,2,595.4549310400623,1381.6184066088804
73,2,595.3995249905314,1381.4445899447774
74,2,597.1071253610044,1381.684166687099
75,2,597.4854193753679,1382.7501710185186
76,2,598.7851634804427,1382.9546231457737
77,2,598.4928290613104,1384.883080244926
78,2,592.7772517277003,1386.8679188840538
79,2,581.8146572226311,1385.1827178056135
80,2,562.8080430464173,1386.4817602415528
81,2,554.4656879500641,1391.1686805643908
82,2,534.7879403364057,1398.381926464053
83,2,529.6596921671784,1404.2285406203196
84,2,523.8586450506466,1411.4147545329404
85,2,519.3197955815091,1413.3286291596257
86,2,490.86837827018394,1415.9257395427187
87,2,483.41729336397407,1423.9407651571912
88,2,454.20592340428635,1425.3150267130902
89,2,447.28740884674073,1432.9540646629116
90,2,450.9383918881531,1445.5535900228474
91,2,443.58475974501874,1446.1387907468916
92,2,440.05765443902175,1456.5495930166717
93,2,403.82379324502136,1448.8737671508295
94,2,385.0867488105515,1457.9464742406028
95,2,379.976552969494,1459.7171357170082
96,2,364.71048543617684,1470.0764094166504
97,2,368.360809905277,1470.5686579223304
98,2,343.56390007783193,1476.8402696635653
99,2,323.5585168673884,1474.8237941190898
100,2,303.8210270372473,1480.8164973088574
101,2,290.6619463308326,1480.4802535756462
102,2,287.05218674670095,1484.3763853472547
103,2,280.3971167165631,1484.1284140205044
104,2,258.9061563437792,1480.4148992695796
105,2,258.95889078468156,1481.3316117808092
106,2,247.03620419492842,1477.0319041278635
107,2,249.07974263538745,1478.5783580482312
108,2,270.70155811739636,1478.8950427831162
109,2,267.9566559895495,1477.3948542736769
110,2,270.3568218195434,1474.0186963997285
111,2,268.58153823340695,1473.5999243539636
112,2,260.8710815798657,1471.7406120956125
113,2,266.277238149166,1469.9599255442126
114,2,274.9473054943525,1465.6394425602712
115,2,277.1933631253937,1464.0412912480763
116,2,283.0969966915816,1459.7604329562143
117,2,282.88127337868275,1459.4442383180897
118,2,280.2614507300875,1462.2387258028525
119,2,275.34782228625426,1464.046334503104
120,2,283.5119530077971,1457.86345719542
121,2,280.58407989255164,1468.6240992136245
122,2,288.2520109217989,1463.8780057758238
123,2,298.8613696999341,1465.4119004370516
124,2,309.3542889097452,1465.9019376376555
125,2,311.2576458607978,1465.53361687883
126,2,314.52590193139764,1460.5792116854707
127,2,311.8654873100963,1458.9666219903888
128,2,315.77510506016495,1447.4746622576158
129,2,311.7630834793916,1456.336353979174
130,2,308.1945963352421,1453.2565867947928
131,2,309.95377922315834,1456.426939915543
132,2,313.3840429498098,1451.1261707313568
133,2,316.18563764955326,1450.6832715047226
134,2,315.60354851584947,1452.0441378826551
135,2,314.06078797602777,1450.820269399316
136,2,318.96943943166843,1443.9114066752923
137,2,317.8044838974981,1441.0570254275117
138,2,311.5667303500033,1433.1801686385797
139,2,309.7312186003886,1430.3938264722906
140,2,317.5803734870593,1426.9873238622715
141,2,317.8448855268022,1425.3829074524613
142,2,317.57563864865375,1421.5899113694463
143,2,322.9448643155089,1420.9701233201288
144,2,330.1535702625674,1419.4852096572672
145,2,325.7519902753328,1417.2872069989176
146,2,315.70989343215007,1412.0452145077127
147,2,323.90146313636217,1415.4768343783248
148,2,336.99765665610295,1416.6780173019831
149,2,367.60508884635834,1426.6734069161034
150,2,375.2523735841318,1421.9757879550002
151,2,378.377956746677,1419.581571363505
152,2,388.1380122658367,1416.3108117546485
153,2,393.1311748240713,1411.73198114861
154,2,395.12267910860277,1402.421129637642
155,2,392.1753573903088,1397.733401045646
156,2,386.09420740791484,1387.965937290749
157,2,375.27349036745824,1380.269763351767
158,2,382.74072414251685,1378.2359406112869
159,2,398.48347013988126,1381.469103140363
160,2,400.9407452950377,1379.5170920888238
161,2,408.1103384634355,1380.425711603872
162,2,406.3217793799677,1380.7588271614054
163,2,395.5811812798111,1378.4308449891873
164,2,404.17182293193594,1387.4184475269321
165,2,399.3699599662018,1387.4021000504813
166,2,404.2961604939595,1389.962748205982
167,2,408.7872244493124,1395.689609790654
168,2,429.01263738819887,1413.9355579909336
169,2,440.80379713093794,1416.6414237397755
170,2,469.33370930681366,1417.245121877554
171,2,475.33229713871157,1418.1095413866128
172,2,480.08041924046086,1410.5957922107737
173,2,481.68626598994217,1410.7271389086086
174,2,487.0249752451129,1406.2962977999332
175,2,489.0383142637889,1403.3560078851872
176,2,493.422257989412,1397.2934002587715
177,2,499.5619928892357,1391.0420042671276
178,2,519.9344331741657,1381.6742105206017
179,2,517.6643129068499,1379.0100115190792
180,2,532.627366878913,1369.3697271467593
181,2,532.2352163180642,1363.6489007430457
182,2,551.1877232216572,1363.7575013764838
183,2,553.2648376546562,1361.4348420704946
184,2,561.1061300847922,1364.593632234506
185,2,563.1578184254496,1365.6548713834713
186,2,564.3666765244313,1367.577676643704
187,2,566.3667820384779,1368.2019392206282
188,2,565.2926278450855,1369.536514035406
189,2,562.0485780350986,1368.4651793189903
190,2,558.8464845681516,1368.4275625662476
191,2,556.3144269136618,1367.5137090642445
192,2,551.9303309872591,1368.868819665555
193,2,552.7333060148517,1370.3616993133578
194,2,548.3209610486628,1370.2315076015104
195,2,547.1347668727972,1370.8218820478685
196,2,542.5113682453821,1370.3621759371965
197,2,540.3691493006128,1370.13141167563
198,2,538.9587257829664,1371.6297406120211
199,2,538.9353168264348,1372.3316015936352
200,2,538.3282284650356,1374.2466248466571
201,2,538.9914680196905,1374.6446306212174
202,2,538.6611707992244,1375.0974008464896
203,2,537.8277766869994,1374.5752106719374
204,2,535.0671117002507,1373.1152514072799
205,2,535.8975927768898,1372.859938954815
206,2,534.6767343007751,1370.9074970892339
207,2,532.1922089560878,1368.920145351891
208,2,531.0351103310011,1365.1827559498693
209,2,530.9253278993014,1363.8448837973137
210,2,528.8306714203635,1358.5772377282826
211,2,530.2810640991098,1357.8915240788024
212,2,532.4072710575582,1356.5885950311551
213,2,532.1466125574352,1355.6128548045533
214,2,534.2483665328712,1351.1613853605352
215,2,534.7533875637231,1350.2214472809007
216,2,539.7483364485158,1347.9808619851613
1,3,587.6360439192156,1102.4773685156724
2,3,587.6360439192156,1102.4773685156724
3,3,588.2067426093407,1102.778994192245
4,3,587.4268145664138,1102.4258516743937
5,3,586.5317292141569,1101.9354382268798
6,3,584.222053185961,1100.5860892643345
7,3,585.0206112716266,1100.8091274346634
8,3,584.0293698121108,1099.9328101734275
9,3,584.9070260413381,1100.3667010080412
10,3,586.3423876682436,1101.1131509761067
11,3,587.3079911458219,1101.6066834280869
12,3,587.3277280221935,1101.6195755056347
13,3,587.3792343778293,1101.4991918120943
14,3,586.7951457690245,1101.2612970941805
15,3,588.1613014048174,1102.0569990721353
16,3,588.6972843331911,1102.3873551104048
17,3,588.8529367812035,1102.6937270487133
18,3,588.7557996504386,1102.6046486177522
19,3,588.8288612131057,1102.576548617487
20,3,587.791178681467,1102.256595075529
21,3,588.2725505269627,1102.5255524630666
22,3,587.8226686479564,1102.5670061577778
23,3,589.6156883462043,1103.7698754286494
24,3,588.5420731481559,1103.3449096941588
25,3,589.9248157460256,1104.3256319574964
26,3,587.7410679035607,1103.3484795873298
27,3,587.32787670914,1103.4314800007724
28,3,587.5525457168409,1103.8300722140348
29,3,587.5943401679295,1103.8228028061274
30,3,590.7562005110115,1106.121512066044
31,3,588.679319278091,1104.9406435463363
32,3,588.1996576763829,1105.5733251023605
33,3,584.4061880581138,1104.7347358371499
34,3,585.9959427957431,1107.190966612838
35,3,585.6902164107421,1107.4865937144007
36,3,580.3181973265044,1105.4611064805433
37,3,582.8398047958234,1106.595963526354
38,3,567.9592200424954,1095.5386784324746
39,3,557.2779433342287,1088.361100037753
40,3,543.702725866708,1078.2830255533308
41,3,543.6547641182915,1077.0809261436768
42,3,540.7244957266264,1071.6188654931143
43,3,541.734374620757,1071.115819581664
44,3,547.282912508762,1072.2205288206653
45,3,547.2798721475423,1070.5756818399789
46,3,541.9891292268663,1063.4932851543008
47,3,542.2446441488985,1061.7008778570134
48,3,535.7285039255828,1054.757481971992
49,3,538.200006211625,1055.97820937981
50,3,517.841627750756,1040.8025798124252
51,3,516.6674810834323,1039.121691711113
52,3,516.0573990662177,1038.454121800685
53,3,512.6295211696705,1034.536313660954
54,3,514.5336110451051,1032.5513155219155
55,3,516.5765004532217,1032.8175178885363
56,3,521.5862146660583,1035.015757359439
57,3,523.0694988391494,1034.3395599015769
58,3,521.8498856723011,1030.792894130323
59,3,523.287139621272,1029.7402921965663
60,3,513.9441461553677,1013.2191312387979
61,3,505.28221032619973,1004.6047157743491
62,3,494.58311414667827,988.8338642508509
63,3,475.77431663122996,970.902113711138
64,3,472.57128853685055,960.637669755019
65,3,474.6226958337313,957.7727379568195
66,3,461.8875143895055,939.9905950875882
67,3,437.0189331971681,917.7074616260992
68,3,427.6142423026184,894.0965713436802
69,3,434.0739153791805,895.3086156651286
70,3,430.94453918014955,872.7418640205174
71,3,436.20151988438164,870.2913259715891
72,3,434.1771085633376,856.3420248944399
73,3,394.84053628984645,819.9342824833883
74,3,401.81002838067286,816.7847806651328
75,3,417.2832862326596,819.3313564595816
76,3,416.2919510010852,796.7870854402471
77,3,421.88949433775014,793.5008354075104
78,3,423.73645013434276,782.2831105642107
79,3,433.15654820237376,786.019579769418
80,3,429.8829538864301,779.9884613946354
81,3,426.6953619672227,778.3727275015887
82,3,380.2861446067954,753.4432054568612
83,3,374.8539802331291,750.3483513099278
84,3,371.8291722276943,750.6921897198646
85,3,362.92917376274124,746.705069798251
86,3,342.8899190550475,740.751665308445
87,3,330.16308736584506,740.5758737058338
88,3,314.82669828224056,736.2655473432201
89,3,321.9284775908091,747.1011399859543
90,3,286.75611992568395,734.3668678771187
91,3,286.27335953319397,740.7494902756014
92,3,285.1745755898268,748.6152393855731
93,3,287.3151618266753,757.7082458732093
94,3,281.07700824256005,762.6832322928052
95,3,280.6010456413141,767.813677311257
96,3,285.77474761162745,779.9890397638094
97,3,293.2952064110533,787.6536980097104
98,3,285.38976476495446,790.0358243400278
99,3,292.3853212036533,799.6770263977868
100,3,288.8722604796484,808.2777648882827
101,3,286.911327783726,812.6160086833689
102,3,284.0359309338509,825.0075796664725
103,3,274.4158679178832,823.3171771007347
104,3,258.2042886018335,819.4605598495743
105,3,279.450572328221,832.7517787809044
106,3,272.33766055385195,838.5558077262606
107,3,247.87361012436227,831.1138461079668
108,3,266.19841076543344,879.221286095494
109,3,264.52709820201824,881.7250596677159
110,3,255.6419519642797,888.4979372390449
111,3,239.5896898375569,886.7417536006465
112,3,231.29685433899192,907.7090173403302
113,3,223.00401884042697,928.6762810800138
114,3,214.71118334186198,949.6435448196976
115,3,222.81700835691913,962.8149237706676
116,3,208.82070364885723,974.2050326246037
117,3,199.33015240546672,983.4741092610914
118,3,195.09044435715157,1011.3288239353814
119,3,190.85073630883645,1039.1835386096714
120,3,227.39586244236037,1079.4270696787125
121,3,218.18503216291595,1084.2397536907986
122,3,226.72495158415953,1105.9600634566782
123,3,227.33805472736168,1117.121594536804
124,3,227.26917958197845,1153.8344824445373
125,3,227.83994161248307,1182.563810070982
126,3,228.92874240434273,1199.4973371562598
127,3,226.86084730893452,1203.7328261218292
128,3,234.1388453090835,1224.5819786552643
129,3,252.1294138818301,1239.163894610968
130,3,215.7339895829451,1245.2019156486301
131,3,215.14111537662927,1254.4043935211441
132,3,251.00293750497613,1276.6601104273243
133,3,263.14215059619477,1284.7788077843081
134,3,268.9951018670948,1296.2100226450045
135,3,263.97925241400884,1300.8091560858597
136,3,254.0379531275114,1306.3535133029245
137,3,255.5534553757087,1311.8433372026723
138,3,251.76766927335325,1317.1078658739661
139,3,266.33928857533294,1325.1570503892112
140,3,276.1823546655796,1331.4761345149466
141,3,279.84532246954006,1334.0986417331083
142,3,292.53792977886866,1341.8197938215276
143,3,293.8439922249988,1340.8714792588557
144,3,292.0886592605761,1337.2128930403096
145,3,293.54314480415576,1337.1475093512809
146,3,301.76555166004573,1332.310044442992
147,3,303.3408020880183,1328.7052301012186
148,3,319.5780493376557,1325.5663453486632
149,3,339.70784633231506,1312.8937692483755
150,3,346.13180939122617,1307.1136799050691
151,3,346.38475187153904,1305.1587554166429
152,3,351.9470249614011,1299.6802568806609
153,3,347.4807009908881,1292.2751602900519
154,3,347.72971357860496,1280.7963135074742
155,3,343.99449975359124,1272.7131832303303
156,3,341.2633335546647,1257.1164164869333
157,3,317.99126916188976,1235.5914713496613
158,3,322.12759951863956,1215.4761446976893
159,3,337.09697280443794,1214.1297322111302
160,3,345.4321053991716,1202.4429668307446
161,3,346.73391199087837,1196.43211832459
162,3,354.03564221755636,1185.5293621778035
163,3,351.79981912359483,1177.512095108518
164,3,363.22616012396645,1174.5926817957165
165,3,363.1695280214328,1170.330445953482
166,3,376.1880532357779,1174.8418635298776
167,3,377.46623733859934,1175.5454106193108
168,3,377.09785197729724,1177.6513365976673
169,3,379.53701748674814,1181.8517632185337
170,3,378.52673983548704,1182.7331228061496
171,3,379.74856870258463,1184.2943459547478
172,3,386.8380482892897,1186.442692974155
173,3,396.4533920079804,1189.8994778352464
174,3,409.11067217669745,1197.8096677537599
175,3,421.25152907428884,1205.9283415077753
176,3,438.00149637895987,1222.8311550434705
177,3,439.9118946195228,1222.196926508776
178,3,441.2578548763395,1223.473779073178
179,3,444.16479181193426,1223.9002213237957
180,3,435.1174279069501,1212.4175136066583
181,3,441.85351723086706,1213.0808971340214
182,3,467.81803039260956,1219.8286352515886
183,3,477.2157270621242,1221.0428643285904
184,3,484.6475860125339,1221.0657802247645
185,3,487.1340975239535,1220.6554457811217
186,3,494.0433268354845,1216.078424134289
187,3,495.54381837091995,1212.182418035342
188,3,498.7466971419381,1205.9716512868479
189,3,499.1722850824667,1202.3953202120322
190,3,501.338075820965,1196.2632682252136
191,3,499.37586749127735,1195.1014869060407
192,3,498.6975053579893,1193.298269431144
193,3,498.7767428016705,1192.9486409836322
194,3,495.7056691386324,1190.3073530214579
195,3,492.5810798816841,1188.6640808837774
196,3,493.0727855819648,1189.1412412856976
197,3,488.1439822845038,1187.963876411222
198,3,485.72146050563094,1187.3827569206858
199,3,478.0979869719027,1183.7476597080617
200,3,455.33246408466687,1173.0044780480464
201,3,452.0455581820805,1171.025811594188
202,3,449.06821743661055,1170.1881854050832
203,3,448.49543136622293,1169.4048219332678
204,3,446.0284649682729,1168.5527371347034
205,3,446.59989694277385,1169.8812660253307
206,3,446.7905514160933,1170.9652630573494
207,3,443.6737648006986,1169.5940098392166
208,3,441.1625494958272,1168.1494041710794
209,3,443.15069638889423,1168.8764962666314
210,3,438.9584650064871,1166.4150950715548
211,3,444.00200225382036,1169.4070681771022
212,3,444.47856405636054,1170.7605657560741
213,3,444.3938326355789,1171.2525796613131
214,3,444.3082623375478,1172.882705082274
215,3,444.45928424836245,1173.3683739739818
216,3,443.8515513346609,1174.3890833424734
1,4,908.0324085632454,559.6265382132508
2,4,908.0324085632454,559.6265382132508
3,4,908.0205957915431,559.2557723031473
4,4,907.2188693753853,561.0103970509406
5,4,906.6984843028306,561.2925838900622
6,4,906.9821822316516,561.8626463059553
7,4,908.0778543891358,560.6819301023257
8,4,909.3200971877047,559.944852907461
9,4,909.4528924700745,557.8524038502369
10,4,913.8732948427056,558.0947615448043
11,4,913.9419929377648,558.270434322928
12,4,914.4921546663838,558.1503583100606
13,4,913.9574262504512,557.8959706693727
14,4,916.2127834482935,556.8332902770507
15,4,915.9321954241921,556.7583331691618
16,4,913.9332547155058,557.0438658542494
17,4,910.8827488953038,558.3378395054517
18,4,915.2911018165676,556.5632671878907
19,4,915.3786923583975,556.8546498614377
20,4,917.3853788256632,555.1424427163114
21,4,916.504178002021,555.4413218249424
22,4,916.4713078344297,556.5952803424531
23,4,918.5428239316026,556.6603577946544
24,4,917.5942380381979,554.1166078648614
25,4,919.1255102644711,555.246084543903
26,4,921.0407207613092,558.7023924062078
27,4,921.1168810263106,557.8783020431449
28,4,918.4298608991782,556.8642577738921
29,4,916.0734346251105,555.7119166594761
30,4,916.9216025587124,553.980432781979
31,4,915.2535726058094,550.8317919997927
32,4,909.59529014868,537.2450880324666
33,4,902.5888067383511,526.9133836232883
34,4,896.7838121527474,520.2112224040654
35,4,898.4099132263384,517.3616724736369
36,4,899.3445377446748,511.6854491557348
37,4,900.0029263348,511.4906715733561
38,4,903.4022661983338,508.87064946270243
39,4,906.7617282627649,505.4266172119983
40,4,889.1420675843923,471.0626951697767
41,4,886.4719367492679,463.7817471854133
42,4,882.3224157772946,453.9264949769247
43,4,882.8498768734644,454.2406343562105
44,4,890.7877420232334,446.3856761517633
45,4,892.4788419014819,442.5309552206306
46,4,898.6804382776992,432.0440832070547
47,4,897.808912134118,424.86136307404587
48,4,890.5690657681829,404.42415647440157
49,4,874.8498355718114,369.0315206883454
50,4,871.3240024883845,365.8539483544225
51,4,874.1731120352418,367.25522466788345
52,4,874.9217258573196,365.85383587172504
53,4,871.2097669505408,358.3997737513079
54,4,859.6843257599608,342.74654816167686
55,4,861.2440108696645,349.20083211048006
56,4,867.4687327834744,367.65850186099846
57,4,845.5410534287591,337.7047331752785
58,4,809.0950930317227,300.16565885616643
59,4,800.8905824317992,308.8465521538054
60,4,791.8893354871785,329.43356601766305
61,4,789.83077728664,328.00199885206735
62,4,590.1920080582153,109.10725783522554
63,4,693.5240950424077,251.583886565802
64,4,690.1640444426378,306.84364896524335
65,4,690.8504379483974,318.36568375000155
66,4,678.0977098569094,322.3638731523381
67,4,665.2995435724378,311.1595461815787
68,4,602.3455587289079,263.78280079447865
69,4,583.7509937655999,258.18643104668706
70,4,593.8936018229634,310.0674521077496
71,4,592.6147535101659,320.08587154067317
72,4,569.7491159449792,333.81708106490174
73,4,563.6448394618345,340.50612663262194
74,4,537.8345630559721,336.93068456331787
75,4,534.8764090035249,335.7755567389111
76,4,522.6044413577362,347.90535434856895
77,4,510.33247371194744,360.0351519582268
78,4,500.0406714336569,357.7110264703128
79,4,468.59551249249023,325.2559726212114
80,4,458.0864062325445,359.79488701663536
81,4,447.5772999725988,394.3338014120593
82,4,424.9587007209464,391.5426693445227
83,4,402.340101469294,388.75153727698614
84,4,379.7215022176416,385.96040520944956
85,4,328.1305727052623,349.6263419456707
86,4,295.9473191710346,377.2018176678154
87,4,304.71065328627367,403.3873372054904
88,4,281.3412985825981,430.44106192280606
89,4,298.58809042050495,453.95093070036415
90,4,263.9272501182805,448.1876887944493
91,4,251.79655105632224,458.9349761242762
92,4,239.665851994364,469.6822634541031
93,4,227.53515293240577,480.42955078393004
94,4,215.40445387044753,491.17683811375696
95,4,203.2737548084893,501.9241254435839
96,4,191.14305574653105,512.6714127734108
97,4,179.0123566845728,523.4187001032377
98,4,187.67231288877886,555.149387660531
99,4,232.66135043703474,595.3244173554035
100,4,211.54513726734362,599.5671292732418
101,4,206.72752120981858,606.1164805878858
102,4,197.5222097535829,621.8444944000839
103,4,183.6495537461804,615.1388669925119
104,4,135.96707390911146,589.660238125308
105,4,182.27028904868573,630.6996394710299
106,4,193.75269781626733,652.5743632080976
107,4,170.328975095674,641.6259069957753
108,4,30.890116933865606,552.7272599518195
109,4,-58.659548595423054,494.08398889753863
110,4,162.17708831764827,665.4139851061755
111,4,159.86131629856666,670.3080616307924
112,4,187.66758547711828,703.1456171154388
113,4,192.84420535289757,712.7399937517677
114,4,206.47422456186825,727.1562741430092
115,4,203.83576230132758,726.7525527981956
116,4,200.67199034341178,727.3239443454744
117,4,195.30262147295124,726.0121403820053
118,4,201.1358172899295,735.9703236150474
119,4,204.55459677578747,739.9008402365649
120,4,194.0642214041204,739.8495427321893
121,4,194.4121810797846,739.77129789667
122,4,265.34817925885835,783.1304092549543
123,4,290.9162846764872,796.1811412686037
124,4,302.9080989491693,804.5855984379804
125,4,305.87502485021776,806.2465985514975
126,4,307.2724111341882,806.3418223914895
127,4,323.7098181444949,816.2096188431287
128,4,365.22178348276964,836.0220923122848
129,4,385.4736869498392,844.5800292628774
130,4,413.9364483887843,850.6918604560376
131,4,415.55477987431965,848.0533143983429
132,4,430.3368918692233,843.4278752983213
133,4,461.65285090401755,861.4959697372974
134,4,488.9668827457963,876.7163437922583
135,4,518.0413729162697,894.9522859475777
136,4,545.5147592283536,904.6902270354433
137,4,545.8657030370783,902.1682293905603
138,4,546.7883425259611,905.2833463038986
139,4,548.3117511600791,901.2397176363568
140,4,555.8512811948053,911.0958932904814
141,4,556.0979979953684,910.2203481605765
142,4,578.7981201932657,923.5528259760929
143,4,608.3447251495479,950.9515110087143
144,4,634.8175177772791,961.1279181361207
145,4,634.9880911580459,959.7111756598181
146,4,640.3968301455742,956.2832613462945
147,4,647.1503672754475,949.9321998271965
148,4,666.9373772245089,961.9678599122944
149,4,684.7042203855672,965.5545715306968
150,4,705.5069239084476,976.7823349943167
151,4,710.2325880827675,979.3214215120047
152,4,712.1624212807232,978.5293339591959
153,4,713.3340917808347,972.737634314679
154,4,719.6143557401142,962.1663818201191
155,4,722.9904970118662,962.8133860821865
156,4,719.3276834880494,960.2088688383272
157,4,720.4600840507022,958.4257981742385
158,4,711.072426830971,943.0468683556201
159,4,712.457102822801,942.3672236945642
160,4,714.7038805506235,943.3959548267015
161,4,715.6157143145899,943.1819644881972
162,4,715.9062934632711,943.8760134047582
163,4,715.4628049921147,943.21839577201
164,4,715.1348384809014,939.8511040417886
165,4,714.8444214535559,940.1878458054686
166,4,714.080052702788,941.5729784575759
167,4,713.4285519202963,941.8294204005759
168,4,713.409328919454,942.7185783860249
169,4,713.182821662287,944.6024954010949
170,4,710.3588330519842,950.904749700044
171,4,711.3245227899977,952.2217179046305
172,4,710.4716600293667,953.7914094719167
173,4,710.0173978559334,955.7794990541047
174,4,706.2509166225041,954.9083612505201
175,4,705.5195040422096,954.8163352427035
176,4,705.4181958925852,954.8617234968718
177,4,705.0297155747855,955.2129055339113
178,4,705.943650509523,956.468457333329
179,4,707.0020927409208,956.1266445241646
180,4,705.1527730371204,953.4736118237943
181,4,704.6054513235373,952.9152055904947
182,4,706.2713799781131,953.223505518008
183,4,706.1254397770671,952.8476443836603
184,4,707.2136426297602,953.0578556733774
185,4,707.2729919059234,952.5019897506902
186,4,708.0148622318293,952.4724138062304
187,4,707.3215296002583,951.4041465464624
188,4,709.0818657017871,951.5295822160608
189,4,710.463993109612,952.7396807970243
190,4,709.6742149658946,950.5002988507769
191,4,710.6477892819464,950.839678440163
192,4,717.1928709001537,950.5922508744231
193,4,670.1639454352818,900.7280462043765
194,4,713.345872677999,929.5690327476552
195,4,713.9621219307775,924.4616316721668
196,4,726.8275885973322,929.3576140784867
197,4,717.8269373375163,918.0933343289703
198,4,740.3749951916766,926.069055567203
199,4,745.3786459341508,929.8300951719871
200,4,754.311938422468,934.3635056296375
201,4,754.5780041311734,934.1019145355268
202,4,757.2201343854581,931.1687038789246
203,4,756.906503056738,928.5080678531555
204,4,760.1218439393263,922.7084995544095
205,4,760.3404147267569,922.1269076558061
206,4,762.763461036908,920.0668748163301
207,4,766.2106502525311,919.5021393448774
208,4,766.1994115858217,915.9973794802152
209,4,767.2786453303034,913.8908317513007
210,4,768.5516544804102,913.1475756114892
211,4,770.5386417345945,912.9262225851425
212,4,770.5094094032465,914.1686047721935
213,4,771.2121862664854,915.7120213856182
214,4,768.8924691461463,917.5149356500958
215,4,766.9370922027921,919.6143159412261
216,4,764.8288121799918,922.7484162744541
1,6,571.8099293863401,220.5942153616163
2,6,571.8099293863401,220.5942153616163
3,6,572.0184610211397,220.87025162259582
4,6,572.8891491456585,222.23003889601023
5,6,572.4519939333363,222.15174582452764
6,6,573.9467159839381,223.7917852166645
7,6,573.4877228889994,223.0533038539975
8,6,575.1776798291924,224.67120683139905
9,6,576.000985211875,225.54566748695615
10,6,572.9393419443326,221.05099196517224
11,6,572.919765150515,220.91092928894446
12,6,572.2943644099809,220.56253223359474
13,6,572.6105190732026,220.73359304938592
14,6,573.113142152874,221.66676052377494
15,6,572.9805919813756,221.77383168778022
16,6,570.5282533119598,219.06617420643906
17,6,570.7299067339321,220.0263264992702
18,6,569.5416132423686,220.34666770730655
19,6,568.4525925157269,219.57415272953085
20,6,571.8938822557545,224.65076337303472
21,6,573.6416012901706,226.82387683088965
22,6,574.0580470823478,225.8221542524236
23,6,584.4049793648555,233.53768104257
24,6,587.2905392307426,243.04115314898473
25,6,588.2483217257729,243.43725902395144
26,6,597.9700567757563,254.78871591297266
27,6,605.7116413926053,263.2252647352555
28,6,607.7738647035048,254.37284651606655
29,6,607.8987522407087,255.85401440092295
30,6,611.3203906738278,251.15348110864812
31,6,611.9969379357021,252.05041073291736
32,6,612.8038286730538,248.99462032751975
33,6,622.0740780331182,259.4750990901166
34,6,634.8156836426316,273.58947740177246
35,6,642.0046556307843,290.0192783261901
36,6,658.983085194866,318.0565331277534
37,6,664.2025195045469,323.60557568956125
38,6,673.5105990803497,329.8106993416157
39,6,672.0867723490425,328.34173292789137
40,6,676.3497316927325,328.148879577229
41,6,680.6240319313704,339.6155310892349
42,6,692.3566590727236,349.7955604868726
43,6,699.9030101910896,359.69409640216924
44,6,718.1618038686546,381.67374612758414
45,6,710.2655219472733,392.4229611095313
46,6,721.7602086259407,388.4389934001361
47,6,731.2400538027929,399.4675396374549
48,6,732.4211688157266,392.49560374376034
49,6,735.5135833265836,392.50620619103813
50,6,737.0556489720849,390.3653936955247
51,6,736.6058222613452,391.8185588787826
52,6,728.3983484457266,395.23635977852695
53,6,725.4025289840673,397.5211259135856
54,6,729.2036644895837,411.4086799680307
55,6,723.152940373005,416.09614217530014
56,6,717.9733585251972,421.82975545088124
57,6,718.6998324394372,427.9468459659113
58,6,711.8413936013008,436.76509208422465
59,6,708.6414134694172,437.8858479467995
60,6,691.1858505909462,438.5772596439466
61,6,687.8167612422515,438.8659110893541
62,6,657.9419994529899,420.2565378843454
63,6,654.1035969035353,429.13137307557946
64,6,634.582778106879,430.5163799744027
65,6,615.0717860411343,416.57455821308974
66,6,604.1097171054312,410.6198897767573
67,6,581.5165298988718,412.6761829377074
68,6,563.5926765261902,404.4638008003517
69,6,552.5987634709,413.19982379323886
70,6,510.21299987818816,387.0841593655649
71,6,502.23175678788476,389.2616028632459
72,6,500.4088179632235,408.7602211868065
73,6,495.05303219626444,420.15177909812763
74,6,478.21153307820117,431.0922677799066
75,6,469.7628650386805,436.36521247507704
76,6,463.79224179154204,463.3340583261726
77,6,423.0607526583575,447.32018654203887
78,6,430.7048739884809,486.71649962964585
79,6,425.5546868441984,497.34109027041166
80,6,430.7374052333836,525.2853725509895
81,6,465.40593988840715,579.1930211657286
82,6,500.0744745434307,633.1006697804677
83,6,489.3714866556269,636.3241828258573
84,6,490.21412830734954,670.8375988249883
85,6,430.22643019610393,628.8533979512058
86,6,370.2387320848584,586.8691970774232
87,6,385.1202799696453,612.137825356596
88,6,264.54877496530594,538.8154938579918
89,6,284.83226109194334,565.8519601211545
90,6,265.56875795365875,570.9658800335766
91,6,255.5432344343798,576.6866337772417
92,6,245.51771091510088,582.4073875209068
93,6,235.49218739582193,588.1281412645719
94,6,243.60154046653923,613.3655497812063
95,6,229.45996888393208,614.650698984497
96,6,210.15997904130245,624.9428026249137
97,6,197.33909726256383,627.1399409364145
98,6,192.10119406766904,642.6303316370004
99,6,175.67967220393444,644.209896282634
100,6,159.25815034019985,645.7894609282674
101,6,161.68985717263936,656.0461356149958
102,6,154.0806631508972,672.5485998292429
103,6,34.738935032063836,598.3648835044394
104,6,77.54963792469376,645.3838039118426
105,6,65.23476778848814,645.7236596095325
106,6,58.0546878381705,652.2211133979899
107,6,50.87460788785286,658.7185671864474
108,6,51.41481081549139,671.9767383634656
109,6,51.95501374312993,685.234909540484
110,6,52.495216670768464,698.4930807175022
111,6,36.25259207464605,688.3668005096151
112,6,107.79640421153195,764.0871532943484
113,6,126.50218568777616,781.8725565173578
114,6,125.32555172746112,783.7178182363766
115,6,128.01906609326764,787.01616930857
116,6,101.20956760598311,779.3811298597132
117,6,99.83122243702746,797.0888181227216
118,6,98.4528772680718,814.79650638573
119,6,107.43657684066359,826.6551440474858
120,6,141.7264363382907,862.0573660918022
121,6,142.91223557782467,868.2839163816702
122,6,155.67433410228807,886.6975908259303
123,6,164.87974597735698,887.7014975492324
124,6,191.10058712816164,905.4279237754744
125,6,192.85701227418267,909.6831249419075
126,6,238.82739035302762,943.5446173367861
127,6,241.02408539554574,946.5818939336195
128,6,244.54763566628267,948.4187997361912
129,6,251.75414235372625,951.6137013730626
130,6,293.49948725324674,969.540305112457
131,6,304.0031150381182,971.6226602377147
132,6,371.19312850703994,1000.4654911545697
133,6,378.6042920016508,1002.2250870558061
134,6,383.86869585731426,997.4906739223478
135,6,381.8356585977939,995.1473380755585
136,6,392.70579729035165,992.3011717513857
137,6,402.79390139462447,992.1111469690998
138,6,478.5745533847499,1024.5379600880854
139,6,480.32020352005947,1016.2691147372497
140,6,516.548183123999,1021.6043786822111
141,6,532.1579816990663,1027.8672271832372
142,6,553.4762016432655,1032.9067045739157
143,6,555.0743666177319,1028.5753010862506
144,6,562.5855932488752,1034.0100788262585
145,6,566.4788630384315,1027.9931520503096
146,6,573.5591565780389,1020.1444014042211
147,6,574.2303607929086,1017.9823301203285
148,6,569.2446023226214,1007.611838317884
149,6,568.7175761603633,1003.3516528310611
150,6,572.3035160695384,978.8524790797576
151,6,578.8430233075642,984.9461995940235
152,6,582.3666112222711,971.9772844773679
153,6,576.7766030188774,958.9844887831191
154,6,547.5080590654451,933.0431743464686
155,6,531.9202138716264,916.6923953614271
156,6,541.6256828064583,906.6336000085129
157,6,550.0569788476206,908.9291504173143
158,6,548.6447639552113,906.9479768883465
159,6,547.8540050598752,902.6669766009155
160,6,515.5172060393638,879.6924129709789
161,6,505.7245356580127,872.3345239458567
162,6,480.37161612285223,854.4457426601122
163,6,474.54840387297486,848.5188815074209
164,6,462.8656655238645,839.0624083400664
165,6,460.64564628852906,838.1458800725882
166,6,455.48591772349715,837.0583476687414
167,6,450.5861461329395,836.0916450201967
168,6,418.6074058361046,819.5847430102687
169,6,391.52886452869836,807.5257305962349
170,6,404.22275848268396,825.3873509798235
171,6,395.8554302242099,824.1576031336012
172,6,337.04318351864123,799.0252232989696
173,6,329.61421447224234,795.3939275807941
174,6,331.17619847526635,810.8699568335824
175,6,327.075526773293,814.2407683579523
176,6,309.7214655730595,809.0079374927391
177,6,307.88195336084624,811.1291796343035
178,6,311.98296372507707,818.613679038515
179,6,302.4319454329336,815.6948307157567
180,6,291.896866963663,818.529401819973
181,6,291.53912866499724,814.8306839976624
182,6,296.4494460080158,809.0607949560191
183,6,291.1549549281704,805.2906134810236
184,6,294.55395166494463,802.1485444405051
185,6,295.6483806050007,802.026910243319
186,6,293.83506167513826,803.0545813787342
187,6,295.6669963798267,805.7158424374835
188,6,295.5640436198415,808.479804336002
189,6,297.9559692936063,810.0048923985534
190,6,311.19735645310186,821.8858584818302
191,6,315.27688505550356,823.2972756689222
192,6,348.23813384653437,848.8515874402119
193,6,363.7945888382431,858.9424718585328
194,6,379.3510438299518,869.0333562768536
195,6,394.9074988216605,879.1242406951745
196,6,410.4639538133692,889.2151251134953
197,6,426.0204088050779,899.3060095318162
198,6,428.8661850514718,900.5075385785256
199,6,431.5400072662008,901.7360625543207
200,6,430.9585757216753,901.938009192909
201,6,433.490363172967,900.2166837399791
202,6,437.3993299679873,895.4582203768025
203,6,439.6484918278135,896.2020652934833
204,6,437.18272399269813,890.2730149608828
205,6,440.1489787950845,888.1385995066616
206,6,439.0984861430682,880.7400368085139
207,6,440.21845045112457,874.8370624011087
208,6,439.3823075125302,866.8497663542415
209,6,438.23436173452774,864.1063454684465
210,6,422.58587942006847,830.7281949482748
211,6,426.7158156629833,825.3562578117414
212,6,426.23641482880896,820.7895367056232
213,6,427.0346345360936,824.3512121004153
214,6,427.12655797448,818.2380926570547
215,6,427.6338993633176,816.7510895548651
216,6,423.37198419275273,809.7996758450203
1,7,593.4094049557827,106.9089493615516
2,7,593.4094049557827,106.9089493615516
3,7,594.1612714536227,108.05323297800211
4,7,593.1636258772556,107.07516260542204
5,7,592.7976399934374,106.64752018162898
6,7,594.1766020451959,110.69939495015934
7,7,593.4146765378277,111.0386459588701
8,7,592.8869559509336,111.53508530579376
9,7,591.5610105965607,110.13423763273431
10,7,581.7552160439691,98.64513801740195
11,7,582.5195040547129,100.61799095618294
12,7,580.3716630109592,97.14861594876284
13,7,581.602301294181,99.56362630630845
14,7,592.8613085074448,115.94588337642965
15,7,595.3475763877537,119.37958738608395
16,7,597.2679755111704,122.27394854786249
17,7,598.2449891063902,123.0074406859017
18,7,598.267231072951,121.88184984400382
19,7,607.3825654307735,134.98308462453753
20,7,607.3395568172914,138.81808327429067
21,7,610.9978304201392,144.98533631164113
22,7,620.8094218546496,159.49257534631883
23,7,633.9965218586742,178.1234711361102
24,7,639.7975615517715,180.0419470648781
25,7,659.206141391703,207.1385236020897
26,7,677.0868049609454,229.18256683449357
27,7,678.8053939739393,231.54591378138554
28,7,701.3029733170786,259.31303760973043
29,7,698.5581625186237,252.21154004194847
30,7,718.3409162364222,275.5569628972505
31,7,712.2276545401434,266.7675775326018
32,7,718.3572478911954,272.6604059311752
33,7,724.4640636860348,282.15184645104137
34,7,715.7904391787183,266.6309814387209
35,7,701.9006853644389,244.31010177088302
36,7,732.517731891618,285.0061666021132
37,7,749.2821037184524,307.1470795121585
38,7,763.4175095669996,323.8639514071732
39,7,779.5515454987445,346.7250091569246
40,7,794.5787062937274,365.61091966469485
41,7,807.943748115195,380.6664354743835
42,7,794.8168386879048,362.363008965224
43,7,790.496866278033,362.9162316861033
44,7,807.0089692461212,387.9460156940804
45,7,808.1218509950357,389.0850076169641
46,7,808.7835296332693,384.0420484140596
47,7,809.0698934281087,382.9918700656656
48,7,811.5392970759384,394.5847656737253
49,7,811.2479558134695,394.6817781777202
50,7,812.8434297813247,386.1218018623584
51,7,812.5748062297826,386.3941227262975
52,7,818.0170610475686,381.31791010352697
53,7,821.5179950138295,383.9135190950415
54,7,820.779807375587,381.9268224303823
55,7,819.4789194390253,381.63297842982166
56,7,819.485549700999,386.1264478387157
57,7,822.4876657869384,388.3141712765135
58,7,812.3006917713626,395.9695962186743
59,7,810.136607729387,396.2224872116302
60,7,793.0335314469136,401.8485193593692
61,7,793.9379457443955,408.28315812151044
62,7,791.1289938490694,419.6101121850748
63,7,776.0864482972611,447.95542898194515
64,7,765.8703799097403,463.87947416402244
65,7,758.6464158320456,478.66267775602023
66,7,751.5982553438978,473.821167365265
67,7,748.080895808221,473.52676965572255
68,7,712.2289739418679,482.7484468626307
69,7,717.0197993655427,503.0823890919087
70,7,699.8642973629845,528.7605224110226
71,7,701.678433324482,540.6057378436744
72,7,684.1779840247128,549.0747244923317
73,7,671.255590902138,551.2575045396916
74,7,645.4248798508117,561.5492348842059
75,7,624.7678022824958,573.8371645549073
76,7,615.8379405678147,592.9243293910462
77,7,610.3577506568971,608.8001426321545
78,7,457.04119784609867,477.1038281391452
79,7,455.3814155619311,494.61725373962446
80,7,450.44290068646467,396.2491019040877
81,7,462.4137001356767,458.0665905457049
82,7,474.3844995848888,519.8840791873222
83,7,486.35529903410077,581.7015678289395
84,7,498.3260984833128,643.5190564705566
85,7,510.29689793252487,705.3365451121739
86,7,487.42982099121065,713.5877534064286
87,7,485.6647443139758,723.2939830655317
88,7,475.87216237479055,735.2481980733388
89,7,483.67517318344636,750.9457500802547
90,7,469.1296450881529,761.4513273526601
91,7,460.8720271364352,783.2457017104542
92,7,463.1955760063979,797.5582260603865
93,7,471.58078255391246,814.5257888849817
94,7,486.35397440784436,835.6645074695704
95,7,491.70314169937825,844.1504598037276
96,7,476.83923215892173,840.4729388349595
97,7,487.5679506881943,856.4764111617691
98,7,532.1075210195664,895.0461045823624
99,7,538.8503442042988,902.3696406716502
100,7,545.7277183491149,907.6715326841138
101,7,552.783742381872,913.632183774979
102,7,574.7395231834884,930.3653164203085
103,7,592.1412836363096,938.6070539126416
104,7,594.5396183497708,939.7343608596636
105,7,600.8166656362237,943.298565610592
106,7,624.5544026960413,951.1093115424328
107,7,646.8323762123712,961.7489534608204
108,7,669.9402646815655,970.0630418940962
109,7,676.942575230384,975.0431419667322
110,7,696.2438783542541,982.7270413118822
111,7,693.4496514573912,984.2395594392462
112,7,697.0657968445923,981.1850560423431
113,7,702.6644187362804,985.1369274193341
114,7,718.1088837556099,987.0014294229206
115,7,730.9196422637541,993.685770735682
116,7,747.1473266029999,999.4006022961828
117,7,757.2401378350598,1004.5559471723357
118,7,787.5309799932278,1025.8235920841337
119,7,792.2717646384434,1028.077920833695
120,7,809.9403552845915,1041.102241057849
121,7,810.7654431688602,1042.789781878627
122,7,815.1910746662647,1048.4633883128902
123,7,812.6638261698854,1048.8023780988767
124,7,813.234199766406,1050.8703675543898
125,7,816.8362690185505,1054.4194330927276
126,7,826.7627773884831,1062.9429018436108
127,7,829.9159375283394,1067.262199945972
128,7,838.9705913063141,1077.9938673185068
129,7,845.7676081771101,1072.7978336454
130,7,847.1771520558575,1075.2727032052633
131,7,847.1200173036377,1075.6442054912413
132,7,847.7580683572537,1076.3647179935404
133,7,847.3499126045343,1076.5169326459372
134,7,845.5396257321559,1080.4151977525437
135,7,845.5502127249645,1074.8968662189404
136,7,848.8910409756587,1068.8404401512014
137,7,847.6485431446242,1067.5051000531198
138,7,851.4887488370201,1066.4314053895096
139,7,852.6773118797894,1065.7334990387565
140,7,851.3880246267834,1063.239373252805
141,7,850.8308466901657,1060.6858496075274
142,7,852.9150251912599,1055.0102935272753
143,7,849.5558319891971,1046.0643112791206
144,7,838.7824395354785,1024.0764593082286
145,7,839.2001558532808,1018.2284236829421
146,7,835.8310726467952,1001.9196978900646
147,7,841.9804073020455,998.226602933795
148,7,850.7254267484896,987.5394371502921
149,7,856.9518261854867,983.1308166053392
150,7,860.8238261360473,975.7037588663761
151,7,860.0182892083226,973.3157507407466
152,7,854.1458727514612,968.0197416058959
153,7,853.7319695336051,966.9966676811144
154,7,856.4374235527202,971.2483980930743
155,7,856.7796927768522,972.2106929385022
156,7,857.0697413283821,969.9413847880502
157,7,859.221672508583,969.5496491638919
158,7,859.9243378215048,967.7595059857055
159,7,861.0590418807886,968.2943035574124
160,7,859.7947421977938,967.1865402457818
161,7,858.8591950018375,966.4873455765828
162,7,856.5505160199432,964.5948986092372
163,7,854.6221523935546,964.0017298151353
164,7,851.6259796695891,966.5635031581565
165,7,852.0271123642763,967.114939807354
166,7,851.9427445007257,966.5883167183357
167,7,851.395861152524,965.3710176773687
168,7,853.0353620590411,962.4348338080239
169,7,854.075918014231,963.1080996581669
170,7,851.4518921173355,961.4450665585675
171,7,850.8986430376426,961.3160795829575
172,7,851.4633177941546,963.9866770829968
173,7,851.5071721329406,963.6616834573588
174,7,851.6992937013482,960.8547607032895
175,7,851.4197621549276,959.2225194211443
176,7,851.2189631687396,958.45620520561
177,7,849.7912333672375,956.9259063485106
178,7,851.5429313529395,953.4531156187817
179,7,852.2295540324056,949.1145257227846
180,7,854.4653881854732,945.225427517648
181,7,857.7592981455389,947.648138341676
182,7,862.1585925505168,953.0787069099102
183,7,862.3283526223938,953.4658465280587
184,7,859.6501289834508,951.6348740139786
185,7,860.5585816149905,947.9828419087529
186,7,856.5007405697108,951.3460841415289
187,7,821.3974596460132,919.5292908115124
188,7,804.0322580139149,899.584747504941
189,7,793.4027371162758,889.8730825214784
190,7,791.5499048329759,890.033103307065
191,7,790.4839204328015,890.3147148601468
192,7,791.8007425904113,894.3865886167633
193,7,797.5511479836474,900.6096396688091
194,7,816.2264170739268,920.5739666414688
195,7,828.818544688663,932.4497182670664
196,7,831.7312170585609,934.0237066268692
197,7,829.79422275701,930.9364276260674
198,7,828.1215372034455,926.8617723517804
199,7,830.2349421943161,926.4976760621577
200,7,825.5123857203236,919.6007203331085
201,7,825.931336060366,918.7964245760671
202,7,826.0431101716629,913.9982157427415
203,7,827.836879198237,912.79591168033
204,7,829.9447705152476,910.2182098551888
205,7,830.461708693054,911.6972170887626
206,7,834.9255557782335,909.8991953042838
207,7,840.0099546749237,908.9092943333642
208,7,847.6395240717441,898.2942764363157
209,7,855.3419564942427,893.5527955203094
210,7,861.6092694629306,896.677093332426
211,7,863.9423461257231,894.2531706683758
212,7,867.0063879755523,890.8622990828103
213,7,872.3235708696654,888.3574687021763
214,7,880.2494411958606,890.050963302895
215,7,881.3075169680972,888.5953659099185
216,7,883.95210965479,884.3691230371109
