1,1,851.212282069144,544.7106205124712
1,2,975.0220349698502,507.8809258991881
1,3,615.0462015313665,1425.5705627768068
1,4,544.0933120249703,258.90368554412845
1,5,584.7910101638012,1144.1628297605232
1,7,509.0297251406,309.3778918783735
2,1,851.212282069144,544.7106205124712
2,2,975.0220349698502,507.8809258991881
2,3,615.0462015313665,1425.5705627768068
2,4,544.0933120249703,258.90368554412845
2,5,584.7910101638012,1144.1628297605232
2,7,509.0297251406,309.3778918783735
3,1,847.3469393353926,540.6014774838854
3,2,973.6472472154297,505.86995599171945
3,3,615.1544499183315,1425.6919705421553
3,4,565.8910130032466,301.0923272042658
3,5,583.6892107822915,1142.871083258509
3,7,513.4043419798804,313.7410769317789
4,1,845.5211358335046,538.6566494697873
4,2,973.3197927840021,505.22284330720163
4,3,615.0140969304626,1425.5896164761732
4,4,566.575995552442,298.1715215721229
4,5,584.3435750211422,1142.9460469785672
4,7,517.4102191007844,327.55684283513517
5,1,843.6349429199621,537.692219132938
5,2,974.0707491007566,505.6438774897114
5,3,614.5473567424376,1425.216139987901
5,4,569.1199984832632,297.0380783624252
5,5,584.4477858299867,1143.267675076722
5,7,521.2818191725306,340.16097417989886
6,1,844.7738616903797,539.0753734534823
6,2,973.523968349794,504.9600235631321
6,3,614.5968536523498,1425.0681253501832
6,4,565.6750751785181,293.877275576742
6,5,585.0289875613258,1142.6765253171811
6,7,527.5687300443799,346.57182846466026
7,1,845.4427433811366,541.256703328162
7,2,974.9658930195537,507.13101904138205
7,3,614.7275096702882,1425.372580603619
7,4,569.7583277504158,295.2143892425025
7,5,585.1495016113466,1138.3181778186508
7,7,518.2850960543082,340.9359880944143
8,1,845.4103496547714,542.0758914399448
8,2,973.8376251026791,509.9248207689898
8,3,614.5279465508881,1425.3289680447765
8,4,567.5350724563941,293.73773377359316
8,5,581.1362926333348,1135.914297313989
8,7,519.1677750946235,343.4402921184051
9,1,845.7110532916317,544.0578911412897
9,2,974.4299306788927,514.1937252532889
9,3,614.7271146083011,1425.383316743906
9,4,564.5801178636826,298.2987124453457
9,5,566.1696484665325,1127.2147022893937
9,7,523.9513811593129,359.83903863747935
10,1,845.577237784078,544.3551956001792
10,2,970.2366706844155,517.8943456017665
10,3,614.8563494110763,1425.2176658483827
10,4,566.2555161898865,299.7288803927284
10,5,557.5438554433529,1122.3598701802832
10,7,519.1311750898604,364.39288515920583
11,1,845.4611820489005,545.9635865560447
11,2,976.4171680048049,516.3813414811109
11,3,614.9355407022496,1424.956677141436
11,4,570.2475972536417,300.93072628802923
11,5,540.6909432184744,1111.5410594554237
11,7,519.0052793291792,380.8520516044193
12,1,845.67629187865,545.6197521195205
12,2,975.9434520826936,515.7129132503505
12,3,615.0214647408902,1424.8569402215605
12,4,575.9364010694093,297.8379928671961
12,5,534.7842175444647,1107.687819150696
12,7,521.5270991578496,384.7799602606988
13,1,844.5461703226387,546.3555686212268
13,2,977.1142456143374,517.5935251503242
13,3,615.076124624993,1425.0484856831233
13,4,576.5261844459167,300.834794287423
13,5,525.6817313959355,1102.3618032102188
13,7,520.8988999598122,386.04492911189226
14,1,843.3171891038479,546.6302580413911
14,2,979.8980331815775,523.4622702485555
14,3,615.0201336735835,1424.959276349835
14,4,576.183266959927,298.60954712574033
14,5,524.1411281963746,1100.5222113283157
14,7,520.682923698676,383.88257402908187
15,1,841.8251149027894,547.6196701840199
15,2,980.4019543062632,525.3957103656383
15,3,615.3332837659428,1424.933258554997
15,4,577.7215545569795,294.0725486495492
15,5,527.7711730099536,1099.964727898774
15,7,521.7087109439274,383.1343234415364
16,1,840.7062547525873,547.570345324371
16,2,978.396996868633,523.9503136788255
16,3,615.462696361268,1424.8754273686548
16,4,578.9682793130961,292.74687296308474
16,5,527.8869452700503,1098.861630109846
16,7,523.9276961528375,383.7380311617864
17,1,840.8913670495785,555.1520032565218
17,2,971.7846855841035,526.5508473189439
17,3,615.4670459262619,1424.473470025521
17,4,580.540421364681,269.6227236054314
17,5,531.374934459085,1095.8916896519618
17,7,506.80687284469553,346.59631610284157
18,1,840.507210372399,557.294314777652
18,2,969.3384069112266,530.6403458380785
18,3,615.8301360897066,1424.338907464981
18,4,583.7565823035098,273.35212158285225
18,5,536.3429208789552,1094.7943450067387
18,7,496.8686671789715,327.120787916338
19,1,835.3660953431877,553.2471185251401
19,2,953.7186855992694,514.5644907427433
19,3,616.4479946532049,1423.311976350288
19,4,588.5398840018888,270.03757617211505
19,5,536.0254559915039,1092.8472373386894
19,7,519.296998854877,318.83333536682903
20,1,832.9456958723409,552.7896642267589
20,2,945.1509618673493,504.69734391184915
20,3,616.332914796908,1422.6085649080972
20,4,592.4962089914189,268.8511639454608
20,5,535.8725452927652,1091.707153866761
20,7,486.98841351741123,280.3780226982561
21,1,818.5108437646214,539.6030966406856
21,2,939.1042305145547,503.1894630440702
21,3,615.9914107174427,1421.6048270559356
21,4,591.5827267598576,255.64969279415797
21,5,525.3828538120174,1075.70449798201
21,7,490.8594044260306,280.37715283238305
22,1,807.7246239424566,534.2722728576719
22,2,935.2085458924882,503.2077876801134
22,3,616.2396746816103,1421.6333345222608
22,4,597.0731117901641,254.34053667634262
22,5,512.9666329368735,1064.4641303417272
22,7,513.0153556281101,301.62390486904934
23,1,793.7483703482728,517.5995705624124
23,2,918.5897420147992,486.11509540946446
23,3,617.0528545565867,1421.3704927410076
23,4,610.1557739478685,288.29887451267257
23,5,476.09468846706187,1028.5725753338627
23,7,530.5865571569793,316.8932147299255
24,1,782.8213811402999,504.70108135039993
24,2,900.8060415847492,468.53171284513894
24,3,616.8325602208362,1420.9187240626607
24,4,577.3619157739871,234.95220639198888
24,5,468.08577628671543,1018.8195251761031
24,7,523.0680620757985,300.1379639402624
25,1,763.9254581046634,484.503913217519
25,2,883.7125968330399,453.6824666027527
25,3,615.5674245268524,1420.626879187712
25,4,599.4209127938611,247.51832331653935
25,5,468.23572397818214,1010.0633203342296
25,7,515.9662017852254,293.19427734195176
26,1,758.1966273605043,482.25282683333273
26,2,876.7862649232701,456.7461670471109
26,3,615.6509283396296,1420.965238251039
26,4,604.8118265460241,255.31044166913816
26,5,465.63145937559585,999.3438343112549
26,7,529.0196404812116,307.51565144552285
27,1,750.2281714526173,481.5424846846747
27,2,862.4008494740835,467.49431590783246
27,3,615.7922694933294,1420.8033147423637
27,4,612.3986528865073,268.26219674504983
27,5,454.2431401145084,984.8055223607927
27,7,549.529961456056,328.0287719342698
28,1,749.7826593622041,479.5384416639013
28,2,855.236560677857,468.2089058546331
28,3,615.7598724643029,1421.123505232741
28,4,614.3631726776848,272.68875642323513
28,5,453.16595098998,981.1260319545443
28,7,551.8926871411793,330.9694306539872
29,1,745.4150074366594,482.7177481681891
29,2,846.331546929569,467.6379250432019
29,3,615.9108162080889,1421.487940609574
29,4,609.7702580291374,268.54055356407196
29,5,431.0688151305188,949.6591205062857
29,7,550.7828601202027,329.1365934785286
30,1,746.0058638500585,485.78410032721234
30,2,833.3564449831833,463.06499168107496
30,3,616.0109370036445,1421.3477430521955
30,4,608.1607352329905,268.71358635441624
30,5,429.29211856526786,940.9656994747966
30,7,553.8526011337995,334.60311510542044
31,1,737.9400414117288,486.0289809353548
31,2,785.5278874741434,415.60796229891156
31,3,616.7947793787633,1421.5131077405001
31,4,606.0068541212307,268.73612459636695
31,5,435.3432755616789,934.3750908171132
31,7,553.694773515783,335.69331135004484
32,1,724.734829731174,478.99108790483484
32,2,774.9210435012519,405.4578121527627
32,3,616.9575885126093,1421.8287544694447
32,4,607.2413765196076,273.24728268360076
32,5,437.7943637321514,933.322563244193
32,7,554.9421857126721,338.4124210775392
33,1,713.835245636503,461.21566133167227
33,2,765.0929816144635,423.9583830140645
33,3,616.8181265719305,1421.9423010750738
33,4,611.0859767492459,287.62026066077146
33,5,440.32702920698785,927.4871317689955
33,7,559.6107825145492,346.77577624409093
34,1,697.3701840815086,444.20988053637944
34,2,758.2875183894005,424.46407860229533
34,3,616.4715449790466,1421.983598838387
34,4,618.4338516011395,268.48948586127386
34,5,442.0334938380804,925.5801909216018
34,7,556.493493681839,345.1450336639527
35,1,670.7393251885537,434.5200873897526
35,2,736.4917651138402,419.6751276596414
35,3,615.9317966057176,1422.0231903218055
35,4,616.6109886268196,299.67774725699763
35,5,442.61096758418705,923.554936027854
35,7,555.4430281142909,347.7578478754488
36,1,672.6772719821286,440.65963140620596
36,2,735.215349921381,431.5507264440668
36,3,615.9240148949098,1422.2257172282473
36,4,623.7846911773522,300.0452315326259
36,5,442.8560806263786,922.7710627569504
36,7,554.0868703133946,342.88989653566426
37,1,666.4553383859558,443.7608119274644
37,2,711.4641798619042,412.77704115786486
37,3,612.2452800510962,1421.7220881210535
37,4,624.4016871021207,304.6053046659855
37,5,439.0369624132636,919.673488277303
37,7,535.2542867460143,320.71954920242206
38,1,664.0480742820977,442.67641914639245
38,2,703.6776990135855,407.9270560617625
38,3,612.5103515616888,1421.754626005893
38,4,619.2766887333897,295.6323951805113
38,5,439.45869426468926,919.8020945632386
38,7,618.0418854331126,423.89447653352084
39,1,654.7730841291323,449.94164119765475
39,2,699.2906569758154,406.4381623203106
39,3,610.1522337588709,1421.220833448915
39,4,597.7911029520809,270.57635548848697
39,5,433.17709516008614,917.1819358417467
39,7,600.7753463365686,405.0110852645681
40,1,652.2621070315365,454.3700483316682
40,2,676.9388140668717,382.46504959991165
40,3,609.8319523530625,1421.4999481256953
40,4,562.3973562048698,227.48028169779917
40,5,430.77815416139754,916.5599504557263
40,7,596.5195258248863,403.5571106080672
41,1,647.5946103144719,457.49121017289207
41,2,669.0284501075033,388.8348307664371
41,3,609.6841567754497,1421.833881519087
41,4,582.8332629386882,251.28816806622
41,5,430.82333217226767,921.2736713391855
41,7,662.2594120838072,355.8729801261127
42,1,648.5212829055165,458.921634326303
42,2,669.8930010758785,391.8670647791614
42,3,610.1095663704722,1421.3318724726646
42,4,603.2691696725067,275.09605443464085
42,5,432.63577644958053,923.1395537399042
42,7,655.5585089184541,346.2278941722895
43,1,647.9750662854317,463.760150731782
43,2,662.113619568965,398.9530347305262
43,3,611.0559841200537,1421.8867809752523
43,4,623.7050764063252,298.9039408030617
43,5,431.141070676502,925.6760244103854
43,7,666.6772921986695,350.6042216292858
44,1,641.1592104811804,476.3862793086166
44,2,658.6940057537219,396.6016120279666
44,3,611.8592496771796,1421.3656576270394
44,4,644.1409831401437,322.71182717148247
44,5,431.74088590769895,927.6181337490448
44,7,667.4225469069597,351.85806094739524
45,1,636.0172039387161,482.24034988461267
45,2,658.9442758378677,404.64206968781696
45,3,613.5625734333099,1421.6766484985937
45,4,664.5768898739622,346.5197135399033
45,5,434.074912212032,934.2040460325296
45,7,625.3854170820471,364.58692459192724
46,1,629.300779721595,478.78086479338054
46,2,659.6997299033605,409.8250667631504
46,3,613.2786634570392,1421.888622010382
46,4,673.0937941534587,357.5616404848189
46,5,433.616947640277,934.5618359345489
46,7,583.3482872571344,377.31578823645924
47,1,615.7775710898266,460.0645477297614
47,2,650.9848944967474,410.69177753903267
47,3,612.5225750462268,1421.7078431333837
47,4,688.2545100105186,373.395152642417
47,5,431.01366583203014,934.2735333265994
47,7,541.3111574322218,390.04465188099124
48,1,629.17583773216,474.94362314884
48,2,649.8625017173098,410.6725303387663
48,3,612.7558009234191,1421.6168998802798
48,4,689.1415743100174,374.3705116593352
48,5,431.60105664083363,936.3412039934918
48,7,542.9953044059387,394.65747768520475
49,1,581.2356336107617,429.45271140608236
49,2,669.7182972364028,439.17535613195986
49,3,612.4778921408553,1421.491963050445
49,4,693.6859146748541,371.298609382913
49,5,427.3841224690899,942.4455130541044
49,7,639.9946955662743,469.19867774551864
50,1,646.3672030146279,470.5267621764818
50,2,654.0646632471905,426.9969891109165
50,3,612.291078130324,1421.4354627257765
50,4,703.4084254259299,361.26659713008183
50,5,424.87589055940276,947.4563649506503
50,7,585.7119349293723,429.870598613832
51,1,645.2522841900397,413.4549549563328
51,2,590.45355671756,380.20250733457465
51,3,612.2823817990286,1421.6696510734566
51,4,711.9940652342046,363.0469024703069
51,5,422.8737229507084,948.464681871254
51,7,536.8479371919952,390.8234317170872
52,1,669.7516156449606,461.471715230394
52,2,570.3082728332,345.79540825802354
52,3,612.1805065042873,1421.8199080918778
52,4,713.0307405896777,360.51128184225325
52,5,428.20240416951646,954.6056098483972
52,7,542.2215999407053,408.4239895398164
53,1,669.7446536253134,467.1421121122163
53,2,561.8755496518331,348.0348585177499
53,3,612.201778518864,1421.722658313674
53,4,719.6537834349733,354.96225050016375
53,5,438.66332194080053,965.9433874111575
53,7,534.4791318816142,415.36726470703763
54,1,678.0119826898487,469.5175009489354
54,2,541.8645900666475,326.33295251940336
54,3,612.0951436158892,1421.729211182554
54,4,724.7132988225991,348.4023619942337
54,5,441.0212143790332,972.2932843888632
54,7,530.2679954698126,417.77931043007777
55,1,684.4560484326574,472.1998474520704
55,2,564.4476429463228,360.0606906852801
55,3,611.7622819131145,1421.285824099152
55,4,749.513748079582,368.09078685193
55,5,443.8759137666664,979.517549107628
55,7,530.5841906613889,422.5587351335834
56,1,683.9389901306638,471.72662348872996
56,2,562.8768286524578,362.521179982272
56,3,612.7112443487614,1421.3451289510574
56,4,766.5896892080284,387.0967418448454
56,5,441.1406630132254,981.9024717568822
56,7,529.3262724014165,423.36993600042786
57,1,682.8345126003386,469.5382653337101
57,2,523.7593325962223,334.61984709520317
57,3,611.3334992329296,1420.9914377482348
57,4,777.8721167252614,397.1326677364709
57,5,454.40156388064605,998.713086226135
57,7,526.1057528216727,426.47777126290947
58,1,683.5263010214272,472.6800141331671
58,2,519.9334338183664,331.7274092278137
58,3,611.4631809840795,1420.9862860321764
58,4,782.128534417238,400.14517177815895
58,5,453.4037181085872,998.191623177931
58,7,526.8623509261424,429.5507888276263
59,1,691.8457080769144,484.7308187454316
59,2,513.3181321452554,318.13361516721415
59,3,611.6180345335183,1420.8955291620337
59,4,783.9068919027906,400.1890911964803
59,5,455.6192285343661,999.6513840332217
59,7,522.9306501231966,435.7555435561371
60,1,701.5818202213032,497.78677974767197
60,2,521.0194657097289,329.34180418837616
60,3,611.7630149664117,1420.7639460421426
60,4,782.2308667479396,395.3510580105807
60,5,454.8890584066085,1000.0781434163925
60,7,523.6601371471947,439.34405616670983
61,1,706.7101562190552,503.0538725283232
61,2,521.3027584849324,329.7581123900024
61,3,611.8457774667178,1420.701611489593
61,4,786.6026052248571,391.0674511835606
61,5,452.9740079959543,999.1566736097086
61,7,520.7448474310235,437.80648563869096
62,1,707.2253646724264,503.1419808388383
62,2,534.2405012743593,348.20540040552027
62,3,611.9407673082987,1420.678638339996
62,4,788.5410618206281,390.15098242829174
62,5,454.1974882466101,999.7090192418216
62,7,522.8405907488066,440.6495472728916
63,1,708.1762664705856,498.12453773272784
63,2,514.7960774609799,326.1640818068078
63,3,611.9475806498107,1420.5885015016956
63,4,790.8712922261536,385.8319024074848
63,5,452.13614348179664,1000.1107773453194
63,7,526.1975069150587,444.92399065016036
64,1,709.6974128596437,498.46766045746995
64,2,515.8004135602408,327.2409135295851
64,3,612.4754791945825,1420.5613059656696
64,4,795.9405610401526,389.68674982447743
64,5,452.1574562793798,1000.2034730298429
64,7,523.94453920341,443.2658606879614
65,1,710.2116409127643,493.3348593918619
65,2,501.56248164272176,313.6472980524187
65,3,612.5150919663383,1420.4819796848474
65,4,804.4861266260004,401.9906616319585
65,5,452.6258149715432,1000.1197681549024
65,7,522.3949020337981,443.5449133412965
66,1,713.462328624486,492.72739269228106
66,2,500.4932560539987,315.6353114281623
66,3,612.524412990505,1420.5519975034874
66,4,824.6389741241139,426.73466768614315
66,5,452.9881748270395,1000.2528658735399
66,7,521.0203622179157,442.4786323412442
67,1,730.7476968724801,515.9506596857863
67,2,491.56513074525407,307.2053974035736
67,3,613.1269087118003,1420.6029405215854
67,4,830.761952636524,426.54080674785837
67,5,454.5699352317412,1002.9402706802476
67,7,510.6821739402287,436.4673799927455
68,1,741.7713238515006,529.8066341254207
68,2,489.75057621506636,305.20600293600955
68,3,613.1789048268579,1420.6289500055502
68,4,829.60397081247,425.05932720826434
68,5,454.28889258324614,1002.8729042733322
68,7,508.97368542454365,434.2725505731428
69,1,758.9675666069469,552.4888957184186
69,2,493.3590981506213,308.0232930125385
69,3,613.1449879782394,1420.6302071596554
69,4,825.9681782910355,422.8650854130303
69,5,458.4406033601139,1005.3223375725389
69,7,494.64188781908666,422.23555521533194
70,1,758.070383854198,552.8310158559835
70,2,493.9792735313677,305.8708644621822
70,3,613.2080340780134,1420.6326064243676
70,4,825.2482971825832,424.2165466034835
70,5,461.3833074878643,1007.8400810179429
70,7,474.8589921991889,403.5735547256903
71,1,757.9199579718498,555.3565075387929
71,2,479.5795836296001,281.52627442836933
71,3,613.322765148265,1420.5330524409471
71,4,825.1876460186955,429.4676333330681
71,5,461.79256020763717,1009.8596555521342
71,7,477.2623734477566,411.35931021460897
72,1,757.5945092409083,555.3246237818666
72,2,475.0589824737013,273.28575266715177
72,3,613.1782082204174,1420.5443013127
72,4,821.6056234567931,426.27699440438977
72,5,462.2980292047837,1010.280295670819
72,7,483.91768750287474,422.75831226946707
73,1,756.1835837515349,555.5946332979739
73,2,464.6900993179233,246.8296538885813
73,3,613.3308163148996,1420.5367497553632
73,4,820.5465029084394,436.4913839204371
73,5,460.5364744227577,1009.2867719110011
73,7,491.1540399290099,432.584092483035
74,1,753.9346627411303,553.4628628086405
74,2,454.3661862414359,229.26532978615475
74,3,613.2605831827285,1420.5656427574515
74,4,818.6944169903198,441.3490418866046
74,5,461.4205107363678,1009.9848291655746
74,7,482.0982669339063,423.19350599587887
75,1,753.2406437387846,558.2153677032674
75,2,455.2809983349764,223.67020474119198
75,3,613.248814068045,1420.5199372415495
75,4,785.7691828217127,424.00157096212087
75,5,460.7149205287719,1009.3839134522545
75,7,484.0635517178781,424.40774169615605
76,1,748.4676476953337,553.8602376003363
76,2,456.11176657017313,224.46853213453272
76,3,613.2432306082455,1420.4582072116334
76,4,787.5848509763423,434.4777538395265
76,5,459.44514388570707,1008.3763883799688
76,7,482.98992292165383,422.34825241503563
77,1,730.0274737475164,534.6323588954201
77,2,479.53622296524463,240.21677963282315
77,3,612.9022421207484,1420.298694671833
77,4,798.4407384210468,461.7279023482278
77,5,463.3268626638473,1010.270481575511
77,7,484.879254672635,425.58053042030133
78,1,728.2620177167227,539.8896045969386
78,2,492.33437481717937,231.26098176162876
78,3,612.9594966809486,1420.3034968245695
78,4,820.2412032009585,494.50776848796255
78,5,463.41838404662644,1009.4523660070538
78,7,477.7194710776676,417.58314632681777
79,1,717.9519619553948,545.9052427762024
79,2,493.6634899220133,210.77679017167463
79,3,612.9793115871609,1420.297791514395
79,4,812.2651787361712,503.88590040333685
79,5,465.6974852553786,1009.20045795799
79,7,471.91923234153325,411.6537942523825
80,1,711.5497806588218,543.04048795518
80,2,491.31179542176426,208.59493918400594
80,3,613.0302863233762,1420.3570194599642
80,4,813.1690621812343,509.3150902768958
80,5,466.80656439756825,1007.3023921396534
80,7,464.1358310349575,396.3339858135707
81,1,709.8924719029579,542.5549781903153
81,2,497.8272463490846,202.65122854140947
81,3,613.0538842496596,1420.3996163548761
81,4,815.381860260124,530.0952104989451
81,5,464.93120842364357,1004.5306132607386
81,7,457.76091163524694,381.0191759641002
82,1,709.2501449507581,544.6656744404256
82,2,507.05663521637695,208.52150336443697
82,3,613.0612143207827,1420.4076351620374
82,4,815.8037982472131,526.1704889250657
82,5,465.19229596207964,1005.4052162117752
82,7,457.97908468078924,379.33391239927636
83,1,704.3247481333951,551.3926737241277
83,2,515.339031712438,216.96965012047056
83,3,613.016566349477,1420.3749070604738
83,4,800.0337197085368,523.0340394121279
83,5,463.1224104175011,1004.1460486257165
83,7,451.12804160054986,365.27101403538217
84,1,697.9248282463703,564.6175288392294
84,2,521.1321046230661,223.66331842456876
84,3,612.7683061303297,1420.5614630812895
84,4,803.5477888657884,537.4749536960253
84,5,462.42081713342174,1003.5968796273395
84,7,447.1175378069887,354.64802167090346
85,1,686.5174381673667,570.468117285822
85,2,530.0443803439715,232.19047597292072
85,3,612.5972853528967,1420.6150951152486
85,4,804.5792517906491,556.4713433988962
85,5,454.23342576531377,993.3066216964398
85,7,449.0066552868352,349.7559839022742
86,1,691.7430267067394,583.2785676843199
86,2,529.7847577186587,229.7197281306357
86,3,612.5764324747901,1420.5959356593642
86,4,799.3573928898562,569.8901101270271
86,5,448.48653992085684,986.8830453825304
86,7,459.60845090027675,343.06600428932177
87,1,673.0411200227293,594.4028773335813
87,2,531.0038677764289,224.69328778510493
87,3,612.0970049120823,1420.9192358617313
87,4,790.812710960832,589.7996178589602
87,5,430.9831685916925,970.4755359848068
87,7,485.2314567419222,359.44093162199556
88,1,665.9884991630292,592.1831263763179
88,2,530.7385172755721,220.5956290818609
88,3,612.0035489878682,1421.0126446410916
88,4,783.0046330005828,604.6156360477978
88,5,408.1083207763996,953.5206206640763
88,7,489.4545875904737,360.98695691647725
89,1,658.9441737170092,610.0267672719662
89,2,532.3761042219502,220.5198456577911
89,3,611.9750373400221,1421.1515752544979
89,4,778.3182420975943,614.9960271191394
89,5,421.58978119763117,958.5426923596532
89,7,500.5154399147782,397.67414714025114
90,1,655.7349990484637,618.2117430448459
90,2,529.8236483463297,215.9549021164043
90,3,612.5308775279686,1421.1775755186436
90,4,777.1844509663536,624.4263845090979
90,5,413.54200559670824,950.2790859077561
90,7,483.8141125631989,377.78003965505775
91,1,653.7953263508674,626.6490785758184
91,2,528.8726657117934,214.27171664709786
91,3,612.567676569452,1421.2802323066212
91,4,722.1385088482847,598.7892145419086
91,5,417.861507091818,952.6839272844057
91,7,522.714601617031,423.0281612764791
92,1,653.3085569914097,628.760402144827
92,2,529.6837422125844,214.85811924792247
92,3,612.5817529582284,1421.3392484267847
92,4,766.5458353549458,649.0753788301133
92,5,417.78312748875715,951.6275188936629
92,7,528.1812154284529,428.2203980567912
93,1,644.6989462166848,637.2700021977244
93,2,528.2686426471431,213.6875801669642
93,3,611.8298225111048,1421.033014359895
93,4,681.4569316374461,612.0248985238399
93,5,417.6643782670372,950.0707490147221
93,7,486.9677601164691,393.5906213823059
94,1,643.0133172333584,643.5617336954281
94,2,529.0314337224078,214.54637524402855
94,3,611.1212927043114,1420.7468335052338
94,4,737.9656477720049,692.5196115197682
94,5,419.135171963627,948.4063144054946
94,7,486.1057985767177,393.5692682342377
95,1,630.0834489771561,659.6646430954678
95,2,527.5386587650908,214.2392047014506
95,3,612.1263908076157,1420.1892241067392
95,4,724.8012917775725,713.9262346498552
95,5,419.05381143408704,944.9095878785463
95,7,483.4427656986823,378.310526939808
96,1,623.4343191895293,673.8281685850558
96,2,527.5446708860181,215.36162886176086
96,3,611.1931904128006,1419.5214651737795
96,4,717.1673748619679,716.5855244761035
96,5,420.27150155493644,944.5998622106848
96,7,484.22166969185764,379.9408210781866
97,1,695.793581096246,734.4213605800612
97,2,528.4381732990814,220.48783338523126
97,3,611.9739667941776,1417.9829919624638
97,4,583.1037132819015,648.9606969530324
97,5,422.4091978641052,941.8457051389212
97,7,475.2878252241548,386.8030840024096
98,1,692.8668605830468,742.1841009487493
98,2,523.0350333643293,215.9788457188467
98,3,611.4405455485922,1416.602986425992
98,4,514.5845765752994,598.2075281716932
98,5,423.72421719909704,941.9421192707941
98,7,475.13552706531254,386.6350128381824
99,1,673.4649492491451,752.7532381939045
99,2,517.7199047896664,216.04832185631318
99,3,612.8068527049256,1413.379525733536
99,4,649.7131273302172,756.3919166824699
99,5,424.76865121243094,942.2234708479331
99,7,478.23959612259915,392.4158274894757
100,1,654.0630379152433,763.3223754390596
100,2,519.3545757609713,221.13669850360913
100,3,615.0768266975161,1411.4121316830738
100,4,570.4528232052345,690.4559948072666
100,5,425.52927999154616,943.1438573570155
100,7,478.5027216014886,392.38820776589256
101,1,582.4055652556264,728.053458540401
101,2,520.6301026199321,225.62407533996023
101,3,619.9945815238701,1406.68033310924
101,4,632.3363053434617,793.8074932054839
101,5,430.0037226475142,947.9598001141192
101,7,475.40537351958994,399.55373774145204
102,1,581.0061799832195,730.8504780045729
102,2,516.519769235988,220.96469909854017
102,3,620.7723010102729,1404.0530177948633
102,4,634.5236970207577,808.096683058007
102,5,432.23301609500714,950.3166736244708
102,7,475.1429787188083,402.3605914294562
103,1,593.6935363961243,764.8286496525483
103,2,520.1039220093664,228.68023418875998
103,3,624.7961091750334,1398.143763957536
103,4,624.6744171134471,814.8463419382218
103,5,432.524307577489,953.5110920230035
103,7,477.33434471943036,403.65249097905047
104,1,554.4417656262656,742.6103641611563
104,2,522.0798418221196,235.00849687323142
104,3,624.8210756133791,1396.5724949077176
104,4,614.7662585811572,825.463384603395
104,5,432.80823130518723,955.3609863596283
104,7,473.0520955085687,402.84711748871575
105,1,542.9208519067181,804.199954326655
105,2,534.0531889675833,253.5385035614602
105,3,626.2639217825955,1393.2344781702561
105,4,520.3509881717913,742.63939447754
105,5,428.54658677488953,958.6769795885898
105,7,436.86708226630765,376.69992433774513
106,1,553.7990597863671,820.5298668383438
106,2,565.4763036548734,294.2564610897981
106,3,627.5672412371292,1393.5503129236301
106,4,513.5818294415279,749.8454810284835
106,5,429.63589673696214,957.2388426327784
106,7,426.2360498945774,367.0744021402965
107,1,509.46563057301825,764.5839700690881
107,2,544.2990577167322,268.6405571289066
107,3,634.7716213985723,1392.4831594083541
107,4,562.6918393123011,851.6161368650548
107,5,432.5918810925711,960.2344080148414
107,7,460.2804841542488,405.81550193404536
108,1,507.59543578751146,773.9920573097271
108,2,542.4197903265591,268.6123527294301
108,3,635.727610830039,1390.9626879822397
108,4,555.9376579902835,857.3468526334593
108,5,431.77525986970977,960.8644273963035
108,7,462.5763470696008,407.9786837297983
109,1,474.6336457576917,773.4816949668333
109,2,542.2024637590993,277.3656949616287
109,3,639.1592105673026,1382.9267221613475
109,4,516.61255591822,855.2255641582985
109,5,432.5005678214159,965.4423850854067
109,7,463.7461359351707,410.67709104214333
110,1,461.8426137537978,780.9939455810171
110,2,542.6138026793443,287.1967754979865
110,3,639.7323766621522,1378.4854820015612
110,4,513.6775563497258,861.6296531773802
110,5,431.53880512377094,966.9209855361482
110,7,463.32841857603324,409.0641709612568
111,1,446.24299391103057,803.049417453124
111,2,543.2843492373511,298.11450110949016
111,3,644.1851484212247,1369.0488280695172
111,4,525.0050885505474,889.3302274466583
111,5,441.0484861606315,979.5346780703075
111,7,463.0030233805718,408.8624880409289
112,1,442.5585369941262,810.8103701328114
112,2,542.5756462005235,301.0989158719347
112,3,645.4315005337857,1366.3599669033147
112,4,519.5787037314375,896.3516448428866
112,5,456.53213637661116,985.9325001503826
112,7,466.0182699653383,413.8813568694031
113,1,477.7365873964479,850.7512068894821
113,2,538.3941521760054,310.20901312531663
113,3,652.9628853496473,1360.2462571695585
113,4,511.9300119347238,906.9014145138306
113,5,482.3953394364316,1003.9910593223941
113,7,480.49077843083705,443.80392650320533
114,1,438.0911407587666,821.9204074805967
114,2,544.53433878752,324.98538652242337
114,3,655.7696081018755,1354.943502005447
114,4,504.2813201380101,917.4511841847745
114,5,487.13463706507787,1005.2403379682013
114,7,479.2848287282399,435.46984901390005
115,1,418.430812341254,824.0447664065575
115,2,557.2964226241883,357.7216452082301
115,3,664.7908409573463,1348.2291234044394
115,4,495.56405590821777,926.1836152353496
115,5,500.85439581432854,1007.5088116310322
115,7,476.60312610526364,450.747115786599
116,1,387.3196990841257,812.6100065304406
116,2,554.1095690063936,357.7942301483551
116,3,665.065122425641,1347.7371323058487
116,4,492.08603568855756,925.7935876215354
116,5,499.8073275043135,1008.7137515224539
116,7,480.29123491888663,461.0250665474245
117,1,387.68771831704737,831.2030442301426
117,2,560.1165437653195,372.58616900756454
117,3,664.3232881306866,1347.1113974125992
117,4,483.30085736677324,929.0535785448
117,5,504.04007118708677,1006.1341663569143
117,7,473.5016030036595,464.5054273747302
118,1,372.2077661516961,819.574597041755
118,2,559.2107855257084,378.853281370517
118,3,668.2097560041335,1345.6200145991586
118,4,484.10268156269376,935.1812610010672
118,5,504.7878189027278,1005.2814673875754
118,7,469.7959571822297,472.00403540896207
119,1,366.49433258119865,835.911157838625
119,2,582.9641726397133,425.18587303111195
119,3,669.7641906836138,1341.0135936519257
119,4,477.9735395283468,946.0619235910178
119,5,507.33816615836895,998.5045906544027
119,7,466.6190388008425,488.20103399211905
120,1,355.5561607201055,837.2332397247222
120,2,584.0950047793282,427.6816907743896
120,3,672.5292032787049,1337.6254245528355
120,4,471.84439749399985,956.9425861809683
120,5,505.16692087252784,997.4217927451955
120,7,465.9847596898367,492.9773043185611
121,1,288.2008584987247,801.1970443905342
121,2,571.6445081894975,459.8563171118064
121,3,675.9039206697602,1326.798431041143
121,4,469.53061520201993,961.2268410463064
121,5,508.5954436832573,998.3310058128453
121,7,451.5841164121944,495.1461442612078
122,1,346.09256094388707,858.6314916333438
122,2,567.6040185586229,467.1282049556442
122,3,677.6650155354913,1324.5053720910616
122,4,467.21683291004,965.5110959116446
122,5,520.3129914358911,1001.8213584009424
122,7,434.5060620223037,484.9250641728842
123,1,403.9842633890494,916.0659388761535
123,2,598.2816224174217,514.880677523087
123,3,682.1739290328894,1320.5873108954916
123,4,464.90305061806004,969.7953507769827
123,5,522.8978012375547,996.4650324517078
123,7,427.8914368208134,496.98746115137675
124,1,461.87596583421174,973.5003861189631
124,2,566.7371672250651,487.94540977262307
124,3,684.6076156750573,1316.6084536560202
124,4,462.5892683260801,974.0796056423209
124,5,532.6261279377243,996.8842904602282
124,7,460.2999964105924,536.8783422699491
125,1,444.3804946686147,962.2966188711971
125,2,544.5327643754952,499.4579931598507
125,3,688.5254015518278,1311.2639694593406
125,4,460.2754860341002,978.363860507659
125,5,532.2386071681678,994.0724751766807
125,7,462.4534690704803,554.1496513449893
126,1,426.88502350301763,951.0928516234312
126,2,545.2540523903168,510.4180178812907
126,3,690.8731815115605,1310.6943457929044
126,4,459.59918358106256,980.3039749430019
126,5,532.558192714587,993.2119562236849
126,7,450.4485873532198,552.3221700370729
127,1,409.3895523374206,939.8890843756653
127,2,539.660529740486,530.5076274289437
127,3,689.5755733902691,1309.7412862719934
127,4,457.15147256540894,994.1511180674684
127,5,531.3876885896235,988.32295589341
127,7,451.78544276119277,578.1820025939919
128,1,391.89408117182353,928.6853171278993
128,2,582.4951732842935,582.1358297324537
128,3,690.1296855087585,1309.1869566398454
128,4,452.21757451788596,995.9162378384783
128,5,531.8913557760415,988.9293483841849
128,7,453.50476280113764,589.504602017167
129,1,374.3986100062265,917.4815498801333
129,2,585.8286219510204,591.2097393883982
129,3,694.5328684995714,1304.9224328415046
129,4,445.7879416510126,1005.1297448928807
129,5,531.0975694182209,988.6223245921707
129,7,462.4343234364372,624.217509747004
130,1,356.9031388406294,906.2777826323675
130,2,581.5000983561021,596.4491473627536
130,3,695.7246432633065,1303.2933735191878
130,4,419.26599024330756,994.8411534050715
130,5,533.1706857382611,988.4759171149826
130,7,461.0259877278115,632.0193453107191
131,1,355.1683697552365,915.6169935894178
131,2,580.5006090478571,609.1885657938549
131,3,695.5924305727686,1301.3772450507565
131,4,468.83622912039635,1042.443913280656
131,5,532.2641115384865,988.2669182581033
131,7,464.5232616261033,647.519349124468
132,1,342.17798196898815,917.4395343339615
132,2,580.0378859076833,612.8549219923535
132,3,696.3004635240746,1300.9934648869214
132,4,466.09127313239594,1051.059136143367
132,5,531.7349002693802,988.1726188342811
132,7,459.8680753761715,650.051522751704
133,1,337.9184651123617,921.4584322863556
133,2,577.7316422365217,610.3021864477453
133,3,694.3140944710494,1300.666579450821
133,4,497.3681288650086,1073.9994313877671
133,5,532.2357601600274,989.2033077809534
133,7,457.84650650336414,655.7671414054979
134,1,320.92543659322104,910.3103422810862
134,2,567.3520573498721,602.2857803571293
134,3,694.1814601645767,1302.1106662161283
134,4,504.27533358220103,1073.4978550976768
134,5,529.4256383765673,987.9779682357229
134,7,457.1822349432518,656.1551262901507
135,1,318.7104263144578,926.6961323636756
135,2,534.7940683772972,575.1742314771703
135,3,693.5903232326507,1303.5165959151484
135,4,502.6943465785739,1077.2947477213884
135,5,523.9295276089948,988.3723486848145
135,7,451.8144544095038,657.7383140577805
136,1,289.48542964532794,908.5569566859214
136,2,537.4703911649486,575.7549149210178
136,3,693.2080854578122,1303.8402745827202
136,4,504.9846260409755,1079.9103586553883
136,5,522.4536776811008,988.640715978021
136,7,449.4195499512295,658.0836888863017
137,1,312.55297506082064,934.722946009026
137,2,530.1774934009012,574.5325506615783
137,3,693.9133768932401,1302.6585027372587
137,4,505.1351923176603,1086.9985116835962
137,5,515.5194188440637,991.2149378548042
137,7,451.85456458289156,660.9535503987511
138,1,320.2326955819225,935.1307447612807
138,2,526.0759572842719,573.0115390212866
138,3,692.9950562689405,1303.5136893971605
138,4,505.57400520808966,1087.65004078932
138,5,514.4924330608743,990.511373987918
138,7,451.0308722323818,659.736597593917
139,1,308.25537895135943,921.1621695584612
139,2,506.92860897683914,565.0273910873244
139,3,693.1237057682773,1304.2765702261772
139,4,505.9427081596229,1086.7309545591443
139,5,516.3529957285633,991.6934704650732
139,7,443.4229018444103,634.7409180957965
140,1,298.4127126180928,903.9862048719417
140,2,482.50578286087176,544.3476052389236
140,3,692.9202966263883,1303.895891117236
140,4,505.21413913026737,1083.527846249832
140,5,517.4151585272131,992.22288410009
140,7,442.2883941152425,622.2372829138765
141,1,304.2002893369886,915.4842829832224
141,2,457.4104864434052,535.3510608692926
141,3,694.094845725478,1304.724614956803
141,4,521.6708223059296,1088.9963781053275
141,5,522.8459590793527,995.810491982526
141,7,407.93778299025263,598.4968231188407
142,1,313.60508834489804,926.7756352181611
142,2,449.58202554695305,532.4526678538692
142,3,692.4374867181051,1306.07541426765
142,4,536.141177784428,1096.1895525400091
142,5,521.2894866388775,994.1401226309825
142,7,403.86810994367653,594.6982560018005
143,1,386.238217176364,973.2381688324883
143,2,439.48970579912026,535.7722021537662
143,3,688.6897434050568,1309.9621635863316
143,4,570.512466114593,1112.4711699606903
143,5,521.1959101086774,991.2653675392673
143,7,397.0948952380102,588.2194671619397
144,1,311.1793807458686,935.7405979996892
144,2,437.66321873169187,540.8223145225647
144,3,687.2392460131978,1311.5127024772487
144,4,583.1832598491303,1099.536808961643
144,5,519.5882143964296,991.4212720596582
144,7,405.91454373361006,596.9786676488135
145,1,310.8113395992087,935.9909977805886
145,2,435.5926762654685,565.3604312334884
145,3,685.4668770379606,1315.9550448493026
145,4,593.6405095818571,1086.5707104680325
145,5,490.2839842426383,979.7427422393314
145,7,372.2103596312222,569.4849465048904
146,1,317.08912305526627,937.7412250902531
146,2,434.2238299246582,565.8359037233181
146,3,684.3680488828129,1318.2074003526309
146,4,596.0684522816075,1081.1888082252144
146,5,484.7167495961775,976.4625479677251
146,7,340.279242776285,543.3947789873008
147,1,319.4442785622711,930.7635651596578
147,2,434.25964110711715,548.083760917486
147,3,679.2796149107429,1318.9335570242292
147,4,614.0966023366577,1071.1610924500696
147,5,482.7359564556114,977.4628254106494
147,7,355.4591111315963,563.7397846504964
148,1,326.58887389491326,930.9248346261188
148,2,431.1114687801538,543.538205066614
148,3,676.1304457610353,1319.0495110753207
148,4,615.7593920263038,1068.0526965370464
148,5,464.25576789194025,960.9823939785059
148,7,359.7572836572108,571.183358095922
149,1,306.8252842260143,899.2887238608199
149,2,417.8685189843494,534.5737857434615
149,3,663.5336526434053,1327.044055741756
149,4,647.1631662540068,1067.7194032281313
149,5,477.62841026231894,970.2309586998665
149,7,345.96372377469424,562.9172714052834
150,1,287.0616945571153,867.652613095521
150,2,416.3134567357524,529.480313784508
150,3,656.9955609764893,1333.2840450066856
150,4,661.1597393326032,1061.8416881391338
150,5,511.6560264282088,990.3553615700984
150,7,360.605813999342,572.1659829918684
151,1,267.2981048882163,836.016502330222
151,2,418.01639766131257,527.1989984183847
151,3,646.7177348783845,1344.3367886612446
151,4,678.3897801051749,1034.6950090678101
151,5,520.2355838218065,998.9411424838551
151,7,371.15665742364166,599.4019050419502
152,1,247.5345152193173,804.3803915649231
152,2,418.2050239713339,526.6817080917193
152,3,641.5493442523764,1349.2347530646646
152,4,685.5584355937244,1029.9358681654371
152,5,520.5473068098321,998.1300285364043
152,7,379.1276921235216,602.4067077478574
153,1,227.77092555041833,772.7442807996242
153,2,429.2344484925291,546.9924134605964
153,3,630.834179646386,1360.9541158035531
153,4,693.8083658056744,1024.055310119327
153,5,524.132364014198,1000.4132752156454
153,7,373.77704679555285,597.3350932929952
154,1,208.0073358815193,741.1081700343253
154,2,435.5628308112983,548.7098938219709
154,3,628.6124061412568,1366.9443369569772
154,4,703.5807506088496,1016.5040157710858
154,5,525.4485675966478,1005.5141392964259
154,7,372.6682559207702,595.447825068419
155,1,410.2527976552846,861.9503289923464
155,2,428.8613332291958,544.0273276656416
155,3,612.6789790685552,1371.653905561416
155,4,727.156567158619,1001.6597027675698
155,5,530.1734076876603,1009.213563583711
155,7,373.87036622542433,599.2223554004867
156,1,426.0406149993145,852.5153562590134
156,2,425.63892912156666,540.5947688584054
156,3,607.2217287686746,1374.3432150185545
156,4,732.6045665520033,998.5979275650656
156,5,532.3931276925794,1012.2477756316503
156,7,374.07753785789885,601.3569381915393
157,1,429.56398057582766,838.6268096385494
157,2,445.48057717297684,556.8185541176939
157,3,586.4898587504507,1378.9643772991615
157,4,746.9048897306695,965.1237136761043
157,5,529.6292393952466,1013.289067036658
157,7,374.1729151569348,619.883145829439
158,1,433.66910324655896,828.7610079875411
158,2,439.95089234488086,564.3137042962546
158,3,573.2260207045615,1381.2194803317602
158,4,759.0100340190031,953.1395966316902
158,5,527.5063762506458,1015.3221374917424
158,7,354.7334838880755,603.203984803944
159,1,434.4723390683399,822.5344277074936
159,2,442.0126637581947,563.6896203430371
159,3,565.9531693531533,1391.2076504875781
159,4,765.3138047489462,933.9848535783111
159,5,523.1006634718357,1022.587859662936
159,7,383.2023154718273,629.2537765239082
160,1,441.09104140416963,814.4989960714487
160,2,426.2919838195384,551.9588584515286
160,3,567.1740423259388,1398.1891855367242
160,4,793.7572836631753,938.3030617195825
160,5,521.9999047825823,1024.6421514505948
160,7,407.93587892157313,646.8953829808321
161,1,426.9624821145646,776.8384180329756
161,2,399.3024133571357,522.9342865180582
161,3,552.3650284383564,1404.924693647692
161,4,806.5010274570492,920.3335099570322
161,5,520.3555246695869,1029.5991649697996
161,7,411.72158565027945,646.1098904559194
162,1,434.47114094332983,767.0380194245154
162,2,424.221553575718,537.019052031987
162,3,547.6499458143874,1409.4032720559615
162,4,819.1495415946537,920.0533847259328
162,5,515.4749078934284,1024.1530133599988
162,7,413.2594093766043,645.945665642991
163,1,527.7493714341372,799.3464090144853
163,2,436.9336915356571,548.2210601010597
163,3,539.6581584181605,1416.6206932697
163,4,831.1098592996581,910.9495486826813
163,5,509.55496116556526,1033.409689586262
163,7,416.97284138226615,650.5659587513144
164,1,537.8802610529951,789.1698588690537
164,2,452.6095880657936,556.6096466562684
164,3,534.7440854559651,1419.9027952436513
164,4,836.4880664644477,903.6775366692267
164,5,502.52712728284837,1029.7711834467625
164,7,396.56400554579835,629.0345892072569
165,1,536.4672277382437,773.0665568858299
165,2,453.91767590066183,554.036400240486
165,3,527.1260669354504,1428.3906608525235
165,4,847.6522287886659,860.3245880569899
165,5,502.2892052358856,1042.4539885090703
165,7,376.15516970933055,607.5032196631993
166,1,540.021588421938,767.0309290332842
166,2,458.5902096048066,559.1155514782442
166,3,519.414671636504,1432.267237922205
166,4,854.395778325316,857.5951223472068
166,5,494.30844642598703,1041.9997305345928
166,7,394.852391170595,620.9042067321973
167,1,602.7167500274361,795.6365131301666
167,2,491.2141264209103,586.6884293788091
167,3,498.8028146389394,1437.3336100873755
167,4,869.7061889680125,842.7971404050829
167,5,492.69517071519493,1049.6132561105835
167,7,383.55541574966156,593.704563918206
168,1,609.0548230133965,796.3247767963201
168,2,495.6935701965575,590.5115100909798
168,3,494.48503573970794,1439.000540957404
168,4,871.4099871611282,837.0377603276308
168,5,493.05182412700253,1050.6815154423693
168,7,383.71517139739746,599.8823204359235
169,1,633.01748385627,803.0972423798466
169,2,495.08185430995735,591.5906844920896
169,3,483.52157532691837,1442.5346381662855
169,4,875.5338638600199,830.6368255444222
169,5,487.9796934889928,1049.0089740801006
169,7,434.844904756989,641.7412854508622
170,1,650.3835898542171,795.3773422040351
170,2,499.55922163484433,588.3612592320208
170,3,482.3501201054168,1445.653170291016
170,4,879.9974877633972,827.4162860095323
170,5,475.8112575506226,1048.6850405112984
170,7,449.31353731747873,652.4656718713177
171,1,659.3608062150441,785.4146217062901
171,2,502.95705338300667,570.2528143582095
171,3,467.6385724158481,1449.6456893104028
171,4,886.9053037514363,821.0073744536721
171,5,480.30991285377416,1051.6102017075805
171,7,446.31374192343503,647.9513662660244
172,1,667.4835271086652,778.6237213191364
172,2,508.7767343239129,565.6500805167785
172,3,452.24686021990874,1449.0695193594026
172,4,891.4723998577642,816.0358164152545
172,5,477.8259227569328,1057.7011479495839
172,7,445.3714983615351,645.102344264981
173,1,690.3855469245473,786.1535221285878
173,2,518.8971173316013,558.3151374601593
173,3,443.85524786341756,1454.335203401256
173,4,898.0872834083202,807.0194040530374
173,5,472.9294864354478,1068.8663174611397
173,7,443.4825142216091,640.0448183257678
174,1,689.3602282824548,783.3976033093585
174,2,508.87733530392757,542.1138277632633
174,3,420.7561569592463,1452.414551868117
174,4,902.3462631877833,801.3596092353471
174,5,471.8130907880455,1065.2718698881456
174,7,437.97488991354277,635.3772950824599
175,1,688.2027413774241,781.3523897678743
175,2,508.90196624953205,532.6579799782869
175,3,419.4793672044243,1458.913461042737
175,4,905.6411849156689,792.6346649696267
175,5,456.390569916386,1076.0171797210496
175,7,435.2146686816885,642.5399909626715
176,1,686.9926163296091,780.5981532356667
176,2,513.1705737974339,533.1552886737815
176,3,414.0286464697501,1461.3316453139214
176,4,910.0347278677141,788.5111713234792
176,5,454.56385857994485,1077.9204005786712
176,7,437.2149987658377,640.9801592817863
177,1,689.8003413129093,782.1336712654155
177,2,525.186648405406,535.8275540311352
177,3,407.1678567970629,1463.2850154013584
177,4,913.8879178673835,773.5751327644817
177,5,406.87644716461716,1070.6525058843401
177,7,433.111635507906,642.527045418955
178,1,689.5136080179832,781.9064942196874
178,2,525.6203931289888,531.207947506539
178,3,401.74089866585166,1464.595776686749
178,4,915.0762087546128,769.47836697457
178,5,400.5293818234562,1075.828986167392
178,7,430.49110092353146,645.9974844362455
179,1,689.0842874136233,780.9507068409113
179,2,531.9146427099477,524.5046671863353
179,3,386.02638939776034,1461.995537312801
179,4,919.8105131758995,761.8429443196746
179,5,387.10534417625917,1087.769704147278
179,7,418.15926869501124,642.0576559393548
180,1,688.2804945537538,780.2658828129536
180,2,528.8407838269717,518.5807407721012
180,3,376.6413270984247,1459.7096612674975
180,4,920.2458530301126,757.6788784994228
180,5,389.77804492041037,1083.998341646578
180,7,413.2813242727988,629.5898575314384
181,1,689.2757296050418,781.9078928818408
181,2,534.130880526719,518.5014811198452
181,3,356.31717092134693,1460.9426405184208
181,4,921.6333309672557,752.3683505792015
181,5,336.9294246031565,1084.1402657101876
181,7,403.08064330597887,633.4856397999874
182,1,688.9953936105005,781.9737651291885
182,2,534.2531649581593,516.0026767967253
182,3,351.6807394102793,1461.1029729597003
182,4,920.9538653526294,749.7478473933708
182,5,309.8205990050898,1090.9449341837064
182,7,393.8260090628325,647.9398573963169
183,1,689.0529320268923,783.5832090243196
183,2,533.1411577034229,509.6193339860529
183,3,342.90173520025746,1464.1851177682108
183,4,921.1264849491525,746.1201482249893
183,5,300.9200940620257,1108.9309417101094
183,7,389.64328262135575,652.7979544017052
184,1,689.2274506147244,784.433533011295
184,2,540.3171184367453,505.8269872227015
184,3,344.8094697871688,1462.2301214126603
184,4,921.5867409051259,743.4683188100208
184,5,311.53386094771054,1114.4524301008623
184,7,385.9213662899049,650.0522518990747
185,1,688.9625212807202,783.6694067607846
185,2,545.598810911518,481.36711986086243
185,3,341.6821938096053,1466.918961837006
185,4,921.4609875357343,735.0725521144462
185,5,300.0548838497789,1122.0047406321542
185,7,382.2208839468336,648.4463257888001
186,1,689.6280547315827,784.2799819503549
186,2,540.667974045137,472.1050032730645
186,3,340.27685426056206,1467.003251424659
186,4,924.0309484622809,731.3468748998112
186,5,299.66243871103273,1132.9020943828173
186,7,383.97341404982853,649.2597975089133
187,1,689.0793175428482,783.0669239990503
187,2,549.0816873093694,470.63923897091286
187,3,331.1831830899964,1469.7254374838503
187,4,931.782714512025,719.7429039664228
187,5,302.71941401914563,1157.3163783869702
187,7,376.9208768764894,653.4198943823844
188,1,689.4359112099022,783.3518648289004
188,2,551.7380580775532,470.4751023830682
188,3,331.37107672701455,1471.3114004024558
188,4,933.4395646257138,715.81853743459
188,5,299.26693799470763,1163.601733592824
188,7,376.2608704591634,654.1815753996481
189,1,689.0072619194743,782.1108805335206
189,2,554.7979268199512,467.9213048905134
189,3,334.36644589975,1462.2268849688348
189,4,941.6199798140325,707.7107372636026
189,5,292.3133481566001,1181.7842908721243
189,7,373.66555528344236,654.7065540209393
190,1,690.409166192158,783.0780483845186
190,2,553.2921020370625,465.26831620234145
190,3,333.3173417691383,1463.16284870639
190,4,945.1824098778194,701.4198461499863
190,5,286.18682310837954,1196.6831693148008
190,7,371.0439756133919,652.8167275460194
191,1,690.6651744463306,782.6160939623986
191,2,548.5982244111431,460.75313763000116
191,3,336.62591835631605,1462.9044517809148
191,4,945.169076215846,697.981723932118
191,5,275.02270490811463,1218.0222864751388
191,7,371.04795690158613,652.9388417415596
192,1,690.9555027036961,782.7419511275863
192,2,547.8789136344657,458.3998289655895
192,3,335.50875286167684,1469.9916004638133
192,4,945.1266137199614,698.8718279512161
192,5,278.02714744089593,1227.267433762467
192,7,371.23112818216583,652.9332880384744
193,1,694.045959720977,781.2489022070479
193,2,541.9145865085019,452.00269991606086
193,3,334.9722597959762,1473.6311572539628
193,4,942.4903628036832,699.7926301230372
193,5,289.50093888780805,1250.872376322285
193,7,372.6582031511384,653.1814743032892
194,1,692.6876147273586,782.1362360326006
194,2,544.0312008608217,454.24483959333537
194,3,333.8983592330329,1470.5463228876808
194,4,942.103624142182,701.5827860042374
194,5,288.7444530495254,1259.521267863568
194,7,372.8404411602058,653.1191736584061
195,1,695.5471344478638,777.7960639598083
195,2,548.3188068511124,452.0746513170935
195,3,331.39547775179614,1468.042915706431
195,4,940.9504690677539,698.9787773762828
195,5,277.3446076535088,1284.5997247359721
195,7,373.2224885048165,653.5089789163528
196,1,697.1848031056895,775.702497222205
196,2,548.0092062220269,447.88676674630295
196,3,327.3522772606837,1470.923870629873
196,4,941.2408934562206,697.9579084362326
196,5,277.97493220575467,1285.697295795747
196,7,373.1809296657441,653.3235216761184
