1,1,822.7256181625202,992.4345182538219
2,1,822.7256181625202,992.4345182538219
3,1,822.7435153574779,992.3279118362385
4,1,822.9956200373233,992.5024695119475
5,1,822.2230849381691,993.7201944395952
6,1,820.4637325537249,1001.1519639985432
7,1,818.4411348791734,1000.3699825858
8,1,815.2035915731859,1001.0122885084959
9,1,814.2762427052546,1002.1691217193727
10,1,813.3606278280503,1006.2565119129408
11,1,811.7833339911685,1006.4018623029523
12,1,804.8514650865975,1006.769953352987
13,1,799.9729132692939,1012.7475365641277
14,1,794.4925788783996,1023.1498028072562
15,1,796.5813791277388,1023.4566807198879
16,1,791.9369355845205,1021.0808322987657
17,1,787.5947262025309,1018.6079139419774
18,1,778.3804259646266,1016.9353578450881
19,1,778.8705902679189,1017.9224021698042
20,1,778.293270642421,1019.8188703458674
21,1,776.1219625072221,1021.1516151518276
22,1,773.158508573775,1022.9631449242171
23,1,770.8352604339384,1028.8743020052414
24,1,758.2384519222867,1038.3286434138827
25,1,752.2781147011798,1043.6366548801134
26,1,741.3201802778244,1048.3241888865964
27,1,738.8598041507324,1051.7847685877073
28,1,728.2713154259047,1052.5390689048634
29,1,724.0067809020708,1058.1557325599306
30,1,723.8410527102116,1076.4314802026215
31,1,724.3571520243383,1086.2013655824414
32,1,713.448639031379,1100.1537054757773
33,1,717.4328152730653,1092.478937720326
34,1,716.4072206161783,1104.746337974221
35,1,715.3816259592911,1117.013738228116
36,1,714.3560313024041,1129.2811384820109
37,1,713.330436645517,1141.5485387359058
38,1,712.3048419886298,1153.8159389898008
39,1,711.2792473317428,1166.0833392436957
40,1,648.5625723095633,1144.5137913068463
41,1,651.1579693918814,1161.6620940176315
42,1,644.4283426160362,1168.1646794220492
43,1,637.6987158401911,1174.667264826467
44,1,630.3190858874075,1180.4200157053851
45,1,620.8185771425814,1181.411997723458
46,1,578.4235676713948,1175.1978149742806
47,1,570.0918168210785,1175.7849851621977
48,1,550.672225378718,1174.7067186096085
49,1,546.3631312951125,1172.9359249390297
50,1,524.5805295811492,1170.4370141648085
51,1,517.5479849480049,1168.9381404767864
52,1,502.29597184211383,1165.296448424756
53,1,494.9141643249939,1161.8882056853902
54,1,499.9651248916143,1154.7700671050516
55,1,497.61981279463396,1156.963956450705
56,1,475.0972946242829,1130.9613188130045
57,1,493.1900915009853,1136.5990901391078
58,1,481.7306940273357,1117.6179707535441
59,1,502.96512856243584,1119.0352007098486
60,1,513.511467231714,1103.1361483335243
61,1,507.67387059051805,1093.661930901776
62,1,515.5471070642401,1085.5467543564407
63,1,515.8105398574289,1079.5377232440069
64,1,526.781579046323,1064.7135466887846
65,1,530.4297119285918,1058.1656129652388
66,1,541.5092363194715,1054.234526188278
67,1,546.9348384357017,1052.159750038343
68,1,561.7941146071515,1046.2521904132461
69,1,562.0255205498775,1047.5438759968163
70,1,591.8345867213009,1061.4191964889926
71,1,600.0923317978308,1065.2660890723491
72,1,633.0838739590571,1079.2047710147267
73,1,584.6016454666748,1050.8969824746682
74,1,599.4759572689169,1052.5639927390057
75,1,630.8078167284219,1073.8810770086034
76,1,584.524211894632,1039.1345568777208
77,1,587.6241400623061,1036.1155999281514
78,1,487.04241235930675,973.5290806653569
79,1,575.6532030337759,1031.2905253528422
80,1,604.5582522612156,1043.2579571239505
81,1,607.5984756051434,1038.8821563253605
82,1,610.2827759725528,1033.503859978344
83,1,611.4776195155365,1031.0939752628137
84,1,615.8457341887914,1030.3266342154952
85,1,614.4659358369768,1024.4149797702703
86,1,592.3392830893175,989.7924357558447
87,1,591.1491023967735,957.1308778573596
88,1,600.3619225258805,952.6291259522468
89,1,605.5467038243348,949.6021034563008
90,1,608.9119531257659,939.7941628239221
91,1,601.5937095461483,928.2263131166437
92,1,596.1213499741567,903.431275865994
93,1,575.36416133828,881.1023188999635
94,1,584.203551628051,862.3381168783932
95,1,585.9095680475706,860.5213263650879
96,1,595.4513474595981,850.946169479382
97,1,592.9894966063323,845.3339218647357
98,1,588.5715722959643,830.9330668767532
99,1,592.5616474774168,825.5673148700412
100,1,558.5193426221236,797.4817749450617
101,1,535.5172894526129,772.8397670647494
102,1,528.174635625461,756.7538758408757
103,1,521.6815062558676,744.5489202401765
104,1,510.0071623030385,715.771020702512
105,1,490.8887037364477,700.3190593622263
106,1,519.0021634425806,713.1926393139506
107,1,513.7219885139225,703.1788251817253
108,1,523.5063529167608,705.9948287788116
109,1,513.032778239972,700.023086231838
110,1,502.5592035631832,694.0513436848645
111,1,492.08562888639443,688.0796011378909
112,1,481.6120542096056,682.1078585909174
113,1,471.13847953281686,676.1361160439438
114,1,460.66490485602804,670.1643734969704
115,1,450.1913301792393,664.1926309499968
116,1,449.2964547425395,675.2667633128895
117,1,443.8211791940385,677.5832135672002
118,1,449.3670834563833,685.9554725625718
119,1,450.1035105015066,691.7054723221701
120,1,406.8758731223583,682.0654596138013
121,1,401.30021801753304,678.5448840660935
122,1,380.57700379259853,702.4649265583122
123,1,374.6519402887098,700.1589685389297
124,1,352.4960057229253,709.4164056561272
125,1,322.24604458020553,688.3443659833009
126,1,356.3351957742449,731.3025634193488
127,1,327.7217111346064,728.5880874966103
128,1,314.29249769816465,738.2761886907405
129,1,309.82875315768746,738.6360156123432
130,1,305.5569516933589,744.8905636998262
131,1,299.9364296253921,745.7433095775801
132,1,286.036209703894,759.1118917064196
133,1,279.0279111218866,770.3010508741943
134,1,267.22518098153324,779.5330921654372
135,1,262.78597644961206,784.5026239016416
136,1,255.2484071541091,796.1825708059916
137,1,251.86224499127536,805.4258357245085
138,1,249.86629375243726,831.9808556865643
139,1,247.52885815894214,835.8875397665998
140,1,241.02488734131117,859.4382187551673
141,1,246.64531811993228,866.7717876105664
142,1,247.9278876043347,870.4700831110933
143,1,245.72541403446303,874.0449292667814
144,1,240.54427223689592,889.1309549626664
145,1,234.16673774872925,903.4438186387512
146,1,240.08459168142306,919.1175188152062
147,1,244.86782220002345,930.0296672584107
148,1,245.3547627269003,947.2688239702538
149,1,246.5960268031632,954.6760775114932
150,1,248.37382362943055,966.3983667941297
151,1,254.14708536523426,993.4214512866666
152,1,280.0921706406027,1017.5623397249511
153,1,289.7702131742868,1028.7857163615165
154,1,305.7309404119664,1045.3346266744388
155,1,306.32985664494856,1048.9463053970285
156,1,297.98471267477123,1055.3865203988603
157,1,295.5369118528596,1056.986578299132
158,1,309.0815725562329,1075.7382000405944
159,1,322.2172817904691,1083.9492043536343
160,1,325.67333654704623,1097.316616821186
161,1,334.556987697291,1106.673387533607
162,1,341.94730360580377,1116.3662689846412
163,1,344.1406108133902,1119.4713611249279
164,1,345.54329810606254,1121.04830366894
165,1,345.1790648340029,1122.096454995501
166,1,344.96796564109405,1121.409795963199
167,1,344.59401274378206,1121.4351464835345
168,1,342.23371339903616,1120.9293998591013
169,1,343.22322547076055,1121.6258506049244
170,1,342.1066210522169,1123.087502449609
171,1,338.1461101084297,1123.829901686565
172,1,338.5368213147616,1124.1140855363428
173,1,340.0685786754907,1123.7003136501007
174,1,336.2325926072457,1120.0417535720137
175,1,333.9939561041712,1119.3369770819384
176,1,322.74303081256693,1115.4595861222062
177,1,317.89977727774607,1113.583289853517
178,1,316.6152387877031,1113.9195139025644
179,1,315.4756272650742,1113.7076461828017
180,1,315.9895388752575,1113.8831165141135
181,1,315.09439244756504,1113.6248987811225
182,1,313.37293804106037,1113.1620770304721
183,1,313.200081896893,1113.1598410527324
184,1,312.8754419673889,1113.6321824610393
185,1,312.69332056236686,1113.4974960033846
186,1,312.1686156005618,1113.2340975774453
187,1,312.3447147439054,1113.187487333408
188,1,313.0960588892347,1113.471845374734
189,1,313.34529653121365,1113.5744750965212
190,1,313.73416803677844,1113.533699637831
191,1,313.73731971655326,1113.528736883355
192,1,314.85622688848383,1113.7657600962852
193,1,314.9517536491848,1113.713815585416
194,1,317.0712944228112,1114.104875995367
195,1,317.17721146696556,1114.2048593767754
196,1,316.5485401073221,1113.8897312661936
197,1,318.0559189078034,1114.6828921470378
198,1,318.3696465232216,1114.8705011441346
199,1,318.9174730503741,1115.1422469343447
200,1,325.6689373258072,1119.4490094404937
201,1,324.401886408093,1119.4504955174011
202,1,324.88486620133017,1120.2845199151016
203,1,323.6889135638815,1120.6398416001514
204,1,321.0316793708273,1124.0566839424189
205,1,320.3534152349501,1126.5526581719744
206,1,315.8177124729253,1134.6735590889216
207,1,313.1806178165618,1136.7957084832174
208,1,311.7639313905176,1137.615427984825
209,1,311.5000920125024,1136.188470282678
210,1,307.85110397095775,1137.7583807143717
211,1,306.31611598230216,1137.9503060710906
212,1,304.161785959009,1135.3155070961468
213,1,302.5499185309735,1137.713791774291
214,1,286.3102646026496,1142.0349923800925
215,1,289.48612454225247,1146.5292126358868
216,1,276.42340702662204,1147.65880105632
217,1,274.858901520824,1149.4034873165642
218,1,282.38150073801205,1155.846455934879
219,1,280.10493017576954,1155.8401020658061
220,1,271.4315511538389,1163.8718051155815
221,1,264.59398257945173,1169.5404157323276
222,1,258.94650518889176,1177.061639663794
223,1,254.13681532978077,1178.9094419990356
224,1,256.6489470399435,1182.2017014410153
225,1,254.21661862039983,1183.7094159163505
226,1,254.22279589239014,1186.1970865213711
227,1,251.10504167321582,1185.9390159588797
228,1,251.22704270196945,1186.9189218138752
229,1,252.8684803058144,1186.3601451953318
230,1,249.38665445880324,1188.6596167347313
231,1,245.4767422016963,1191.6053534443515
232,1,245.34276998241134,1195.6600014248215
233,1,243.1620481158177,1196.4971940560986
234,1,246.7144295229749,1198.6915454279133
235,1,245.18837988275578,1198.06065461687
236,1,241.25623761875895,1203.7716566071565
237,1,243.1652508628823,1206.4991334600713
238,1,245.798010211797,1207.3257319257116
239,1,243.90393154560255,1209.3816586598252
240,1,238.69292830985222,1222.247565929778
241,1,239.45821275298906,1224.7078628246966
242,1,241.93383295996,1243.174886070258
243,1,241.8185496087973,1250.554462211822
244,1,259.3013085128672,1266.468630729205
245,1,258.56374095685794,1272.3436681886158
246,1,264.43251595128976,1279.7415836692744
247,1,267.6965636981931,1280.4152855846428
248,1,276.4931213950083,1285.5594339756094
249,1,278.5994000692902,1286.164440559477
250,1,275.7245366946169,1284.9740919498886
251,1,275.8909133151114,1285.2779494379042
252,1,275.3331953057972,1285.5382526466653
253,1,274.9910762588841,1283.2269239657912
254,1,273.22520253707086,1287.0358312191354
255,1,274.50917292487003,1286.8360658513814
256,1,268.5738126368748,1286.8864374796226
257,1,270.35451079883524,1287.5797783061485
258,1,272.4658126256922,1288.5559372675264
259,1,272.469495929601,1288.105463177376
260,1,271.2909447278031,1288.489992181356
261,1,266.9135224627226,1289.1736223684377
262,1,266.22469244673306,1283.3546019345322
263,1,263.273167682821,1288.2456973629535
264,1,262.57574489127217,1291.6708993219709
265,1,262.71677592823266,1291.8112358333924
266,1,262.37132880909195,1291.8778444895077
267,1,259.90669886781245,1291.3573569712776
268,1,256.9079982066875,1289.8913912533076
269,1,257.4842697526407,1288.7664574886796
270,1,250.2247818398845,1294.203930693513
271,1,248.1682985858552,1293.935109406015
272,1,246.95069864794556,1293.8516710029257
273,1,248.2153579553319,1294.824380423052
274,1,247.11518076883726,1300.0858203481603
275,1,243.18119139429353,1304.6292910363436
276,1,241.0608801156994,1313.2063694157032
277,1,256.9021163521987,1323.5271112992668
278,1,253.50868830942585,1324.3588631424068
279,1,252.27598031758816,1324.1057987293912
280,1,252.43353481680174,1323.2515666866805
281,1,253.0992894626327,1323.7189933692473
282,1,252.05722378982776,1322.4744213596223
283,1,229.85257600731538,1315.1768008440954
284,1,231.15581573959065,1292.3059886548624
285,1,239.7129435169367,1276.7648275186293
286,1,252.53211602890144,1275.1036355663282
287,1,270.9173844552663,1271.897088394562
288,1,289.30265288163116,1268.6905412227954
289,1,307.687921307996,1265.4839940510292
290,1,326.0731897343609,1262.2774468792627
291,1,344.45845816072574,1259.0708997074964
292,1,334.6170079084124,1228.6881840360547
293,1,324.77555765609907,1198.305468364613
294,1,314.93410740378573,1167.9227526931716
295,1,305.0926571514724,1137.5400370217299
296,1,295.25120689915906,1107.1573213502882
297,1,336.6625454597516,1115.0993883073802
298,1,350.88271873853336,1106.4239536243526
299,1,353.7903869297357,1093.1726272564176
300,1,361.8626246973051,1073.07484206448
1,2,957.2204988023973,1016.3855504294642
2,2,957.2204988023973,1016.3855504294642
3,2,957.191180860741,1016.360046240238
4,2,955.2230216380987,1023.4256874504794
5,2,954.7227170810789,1025.8731685616717
6,2,952.6157177626473,1031.184348501929
7,2,952.2339125886712,1032.2102403496715
8,2,952.2513821588011,1034.0733994979332
9,2,952.0642813119701,1034.0110882021925
10,2,952.5373513113558,1034.5031111437802
11,2,951.9614317593413,1035.3555586077534
12,2,947.0447529326818,1042.908803118896
13,2,944.5451990003656,1047.1630253834358
14,2,947.9430141877782,1041.2818891692314
15,2,947.980650917707,1041.1879147521922
16,2,948.0775685142403,1041.9976477311357
17,2,946.8682761815845,1034.1009911696076
18,2,942.7681515001535,1041.3778560667745
19,2,943.4770465744022,1042.9273413257465
20,2,943.6862326208898,1044.1913617099274
21,2,941.3134988480654,1042.9414819931565
22,2,934.6445765575099,1051.228100548384
23,2,939.9683917513921,1052.7252982830935
24,2,914.5599242947769,1066.3371341086358
25,2,908.5549945569188,1075.7847241474167
26,2,896.3800748339488,1092.0482920206045
27,2,887.3176502596702,1096.7199975168546
28,2,871.2385162692456,1100.8399870292449
29,2,840.5561434685685,1083.5192118698426
30,2,824.5736719291842,1097.425145868103
31,2,819.9754001588549,1108.2975753749993
32,2,807.0859053215694,1122.4884359403316
33,2,805.3108478328026,1126.405157682555
34,2,785.2737570623708,1138.0884897135966
35,2,762.126187983509,1134.6238714983194
36,2,739.7391123879485,1143.130054860849
37,2,733.352738532365,1154.088252897408
38,2,716.0960836367741,1160.1878436228571
39,2,722.8201550028563,1182.8542259278286
40,2,708.7363999943371,1195.320585353646
41,2,689.457021604427,1194.2055374008814
42,2,636.4761096562257,1182.9013875009912
43,2,627.8281042799518,1188.4755486794154
44,2,613.8825127999796,1205.6411390474848
45,2,614.9689886501837,1213.7211860381326
46,2,590.8047940783688,1218.6634677232967
47,2,580.2423621921511,1224.5265807069977
48,2,564.3765372745316,1232.5417342112567
49,2,562.2557113763175,1233.7057110545322
50,2,557.6677079679703,1243.4816663558727
51,2,552.587638944235,1243.47701913433
52,2,549.0690722586984,1246.4524405704722
53,2,519.8130577625416,1232.23980990026
54,2,511.73478340628384,1228.327580498211
55,2,519.8518635634882,1230.6693134463223
56,2,482.47401095829537,1219.890001280961
57,2,523.430800562665,1237.6107469690933
58,2,502.2758399398239,1226.9616748160718
59,2,478.2133332866675,1216.8554095324405
60,2,482.93810628131047,1220.043610931827
61,2,470.82072881837576,1213.4957189449624
62,2,429.4547503775495,1207.752240808232
63,2,432.9256037177284,1209.061374955101
64,2,464.7768272201752,1212.332484413645
65,2,460.73868278888875,1217.0748432776359
66,2,459.32774231047784,1218.187413720495
67,2,455.0378980906143,1216.6992408359195
68,2,448.8587514147776,1220.4899410500311
69,2,451.821670414573,1226.0153059660363
70,2,433.53494330181786,1223.1591854488058
71,2,429.0211423139965,1224.673765420762
72,2,400.853172243336,1222.5508602401455
73,2,387.40386866691773,1221.227860086404
74,2,394.8105637185031,1234.2384306440836
75,2,392.186085155044,1235.194763971978
76,2,393.23233135705976,1242.8284577424456
77,2,393.8624900411276,1249.0296605940894
78,2,395.27572960475476,1252.085227891077
79,2,402.0059364019813,1257.0361823110823
80,2,399.4141747902997,1265.252794469762
81,2,402.0647732503155,1273.5292913751762
82,2,429.83221799144445,1302.634909939059
83,2,423.3802754636776,1302.6631809608323
84,2,463.48862164763665,1323.758648277647
85,2,468.00416630895046,1325.6443327123643
86,2,464.0556681461749,1327.133854261705
87,2,464.04730018132165,1332.3141468936421
88,2,462.8778259639201,1329.4477650053007
89,2,463.3369903982496,1327.8609601120427
90,2,470.9699026273671,1326.7790020142681
91,2,478.0924935445029,1323.9599550390683
92,2,489.7736682889019,1321.6687040981376
93,2,491.9353548395635,1315.8925790757148
94,2,513.3244517282293,1299.816745074702
95,2,514.8322113438312,1294.1343448594516
96,2,549.5179367845225,1301.7897794108699
97,2,548.0427040021456,1296.9574929039402
98,2,564.4036971788225,1290.7880435032048
99,2,569.8141636282799,1284.4359548744476
100,2,581.4568074278159,1265.7360687277019
101,2,585.319743001194,1250.8499099680257
102,2,593.6732062152322,1242.5913281772766
103,2,594.6688721625677,1241.9149335327377
104,2,607.8162991526513,1233.2342265844131
105,2,615.5506448177357,1230.9879540697732
106,2,624.5317193093852,1218.774742689347
107,2,631.8027856997442,1203.71447477799
108,2,638.0536131115242,1195.390134440857
109,2,645.477059335663,1193.966030138751
110,2,665.4992461443458,1184.3365515382857
111,2,679.8156408272016,1181.273762793371
112,2,686.7733491776022,1172.3242129477574
113,2,690.9178386681253,1165.4893819227282
114,2,701.8572695801552,1145.5422329609883
115,2,706.4980188585104,1139.696581774967
116,2,713.5843600154543,1130.9649037142708
117,2,717.3840957938511,1120.7368900504525
118,2,731.9289341516491,1111.609169284124
119,2,731.8611032132808,1105.900084771147
120,2,741.865433913381,1089.6319548172382
121,2,746.3606449318752,1083.5361360999823
122,2,750.7134309483476,1069.172112455368
123,2,752.1509596257445,1063.0021284330119
124,2,763.1515941980074,1049.6400368942477
125,2,767.3793011411768,1044.5815259189233
126,2,776.4083146450249,1027.1798382596266
127,2,781.687271883889,1020.1106162896865
128,2,793.7807713482179,1022.2385555214393
129,2,794.609749451913,1022.7116486910398
130,2,795.1327972574705,1020.7744817596026
131,2,797.9419406940017,1019.3603277477894
132,2,800.4986570422533,1018.7897832026973
133,2,800.0104020662695,1018.382824875
134,2,798.0680486866083,1018.035864582226
135,2,797.9897095308472,1018.4378090745059
136,2,800.5933121611353,1017.1455343595295
137,2,800.2877840113641,1014.9358913354272
138,2,800.1071797503408,1014.0152259803978
139,2,798.4837076290657,1014.2164302727904
140,2,795.7316069084196,1018.4999755601561
141,2,797.5390566873162,1018.922640694213
142,2,798.879857109325,1015.6725456497038
143,2,797.4762636626565,1010.8633658073453
144,2,792.1802835953172,1000.625963034897
145,2,793.2567254072285,1000.8937035261483
146,2,800.6641640859605,1004.0417527334406
147,2,813.3396010733071,999.2321896898521
148,2,827.8550178245006,987.7046353589216
149,2,834.1240367181907,981.358290760435
150,2,839.4535888026395,967.5848531068908
151,2,843.1585255590279,965.7002489379353
152,2,830.2560331440334,936.2287934385108
153,2,834.7941033775777,930.646980798347
154,2,853.0129626505458,912.0730181691092
155,2,857.3707574911638,911.2796055939912
156,2,856.5514060634138,896.4196440744217
157,2,859.2036636233759,890.7062367386505
158,2,851.247291166286,862.600434923023
159,2,845.8535851938814,850.2490855663103
160,2,851.5058459068542,830.7551495875663
161,2,859.3170611129011,821.9073909024429
162,2,858.8351310715044,809.8600767955642
163,2,860.3562017033416,812.6532992219275
164,2,856.4471107984555,781.4897186446485
165,2,834.89402658183,750.060049410829
166,2,839.9395747748126,737.9745825129422
167,2,839.6293105980254,732.4272523604694
168,2,838.5118544258155,716.9939393091786
169,2,839.7590087430395,712.3009435875823
170,2,807.1529806965173,663.6198179474052
171,2,807.6856098525035,659.5081773176399
172,2,798.5519982806522,636.4788717941075
173,2,801.7377705617777,633.1456347527795
174,2,818.334517789884,645.5940651420655
175,2,819.8025718774079,644.5787415310062
176,2,826.867708471835,644.8866911629734
177,2,823.8270594470794,636.9241851960319
178,2,819.3380577496923,629.8130211082696
179,2,820.3362582299615,630.5449688593619
180,2,820.4797232353902,628.6139671933482
181,2,822.4713339380705,631.5713151687961
182,2,823.3408057197544,633.4959484390197
183,2,825.1339025626369,635.1975912526482
184,2,827.5429975950447,640.2877566523239
185,2,827.4662255051774,639.6505757275619
186,2,827.3573313227723,639.6810247482376
187,2,829.0035877346529,637.6936180556014
188,2,828.1557301102482,627.6473391900312
189,2,831.3406446206099,626.4019439166183
190,2,830.6878957695127,622.9150971828253
191,2,828.8347909814813,625.9517284650711
192,2,826.1367845855547,638.3481531208389
193,2,821.7970762615658,646.5559169615991
194,2,804.8453213782944,670.2641121612013
195,2,798.9293768436974,675.3105439652617
196,2,794.5846916943032,671.8598094618383
197,2,783.5535056661301,664.5459529248446
198,2,757.6182049739376,682.3678639219735
199,2,755.2343410576595,689.3831555691459
200,2,748.2092050820495,701.2051419706272
201,2,767.2891327925907,727.7311556182796
202,2,774.4345333718447,757.0444729454119
203,2,759.8775679336138,785.800578549407
204,2,745.320602495383,814.556684153402
205,2,747.9894166246785,810.4802534755365
206,2,740.0211414101017,827.7935370023498
207,2,724.5625905768702,826.1879202048098
208,2,717.1524049820603,845.6947476200196
209,2,711.7439574847315,862.587760860608
210,2,702.0301247690106,871.226023090158
211,2,707.664512164365,885.7063027049047
212,2,693.8588141043701,894.2581794561215
213,2,692.0613771719643,896.8468401141024
214,2,677.483470910232,913.488360148734
215,2,673.788705891678,918.7899860987129
216,2,661.7576109487144,944.4510371984129
217,2,655.7550871142461,951.9601543075653
218,2,635.9372620416758,971.2523318869146
219,2,632.5800283655836,967.8580697258233
220,2,606.4616770217734,988.4784734842443
221,2,586.7571718359601,989.8568791501327
222,2,580.2157647267858,1005.8520585084364
223,2,582.5805606173188,1006.525075963748
224,2,535.8630277651803,1009.3688201706174
225,2,481.2890760519105,978.6368275944571
226,2,466.4634790250596,976.3623042987142
227,2,454.7509271856863,983.0638326120779
228,2,438.1678195943092,1003.4726060118307
229,2,436.7864573877951,1006.4369297880216
230,2,413.8986709089098,1002.7957955012841
231,2,394.12814226059845,995.1055433260354
232,2,364.66415333738246,1007.8614043766204
233,2,355.0553016523885,1001.6512536184924
234,2,336.32631153203437,990.0039254941947
235,2,330.5083741391564,990.0222257334394
236,2,321.32050403457094,1003.1655877639995
237,2,316.87349930300803,1008.5617078928186
238,2,307.35380488564914,1006.2176976405277
239,2,305.45514470880534,1011.3458172158059
240,2,263.23307619407416,994.7618761114073
241,2,231.77296232872055,983.0784083123147
242,2,202.89717146978003,974.3297989952146
243,2,194.48647575660007,971.9669997883615
244,2,178.1650724861438,970.0777988194369
245,2,170.76607136319618,967.7572982479057
246,2,170.2806245818016,975.0429889748829
247,2,174.9677454639263,978.4085747421238
248,2,156.018114896568,976.7405221635248
249,2,136.47789672025564,971.3485741696963
250,2,108.6521510643925,962.1753435406683
251,2,133.25637561135375,976.5384760501632
252,2,98.53173697025791,966.4427671012484
253,2,100.11986610405667,969.7364687919209
254,2,74.97434926071188,966.0685053684256
255,2,79.24308139802993,972.6039770378077
256,2,74.17506435415461,976.2725234703818
257,2,76.48404371045211,980.9480726364668
258,2,74.44715926326022,984.3088023250286
259,2,73.57902743364549,985.7317507540753
260,2,66.57241370914873,987.5005175025029
261,2,56.86857076113939,985.518060536068
262,2,51.02124874739434,1001.4621569710527
263,2,54.1496662352309,1002.8644257531535
264,2,50.76013367942069,1008.8871690341393
265,2,48.15133383622138,1009.3096853245128
266,2,43.91085183449041,1017.0289757733843
267,2,34.45112074049721,1017.4026441064736
268,2,43.20796595457804,1027.9129131943048
269,2,43.058191132005966,1025.8786886950686
270,2,38.02341782489936,1030.5097938568636
271,2,34.978776258702766,1036.2235759922692
272,2,33.02958125939484,1041.3837156566303
273,2,26.233907843774187,1048.413442575759
274,2,13.712678460318786,1070.696250582372
275,2,24.430702120219337,1075.4979395459957
276,2,43.79391949441222,1082.620291208797
277,2,42.38664928447659,1082.0682341831605
278,2,54.327661098853376,1091.4476205481715
279,2,57.084772204945985,1093.951465172688
280,2,51.34712409236329,1097.5870627290692
281,2,53.643458151980695,1101.3366061811146
282,2,49.0425512657532,1106.0395244622416
283,2,50.86761915035082,1109.2470178097242
284,2,45.20587964752098,1115.8495183170269
285,2,47.23236907304453,1119.2768014007622
286,2,49.818587151226545,1129.9185163870054
287,2,62.209576946379144,1136.9659980807792
288,2,69.31688978304433,1147.5732581586842
289,2,79.64530209397469,1151.9020626646377
290,2,91.8856940333342,1160.5031876168987
291,2,103.85016053744785,1169.9952319972297
292,2,117.30170256215398,1175.7673900113348
293,2,68.68337094984857,1158.5640935429228
294,2,73.75693173189417,1160.33270626042
295,2,89.0013718590197,1165.4622220405663
296,2,109.18868823265777,1174.75703907772
297,2,116.42251334054158,1177.5408688682944
298,2,119.63008512315949,1181.1594679113766
299,2,123.4066278466178,1183.7684941656873
300,2,122.98536331293921,1188.5307067356657
1,3,627.6806468485375,1347.1550864729302
2,3,627.6806468485375,1347.1550864729302
3,3,627.7280793535272,1347.1529892056838
4,3,634.2387151366394,1338.5817341751115
5,3,636.6077079388873,1334.0894899059756
6,3,641.0565074762145,1330.549212032429
7,3,641.2962981057442,1329.7535902620593
8,3,640.6098592959029,1323.311462060557
9,3,638.4469882953626,1319.6542013770047
10,3,646.3215727332214,1318.8864418101753
11,3,647.1384977570367,1317.302078727731
12,3,655.9571781577463,1316.9113062605186
13,3,655.7743321522072,1315.9880448131962
14,3,647.783002081108,1313.5774991813598
15,3,650.3240678405222,1314.7009385562617
16,3,655.7438628281785,1316.750297513315
17,3,664.9801784461865,1321.420057163282
18,3,673.4133671710871,1325.0216608665298
19,3,670.3551290200521,1330.2115693135445
20,3,664.5670834170822,1345.2615326323937
21,3,660.4868095353287,1352.8471920692712
22,3,652.3335507903267,1366.5363575527538
23,3,652.5531397788454,1366.9047685925557
24,3,654.5422576318324,1382.1748136695505
25,3,656.0180522367174,1385.6208204749014
26,3,651.4309215387302,1393.8320947966413
27,3,647.842229059298,1398.8937281166886
28,3,639.7790153542966,1408.7149794786965
29,3,640.3324382061255,1410.8863739567157
30,3,628.2554094049498,1413.6336513586446
31,3,618.7196879815104,1411.770754317405
32,3,605.4640131132355,1409.1719196682411
33,3,597.2218100169661,1407.04772664322
34,3,591.2028586380616,1406.6858759162185
35,3,591.2478564540153,1407.5360577705576
36,3,588.8197973321654,1407.878550536421
37,3,587.9722509861405,1408.2618898050164
38,3,584.1665263397596,1407.8976965793565
39,3,584.8884709043571,1408.6810884038491
40,3,583.4423235923384,1409.2973166463346
41,3,579.8829210313725,1407.834962713851
42,3,571.5997424560627,1404.2276126101356
43,3,563.6620277967635,1399.501226063612
44,3,592.098905056888,1397.796818887715
45,3,593.2808261811828,1395.5272315275358
46,3,593.9717511399853,1395.3133750494258
47,3,593.9936476933301,1394.9749185184305
48,3,598.7777917792497,1391.7468019368262
49,3,606.635696088783,1386.5950722922387
50,3,617.331811694545,1378.2089392093383
51,3,619.8778986641069,1371.761736925093
52,3,628.9074620377526,1351.1109365196912
53,3,640.9227753582371,1329.667315213679
54,3,652.0923615567212,1323.5209382026114
55,3,647.5676883660622,1324.7032663007951
56,3,645.5331021357268,1299.5057713901924
57,3,660.7965899138635,1277.7713623742336
58,3,660.9930119635252,1273.4590676959976
59,3,673.3500549453238,1261.273235488539
60,3,640.2266725745624,1225.8212428692602
61,3,700.7265621294298,1248.99273771094
62,3,705.3849661867239,1238.0801324470613
63,3,710.3466123263256,1227.3765445030663
64,3,721.0818526730994,1216.196874517767
65,3,723.670926485048,1215.610456670817
66,3,728.3259713782169,1212.7030231772849
67,3,729.7066303807803,1212.0029793061542
68,3,726.55844893049,1204.5378068336684
69,3,727.5316469658384,1202.4392704472275
70,3,726.0581911831384,1195.6783927203758
71,3,726.2781832992805,1190.1857472538125
72,3,730.4518424874756,1183.9391276066613
73,3,733.7880428531935,1181.1299429663668
74,3,732.3975679708371,1176.7542133592892
75,3,732.8775343985344,1177.2979051484022
76,3,734.4409188149722,1171.0527830900296
77,3,730.1612964306373,1165.7142049215859
78,3,751.2279653049827,1135.320848767408
79,3,758.9843296939526,1126.7179473983986
80,3,772.233970880025,1107.1610020006908
81,3,773.8905926285041,1099.1995867565774
82,3,776.2388592806268,1087.6657629652475
83,3,733.1054298338073,1038.5092999834494
84,3,744.0790137656538,1032.310922363721
85,3,747.4326350497595,1014.4019215101496
86,3,757.9150235105774,1005.3959827749248
87,3,756.1028531089238,995.9153612538513
88,3,753.7480993515909,975.1783641826637
89,3,731.8341467761186,953.6209398065838
90,3,714.252125729758,928.6544594372557
91,3,718.9218098873058,922.5426542356391
92,3,731.9241492664676,900.4821398366637
93,3,730.7263862343898,896.2334883978345
94,3,725.780697914779,880.6965847710441
95,3,722.1005962166006,873.5644052668371
96,3,672.7028668377197,822.8155113726233
97,3,666.6139017178411,811.4907734789954
98,3,663.5733339432971,804.0304199039651
99,3,661.673571207523,798.8445617258789
100,3,628.1818285258494,762.6706525477981
101,3,623.1747076034666,750.973495577688
102,3,618.7120808032997,741.9384669198794
103,3,598.1982675172111,721.9329967767902
104,3,600.9159760724008,717.3261964485546
105,3,598.1983313125983,712.4734230460722
106,3,592.7634913660166,705.7353184918954
107,3,595.7451969969615,711.3247610828563
108,3,584.9652365318717,711.6206011543261
109,3,571.0556917289674,711.504362228694
110,3,531.0056023156529,714.3339119540885
111,3,530.354589805228,718.6533615472445
112,3,520.0503807643242,718.9000334549032
113,3,494.24747345382104,706.0205098104045
114,3,441.0147499830893,687.4707342079829
115,3,447.1028230788257,705.7775183339544
116,3,429.51946265768953,731.0750850835559
117,3,427.4096108294108,738.1537999480191
118,3,424.92572518063434,751.1420174944354
119,3,422.44183953185785,764.1302350408517
120,3,414.1793476190271,768.2679203107575
121,3,385.12069793751334,779.884071385135
122,3,356.0620482559995,791.5002224595125
123,3,348.36303560896584,798.8708974205144
124,3,316.8184064622501,803.8924644156263
125,3,315.99461429996404,807.3488136485378
126,3,311.06720727152094,828.7892618730172
127,3,300.52600350124897,838.8347669719079
128,3,260.3058940256867,850.2700139035825
129,3,249.088058532246,860.6743045962367
130,3,240.80961093288366,876.5647257119143
131,3,231.83299875630135,897.6982774550835
132,3,223.19218400371594,899.3427648920554
133,3,155.64245711772125,871.3871054676146
134,3,217.24251455109362,971.0230429063532
135,3,204.1242403761411,976.2162650298447
136,3,191.00596620118858,981.4094871533363
137,3,186.7738393675013,994.262823097475
138,3,170.9668586570163,1025.703269316511
139,3,169.57379315598428,1027.3119516627664
140,3,169.43253923685478,1042.7181878780796
141,3,231.5994617032481,1093.3450905181244
142,3,216.7924057245527,1103.375276180388
143,3,206.0325379300807,1122.1687306013857
144,3,223.87867596702364,1151.0975678848242
145,3,233.4057632490072,1165.1995469028138
146,3,268.4452469525372,1192.7187512767423
147,3,273.58782796102116,1203.470107705416
148,3,260.6526157807698,1223.8114805020734
149,3,257.07447031252053,1231.686660172612
150,3,252.0248012490737,1247.509468479686
151,3,253.29880820733624,1254.2334493268
152,3,284.65599789393355,1281.2861219380304
153,3,295.5272767388549,1292.9043487113947
154,3,322.5143459097349,1323.1676594099536
155,3,328.005777621164,1334.0831795713834
156,3,311.80065817508245,1356.8878622140783
157,3,307.75955587921834,1364.3051696610905
158,3,302.6431031013649,1370.1184238926746
159,3,296.99237555250414,1376.3404839403706
160,3,288.21218778435446,1393.9834734568985
161,3,285.1812636263508,1400.1510438174234
162,3,283.21591636983493,1401.7913201252384
163,3,284.39737382665567,1402.1720345455744
164,3,282.2321548776035,1410.414552370013
165,3,280.33525305342386,1414.8653418736246
166,3,641.8267911663041,726.3118490947163
167,3,284.50919779738723,1428.101229423661
168,3,281.3524375158977,1435.9642320276087
169,3,290.9775657598259,1440.2888249574885
170,3,282.7507521424306,1445.308419910766
171,3,628.0802527548767,675.2299286870143
172,3,280.17512255390113,1448.905585363198
173,3,280.90668219574513,1449.118516891158
174,3,282.36980007829,1449.5399676754141
175,3,280.4396261850027,1450.6682105313141
176,3,268.7468126280275,1456.4797949637575
177,3,261.3826244172626,1459.260247250722
178,3,249.0764339391821,1461.2342734990648
179,3,241.6767623357836,1462.0205312045275
180,3,234.8431816946027,1464.8021399394054
181,3,231.6822428109243,1465.7790998687942
182,3,222.53890686031983,1464.5819347809988
183,3,220.71483497890694,1464.335419604338
184,3,219.70528174017787,1466.5312658716539
185,3,219.33506026855025,1466.5046806896696
186,3,573.5471502939283,588.6883451117923
187,3,219.69692403095456,1464.3313541573766
188,3,211.3227366705195,1461.3197618978202
189,3,208.86122583327042,1460.6715654186344
190,3,209.9920055575075,1458.9592022720988
191,3,210.6511183388118,1454.938385367259
192,3,211.64673653334225,1448.5690831396048
193,3,213.3806110493242,1448.5249446810033
194,3,214.9947223950523,1444.992275516874
195,3,214.9527937054082,1444.9689079966477
196,3,214.4792508799373,1444.4240417914177
197,3,754.6457696047621,668.5441682191912
198,3,214.19537376858054,1444.8688177984043
199,3,212.2536095738326,1445.1949102791568
200,3,209.56584957074134,1448.8245888664355
201,3,206.80467090812564,1449.9878925794924
202,3,203.87375188033664,1453.02103652291
203,3,203.5742419126673,1453.1552067410132
204,3,202.29971706021962,1453.5103651164427
205,3,202.2249123650058,1453.3887779454606
206,3,204.24462395666527,1453.736618981779
207,3,201.73350192429143,1452.273416752119
208,3,201.37650221007627,1452.7358966597365
209,3,201.7331995919714,1452.9418070021516
210,3,203.5545625130731,1453.4361030803395
211,3,203.22020063397292,1453.3072887713377
212,3,203.70385156203602,1453.185910658309
213,3,204.12047711976302,1453.0806562389228
214,3,204.1300876651078,1453.0268407450628
215,3,204.5989412278665,1452.7765788809077
216,3,205.69453579184176,1452.0573652742441
217,3,204.48639596594737,1452.1509122060254
218,3,204.85660408850947,1452.538677372281
219,3,204.74918956955008,1452.702634503992
220,3,204.5849545805754,1453.111570348918
221,3,204.14115526622416,1453.5008617377182
222,3,204.30463201867644,1453.475676241566
223,3,204.2066945461215,1453.6959670162798
224,3,203.29234653155575,1454.896315584782
225,3,203.41198627832293,1454.4499860311923
226,3,203.15066756768545,1454.6452545918214
227,3,203.6856805113835,1454.5592927424082
228,3,204.50744228813429,1455.0570268328847
229,3,204.68360268716154,1455.1819121102237
230,3,205.70027548294507,1454.7286076763085
231,3,206.99430269998118,1454.7224843751337
232,3,214.82181990657648,1455.693958892521
233,3,220.55472502870305,1453.6347621617267
234,3,234.8217649498035,1449.8012751507251
235,3,233.90042899912328,1458.229232869277
236,3,248.6050083527835,1446.248030517078
237,3,248.52920702315024,1446.362812272668
238,3,257.4902021147473,1446.647288390283
239,3,256.2179060042196,1447.2703530702333
240,3,259.2764273909026,1444.4716709702852
241,3,257.29891018173885,1445.6609011529176
242,3,258.2968676897134,1443.6123105983431
243,3,257.14880719105616,1443.5617795510668
244,3,257.88150737684185,1447.7827910698816
245,3,259.28404514860637,1442.8948691870125
246,3,264.5664743375546,1441.7916819318036
247,3,77.50680107553359,756.4095024585213
248,3,280.67603727890906,1442.8509709737825
249,3,287.96384287648766,1446.1875100325742
250,3,310.147096948891,1448.6154290959896
251,3,310.1358965926859,1450.8481668200131
252,3,317.81769405754886,1451.6208638969288
253,3,318.52959335397117,1451.0297775641782
254,3,322.9471469083486,1450.478431807789
255,3,321.7291967810271,1451.232882011574
256,3,315.65339846897314,1451.9213065528916
257,3,314.73010081376907,1451.4383735477556
258,3,276.43944327887635,1443.5214899984471
259,3,286.4622334272814,1446.363419180065
260,3,270.1125037172041,1442.2478723927136
261,3,261.45772843265786,1439.4330013313838
262,3,258.95091497507616,1438.004781511577
263,3,257.0324248353837,1435.946712014456
264,3,262.52458060334254,1441.204780637917
265,3,263.03136613648525,1440.3130673972285
266,3,261.378956093031,1443.2347445546663
267,3,260.5258456731547,1441.6167401303976
268,3,260.6321820126791,1446.6462653247474
269,3,259.8994145438418,1450.7089008256655
270,3,265.3106489257333,1448.1418412991252
271,3,264.5615274125721,1447.8701311747134
272,3,268.8768778740374,1451.8606394370775
273,3,269.66880070773806,1451.1702554594656
274,3,274.7998031698109,1451.7745586030799
275,3,277.29624859804875,1453.3577987111223
276,3,281.00495478803686,1460.6570759476938
277,3,279.5934418235508,1458.2174888520742
278,3,289.0588490301182,1455.3275468231
279,3,291.82360682546147,1453.8894584394625
280,3,296.79215250936346,1449.3435657112782
281,3,302.50371414219376,1444.3274231600403
282,3,321.07000956032385,1411.827056497339
283,3,332.76691417522596,1404.4826938402027
284,3,343.21423517869795,1389.5214155202716
285,3,345.4751708212473,1388.0940549088014
286,3,352.96322226748345,1381.8517088344786
287,3,347.79574724641003,1367.818819587216
288,3,349.5982632632609,1316.5852263583802
289,3,352.9817752233982,1306.6229785289668
290,3,320.72693371262733,1240.1933283165015
291,3,351.1618128641955,1285.5148302565835
292,3,366.027694622469,1263.549532346115
293,3,360.3832670336546,1251.8606519288023
294,3,380.2823630681398,1203.0891889388324
295,3,382.2707306425854,1193.7511542252141
296,3,388.33853050274575,1193.0311088850322
297,3,394.65452494418923,1190.6803044206717
298,3,411.68103387251955,1169.06713227432
299,3,412.44026237115963,1153.4292726496105
300,3,407.4308022634684,1139.0663327708971
1,4,580.5941255501192,466.5925052429657
2,4,580.5941255501192,466.5925052429657
3,4,580.3160854307774,466.1874151135046
4,4,579.0562909954054,469.57937950936366
5,4,578.6870364768191,469.69741371122785
6,4,580.1320276651603,472.01860263665753
7,4,577.866104119444,474.28764521782625
8,4,577.8019251934986,478.10490142565686
9,4,576.3207855369656,476.89346103659534
10,4,575.3809592604612,477.04906003385554
11,4,574.9342750636123,479.2749593501086
12,4,563.3788224199188,482.153408124536
13,4,558.8683811915473,483.3922299809728
14,4,545.2102344231367,482.46388706735576
15,4,541.5399382468038,483.2562787642215
16,4,532.2838799156953,486.9902772751512
17,4,525.2599385280217,494.58796545799686
18,4,510.55634120809543,497.68983886644304
19,4,510.6715661677735,503.1487201857824
20,4,502.1515812955746,505.995295288412
21,4,499.6175271640169,507.8891190713067
22,4,503.75342823607207,514.5921912502786
23,4,488.56259449469667,504.31136010661396
24,4,471.0991651264099,527.2845182972837
25,4,469.3729915780886,529.2691660830905
26,4,452.1057619017599,546.2008403298182
27,4,460.06243316365925,553.320884139988
28,4,457.5974167892247,578.4087194668161
29,4,460.00444688885784,588.2627526865926
30,4,470.2567441629677,616.5269352706134
31,4,469.1667020135868,625.7036040671057
32,4,455.5519914467577,634.9431115066161
33,4,450.3033959090731,645.3826294785878
34,4,437.68317023964164,662.7544134518752
35,4,436.4143864745378,671.6043783081151
36,4,438.42990145500585,684.8967100145221
37,4,438.7608563760411,691.9022481159584
38,4,436.58668024865034,697.7162494803177
39,4,431.9484963438553,698.8903349817836
40,4,426.1315170482259,706.1552431063214
41,4,420.02235787325054,708.753114888054
42,4,415.720627267251,714.6887962888507
43,4,412.6562093603085,714.8441877828768
44,4,403.64469911883526,716.8914099686118
45,4,398.5996990868787,716.3979696402594
46,4,388.71826687859,716.731312759759
47,4,388.38307915485854,721.4522260737155
48,4,384.72249516532605,721.7278817512932
49,4,383.81668100901953,722.145519226911
50,4,389.946708664201,728.8961246712299
51,4,390.203671125263,730.0971184781026
52,4,388.12997114249555,727.8082574311801
53,4,390.39964343444365,727.7625212359811
54,4,386.7817370692,717.6886943110036
55,4,387.74482525952806,714.5735064139867
56,4,394.0180833543277,711.5630741879063
57,4,394.70562001060864,707.7272971635174
58,4,399.1446650976295,708.4179085201146
59,4,404.7826306745049,710.2341617839036
60,4,398.5120082080296,692.3509229515945
61,4,397.50381751182647,678.0405888046054
62,4,410.14148768260367,671.4517723940702
63,4,413.39805007875594,664.4861721983824
64,4,430.90529826512,657.0202398517056
65,4,433.5759279634494,655.6781957491934
66,4,446.5758070365623,650.781566517756
67,4,453.56215929340533,646.622356042628
68,4,452.1454492439792,638.1120273644647
69,4,451.8575188064474,637.0387082375801
70,4,450.3573757051718,634.9535501073447
71,4,448.57983144619595,633.4385603324833
72,4,446.7023447566851,633.1892864605989
73,4,442.23920038972153,631.4118276613234
74,4,429.70363483820614,625.0169817279263
75,4,431.9704233529663,628.6484418079874
76,4,429.4903099169906,628.9275022464956
77,4,430.60002545250705,630.3173815676679
78,4,429.05754123550645,628.6138197534386
79,4,428.5009020645331,628.019067171401
80,4,425.4627785283441,623.2281076533917
81,4,426.3631035680286,623.1151617982256
82,4,425.518069792922,621.3428259690139
83,4,427.27766029920537,622.7299608366532
84,4,425.865417369137,621.2849578143399
85,4,429.6135721312584,620.5058078738248
86,4,434.20723424400165,602.9541784389073
87,4,440.3687584965119,594.8408675778055
88,4,446.8511088884115,587.4836215976756
89,4,443.987308894456,581.2668393937214
90,4,452.55858288649466,577.3650022655912
91,4,451.3716908034097,564.2212414079905
92,4,447.5856576843817,559.5435171541433
93,4,445.5668775913022,558.3777770673993
94,4,446.4906745819432,561.9993967610349
95,4,444.97185607210065,559.5385704619756
96,4,452.57878750088605,556.5575599482224
97,4,445.45619960476745,549.2678725594837
98,4,432.68061523355345,528.1713027252123
99,4,441.10725492774986,532.857917506083
100,4,449.15550489980467,522.7815791396124
101,4,452.92575082863715,518.6412201635349
102,4,469.03500316851387,506.30379592234675
103,4,475.7863544534965,506.67440984144537
104,4,466.08247660870023,485.9707654206361
105,4,479.058835001422,488.22485667215574
106,4,476.3990211437388,466.3843335353092
107,4,483.5318315058255,451.6001291565143
108,4,488.8504220297127,439.16329342813685
109,4,492.55920239746365,431.3374464793803
110,4,506.07613656583885,424.7514066250916
111,4,495.62875229665605,398.2575637208398
112,4,467.85173669208405,351.58919345937073
113,4,477.70910096181507,343.57747874193456
114,4,506.3808428676202,349.0988361722513
115,4,507.37886866815126,343.4376056553456
116,4,514.1311852897172,346.69321172246526
117,4,512.3089041996517,342.580456224898
118,4,519.3741407837041,327.8955259136081
119,4,520.8520029067694,326.879473004255
120,4,521.2472181326077,326.97958715636645
121,4,518.7112932618263,320.5946915507466
122,4,525.8796227399126,320.73264933553276
123,4,526.6856637146377,320.8929555237337
124,4,525.8176352404321,315.4088037577664
125,4,528.3685427508427,317.2548296405099
126,4,534.3648628928802,323.4338689548747
127,4,545.1222750883543,333.579046782316
128,4,566.7936693370226,358.6970109424501
129,4,568.4914862983383,359.47847628104284
130,4,569.9531558272463,361.07854038010464
131,4,569.0814092881711,360.0452899736439
132,4,567.2648462208743,358.3871973817309
133,4,571.6254077265957,364.1520777483633
134,4,571.9765231772226,364.93989717205443
135,4,577.0845126636235,373.64610142746676
136,4,593.3742863913677,396.06592016511263
137,4,595.8448696441174,402.3340534714453
138,4,604.7354529358281,420.90303328920214
139,4,600.8234883664977,432.90499816761184
140,4,608.7906873729128,432.22513253906294
141,4,607.73079095545,431.6882103583076
142,4,609.9353984768292,441.2660936370618
143,4,610.6652719126029,446.53157178047957
144,4,622.7669501452203,471.9065149102088
145,4,625.8204622163288,479.9781900633764
146,4,625.8155772042412,507.06678186454417
147,4,623.3012090045756,511.5524366269015
148,4,622.4434390799861,519.8075687993199
149,4,624.5385340428674,527.3063891097905
150,4,634.9475336130599,550.7981444158283
151,4,634.7832577102321,550.8131737460549
152,4,624.3121750580697,557.3737535590842
153,4,623.8263274500746,561.8477360398372
154,4,601.1194355298919,556.9922962501532
155,4,613.0824261290891,574.6687943301844
156,4,619.2925030931508,603.3943873401576
157,4,630.1217308288076,607.7268969038663
158,4,619.1320684322333,624.1481866448464
159,4,617.3765134043921,624.1859910478313
160,4,632.8946590053876,637.4845039056707
161,4,643.3129804658992,652.5552610816528
162,4,647.7223837252724,672.9402640137217
163,4,642.5284622074709,671.7349122595331
164,4,629.866906508072,662.9844189647372
165,4,630.5910266549902,666.3528052359936
166,4,631.2852103627392,688.5405524559739
167,4,630.3367948535044,711.9521328785669
168,4,623.2908829958245,711.8146003126609
169,4,622.2890301976419,713.4001857526426
170,4,616.4032918688858,716.0510986756768
171,4,620.4830437268766,716.5585035787051
172,4,614.8669820735128,726.3766219939729
173,4,615.2559790586281,729.5183157715225
174,4,614.7975482286381,736.6300324118278
175,4,614.9509970329327,750.9207168296178
176,4,617.1203949785634,764.7066773232262
177,4,614.4423032806641,767.5074592014857
178,4,618.1625805517198,774.5008448388212
179,4,614.9808704008203,772.2989832174674
180,4,614.9768985775602,773.6520284609302
181,4,611.4375224327815,770.4015319025652
182,4,613.3723749398669,785.2734102195184
183,4,611.16519080971,792.6423367900803
184,4,615.2543764476384,789.3488307168017
185,4,614.0903215475029,790.4795039794514
186,4,614.5066611058043,788.4586755604901
187,4,616.2134800815469,787.9536480890882
188,4,621.838698296509,806.1106526918834
189,4,623.1400055484279,807.5860121661726
190,4,622.7253859045711,808.5133177983237
191,4,620.1328984991841,805.7641195620924
192,4,620.2352647728006,805.5718384663089
193,4,620.8025357018826,805.4054076623356
194,4,621.0473597614755,803.0827357127932
195,4,622.4104338017191,803.5105712482272
196,4,621.959140748087,802.5421675295578
197,4,622.3798852204237,800.2878170743841
198,4,624.0823621431817,801.92593574285
199,4,623.3275689699921,800.1399878299358
200,4,618.4430817296453,790.6176148297661
201,4,615.9739939477321,782.5544766999515
202,4,595.9158738360868,778.4254165251485
203,4,586.6689726954153,790.1020968501945
204,4,572.0992332194774,787.0460046068762
205,4,576.2497028689778,794.7552810393123
206,4,571.1314600219386,794.0652306723305
207,4,569.9495563947224,796.3340451815319
208,4,542.293555898855,787.8493095469875
209,4,540.5713837555141,793.5924099282664
210,4,530.4478901328123,809.183978711341
211,4,530.998159107705,820.805240300858
212,4,522.7291010154007,827.2855412084747
213,4,516.4521751406617,825.4796794598193
214,4,507.2690770420639,835.4240354119553
215,4,509.93645849015434,836.1412906828788
216,4,506.5339543964211,847.7579998711269
217,4,527.0251708318957,855.2931138103271
218,4,541.1494975496129,876.4673839911936
219,4,539.2080727310434,881.6957039184596
220,4,535.1476036042283,893.8432239524359
221,4,530.4611958887615,895.2962137766622
222,4,518.7353801159337,894.6111298818942
223,4,516.4020277716581,894.9939411761591
224,4,483.9251531545994,902.2721878185187
225,4,476.8770470528378,920.6568676443508
226,4,472.81495901227504,924.846525357343
227,4,469.3504266722435,940.262416761936
228,4,407.9384869495835,909.6601893318142
229,4,411.24309750664554,913.1629110873466
230,4,401.05143656489525,926.1512783814744
231,4,391.6598419049799,938.7322060660921
232,4,385.810159485255,944.820569306071
233,4,382.2273077981993,943.0710460937503
234,4,368.00761487906044,937.2298277192587
235,4,367.4884038952505,940.0983784345514
236,4,354.52857828331383,944.6231655561644
237,4,333.1858181832821,936.9597164147032
238,4,298.83096307064113,925.876811884155
239,4,282.77494761524747,919.7619257287275
240,4,262.2147976845128,918.5863611899028
241,4,255.90822810349403,917.7889777650599
242,4,240.80516853964738,919.6789260789236
243,4,233.8649407707267,917.1269160429534
244,4,229.65500263795053,927.0286306651201
245,4,228.35265722071017,929.6205413332303
246,4,218.0885524527139,929.9939057861393
247,4,216.21362106000885,934.4585840325065
248,4,214.55553312195664,943.3256579505082
249,4,212.8871310491947,944.8411712800415
250,4,210.66627408253368,943.1889789921485
251,4,209.7557186240373,943.9616430701064
252,4,214.26111312550364,945.8189334064119
253,4,214.37316634856043,945.4945097920433
254,4,208.00250175163683,938.1969402710455
255,4,207.94937051795543,939.2669332758735
256,4,203.25835596662708,931.3527683633889
257,4,193.24666672816068,922.7195069110454
258,4,188.70490447659336,919.892726808323
259,4,190.13690164148082,920.777462885526
260,4,178.61149030086762,915.0384308988879
261,4,183.6343386615329,917.559695412082
262,4,186.8698149265742,919.06238536559
263,4,188.15317012746416,920.7510863402516
264,4,183.27518680271484,920.1169439193106
265,4,184.78180944942122,920.7508665042203
266,4,184.3097158008993,921.5091300652679
267,4,186.85211748065632,923.7420814084821
268,4,185.0782142160514,924.6166486677406
269,4,184.7631654622827,924.9626603348971
270,4,184.08814761830556,930.687203110698
271,4,179.4284243535039,933.8576487377342
272,4,175.43630388119976,934.5373258426712
273,4,176.60556507809784,934.0178036379383
274,4,172.88600898149173,935.550191487095
275,4,170.80092358981418,936.7573288620514
276,4,166.28065084083835,940.5479305816683
277,4,163.39331710433953,942.0974532581556
278,4,159.22550072901578,948.5722870575211
279,4,145.04040135076153,947.9076836849895
280,4,167.9613424830281,966.0093887539434
281,4,171.79685661166803,971.725727020531
282,4,171.20804041978636,977.4673392587231
283,4,166.84461541168434,978.3853025737799
284,4,170.85690833944,984.2123199260304
285,4,170.6601833540834,984.7928774695215
286,4,165.2334760295392,987.1879124154882
287,4,166.67781357438895,989.8487009822499
288,4,165.55452652920238,1000.5506975510542
289,4,161.613401998047,1001.176191118044
290,4,157.92243431938712,1004.4948857513219
291,4,156.6386443761319,1007.2786644696104
292,4,155.89675974503322,1017.2870035781918
293,4,157.3597633105524,1021.1663648750031
294,4,155.40716068458494,1020.9523947528404
295,4,149.30796122353473,1015.7583033168306
296,4,149.91966607754688,1022.6774499167369
297,4,151.0540415561213,1021.1859669710078
298,4,127.922823756903,1026.2069680568322
299,4,124.76947573652595,1026.083124402937
300,4,172.87277804570675,1050.7278891294727
1,5,609.8621379581554,109.52985492476259
2,5,609.8621379581554,109.52985492476259
3,5,610.0286217164266,109.73983460747783
4,5,612.0671487545943,112.73076760322621
5,5,612.116715696591,112.88658910879285
6,5,611.9682083351079,112.60836275157588
7,5,611.9140163342416,112.27981056003992
8,5,612.2870476012121,112.59126165476458
9,5,612.6146140596148,112.8614628983545
10,5,612.3760254647809,112.44330354540558
11,5,612.4060889339834,112.44075883306161
12,5,613.1332561270048,114.27820051500814
13,5,613.2087629966387,114.53461456536297
14,5,612.4774976750181,114.16331597195055
15,5,612.1625047130589,113.65343638133561
16,5,611.885775653419,113.29585826548865
17,5,611.7358695336076,112.96064941959888
18,5,611.4767676986498,113.54182089814373
19,5,611.7550445499471,113.69929956161967
20,5,610.6734058206644,113.62788469082197
21,5,611.3757168969934,114.80825799128668
22,5,610.2682022447774,115.91678680399527
23,5,609.2182161520946,116.80522894391117
24,5,605.7347891019925,114.70615064304845
25,5,604.5576415918952,114.13514862568309
26,5,603.3853660935962,114.56453566687239
27,5,604.2397792136301,117.29915812553304
28,5,604.7327472526607,119.57818994664387
29,5,604.866091555628,121.22471050306342
30,5,602.8721770451418,121.4623493571346
31,5,601.0233242030231,119.84967507935038
32,5,601.7853383293528,123.75099634016388
33,5,602.2204568071785,126.26328838350878
34,5,601.602829943866,129.60431718925733
35,5,597.9886581341405,126.98905225218942
36,5,591.9191344447536,125.10350486660082
37,5,590.5253401424094,124.34272921449532
38,5,586.9105086837683,123.64746524702932
39,5,585.8298048720967,123.83224391041276
40,5,588.4732371893487,134.09454619342685
41,5,586.4567333387857,135.29713139308265
42,5,587.5411589424984,139.46847935522666
43,5,585.5722345875092,137.64638243968358
44,5,592.7966182695835,151.41069569483773
45,5,592.242041457313,151.44807579426146
46,5,588.6460271395447,147.12502629464493
47,5,589.189390213962,149.59232228893651
48,5,587.8311858942843,148.51308518770216
49,5,585.104238439815,148.30901709169018
50,5,582.1967147575524,147.28263589300124
51,5,581.6490327157619,148.58888925086805
52,5,580.4057843574924,147.88577788170772
53,5,581.0916437940618,149.77858726816194
54,5,581.3143374360818,150.7893711310949
55,5,581.4160375912674,151.34179181670268
56,5,580.1373171736994,152.2105907690769
57,5,580.8259477783716,151.88215103163478
58,5,580.8223590444508,152.46362670585458
59,5,580.8599552503507,152.66900466535333
60,5,579.6747931428544,152.131113137593
61,5,579.5851617521232,152.02971156571613
62,5,579.7884207397054,153.2481545179714
63,5,579.9583405262082,154.4068647406447
64,5,580.4231694007896,158.42692090138175
65,5,580.556317228015,157.8972781159259
66,5,575.5437434108743,151.33291128548308
67,5,575.4237652997136,150.7960585555169
68,5,575.6086326921148,151.0275423867291
69,5,575.4221788814743,150.85513520976235
70,5,575.1924235363957,150.73362416586514
71,5,575.1385984781874,150.8154927504769
72,5,575.5728587135432,151.34582231289326
73,5,575.6168333690996,151.37943883378202
74,5,576.9029772810286,152.89734986719844
75,5,576.8752442770718,152.83218794468618
76,5,577.0287646820913,153.08863098515477
77,5,577.0104788339769,153.25335068329989
78,5,576.9854614520725,153.6248217157672
79,5,576.9351738674624,153.53833150199148
80,5,577.0753122891106,153.62872039972916
81,5,577.5221293882981,153.53774949099477
82,5,577.8952818170078,153.66150327040478
83,5,577.7962272722694,154.1940171937364
84,5,577.5790274056375,151.88263738364213
85,5,577.3023970900892,151.0918657269581
86,5,577.1145230059765,150.72217531170145
87,5,577.6169870206907,150.77481638483815
88,5,577.4280199658186,150.78238549853108
89,5,578.1839142273301,151.78781753114757
90,5,576.8867652429838,150.92091849896755
91,5,574.9890513877268,149.94790453508364
92,5,574.2093358527429,151.04057220951447
93,5,575.2199555913186,153.2651420600773
94,5,571.9247475927426,154.1313612204552
95,5,571.0347714263843,155.16115418204586
96,5,570.8494334606414,156.89141293068528
97,5,569.6410232634398,158.80681281631766
98,5,571.7110486465034,166.66522565626462
99,5,571.6002966741353,167.62722277002686
100,5,564.3624389310593,158.76163234984102
101,5,564.04995438524,157.27329143933633
102,5,564.6824336256974,158.5508915774381
103,5,565.0316676883396,158.4428105615866
104,5,564.7967835801077,155.62020814085406
105,5,567.3664695064745,158.93224114377352
106,5,568.4752742978353,160.13955369289232
107,5,569.2858915019772,159.6904810867031
108,5,570.194333354569,157.00378319118917
109,5,569.5589976409608,154.67621278534898
110,5,573.1460714164176,154.34413061246892
111,5,570.9167149742894,150.16412311524297
112,5,576.8748366353238,161.2484106670643
113,5,576.479130829516,160.95514051213402
114,5,571.3131033675918,154.87373155683542
115,5,571.1902607375096,154.8036881937643
116,5,571.8848754934605,155.45710537367063
117,5,572.2025547318262,154.97748105068356
118,5,575.5973674966125,158.21093761957195
119,5,574.4963536062173,157.34008350070036
120,5,575.8245291178115,159.195785151069
121,5,583.0307870099965,171.15885735924226
122,5,592.0746807065323,179.5166262188721
123,5,593.1299401287288,177.78870934438265
124,5,603.2086342095382,192.32631313920265
125,5,605.1063160376505,198.45562210783646
126,5,611.6715005067805,213.98850539412416
127,5,607.8588759963242,210.979075721703
128,5,604.104489064112,203.08414453287716
129,5,611.7249313132257,213.0990356908581
130,5,630.4004864432711,235.77769311172418
131,5,631.3244871077925,251.9781342732275
132,5,647.9556474263507,261.6546733877819
133,5,656.493547108344,274.6154466949581
134,5,671.8885587792364,299.28029697458834
135,5,668.8787638810938,297.65104451158277
136,5,682.4662295230162,322.87604116809615
137,5,687.802099152137,337.99099687272906
138,5,687.1755432093221,348.10470966321003
139,5,685.661290981676,355.45252967812434
140,5,694.9970371301713,386.21500997482315
141,5,684.1951660603914,381.9542324054792
142,5,697.8831358953273,412.2032718227713
143,5,704.6742843216255,426.7115249503447
144,5,709.4419525882826,443.1130428142679
145,5,710.1649210778894,450.3304254110244
146,5,704.7793647957733,465.3929660496481
147,5,709.7919397094653,463.51245828092726
148,5,713.7208736728952,473.3381534829295
149,5,728.7797489400193,497.03028301842596
150,5,730.9561377406546,522.1566685370268
151,5,740.4470422857726,542.3693351233745
152,5,745.6263320529124,564.1388266261876
153,5,744.8069416520132,569.8161522332831
154,5,747.134360132709,576.0575068158545
155,5,743.2148351067152,579.6227096151814
156,5,725.2797890962497,575.8045224347729
157,5,731.9375040641062,589.0583239236312
158,5,732.5763419655892,610.7528583172445
159,5,736.3538944113851,625.8735736242658
160,5,742.5303390075927,638.9531892199755
161,5,743.4455701882922,642.628103754292
162,5,736.9416079632849,665.539994052599
163,5,736.5824072387044,667.894128920398
164,5,731.3848246389373,680.8987498418718
165,5,731.1422055993871,681.9145607663617
166,5,720.7260170193335,682.8363621764967
167,5,711.9790964948797,686.365384307029
168,5,715.0817877965862,700.7112825240965
169,5,713.2735745609182,703.6216260359741
170,5,695.1819172970914,719.5846299740423
171,5,693.8233046736049,724.8674778415251
172,5,692.8986118598858,719.1361385297679
173,5,611.7044524877293,662.7250796708904
174,5,618.6427538694263,675.86857549802
175,5,616.551309899144,676.8922703423962
176,5,619.2845580390153,683.2029886291504
177,5,624.1437668029724,687.9254075630296
178,5,666.8139781402006,707.2007517633657
179,5,670.9763301107289,705.8325150145395
180,5,670.3601252185381,707.9659499993985
181,5,669.5281753043513,708.0192524639193
182,5,668.466131684388,710.2175978155631
183,5,668.5483083996759,708.7469271186676
184,5,672.412713327093,708.0077219280475
185,5,673.2768873586322,707.8265963066553
186,5,665.597862404503,712.8231797634386
187,5,667.3906929962925,715.6838978862514
188,5,661.6148392999422,709.7462737181638
189,5,664.920617740418,714.5654449334005
190,5,673.4101828619156,723.1911567238641
191,5,672.7658484830765,721.6970556151954
192,5,681.5929222279443,730.1786611808184
193,5,682.5640464378118,732.1396786383684
194,5,682.3327434257886,732.2122258241849
195,5,681.9065203805644,731.6070364208334
196,5,687.226607631616,727.3373988859679
197,5,690.6062617579713,730.5151314479265
198,5,693.5028295493519,718.1652414651376
199,5,692.7345285024243,724.8697310245803
200,5,690.0366092174851,725.1983200336591
201,5,692.0163362583102,727.2249107443666
202,5,702.6648645106991,714.5694143496769
203,5,716.0762600911139,710.9949416070249
204,5,680.924767943163,678.8176274887011
205,5,689.5731665847472,687.7166580338359
206,5,677.2939107863422,691.2247200363794
207,5,698.3713997893043,712.373386754693
208,5,707.2530033894093,711.2994093889372
209,5,702.1665156594728,699.6045380091397
210,5,734.1722852376067,725.0943800836407
211,5,736.8468330632098,724.7950606379776
212,5,746.1804675729205,706.5115557768538
213,5,751.3031102798317,699.9978817558956
214,5,760.0970685021083,682.155447945047
215,5,761.3011168753528,678.7992296597303
216,5,752.4724763691354,643.1838787749936
217,5,774.0011897151471,648.4308399288379
218,5,783.747622780679,638.6080593063222
219,5,788.7027651895036,638.5088707301206
220,5,816.3270505961384,660.8496121836964
221,5,821.3617407706075,657.6620387015344
222,5,826.0962918674591,657.4085501932501
223,5,826.4388135026525,653.1707633648575
224,5,836.733368024313,644.9906101077779
225,5,836.6765772566438,640.4000420146282
226,5,842.8251049870659,634.7776715441364
227,5,847.9743317975948,631.4319477970164
228,5,861.3928449225187,625.1382029171093
229,5,864.3009507990391,616.8559598162169
230,5,872.1034186432761,617.0312379779839
231,5,873.6900903757527,613.8077728935531
232,5,877.9955678951262,614.0689821859316
233,5,878.2617195258927,612.7464374842299
234,5,879.2056695925324,609.2974279118732
235,5,880.691834591187,607.8445106742945
236,5,884.1585134225509,607.5503898411949
237,5,884.2773446306753,607.9873519241223
238,5,884.9017820867091,606.9293232803453
239,5,885.0778352037013,606.8188219388508
240,5,886.2107839853676,606.2278244803537
241,5,886.3185164137011,605.9769880702634
242,5,886.1062721263243,605.033822562944
243,5,886.6794927213833,606.083651489152
244,5,884.5722533552065,606.5128975579039
245,5,884.4182530128812,606.6923819253782
246,5,883.8305280825206,606.9491524012429
247,5,884.8139867381143,607.4338870357101
248,5,884.4664256246277,607.9762865571633
249,5,884.75301325593,607.899392346137
250,5,883.5462383341775,607.0148990280602
251,5,882.7143415868514,606.0529716552793
252,5,881.9456918760824,604.8631507285463
253,5,882.1367795867775,605.1440027703601
254,5,884.2157221087986,606.141271104796
255,5,884.3329238782569,606.0086440176898
256,5,884.3076977300549,606.1410745177192
257,5,883.4123754618458,605.3346606917318
258,5,883.041188885805,604.7564577715617
259,5,883.1252702070674,604.7722679314236
260,5,882.5025616086432,604.0868578471236
261,5,882.7820436773577,605.1621414690067
262,5,881.7479678852777,605.1275538692644
263,5,881.0974806631382,606.1587158955542
264,5,878.0976284053995,608.5489371284332
265,5,877.4066544120091,609.7733473448098
266,5,881.1078987181832,604.9740847551437
267,5,880.9987364141168,604.151801604053
268,5,881.0332811911471,605.5229151352246
269,5,879.5117018122203,607.0139034577862
270,5,879.6169835250356,605.187687562737
271,5,879.1865975628939,604.5399535246735
272,5,879.248771994822,604.802004280027
273,5,879.1483456105483,604.8021858156933
274,5,877.975577973661,605.1740220859822
275,5,878.0851038337688,605.388672245099
276,5,877.9232646347789,605.7152954643427
277,5,878.9165829189761,605.3797949214285
278,5,879.0675171760671,606.8610372262604
279,5,878.4953921330268,606.9817616944237
280,5,878.0098293933034,607.3925512569471
281,5,878.7226568944877,607.9034154575291
282,5,879.2646681053033,607.8363529162315
283,5,879.2275359478629,607.9346267533526
284,5,878.1187939203373,610.4175646938676
285,5,876.8072296391867,610.9363072810306
286,5,877.9250304377668,608.2326606558208
287,5,878.5919092109061,607.5371794112708
288,5,878.5810430027319,606.6694597610989
289,5,878.9896476436478,607.4922447376148
290,5,877.6600018973106,605.9413354078179
291,5,877.6037078049459,606.2693698520565
292,5,876.5132191697387,603.1911459220415
293,5,878.1599162349626,603.6774335356594
294,5,879.4093282813508,602.9138888014278
295,5,878.1977371517008,601.154733875641
296,5,874.270445965551,594.4109991916224
297,5,873.914185492721,592.6727127284261
298,5,873.6190499499809,592.6734585927283
299,5,873.7497896678309,592.5312623652562
300,5,875.2426684708474,593.9564650477172
1,6,562.5580371510555,1270.86798527911
2,6,562.5580371510555,1270.86798527911
3,6,562.4956380060452,1270.9966757654563
4,6,559.192751774412,1259.6624158268003
5,6,549.0316131287909,1252.675873610378
6,6,559.8618180592471,1257.0810320164233
7,6,561.1570858916012,1254.9916537544352
8,6,563.4152519353364,1254.0163938466717
9,6,566.178924686278,1252.7151914778963
10,6,566.6416757655562,1244.3456523936163
11,6,568.6851299757965,1245.7201652079798
12,6,569.6554292781403,1247.5983318697115
13,6,570.6020998909336,1244.0343593320256
14,6,564.2077924688394,1244.2076058083494
15,6,563.9669229518147,1244.1810471090232
16,6,565.8855962188103,1244.738901756496
17,6,568.5242676852961,1245.1388833446829
18,6,568.2537737855886,1247.966648337001
19,6,565.1146126700255,1250.771000267395
20,6,564.0835190060474,1255.0830302283775
21,6,563.5737532649329,1258.9500305470112
22,6,562.2194689740019,1258.6929830876759
23,6,561.0827356448449,1262.089497362462
24,6,555.0039624177325,1266.0465100535787
25,6,555.4000239242172,1271.379042593563
26,6,543.4463376779923,1282.3353009600653
27,6,543.227907489234,1287.8921979736645
28,6,534.7454381095936,1295.3214669780873
29,6,532.3613381756376,1299.2142722126807
30,6,528.2822536811997,1308.0497349911038
31,6,526.8551610422679,1309.3816377264654
32,6,524.920768785487,1312.6673859137384
33,6,522.767188097974,1312.1767083101804
34,6,518.2395363093938,1314.668819156599
35,6,510.49670089619394,1315.02505928022
36,6,486.4380839464422,1314.10565699916
37,6,474.7207947816508,1309.2729253328046
38,6,460.21127688329625,1308.3541439771993
39,6,462.2570086780483,1308.5261110693177
40,6,457.172795113081,1305.9424418523201
41,6,458.6994376499741,1306.069400358541
42,6,455.8301138012175,1306.6089291366063
43,6,459.42567991590016,1305.3822118212058
44,6,447.2102936936457,1298.72559692364
45,6,446.89954205952955,1296.9259692331357
46,6,449.57855805675183,1294.2651599357084
47,6,452.1114582562861,1293.3059050521097
48,6,453.6058232124754,1281.8595139992751
49,6,449.9675634805742,1279.356672221378
50,6,460.7653516457905,1270.1309517293305
51,6,467.7836320249072,1269.2134005587961
52,6,474.9143565676356,1285.0960861205826
53,6,480.5696939561233,1285.094700763145
54,6,479.5038782441937,1282.573580602235
55,6,465.8438114876851,1271.0487145519085
56,6,453.352098094618,1252.7376686246682
57,6,443.2091292204553,1242.7758411028947
58,6,422.44369923301014,1222.0079873267557
59,6,427.5228254967154,1221.6584700552
60,6,431.3583010927193,1218.3482382139289
61,6,433.7800838443838,1214.9113673546155
62,6,465.2165738275584,1213.0657330389363
63,6,466.4337820521201,1214.398416953042
64,6,365.80448008234924,1161.47828029437
65,6,374.4712635375379,1159.6919069245216
66,6,372.5730397851859,1152.8895253443602
67,6,363.065809954895,1140.6923279129287
68,6,344.59394916946,1123.419625124351
69,6,344.6097117163094,1118.1316725693641
70,6,346.4768786745368,1109.7464799559
71,6,347.66836268396435,1107.6674888205664
72,6,344.84801509575414,1108.9236832265
73,6,344.3685405923251,1110.08766929035
74,6,362.66700939039487,1115.8742992862917
75,6,367.3655956788086,1116.6337332899598
76,6,371.5080901306589,1109.1644877187516
77,6,376.48053759528864,1106.2829728289034
78,6,377.1524376442024,1102.9810405942537
79,6,380.30322203149507,1103.250859785755
80,6,381.54296847938366,1100.9308771309768
81,6,381.569072014846,1098.9142806678854
82,6,383.58604530368746,1098.029537366633
83,6,384.1785496475593,1096.8593807982688
84,6,384.06287584346944,1096.6646222901466
85,6,384.41222538253913,1096.6208318172148
86,6,386.06571621939196,1094.0189625575583
87,6,384.7087435612712,1091.3544332043268
88,6,387.91835982787643,1088.3842846090338
89,6,383.99052515483186,1085.5693155776403
90,6,383.2623082889423,1083.5791934623117
91,6,387.7636777854415,1083.7549602107313
92,6,390.78322152355236,1081.09131975022
93,6,393.217178193525,1077.7003225304531
94,6,372.206777060364,1044.8433616296973
95,6,372.0855637344073,1035.1314413668756
96,6,396.6766820257182,1041.2465981579028
97,6,409.69866376903343,1026.6655649925544
98,6,409.98382743834236,1031.8403613232445
99,6,410.3999523418403,1030.1200300421567
100,6,418.89594573995146,1023.287894021084
101,6,417.84892631742923,1020.9039218783621
102,6,419.9837514124374,1015.4296888844573
103,6,423.4138565949129,1013.896199649529
104,6,398.57358192237774,983.5111325888599
105,6,404.69081070305725,976.8562359612532
106,6,409.02518970129813,963.7649262886463
107,6,432.9376592830248,973.1608821464491
108,6,442.49397039498587,963.4373925762048
109,6,441.6433176103537,955.4561948714199
110,6,451.88985882915307,950.5211694538965
111,6,453.0257357185806,948.5507356669698
112,6,456.5923599011793,941.957358413583
113,6,440.04988980181184,926.1976692935951
114,6,441.49743469847243,909.645815998514
115,6,444.7096072731737,905.2044520076747
116,6,458.23351995468045,883.8206148677398
117,6,465.1858731295652,886.4701450229147
118,6,497.56280989812876,879.7464328925565
119,6,509.6603844011217,898.9421834152818
120,6,519.5482379500143,891.3538648111768
121,6,524.4951006392961,876.7064701267433
122,6,528.8140952322666,868.9062496141871
123,6,532.2235414846914,877.6297306087341
124,6,537.0614421044729,856.2139135571982
125,6,535.3246834017156,847.3503955062597
126,6,536.306622948987,841.0847656926966
127,6,538.4554192689178,838.3456649616279
128,6,558.9593848971145,842.6201241002124
129,6,563.414095938241,839.5293722590636
130,6,582.2749826846068,847.3085068105096
131,6,574.1599127729288,819.2697304946283
132,6,580.0396408027909,819.2991788230636
133,6,582.162511325435,817.7661180843352
134,6,584.666912972131,813.0032237462775
135,6,583.8280782480329,809.1105010627214
136,6,585.2853334145597,810.1262275814244
137,6,589.1392380921162,810.3013953916444
138,6,589.2651070038236,816.7504023075599
139,6,588.6155311988933,820.2264778592642
140,6,618.6569712383823,852.4269669643081
141,6,661.1252754577704,892.7413799134631
142,6,612.6248754230187,868.4640576050791
143,6,671.3472757592559,919.0104140804159
144,6,592.1007751688257,867.610709300842
145,6,605.0834528332041,878.6665164202174
146,6,609.8814483404974,879.7483675719458
147,6,611.6985216391992,876.8702563482944
148,6,611.8148722719039,876.955046888015
149,6,618.5079974785442,883.559356002454
150,6,647.625544332983,903.3089551873368
151,6,656.2651557523814,885.7737936576219
152,6,657.9327584890453,875.8476256846496
153,6,661.3479600946542,869.03036790877
154,6,684.3346982754365,892.9373690970991
155,6,695.5954660253979,887.7555405893661
156,6,701.1069502940898,880.81037086201
157,6,704.2807460690954,875.7133850370244
158,6,714.774166737419,868.5566684896613
159,6,713.4024595128379,864.1530630875677
160,6,712.5201441474771,858.1562550283584
161,6,694.6043586179376,828.8509449190619
162,6,695.3035626518003,801.7651950327615
163,6,690.8514967582305,786.1220501441223
164,6,701.5547899647656,787.6558371957417
165,6,703.7915659265132,787.2562426936056
166,6,705.0553197590805,770.7882073502503
167,6,716.5338221331971,757.3244417465228
168,6,712.8589612052433,766.1269271572552
169,6,703.0638232256281,755.1491102062181
170,6,673.602385343387,724.1796943749706
171,6,644.1409474611461,693.2102785437231
172,6,614.679509578905,662.2408627124756
173,6,692.0652631852313,719.0713099049308
174,6,675.2662306703816,710.0563446843162
175,6,677.0730596238305,713.2837428131601
176,6,649.825962815728,684.4015874959647
177,6,661.9443291598348,704.2692826665633
178,6,590.4553797521277,659.584876438514
179,6,566.0091654030441,639.7086637280531
180,6,587.1247502716836,667.9852832454444
181,6,584.643830609744,667.3099361164143
182,6,591.6956553744468,670.4856635658942
183,6,592.615970088121,668.9162150159067
184,6,600.8293748092674,664.4455089436722
185,6,609.0427795304139,659.9748028714376
186,6,617.2561842515604,655.5040967992031
187,6,625.4695889727068,651.0333907269686
188,6,626.9871394201601,639.2687091407151
189,6,625.9960425212328,644.7266805617561
190,6,629.9271191727229,643.8380505948192
191,6,633.2436599739866,627.1247374656609
192,6,634.9125450976168,626.0947510641618
193,6,637.4075873191216,627.1414857966568
194,6,617.0687974677629,599.0948394452079
195,6,623.4538700396863,601.6099915357498
196,6,623.3448853184997,593.1494135328923
197,6,638.4574845710436,611.8944418198184
198,6,675.7316431137396,640.4463815866892
199,6,652.055101478314,620.8411369043052
200,6,644.9025521621801,620.4602950286899
201,6,637.7500028460463,620.0794531530744
202,6,630.5974535299124,619.698611277459
203,6,623.4449042137785,619.3177694018436
204,6,616.2923548976446,618.9369275262281
205,6,609.1398055815107,618.5560856506128
206,6,601.9872562653769,618.1752437749973
207,6,594.834706949243,617.7944018993819
208,6,645.3803868731418,702.7770979562598
209,6,649.6556378868963,708.2034109434869
210,6,648.1681588012364,711.2696234276077
211,6,644.5543069736073,715.7549383723439
212,6,635.0021327429197,720.0878925818807
213,6,631.0489859723275,719.4628452481927
214,6,620.8604956210153,723.3694556817691
215,6,610.656579635012,720.5601792514186
216,6,598.5794276493053,729.1847599871465
217,6,597.9461106518917,729.229206988083
218,6,593.7159913354124,741.2499874037715
219,6,592.3506104568835,743.9279692471562
220,6,594.2438983022683,738.612132005217
221,6,592.3781868586009,734.7371170708807
222,6,593.4688757186425,734.413779814547
223,6,595.0529871192442,733.3349923138242
224,6,595.7659088081878,728.3807635117629
225,6,596.7674540089283,727.2333267889187
226,6,585.7638071711112,715.3139646532409
227,6,580.1550402847201,710.3944803052092
228,6,573.013161158062,703.0747315771304
229,6,570.8793422554364,700.5399367397074
230,6,566.6918994295366,697.444023335121
231,6,563.4492731198093,694.5225267091831
232,6,560.300039385898,696.8086157217001
233,6,559.0679474489531,698.500006254279
234,6,553.4398751466933,697.3450885770017
235,6,550.5976447378948,699.9398562767276
236,6,546.9005572343021,699.6272674210674
237,6,545.2818593926098,702.7314518064679
238,6,544.8450223341347,705.0662387619917
239,6,542.5346299400258,705.8546578513572
240,6,541.5484032397151,708.6626800903581
241,6,541.8757733586444,709.1832899104274
242,6,543.7474792017723,709.6848155436587
243,6,549.9701848034915,716.7914547032976
244,6,554.4713652538029,714.6423477113192
245,6,547.6958323045643,706.4192377817687
246,6,566.4530329192794,716.1473319788041
247,6,576.748128871082,723.3947627814247
248,6,587.8298939324733,728.562357320343
249,6,590.5424619620163,728.0929620567628
250,6,593.7794904574225,718.7891137500397
251,6,599.6725052269937,719.8898053885156
252,6,609.0182560844943,722.5119723630288
253,6,621.6189351790557,731.3205623148559
254,6,637.2990043996487,743.8330289033669
255,6,641.9444662822066,744.4009637166253
256,6,638.8505279566938,742.9753056509832
257,6,640.4036252195416,741.9635377662405
258,6,644.1443486695853,738.3082531481762
259,6,644.8268647970681,737.3575127159672
260,6,646.5710867441901,734.1805944640907
261,6,646.9602210135448,733.6489267606154
262,6,645.3914579971535,731.9606257261769
263,6,644.6582639755891,731.0551421274301
264,6,641.7276071317654,726.6178286640921
265,6,641.2084811377174,726.3835765194253
266,6,638.5694860861188,724.1372529378611
267,6,638.4003282680644,724.8523746069432
268,6,637.245790463447,724.8131537095993
269,6,636.8270541578979,724.8462073191904
270,6,636.9812497544203,725.467093612794
271,6,636.3038234194839,725.1440010371565
272,6,636.4841862870189,724.884240379747
273,6,636.5188092388945,724.4297111890065
274,6,636.6937855875894,725.1131232394713
275,6,637.0937399714727,725.0660787332931
276,6,637.0118698074848,724.8984599684825
277,6,637.3783712354923,724.6540281836319
278,6,637.8320384759654,723.2721938698635
279,6,638.0516278100486,722.9374916339012
280,6,639.2804615030071,721.4179261343332
281,6,639.6742760180385,721.5758469326664
282,6,640.9584208115526,721.4432459748701
283,6,641.2751614163562,720.9071626348614
284,6,640.1937270387165,720.1858601278553
285,6,640.8019405124332,720.2772442165359
286,6,640.5152169512531,719.4631326492713
287,6,641.3233003695012,719.2153477807327
288,6,639.6684787847713,718.7127502999588
289,6,637.0862936826269,715.870174930176
290,6,631.0670899114934,711.2939532779301
291,6,630.1785285561671,710.0998718222716
292,6,624.9853663689688,703.8568115487005
293,6,625.9020569245398,702.9636408924016
294,6,625.0769230871042,701.2211607344585
295,6,625.4707710075678,701.5324459276889
296,6,630.3049863338424,702.1167226505819
297,6,627.2684290382789,700.054677788012
298,6,632.5938244845016,699.8851424302271
299,6,632.6619290432282,690.597494301168
300,6,627.2811869879276,678.4854571852161
