1,1,615.542472994571,331.23748474433984
1,2,981.3471265796942,524.4716777317639
1,3,596.1908291377401,1151.5340953144214
1,4,886.4310559233569,551.7667427046414
1,6,611.75252499194,1420.1451888554748
1,7,617.2662837318223,160.84544643599597
2,1,615.542472994571,331.23748474433984
2,2,981.3471265796942,524.4716777317639
2,3,596.1908291377401,1151.5340953144214
2,4,886.4310559233569,551.7667427046414
2,6,611.75252499194,1420.1451888554748
2,7,617.2662837318223,160.84544643599597
3,1,615.4897671368661,331.1851640641511
3,2,981.3702905551272,524.4698058175783
3,3,596.0917881896203,1151.4222303345844
3,4,886.3445469765506,551.6606202209656
3,6,611.6519039016853,1420.1301795154552
3,7,617.1777371304269,160.74785256940305
4,1,615.6423443726333,331.15521344484574
4,2,981.944581797925,523.4881061849355
4,3,596.7221041017687,1151.754635680078
4,4,884.1589659551545,550.9249571225879
4,6,611.5429151457496,1420.1665574311655
4,7,609.4374523139967,149.82115488991752
5,1,616.0489975360196,331.33245289410274
5,2,982.9092962128177,522.1030545196176
5,3,595.2215405211955,1150.9377897182933
5,4,883.7279050066594,551.5979797265245
5,6,611.3265457337259,1420.0045767475203
5,7,599.5507142564671,136.67407090441088
6,1,616.3051153639218,331.503024971503
6,2,982.3212652432487,520.9919829012817
6,3,594.8347965677532,1150.540207331897
6,4,883.8190238816743,552.4870972662359
6,6,611.3154255654454,1419.9157261660812
6,7,598.8133172864332,135.6931690577328
7,1,616.1882444828949,331.2077977969885
7,2,982.9461023074355,521.9391394851344
7,3,594.8119570230447,1150.4595007292332
7,4,883.5764400279044,552.6085805364025
7,6,611.4518528736451,1419.863170227031
7,7,597.4169220825034,136.25835632535313
8,1,615.7063420294954,330.53503684221636
8,2,982.47582100546,521.4409657837807
8,3,595.0112850387837,1150.5480266263207
8,4,883.8229587439639,553.4170352194676
8,6,611.8313608778599,1419.8266149764172
8,7,596.671103067136,137.67375533783485
9,1,616.0419879273277,330.7445184641187
9,2,983.0265842087948,522.9291843304608
9,3,595.4325045605298,1150.6342374042938
9,4,883.3247726706412,554.1401409141687
9,6,612.1433109745234,1419.815596846845
9,7,603.470916510411,151.70192138729385
10,1,615.4089591505632,329.8444008552855
10,2,982.7372234119662,522.8726192856045
10,3,596.0802078040309,1150.8237791764554
10,4,882.9537001158109,553.6808828926314
10,6,612.3437890219658,1419.6933237010617
10,7,604.3121290682495,155.56054583167142
11,1,614.9785532310167,328.5110806602248
11,2,982.5903519861737,522.7646524394823
11,3,597.0736123333265,1150.6333179123935
11,4,882.8518078948512,554.1850805227457
11,6,613.7499871370346,1420.0252448595038
11,7,581.9920260318096,131.01067372002913
12,1,614.549258907043,327.9350459213341
12,2,982.4977835932275,522.6684776814661
12,3,598.1475477500625,1151.2433249070675
12,4,882.7392626025944,553.9313459440865
12,6,613.8395957494131,1419.8103173813563
12,7,588.6989501006395,145.1050588243009
13,1,616.6498293360988,329.79291555647393
13,2,982.3283138402884,523.0272233555354
13,3,596.5121454095565,1150.4003251678107
13,4,881.8516690976162,555.7977881494255
13,6,614.2731352800942,1419.2674897416548
13,7,610.5840009899741,196.58347751182808
14,1,619.7220159467915,332.81241474023176
14,2,981.3673870981276,521.0933339965744
14,3,595.8600325029498,1149.7212644593296
14,4,880.2161955960526,557.4112899159135
14,6,613.6953025288824,1418.444490127604
14,7,623.2451717477485,217.83159295696697
15,1,623.2690542765869,333.16737065441754
15,2,980.4209633665752,520.0377718948504
15,3,596.3687091179561,1150.0120234167632
15,4,884.4622830311691,556.958784463528
15,6,613.8284894673609,1417.3527599651993
15,7,634.9589701450953,231.57530770641918
16,1,628.3180120993391,336.8000043266431
16,2,979.3650077723689,519.3432346765248
16,3,596.6949531320221,1150.1784589818997
16,4,885.9115602311039,556.7677734374528
16,6,613.5859959041827,1417.2707523512995
16,7,638.9397027083886,240.8531309722472
17,1,632.2187422749877,338.9360928807351
17,2,977.3605105947659,517.975989871589
17,3,596.363780581454,1150.2528231554493
17,4,881.2679227570922,560.758401688611
17,6,612.3733563996631,1415.331118890941
17,7,656.3357075741695,212.82220374295653
18,1,638.7140674330882,344.62585051520523
18,2,976.4853287635609,519.8959599753541
18,3,597.769065433588,1150.949535108934
18,4,879.429152705318,563.1368139977556
18,6,612.2746015140257,1414.942294359282
18,7,654.6603078684718,209.11682298631686
19,1,645.5300308731007,339.30879777393784
19,2,975.9544497694543,520.0680152151033
19,3,596.6272035820642,1150.7141861084745
19,4,878.6769185831394,559.6081799556416
19,6,611.9324295517868,1413.9807248327756
19,7,674.3321802212555,199.9607378609967
20,1,654.3247069147611,342.9217970973737
20,2,976.1684199791657,519.6490857977142
20,3,597.1393823865714,1151.1412322996316
20,4,879.0014989022347,560.5440531959858
20,6,613.0206857525053,1413.648680250077
20,7,676.9304263961756,197.50495117203846
21,1,650.2820635748932,316.2750121841971
21,2,978.9968638762346,519.3026877955261
21,3,597.7592005198193,1151.1915747276507
21,4,872.1567181125614,554.8420487159501
21,6,611.8759555151639,1411.6083629767231
21,7,690.5199932307488,167.94475940077047
22,1,654.2114067016709,320.6864404115842
22,2,979.5620343383692,520.2830586257179
22,3,597.5706263694331,1151.4811558658857
22,4,869.9935395823006,549.0116918471266
22,6,608.828133252099,1410.2594227187583
22,7,690.108164835063,171.89376608564763
23,1,661.2001874227261,310.66685182676343
23,2,971.8002925814244,519.2895600978485
23,3,596.4668143696127,1151.5739594489748
23,4,863.7448914696372,547.7101917510103
23,6,605.1806639328254,1407.7026239045258
23,7,693.9107400792747,166.1041881713364
24,1,667.9199667423192,315.9609483131088
24,2,968.2470298461751,515.5968126534333
24,3,595.4012299196914,1151.6838808328778
24,4,862.5823721073092,550.213154199101
24,6,604.1217318325872,1406.4674683452183
24,7,698.4242455056713,155.29032701990835
25,1,666.3478788809872,306.96225813639467
25,2,968.0044752440319,516.3904118582273
25,3,596.3961599921685,1151.8358589147213
25,4,864.0214338345156,555.2914632932052
25,6,602.085312807317,1403.7674761876428
25,7,721.8863108279679,157.5476362412425
26,1,677.1370449442786,318.65087121429167
26,2,965.888997620734,514.5780117236116
26,3,595.0088463931754,1150.3238375312267
26,4,862.5870057800342,554.6260555122784
26,6,602.9452260672412,1402.4431523016415
26,7,728.0322827588911,155.5056614159702
27,1,691.771160480721,323.20031282175614
27,2,960.7529371182487,508.87264887184193
27,3,591.5533411238131,1146.9492901243507
27,4,861.6559846567669,550.0360915288278
27,6,602.6507374818435,1397.3818220943922
27,7,746.7256545901218,155.23991412162925
28,1,714.83099711585,337.5127427096307
28,2,961.9681232658476,500.4696116000159
28,3,583.699907591465,1142.1069519783275
28,4,865.3452758857676,555.1483887744384
28,6,603.4843717748474,1395.2070395385313
28,7,760.5844209735062,154.225019079301
29,1,731.9022867844825,343.62614386823935
29,2,948.5251697809026,506.37394610929437
29,3,564.7888135650119,1129.7123999704736
29,4,855.5926737341957,538.3726884562806
29,6,606.6766389901637,1391.5397476669013
29,7,768.2631262708486,143.66403465664877
30,1,723.3829459173766,329.5155375532934
30,2,930.4027553281937,481.56687849871247
30,3,554.7510918390628,1123.3576605964117
30,4,850.9580534076478,529.4646593311015
30,6,604.8774591472654,1390.28943211188
30,7,766.7049465662111,136.45622515463504
31,1,722.2196973834838,311.3891547422134
31,2,934.2170849202585,492.1865548978952
31,3,543.3737058575724,1114.6052460332833
31,4,833.6242832904804,508.0691517245234
31,6,607.36837224627,1385.911582303345
31,7,773.1720580723961,146.743045967332
32,1,720.9059655178548,312.48843581384943
32,2,926.4490294229012,481.39931065803484
32,3,544.5943076304673,1113.260849061243
32,4,829.8906334005935,500.3039127952107
32,6,606.9897986569518,1384.9153115960369
32,7,773.2542249778513,148.1006734253372
33,1,714.2128192468691,298.02609071337116
33,2,909.5930567800364,462.3038841315692
33,3,542.8134668431356,1106.6308520221698
33,4,810.6190460909994,472.75761135722155
33,6,603.9640062002766,1381.9933447770395
33,7,770.4145881136873,134.8020466163034
34,1,707.4961913556547,293.0299841231554
34,2,906.7584770189222,466.57308749612025
34,3,544.5357078244496,1104.2337039353495
34,4,805.8761033583221,467.075708872107
34,6,604.02268461075,1380.1263378122817
34,7,766.5802285648452,133.5964209267076
35,1,700.7795634644403,288.0338775329396
35,2,899.7144122166718,458.7780893105879
35,3,542.0511054241658,1097.2485219430023
35,4,788.5028128526021,440.1226271424598
35,6,598.0584234884682,1374.1973608151368
35,7,764.0684932285621,136.8454965961382
36,1,694.062935573226,283.0377709427238
36,2,884.0538605990057,448.80358824697936
36,3,539.2900187714298,1094.2156432944355
36,4,792.4348925733801,447.69919672026356
36,6,598.6441512375858,1370.4741770454818
36,7,762.7081939752079,139.78775683245132
37,1,687.3463076820116,278.041664352508
37,2,857.5560094121394,418.94500455027327
37,3,545.3540748499094,1086.180645755518
37,4,783.8421866497606,441.1236833541432
37,6,592.444933756485,1361.602007978822
37,7,761.2111708396725,146.6042382652396
38,1,685.5369769666048,272.7327846343449
38,2,838.7610894827011,396.43639504330946
38,3,533.0938464175647,1074.06633655916
38,4,780.7132655261889,438.6938283747967
38,6,585.4662824672833,1353.6335532080443
38,7,750.6810921383144,133.6462851735347
39,1,684.4740515282433,256.10416528191246
39,2,831.0764283206183,393.7122659292231
39,3,515.5167134092068,1055.2718024356725
39,4,780.0550685124621,438.0312677024805
39,6,590.3285856629718,1339.5994105708062
39,7,740.1981526309987,131.73439131136482
40,1,683.6163390892846,255.7236662778169
40,2,827.4817641346708,391.07417140909735
40,3,522.5465969026736,1052.4505654122945
40,4,781.4180786807033,438.7078684807676
40,6,596.2581254852563,1337.4823227204852
40,7,735.8817756443229,133.53574039127068
41,1,682.7586266503259,255.34316727372132
41,2,815.803590152082,386.908612419544
41,3,508.58934666972846,1041.2262255185444
41,4,766.2491340907475,423.3680366349929
41,6,595.6899091027726,1330.2276224851469
41,7,711.9206162682123,119.21117379246894
42,1,686.364640248123,263.44183380030324
42,2,811.927925031321,385.3615376796914
42,3,506.46540352510584,1035.5241510438018
42,4,763.4748287102645,423.8821986072973
42,6,599.2224498291911,1327.6407973550076
42,7,699.4014740252495,107.59379667229778
43,1,679.9918399170014,255.1482744361834
43,2,802.0547829150366,380.03428158483945
43,3,499.6635636339306,1022.6054099709661
43,4,744.5551986630671,396.29433032538094
43,6,598.982162362074,1321.93225351999
43,7,691.1970984877873,108.45302704899828
44,1,673.6190395858796,246.85471507206356
44,2,787.3255974094628,362.61506657122095
44,3,501.4106831803829,1020.1544829533652
44,4,730.1698663218136,375.63155164978116
44,6,591.4322540686996,1315.0278154052448
44,7,685.017050170989,104.0502987916507
45,1,667.2462392547579,238.56115570794373
45,2,769.5704444248054,347.9003531645536
45,3,499.2348009788223,1007.7746019747759
45,4,716.0117755262418,360.6925090464456
45,6,591.0755357952066,1307.823827370507
45,7,683.3524040726785,115.77859051519168
46,1,660.8734389236363,230.2675963438239
46,2,765.7097610092429,344.7009087172394
46,3,506.07723239482146,1010.0723902460644
46,4,710.9300144989006,356.876934156831
46,6,591.846696352731,1306.272034013357
46,7,675.4533148301064,110.21285195424127
47,1,654.5006385925145,221.97403697970407
47,2,751.353038997118,329.39819211446644
47,3,512.1963031149305,1010.8831956414659
47,4,706.1785075855538,361.94689974434925
47,6,596.1688453567805,1301.3351723857065
47,7,678.42422170802,130.5835982217595
48,1,648.1278382613929,213.6804776155842
48,2,748.55266103727,328.74676592269736
48,3,516.6382202456917,1009.4474003684668
48,4,701.9006809615457,359.7520643357762
48,6,606.0785260087844,1304.0064283151873
48,7,675.5836941208024,136.81903042523177
49,1,641.7550379302712,205.38691825146438
49,2,714.1381902670265,292.544289597492
49,3,518.8780525379793,999.2504738565282
49,4,698.1692310208118,361.919962139679
49,6,609.8143478157424,1301.977626767171
49,7,682.9246637819263,158.0123385645471
50,1,635.3822375991494,197.09335888734455
50,2,713.12865033714,296.6108220279048
50,3,510.79759456663527,989.8926174525521
50,4,696.2531485736179,362.7324837238184
50,6,610.529553098424,1298.875891386193
50,7,684.8909641123503,166.65244762471258
51,1,629.0094372680278,188.7997995232247
51,2,715.6822548567652,313.378240839636
51,3,485.183565649217,963.187129142048
51,4,693.9536120533247,373.91970898325144
51,6,609.7117465490977,1295.0630215759768
51,7,687.4611612469064,173.67847396264474
52,1,622.6366369369061,180.50624015910486
52,2,715.4406608764461,330.355391483154
52,3,497.6763434382539,967.3564893816024
52,4,692.167179673142,380.3858952890985
52,6,611.8571931508552,1294.8439887033944
52,7,685.9428236278487,175.72789117033034
53,1,616.2638366057844,172.21268079498503
53,2,708.4325804762782,327.3801074044906
53,3,514.5446660900944,970.9813692487016
53,4,688.1189267137618,374.7807287987246
53,6,615.0912428921927,1295.0577749872937
53,7,628.4950463280604,127.4965533041612
54,1,609.8910362746627,163.91912143086518
54,2,703.7407887562889,317.1735757385619
54,3,508.46227872303047,962.6929200301697
54,4,681.1014989947334,369.3201566646234
54,6,616.7762559781984,1295.7710298837071
54,7,600.6614802710322,113.16052607319037
55,1,603.5182359435411,155.62556206674535
55,2,692.2329155748826,304.98006276019726
55,3,509.4845123673891,956.0648211923557
55,4,669.8309339311785,366.4173302390787
55,6,615.911501582597,1294.1419828544226
55,7,593.4263621422414,129.53651647548526
56,1,597.1454356124193,147.33200270262552
56,2,687.4469029193234,303.61493179374924
56,3,510.54970633764896,954.3147230108041
56,4,667.9802035593991,373.1946168163059
56,6,616.8915489077569,1294.3694295677458
56,7,591.5397583971952,134.6865428720478
57,1,590.7726352812977,139.03844333850566
57,2,668.6206752953332,286.52498677956925
57,3,509.72083192725256,948.6295918118366
57,4,660.5857383814631,385.7692333911173
57,6,617.0189692661039,1293.752258825354
57,7,591.7267493275402,155.39512113115728
58,1,656.198638227707,303.4178531322335
58,2,664.6750096614859,289.0199207939235
58,3,508.3724143333336,944.2946528021538
58,4,653.6302512275897,385.25204203013493
58,6,617.0160225069462,1293.2501033501514
58,7,599.3657117456803,191.2747992756362
59,1,636.9549327111893,303.7164222868888
59,2,660.4356052913794,291.1905414807575
59,3,507.7191066223272,941.5179330618889
59,4,651.2787054147049,387.8983840055284
59,6,616.0890344101791,1293.5278791341204
59,7,607.0046741638204,227.15447742011514
60,1,617.7112271946717,304.0149914415441
60,2,660.54560297124,292.79391495765833
60,3,501.57924652373464,940.5569971560367
60,4,649.8630903915654,384.6432097068632
60,6,615.6972866494772,1294.3428752441591
60,7,614.6436365819604,263.03415556459413
61,1,598.467521678154,304.3135605961994
61,2,657.9216899741857,292.5677456558126
61,3,527.4794765114608,955.6864962564271
61,4,642.5926998539861,391.3090762176168
61,6,614.6312370140994,1297.2860718906927
61,7,622.2825990001005,298.91383370907306
62,1,579.2238161616363,304.6121297508547
62,2,656.115159802818,291.1473793374476
62,3,525.8361571773356,956.8151699228252
62,4,640.0802600185615,392.0982092236009
62,6,614.4429404688948,1299.6072642666993
62,7,629.9215614182406,334.793511853552
63,1,559.9801106451185,304.91069890551
63,2,649.4455765651463,283.0855409497537
63,3,529.3525408133913,956.1358167717764
63,4,624.4699531989439,391.39367791424587
63,6,611.579366431065,1303.4821988352428
63,7,637.5605238363806,370.6731899980309
64,1,540.7364051286008,305.2092680601653
64,2,643.9827053961448,276.79751155064474
64,3,529.6927605406025,956.5743526897251
64,4,640.9719206131365,381.5850869559603
64,6,607.681460423729,1303.6795358894215
64,7,621.1086537706012,399.16550804373117
65,1,521.4926996120832,305.5078372148206
65,2,640.1894764226305,275.19974746957934
65,3,528.1939497365195,957.8974484918139
65,4,624.8229738100133,410.69634428319375
65,6,607.0766269151776,1309.439800022546
65,7,580.7959912848694,382.6562666417878
66,1,502.24899409556554,305.8064063694759
66,2,642.7584918123093,280.9707104487948
66,3,526.7818732865915,958.7852666790814
66,4,625.5646170784731,412.3021065470517
66,6,604.0187361469646,1310.7764999970805
66,7,540.4833287991374,366.1470252398444
67,1,483.00528857904783,306.1049755241312
67,2,638.1046610320548,285.18426148317764
67,3,522.038346800907,957.7244173326029
67,4,624.8644846852359,422.57278551504737
67,6,603.3722200214778,1312.6215674361836
67,7,500.1706663134056,349.6377838379011
68,1,463.7615830625302,306.4035446787865
68,2,632.7593563076216,280.0641647923229
68,3,519.7474525248441,957.2745008452263
68,4,619.1130614329094,416.67419021644156
68,6,605.3489129475693,1314.1767552970862
68,7,459.8580038276737,333.12854243595774
69,1,450.2533507305916,314.5503692277662
69,2,631.2517669234384,280.8989138699266
69,3,487.02780701536227,938.1134621473694
69,4,608.1599843144741,411.5167117554471
69,6,601.6146775183512,1314.2939952927227
69,7,419.5453413419418,316.61930103401437
70,1,436.74511839865306,322.697193776746
70,2,627.4975112024696,279.5749371747542
70,3,486.8115876080411,937.7914008001959
70,4,609.6184823403822,417.1495380583074
70,6,602.3242888460561,1316.1925135539982
70,7,390.610789657974,318.83009720114046
71,1,423.2368860667145,330.84401832572576
71,2,616.6217515695208,274.4911447412136
71,3,445.8712361988247,913.3744629905079
71,4,586.6937747915082,414.8654796155053
71,6,593.0863366219875,1322.1897304368874
71,7,361.67623797400614,321.04089336826655
72,1,409.7286537347759,338.9908428747055
72,2,618.6487026359982,278.98356413956407
72,3,447.57385651014556,915.1390555033443
72,4,584.9983320374416,418.9360654097758
72,6,596.7620768645252,1324.8484328104057
72,7,332.74168629003833,323.25168953539264
73,1,396.22042140283736,347.13766742368523
73,2,615.6255751582588,283.5326533074056
73,3,442.22086234284023,911.2672939918945
73,4,584.7515930290116,427.10714889448155
73,6,590.6061420408935,1328.5872385026696
73,7,312.93095798176694,337.34036698903554
74,1,382.7121890708988,355.284491972665
74,2,614.981712657201,289.18304058157065
74,3,438.0370709772161,909.6513905345695
74,4,582.7286760479309,432.43497138032683
74,6,591.5264925018687,1332.653748076016
74,7,335.79047342955994,387.2268018075492
75,1,369.2039567389602,363.43131652164476
75,2,611.4768924203453,294.4165510823734
75,3,413.8171403603002,893.7077844708409
75,4,566.9459181336236,429.83074960449875
75,6,587.6420878641226,1339.882183960204
75,7,325.8552069264821,418.9037356701938
76,1,367.6894665050247,375.3207553670313
76,2,611.6238602246653,297.9927103603074
76,3,401.558550473381,884.6142288453182
76,4,565.5885711383072,437.56303951207525
76,6,585.5909555994747,1342.738143271057
76,7,302.30417516352645,424.8286600147088
77,1,347.39772973820664,390.34030452756815
77,2,605.0786037694235,292.01582701436763
77,3,366.68816476077114,859.0984735815449
77,4,563.5077179868156,460.1676662132569
77,6,583.5573561118032,1349.5185631108109
77,7,278.7531434005708,430.75358435922385
78,1,358.15847973062665,409.8940993817406
78,2,607.1718089435536,297.16016772587847
78,3,358.90835035300626,853.1184115593672
78,4,560.5028646735258,465.95269745020573
78,6,582.9795406330966,1351.0746066991671
78,7,346.06347320354115,514.7375685422331
79,1,334.31624079779687,410.4147279750417
79,2,610.2007283164045,301.74363854593
79,3,348.0869236349627,843.6072832054887
79,4,550.0443628807354,479.9262185256488
79,6,581.3248988211604,1352.4366728461175
79,7,234.60217000297285,452.4471960251187
80,1,323.0965553949556,411.46046386927367
80,2,607.4355364629856,298.6275268738491
80,3,352.98034528860967,844.1614146550542
80,4,547.3339489664007,481.20796889327835
80,6,581.277489393687,1353.680444543401
80,7,218.006910833502,445.06642263355474
81,1,308.187531354977,425.3762476216825
81,2,605.2137063795051,299.03412296013346
81,3,351.12533338762705,834.7847451496792
81,4,541.2474396770808,482.95982991313696
81,6,581.9844574079558,1352.740829127321
81,7,304.28643134356145,561.109109191859
82,1,302.6541157010242,438.8147751801241
82,2,603.912576506191,298.002160304332
82,3,344.92077338952504,819.7494795460467
82,4,535.6227149765205,479.9327432498097
82,6,581.1752913859015,1353.0427933063775
82,7,295.4105385456949,571.2507105782747
83,1,320.477402194277,503.29688939767885
83,2,602.9583676924344,298.30424275677507
83,3,311.4977602950994,792.0039961090038
83,4,527.5288990294151,482.9173947084597
83,6,583.3438070914858,1355.121243918416
83,7,286.32809094186194,594.3027371998595
84,1,318.20702478646075,507.5130023238212
84,2,603.9032097391929,300.0288129276409
84,3,296.9220060756336,767.4722024745803
84,4,519.7427456358428,485.56059363878785
84,6,582.5087264452685,1354.9810281051728
84,7,281.5215997738785,603.0166996372366
85,1,307.58741848645855,521.3400758494013
85,2,602.429670923959,299.5729576189208
85,3,252.1431877521707,732.9836595676161
85,4,519.517489559517,502.76151757817195
85,6,583.9139085907159,1356.2193063759544
85,7,270.7428262957935,617.1582908999983
86,1,303.2237629095,528.5015162837011
86,2,601.3210055456638,298.81330916658027
86,3,262.9784213850258,747.6539302747542
86,4,514.7912187375342,510.6889164448158
86,6,584.3146284709737,1357.7399794484836
86,7,268.119015229849,631.9189702716507
87,1,276.23528329841963,526.509954133281
87,2,601.3666096221635,299.6469353597734
87,3,237.42880387654577,736.8253986482767
87,4,487.68581858520747,502.7348083774742
87,6,577.72569873307,1359.2374781803235
87,7,258.5672142782596,652.5619817864892
88,1,253.36251981911033,519.1252629994755
88,2,598.9607570413409,297.1047628177891
88,3,234.86156768837512,734.6289409887496
88,4,471.4358697950423,493.3619495540501
88,6,578.695564819422,1360.8266026112967
88,7,238.44159648205738,656.2365423403302
89,1,292.3073411309999,577.9886705052818
89,2,596.4848282692799,295.43772532318724
89,3,252.08079905723056,739.9012230836498
89,4,469.7739149623194,514.7176896641311
89,6,573.6537239657747,1362.6320343899906
89,7,247.2618029965713,679.9220870360049
90,1,297.8778731346038,592.0937791690413
90,2,596.5359354368268,296.62761481563354
90,3,254.2599675400705,742.0569516716894
90,4,464.4307286436797,522.0563213819421
90,6,571.077969368407,1362.9143659493693
90,7,259.6257174265658,702.3867832064046
91,1,293.27525281624634,605.6706708108704
91,2,593.8660623417554,292.4815739593736
91,3,250.5191320412284,738.69060052375
91,4,454.4832804398107,529.4728730678981
91,6,577.0510788061924,1358.038286386369
91,7,80.89048489972123,677.3143541437225
92,1,284.5893123790951,611.5528206989319
92,2,591.3678579365667,289.3883814875908
92,3,266.4186530889595,750.8675262077219
92,4,463.4147091724218,547.7985774552976
92,6,578.7224236504667,1358.5597620647738
92,7,-97.84474762712333,652.2419250810404
93,1,260.3053464503582,609.7054310904555
93,2,599.2379015553787,299.29563283062873
93,3,222.74965596086696,715.4400916676589
93,4,451.21908936662885,540.4337031245257
93,6,580.5340876958629,1358.7153154309606
93,7,218.57238753899682,718.6228651792251
94,1,257.70269780286634,610.1701218509087
94,2,595.8029697973009,298.5516239664197
94,3,179.08065883277442,680.0126571275957
94,4,457.52698170795264,557.1813083601857
94,6,577.2484934427652,1359.5594868248481
94,7,235.2323558874923,752.1287756001722
95,1,235.08456033240435,602.1282422830249
95,2,588.5071448374684,292.66234830410235
95,3,163.272267173315,674.7052786735287
95,4,455.62992028733095,578.2977746590482
95,6,574.68391063146,1366.611943189115
95,7,248.9540536945636,778.4786370157262
96,1,237.9032100021014,608.2707374204441
96,2,587.9472302437315,295.20517416984444
96,3,168.78390418916536,678.1960697407549
96,4,462.37789016718955,589.1880004221025
96,6,572.2413055318435,1368.4810819049405
96,7,245.2800380858619,784.0710615118963
97,1,254.7021575117765,628.6611730549904
97,2,601.19758048086,316.4602498760379
97,3,171.39639581332506,690.0546532844138
97,4,448.6592975934902,611.7940288845554
97,6,572.0969196538406,1365.9188840797194
97,7,261.5931197100348,818.8434661013781
98,1,283.9129629428331,657.3827919783579
98,2,602.3948115428353,320.96562036796445
98,3,171.17213361649303,685.6495896506224
98,4,452.56098033441754,624.9292413605248
98,6,570.6231557162056,1367.7755865426209
98,7,261.1818118239562,836.5832955371727
99,1,315.74646049771997,692.8417457946089
99,2,595.6317632279951,323.4955143195888
99,3,179.92816111850226,703.6990542718091
99,4,441.99926828324993,631.087552160471
99,6,571.9617952996847,1367.7067011257336
99,7,263.73252408400026,849.7026642161219
100,1,324.3795230569661,704.7231552382349
100,2,597.386520330853,325.2952322281451
100,3,169.3488664645672,697.0144864937116
100,4,434.84886230881,633.9128844801072
100,6,571.8853598511597,1368.5626347688797
100,7,258.7617115785394,850.1177687218119
101,1,319.3463158860141,711.5071543339577
101,2,632.163207619801,360.53704121094887
101,3,140.4056980565347,678.8247640882258
101,4,422.910178318518,652.5242966343318
101,6,569.9908594223062,1370.7014300624307
101,7,242.49033352612017,876.2764687171004
102,1,333.12509404777063,726.2151015570306
102,2,630.3517167080412,363.25364437965663
102,3,145.65852085058043,684.7021681413663
102,4,437.32636913641676,672.2856482677565
102,6,569.417979091754,1371.6511605168937
102,7,239.84707138981102,880.8460248024575
103,1,346.014887245585,758.1957138501015
103,2,620.8383000483748,368.52201262028507
103,3,121.29258528089882,686.8484299496181
103,4,477.47812230668364,719.9182552500072
103,6,567.1808285650374,1372.3637796303592
103,7,230.1768328396294,894.3474173768749
104,1,347.443262579366,766.3583806675546
104,2,620.4228582282971,369.8003866575911
104,3,121.1876039940304,684.750013375143
104,4,477.65236821618015,732.6349805780243
104,6,563.8353450699084,1372.2050695390162
104,7,228.2932258229648,904.7817267759696
105,1,339.1893013214217,781.3649593414397
105,2,620.5704198050917,380.28531412977065
105,3,111.87079349543157,703.4701314658439
105,4,463.04670445929867,749.6494823161928
105,6,563.3422835241436,1371.9784173864914
105,7,233.66586425777817,932.9206364306813
106,1,335.05885666965094,785.1188287059647
106,2,621.2408577268601,383.72886039334935
106,3,116.84382429941017,708.077093734395
106,4,458.67267509224155,756.9633042826364
106,6,562.457224355506,1371.1084376901351
106,7,233.02732346513898,937.9749600365805
107,1,343.31883657546786,807.068110425889
107,2,622.8345902935894,396.29687854624245
107,3,103.84092194075495,711.2841506328242
107,4,463.9138329904897,774.8454105456525
107,6,562.1223747173465,1370.437211702139
107,7,237.87073393108818,953.5168444525798
108,1,335.5809803241377,811.6306476709412
108,2,619.3171372047226,403.2756819541327
108,3,9.639807336306163,656.6558563349998
108,4,491.91594795877245,802.6879201122609
108,6,563.5555496849316,1371.1752060410129
108,7,233.09116503889067,960.8984104612807
109,1,320.8545547540015,824.8751502990165
109,2,617.1688921392252,418.25981068865946
109,3,-24.111719133342543,645.8076353987465
109,4,491.3336460788468,816.2768013127097
109,6,563.0365389595896,1370.1398218140146
109,7,224.3778700327493,979.5901910146781
110,1,347.2057654629619,849.8989160390605
110,2,622.5995055242996,432.8108120834331
110,3,0.038037474678803765,665.3483931726751
110,4,495.634068926882,826.3923122398351
110,6,563.5313238665974,1369.7272397509967
110,7,219.5504804027515,985.7233083777469
111,1,355.94366737451367,894.4553070759293
111,2,605.5111607196854,447.62787375369174
111,3,168.46935299154936,784.6544847829626
111,4,508.4897955218508,848.6184493782024
111,6,562.6325616770545,1367.629002618582
111,7,225.21231160618436,1003.668647049702
112,1,347.85662752581544,897.1016292158785
112,2,598.7813960378805,451.85067194635377
112,3,157.07782605509982,781.0886614287544
112,4,508.2636601382236,849.4288158090052
112,6,562.0645889162535,1366.937069742612
112,7,239.77252741241992,1017.3198065493556
113,1,343.69222563181734,910.0905112731668
113,2,594.3235555008034,466.08252284966096
113,3,110.14221178308937,759.6701671316224
113,4,503.66469334271426,863.7056940344904
113,6,562.3923302374538,1366.8067439803058
113,7,254.3861790287471,1033.5409438649735
114,1,339.7981225453052,918.0203520515677
114,2,604.8893780225086,492.19649027968904
114,3,74.0750932584717,741.9634577991333
114,4,500.47668669511967,870.6135918352298
114,6,562.3394495921442,1362.043116831667
114,7,243.2011450065009,1042.223780039026
115,1,352.3536168380628,940.4141820353883
115,2,595.3702416238301,504.83472155872204
115,3,86.67595852343878,755.3845144908406
115,4,494.8564667331059,877.0373925456948
115,6,559.1466956002148,1351.4918581611823
115,7,239.61356249131993,1054.3407955845094
116,1,340.70737562776554,937.9050270138243
116,2,594.9846643756475,512.3541553007817
116,3,106.830953948892,769.6829917311692
116,4,491.54098577728365,879.963830786552
116,6,519.9292687015902,1335.1221591110852
116,7,235.8267947968716,1059.9826710403217
117,1,354.0676767556409,962.735076116629
117,2,557.8888866754344,518.2832737793304
117,3,111.08103330401403,776.1142636907755
117,4,485.6982643940147,889.5243959717113
117,6,499.8747017206501,1332.0430136752543
117,7,232.21036583090324,1076.221397563599
118,1,347.723240472695,966.2382159104613
118,2,563.2056974113635,535.0361921433433
118,3,112.00762868570439,778.1259044565409
118,4,486.58299966327655,896.2688262177135
118,6,483.40746598812564,1327.1581334016146
118,7,226.2088920634352,1081.5949733519785
119,1,366.6392073875813,995.7694197676695
119,2,551.9734398014145,547.0088293781132
119,3,108.97116232257629,783.1563380664512
119,4,485.51233353011503,900.8003043997682
119,6,480.84141818998654,1323.1656639539906
119,7,239.98165854658737,1095.712536580768
120,1,368.0323216808327,1000.9615603703146
120,2,552.211840153421,560.6560077952746
120,3,114.16217335902616,788.2553051581137
120,4,488.7024251411589,905.4276748590544
120,6,483.38523154099784,1322.5489027705596
120,7,250.38800196287715,1103.5343546377096
121,1,375.2247769135242,1021.2777242107863
121,2,511.1775316505982,550.2316756776985
121,3,108.40724327164985,800.6381115504392
121,4,488.02383357028873,920.5508200770274
121,6,490.14393694851447,1320.361514617799
121,7,258.3885552123556,1121.6046629524708
122,1,367.6343135692336,1025.4018445564386
122,2,513.0524513206223,563.5249129327364
122,3,104.93347949065942,809.6286986675847
122,4,488.713710316405,924.9288660504859
122,6,493.4560710427721,1320.3268207070496
122,7,264.10017651017995,1127.39080336294
123,1,399.01782804993917,1056.8052084915876
123,2,509.0071680320024,582.1593850249169
123,3,105.1942989905457,819.6355519646472
123,4,486.14621903449324,933.1707501609225
123,6,537.6721659714932,1335.139399426955
123,7,252.23012910604263,1137.1720038697465
124,1,402.73716418836113,1064.269980987234
124,2,499.2185252803339,593.2192191197072
124,3,97.6077212013505,812.7172971056707
124,4,482.4054211551351,933.2460410517168
124,6,538.6828710753198,1334.7892741005987
124,7,243.4052008201309,1142.322170098724
125,1,412.2424338045685,1078.243150833262
125,2,490.11169574932865,617.898732106861
125,3,97.6904099672849,826.348815562816
125,4,495.59382262510155,949.479452240918
125,6,540.2288724390362,1327.8079089646283
125,7,235.08509703314078,1153.602118928482
126,1,412.82591861420116,1084.953015178972
126,2,473.81783767262243,610.8757033203217
126,3,97.96921798460887,832.6157048991327
126,4,496.36306458515935,953.7143904973524
126,6,539.9093387883157,1329.9641223862857
126,7,235.45584946075223,1162.0905450140726
127,1,398.6985281913714,1098.9505696241024
127,2,472.6188720205324,640.0123581482399
127,3,107.37945327421166,847.8809024853092
127,4,485.1383447262456,959.4581829355027
127,6,532.640739517376,1332.5969940340049
127,7,245.56945224381457,1170.4555910952229
128,1,413.1470004094793,1113.681513437427
128,2,457.6727209704008,639.7368443841116
128,3,104.85397673435598,846.5032544385361
128,4,494.464485577885,971.912841213871
128,6,529.7212451734724,1332.441848309553
128,7,244.96148512479647,1173.8665764408395
129,1,418.43819883710773,1128.152512643445
129,2,439.76557766837203,645.2923202891399
129,3,121.1833322902577,871.3891119766445
129,4,503.5507249139708,983.4067989589544
129,6,528.2984851670337,1333.512123806756
129,7,241.08650165983065,1178.665612969165
130,1,408.6043767162864,1128.6991621867662
130,2,437.7183792319559,650.370444130788
130,3,126.7268084384065,877.7210636911913
130,4,504.98454300086,985.2892716970782
130,6,532.4781626792824,1335.5219282631306
130,7,244.05562600392204,1181.9813322623058
131,1,425.2567080218808,1143.620523818826
131,2,430.89271521970045,667.9717320952299
131,3,132.1646580241732,888.4116437321858
131,4,506.14171813309963,989.5829294750748
131,6,533.268802560892,1336.6905313091127
131,7,233.91216459644224,1189.5710998823745
132,1,423.27545451298596,1146.6977481690785
132,2,423.01520776967436,672.0472219081895
132,3,130.1259327587648,888.1931470798967
132,4,506.5175691005156,990.8708519633343
132,6,535.689361121923,1338.230519706733
132,7,244.09536430284714,1200.044420352893
133,1,432.01239618124794,1163.160968944438
133,2,411.1689133889869,676.5894163810328
133,3,140.70282145261842,894.8946391875654
133,4,504.61233889088254,994.7767656487132
133,6,536.4288068848067,1337.7797222909824
133,7,257.6924476224036,1216.73174607032
134,1,431.6891064847613,1170.7378511570776
134,2,398.4657503303659,680.4141816154403
134,3,139.00933849187163,894.3037620659319
134,4,502.9822160686217,997.6019019547776
134,6,535.3737151737281,1338.4266819151353
134,7,251.62540953316056,1219.3803206789858
135,1,404.06315373949934,1162.5735844260346
135,2,368.18073056745936,675.9548408857535
135,3,134.28488754041751,890.2605145966943
135,4,496.16155690366173,1001.6404136976794
135,6,533.7901598305647,1337.9278326886076
135,7,213.83176540596978,1213.7475652674855
136,1,434.2140123993721,1179.0674246212564
136,2,357.89123917356267,677.0788463900966
136,3,133.9644225814276,891.202999761343
136,4,497.75225038999235,1006.5468361950315
136,6,533.7765312848281,1338.750085367463
136,7,219.7536737742098,1219.2536063520492
137,1,441.85841910602926,1188.6751108467322
137,2,341.0077363667611,678.7190499232527
137,3,131.64139028564097,890.7203593585857
137,4,492.4035886154048,1009.7274872887056
137,6,533.7848857885533,1338.9488869521344
137,7,214.69698056508668,1225.3348120958715
138,1,446.8857950758994,1192.6162504645508
138,2,337.90058907130884,682.7614849263075
138,3,136.43398518760955,894.6342748805756
138,4,499.64230709369434,1014.808731128054
138,6,534.5652954735287,1338.104148570817
138,7,239.6136511591574,1238.738972187842
139,1,461.8985511699286,1201.7418582166583
139,2,333.03025169214243,694.5111339768966
139,3,153.91681566115935,910.8835762222877
139,4,494.62429961516125,1013.9030319197234
139,6,532.2431581308929,1340.1348132579228
139,7,266.6849775300688,1259.131020001607
140,1,468.78722831787184,1205.1403922192485
140,2,327.27944769722313,693.8072527176396
140,3,159.21219588082198,916.0319129885786
140,4,497.43070006737145,1016.503717303474
140,6,533.0697110307274,1341.9743937754085
140,7,263.39401763441964,1259.3554984291798
141,1,459.4520021109961,1206.0826143848863
141,2,301.84586186486,698.3146156830367
141,3,152.80856052760385,914.9620631534376
141,4,517.9968929523783,1031.572643478628
141,6,537.3810327504414,1339.8294782579694
141,7,268.3302144730635,1267.4824276427505
142,1,461.87514351459936,1206.7557426677567
142,2,309.1284129939597,709.0011710324554
142,3,156.04158121531523,917.379423179197
142,4,525.6465584456888,1036.7521484398185
142,6,538.637234415185,1339.481292192163
142,7,270.7747513266422,1272.5438356360658
