1,1,623.0213830631152,1296.3634839564536
2,1,623.0213830631152,1296.3634839564536
3,1,623.0365833750622,1296.3216187131577
4,1,621.2156892833185,1294.8149146566639
5,1,625.7705422133489,1292.4333867226933
6,1,620.3715358235312,1289.4113412074798
7,1,616.8498347577753,1280.5770630145748
8,1,604.5735929611225,1269.9964692094877
9,1,624.8428046973519,1274.3853798891869
10,1,635.0354770572308,1275.47471942562
11,1,633.2141824005911,1271.084901838558
12,1,632.5867967334506,1271.3211734794138
13,1,632.3516602593768,1271.8445286977155
14,1,633.64489985168,1273.511772035587
15,1,635.7381059113841,1275.5317621169538
16,1,636.9991656516578,1276.3620903339292
17,1,644.2446438711842,1280.2000863778821
18,1,644.1623651765756,1280.5025209413357
19,1,650.3301630595543,1283.460246675648
20,1,638.4750768137548,1280.2707638557479
21,1,646.3458837394679,1286.9093283638447
22,1,653.5729257543878,1292.4951251531456
23,1,668.2167083388711,1298.36599427141
24,1,664.4922523762332,1304.6044187116588
25,1,657.8534272821254,1318.0269281727396
26,1,654.0647607176794,1330.1092458964044
27,1,636.4402690041126,1339.3637240236753
28,1,633.4440310106012,1347.283455007605
29,1,629.8609021862893,1364.9522686421853
30,1,644.0997070815154,1374.7187951814262
31,1,647.4530005050768,1381.4743700913768
32,1,646.6601800838541,1382.1448816885354
33,1,640.1774289924829,1387.5745787785488
34,1,639.3059229069298,1392.7798803770652
35,1,637.8222116831731,1398.9314835924938
36,1,634.5438055316824,1399.8668249838674
37,1,632.0782769486026,1402.6808162040195
38,1,631.6880322770926,1403.6937384803105
39,1,626.4844279992138,1403.9927591616408
40,1,623.8587229071693,1404.011795085009
41,1,620.1165653765308,1405.5059176333523
42,1,617.2829628544954,1405.9574578904205
43,1,617.1763833238899,1408.0582787574526
44,1,617.1915930505028,1408.489129776557
45,1,618.7080447734511,1409.2695382298082
46,1,618.2361318920589,1409.384792398607
47,1,617.282670597196,1409.9616186097912
48,1,617.4658886197515,1411.1743530693402
49,1,617.3045298017436,1412.0716070263775
50,1,618.1358990033291,1411.696755387896
51,1,616.9862623288789,1410.5018516540674
52,1,617.0873116259515,1410.5857337420562
53,1,616.2242639256527,1410.8897168815197
54,1,615.3815724602756,1410.9937896332146
55,1,614.6396979201268,1411.004788998107
56,1,617.2033706289915,1411.6935191544035
57,1,618.3897192515137,1413.1503835820954
58,1,618.0507204099749,1413.8551922021848
59,1,611.668795821139,1413.0637180155209
60,1,608.7053453533489,1411.905608808863
61,1,565.9825483203891,1400.1373192332276
62,1,531.4724674168791,1388.6345226741878
63,1,527.0966597769639,1384.2085997752524
64,1,522.9201318698821,1381.503637024589
65,1,491.97194706078153,1371.9008985455014
66,1,481.0874735215239,1369.3278230308736
67,1,482.4307821380852,1376.543579343777
68,1,470.25485566827206,1375.8201395570877
69,1,455.061641889142,1375.0467798972963
70,1,458.9786932430471,1379.053209050033
71,1,446.2900907885609,1385.048417197703
72,1,433.5199718871157,1390.233445587848
73,1,421.1828683166567,1401.7384233531109
74,1,416.4198214001908,1402.4909003252765
75,1,380.65285105554193,1400.8369877782693
76,1,386.67575416035925,1408.642610190234
77,1,409.5880251185507,1423.678044398466
78,1,410.85009995922076,1426.0486398752043
79,1,400.0209198065185,1429.3243901719688
80,1,388.320074520616,1428.31293722795
81,1,366.02222745592593,1423.5269924373738
82,1,351.53456772735336,1419.673320391024
83,1,345.8733193942043,1421.2965518550993
84,1,350.05240531633916,1421.8804306833833
85,1,352.9470713810632,1422.3344158897055
86,1,352.6217992677797,1421.9544552225775
87,1,351.0268950436216,1419.9935209304026
88,1,352.86495904239536,1418.4795175680924
89,1,348.2681636805367,1412.8355827494722
90,1,347.2989431226584,1412.1595110900744
91,1,350.72141342295834,1405.2385771095462
92,1,350.55177741686225,1403.134382852387
93,1,351.0238230670214,1396.5632522903365
94,1,352.61492209527427,1393.9959604073135
95,1,355.30172518451957,1392.6494756030436
96,1,357.4063748623645,1391.6931236973157
97,1,366.9118014680013,1383.2803246582355
98,1,356.3972509182474,1376.0583014218105
99,1,307.4228013589921,1361.8096706442218
100,1,304.2320324600114,1355.2337924955941
101,1,347.544561349084,1352.6358107449205
102,1,351.30761463408,1346.019701537645
103,1,366.94975731602085,1320.8981749488726
104,1,370.9024590638282,1319.4338100133698
105,1,372.8302624812364,1312.544382284234
106,1,372.70797037724867,1308.8064029638924
107,1,370.976043264956,1301.821290825144
108,1,371.72424392683473,1285.5792849773172
109,1,400.9485168525042,1247.548602411802
110,1,405.65741661923494,1247.089061041542
111,1,415.28619361232296,1232.5153061525357
112,1,418.85054627898023,1218.8883657682231
113,1,355.52144069570295,1161.5463757570521
114,1,432.6397111879229,1183.278745069851
115,1,468.3053556111763,1138.3193916366522
116,1,465.43005788850735,1143.6896500414916
117,1,476.6718846271627,1123.139747898415
118,1,427.0825431511415,1068.4157634072988
119,1,441.8059688070779,1055.7777345065513
120,1,448.99132944190444,1053.4446489619515
121,1,445.64191434738876,1034.8941355131153
122,1,438.4449164938036,1029.3796741685092
123,1,390.67039116951094,965.8286643177826
124,1,406.57490638927453,952.6757224546037
125,1,473.4339790737764,954.9978576771493
126,1,489.3195778867934,941.0176220165993
127,1,499.64366090391707,927.7947085945932
128,1,492.7323084771457,921.1485439739795
129,1,465.3807602711635,877.7287243519056
130,1,475.70829950975315,881.2153035168459
131,1,508.4195760465659,885.1989559331679
132,1,507.07220727571564,873.3985986261654
133,1,509.30903476644727,861.2469766382211
134,1,513.7926081248398,851.6512220008026
135,1,528.8479707716731,825.7065309994462
136,1,518.3293462084797,821.9292526129772
137,1,512.7830710815589,797.5433306949991
138,1,500.85607735794184,827.3868079209851
139,1,534.6565295132967,793.05467654998
140,1,537.1836310487187,791.3553202564179
141,1,526.8603379665677,779.5372524976447
142,1,531.6269181495834,782.5058607479203
143,1,528.2835137211267,779.0307055324266
144,1,529.1435344881999,782.1089926168634
145,1,519.3885919704225,791.120745835498
146,1,516.8036204405986,791.9221339240179
147,1,512.223122219629,790.881702582403
148,1,514.7108314387114,797.0931317811203
149,1,513.6462778184625,801.5813451492334
150,1,511.99885750805777,801.5529618829119
151,1,516.6484065935987,806.2878375059748
152,1,515.8820665364584,801.6017985517326
153,1,528.0425785426979,800.0664589501514
154,1,533.6461584992306,797.7752268330929
155,1,554.5579172278282,779.5723818773994
156,1,553.453571189892,773.0328992273963
157,1,559.7169578152226,769.1425354178274
158,1,570.713012020561,770.7669760404845
159,1,578.8117236549705,758.0885847377219
160,1,594.2152480020663,757.682127667031
161,1,623.497349188743,766.0875956479529
162,1,633.2381569935701,750.5256286660378
163,1,643.7738392115846,744.1473827181308
164,1,654.1411726039304,738.8703371212573
165,1,708.1804996750459,778.9508490491205
166,1,719.9195420781358,786.727684029857
167,1,741.6054606041155,799.1275248417962
168,1,745.8262343823884,799.8327724930537
169,1,762.6300635872238,794.4602766535025
170,1,777.8549231605771,799.6943241660293
171,1,814.6861340488248,807.0221413115828
172,1,816.9243939525046,807.2696916150961
173,1,830.5265948994975,793.631678184191
174,1,834.1902335985615,792.0960071174259
175,1,835.272403457766,790.7039902370203
176,1,834.6812758217623,770.0202153706362
177,1,836.472798068545,754.7726382259652
178,1,847.171040951385,738.1527410976936
179,1,852.9429046653485,724.7192350965186
180,1,854.3820514296428,719.713827912225
181,1,862.0750475937941,700.3308378513563
182,1,867.5835113491107,699.6061950875284
183,1,858.5890831240959,671.2240559498438
184,1,864.6608735439141,663.844541171077
185,1,868.9258506424843,640.0791075305017
186,1,871.386303564207,640.0037770349666
187,1,874.0979050723466,625.9683671905517
188,1,871.160097376641,613.2574013305697
189,1,836.8141832780494,547.4994831914807
190,1,836.0638046766771,535.2319155315215
191,1,842.1984380586935,535.5659889497816
192,1,842.0961720086914,529.6198491187691
193,1,837.1848540127505,510.005513530204
194,1,837.8216715840964,508.1949871341148
195,1,830.2738841516506,493.58984255052457
196,1,829.0468944685505,491.7212808209691
197,1,826.0769835280075,476.3072086493991
198,1,826.6657381547417,474.25016677128457
199,1,797.6313602121676,432.4789724284402
200,1,788.4071767398559,418.1659977220899
201,1,772.4951176654448,407.0652609923018
202,1,760.8372645628959,387.37610025100946
203,1,759.3024733585074,378.3010751992468
204,1,758.751211815891,378.52682703436653
205,1,756.7150871691069,375.8759625833466
206,1,754.9421553528896,372.861222768106
1,2,843.9653029080355,1020.9165412545158
2,2,843.9653029080355,1020.9165412545158
3,2,843.9938610270333,1020.959413953594
4,2,843.1283978730393,1017.9545981584746
5,2,838.8789956631047,1011.7620393091282
6,2,836.1801375348443,1009.7883963554751
7,2,831.1002411142697,1010.6207326923183
8,2,829.5533027409706,1010.8498846414544
9,2,827.9838762113881,1014.4970949239048
10,2,826.5732291772706,1014.9959816604771
11,2,824.7983631894339,1015.8721359109019
12,2,823.367763410374,1016.4344175351665
13,2,817.6113387466027,1018.046152610444
14,2,813.498278479838,1017.5955626595161
15,2,811.389007297378,1018.75558858522
16,2,811.559573188398,1019.056045761813
17,2,815.1699526638841,1010.2339598222665
18,2,811.9813639032833,1016.8214590551963
19,2,813.4001728774869,1016.5870176975819
20,2,815.695730180321,1013.7386533292703
21,2,809.1906496163616,1015.6858421764989
22,2,809.0498416637536,1016.455624181069
23,2,809.3671648711728,1018.614290984723
24,2,808.3628302439688,1018.606864166922
25,2,803.7428711071857,1022.2257879189156
26,2,802.2839104105313,1025.0107241000028
27,2,798.9328893572845,1029.0726152555324
28,2,795.7140408579672,1031.327767474386
29,2,797.1532199547428,1030.607987242601
30,2,797.3417453712706,1029.831000588903
31,2,795.9586573433623,1029.684042605637
32,2,796.393445460336,1030.7690186307484
33,2,796.4357429894142,1032.7744087931264
34,2,793.8010759257043,1030.5432842760674
35,2,795.0153719431364,1031.6651837783434
36,2,795.5246007076832,1032.228771326624
37,2,796.4170724943622,1033.030827808063
38,2,796.2891290480899,1033.4024033866121
39,2,793.2884787157498,1037.3163757297461
40,2,791.774157321906,1038.0358679388264
41,2,779.6587422288775,1046.2311278941925
42,2,772.5908865058419,1046.9129685961595
43,2,763.6829257076291,1059.5914359609412
44,2,760.5912924171613,1059.6057150827726
45,2,757.3747646963287,1065.701688743304
46,2,756.6770119236263,1066.3584044284821
47,2,757.2755770774567,1064.79665953365
48,2,750.9935880375875,1060.0074785661695
49,2,725.7974811230977,1045.2866437717807
50,2,718.599477040137,1038.434130781215
51,2,689.2571045585722,1017.6007462459662
52,2,678.9607885664341,1010.9483190088055
53,2,655.3850828249476,999.657174272829
54,2,645.3555527944278,998.0797849141725
55,2,646.7792179577443,1003.3564093271423
56,2,644.9340562347181,1000.9361168060811
57,2,645.0659669111047,999.9177180992539
58,2,647.6506848873667,1001.8016691621746
59,2,634.6916764350057,983.6791722931964
60,2,601.9418122880203,949.5583528749042
61,2,595.8118546787099,933.0295510111716
62,2,593.669892068681,929.638202352286
63,2,590.340108491927,920.5911059340527
64,2,589.6449952313849,916.5639842057922
65,2,558.7375693259081,876.5113329404709
66,2,559.1044630786917,872.9185434992127
67,2,569.1231738710221,862.6682671406483
68,2,566.7481516707495,860.2968715048476
69,2,565.8745362345065,851.9783662452993
70,2,560.0745083409201,846.4894214991581
71,2,555.4662725088513,826.0281698116354
72,2,548.8139486172524,818.7074583615317
73,2,505.0207981394338,800.0387797373778
74,2,496.94508550360297,786.419995781189
75,2,473.9020830647148,766.1435777028122
76,2,477.2177097715876,767.4196907765742
77,2,473.39057415104236,761.5975467644075
78,2,474.36621611437414,760.2445074081345
79,2,473.60833634669194,756.1449860643853
80,2,473.79629330588926,755.6844034074609
81,2,458.9022117089285,734.5113919877972
82,2,452.42670458615015,729.2801716733417
83,2,427.48943542560266,709.3489244324523
84,2,421.6735144778315,705.3182308919044
85,2,411.3939976569214,697.9615693062495
86,2,403.94910688860324,693.7934244958959
87,2,410.09894794618424,700.8529619653999
88,2,406.98895916676827,699.3536174645168
89,2,404.9292558633469,697.5262537057461
90,2,403.199817454784,696.6493769992139
91,2,395.12532410290976,687.0646692429839
92,2,389.21077338948425,683.8828674587672
93,2,366.0135559119312,665.2148757402706
94,2,353.2201934418442,656.0632047981917
95,2,342.0138116566243,650.6498741752556
96,2,344.79072675013686,655.558461341358
97,2,335.73940047537957,652.9856248012909
98,2,337.7314225839955,655.6891865618614
99,2,332.7528605422489,653.4774918491132
100,2,327.5389323899019,648.5402925163062
101,2,299.849720767018,629.2936792578395
102,2,284.7176497767761,619.113137367692
103,2,268.8380607478673,609.5920850032443
104,2,264.7682577292321,615.9813615676946
105,2,256.0277030409354,617.4445570464101
106,2,247.2871483526387,618.9077525251254
107,2,238.54659366434197,620.3709480038408
108,2,243.9084738725829,622.2351370001122
109,2,243.51986786461455,620.0806597224404
110,2,248.0857305771585,623.1123163191496
111,2,234.71115347492957,615.599178505546
112,2,232.8339076307427,618.0032719463223
113,2,228.70643070605638,617.8645300909303
114,2,225.44660217691694,614.0960472396728
115,2,227.88668521984926,614.7789915023744
116,2,228.78738211670353,613.8437064095958
117,2,234.99168092110415,610.2380596397819
118,2,240.67009455692425,613.498039018166
119,2,285.8114519849811,648.4124107831059
120,2,303.5863374193696,660.7044001692905
121,2,230.3419111995099,602.6038182021057
122,2,233.9365219245162,604.2340841533561
123,2,226.86568941410889,585.7612747771467
124,2,220.11994418741264,578.2960169199521
125,2,206.47345783862315,558.6665749349185
126,2,206.32354082710233,555.1975515436951
127,2,191.1135757181956,534.677154639704
128,2,202.97987331529248,541.9483542183917
129,2,201.41222447354878,536.3277510904691
130,2,204.48747863274295,536.5558141603364
131,2,195.86162601029346,527.4715627233912
132,2,201.50764224383565,528.7246364096013
133,2,156.99539349316214,479.3646473515101
134,2,170.82325919191302,461.79298607574856
135,2,182.97640212315176,462.7845992612832
136,2,172.15480147682806,449.0397718889298
137,2,167.44745209051166,429.90054322797687
138,2,173.89930716806575,425.4316985676502
139,2,158.69899160193748,410.6214822593759
140,2,163.66084640661705,408.4598376474438
141,2,164.76044298730798,404.0141013264893
142,2,175.18998154817638,412.94480553672736
143,2,175.6914668096188,405.95326472304413
144,2,165.15854188146517,385.2974062662831
145,2,162.58294857866738,374.0147983187596
146,2,164.74340671707722,370.60297348506145
147,2,194.10683114561812,365.0584518047036
148,2,193.32031398277886,354.86847620511406
149,2,206.4035707868689,353.7151870784597
150,2,207.46709382526961,350.8301653993219
151,2,199.40622924501602,323.1864321939268
152,2,203.0555898581219,320.6702705616192
153,2,209.6006711363738,317.5039884427788
154,2,228.85540361265168,328.0575060282994
155,2,246.95568394377352,337.9005854677844
156,2,246.29703333694454,331.2948808111397
157,2,257.35953393086794,320.2197814679995
158,2,260.3763817198329,310.4180566202908
159,2,256.72847034726266,298.52978293574387
160,2,261.2054724178234,298.6150420270814
161,2,264.93458576596856,284.9153327028845
162,2,271.0888487773964,289.0048903291592
163,2,267.4941786285731,282.7588529265115
164,2,267.03665532882343,279.9577366725597
165,2,261.9072399505106,267.68630989905927
166,2,272.05129197677843,273.572434796993
167,2,258.5086271538185,257.69356227468086
168,2,263.97403614354954,267.0606996550077
169,2,289.5125455907818,294.7029870074036
170,2,306.7835104992028,310.6978063745024
171,2,304.03865678335495,307.9612191040962
172,2,304.13346986706233,307.63596498382816
173,2,307.5099861530421,314.7175075331054
174,2,301.48223629462683,311.8519112658801
175,2,296.47504825909175,324.01922678771854
176,2,293.7120227781541,323.73292093004414
177,2,294.3185299501316,335.4991840918782
178,2,289.0938091216476,336.5017667650999
179,2,282.40052711277735,337.4453902471857
180,2,284.8724000130009,338.4946538155289
181,2,294.3926053178796,348.5289584837057
182,2,287.3344156350321,344.19905866740646
183,2,266.00407878910914,337.17355386427255
184,2,242.55839359344802,318.90701635391696
185,2,234.2027202011082,327.79561077657723
186,2,245.08285540285195,342.45031715854196
187,2,146.13524760938338,261.54313237208964
188,2,126.613834541553,250.52722515638376
189,2,50.69809856775144,186.3835690503629
190,2,81.29340801063972,219.71609805335387
191,2,220.5988071288747,361.71237578660936
192,2,240.73086835752798,383.1763194825708
193,2,269.5597351711896,417.2921920206998
194,2,252.63878051733303,405.42289324951565
195,2,229.6510252096193,397.05634908847725
196,2,216.17277182221073,386.53292967947726
197,2,252.2379203387403,419.6323795835859
198,2,248.54765744052037,434.7814151164199
199,2,258.5528727521642,450.74676810076136
200,2,264.3649912173028,457.7315563978785
201,2,276.32444827477616,465.0641197286948
202,2,275.80602666300797,465.4357137977392
203,2,285.10839555958785,466.47186510788237
204,2,285.3330082580945,460.3032816174602
205,2,293.41962322010187,450.67773104537196
206,2,304.75369456870374,442.2743961605093
1,3,979.2589171340048,1024.9499861095242
2,3,979.2589171340048,1024.9499861095242
3,3,979.2497411125593,1024.9541080866677
4,3,978.4512985383365,1025.172623866139
5,3,974.8087602396274,1024.4606911838764
6,3,972.7719036020424,1024.394484695027
7,3,966.3038321418305,1021.9244786489764
8,3,965.5161332042424,1031.0636493605016
9,3,963.0349564924596,1030.5317019184142
10,3,963.4332008750524,1031.5733662029154
11,3,964.3504196172851,1032.1385372225568
12,3,963.566941998553,1032.0133520974753
13,3,963.9690734758284,1032.8039257898765
14,3,962.4883807012296,1034.8628767870164
15,3,959.4486244181373,1041.740102861185
16,3,960.640760248118,1039.6614059142628
17,3,959.85529277042,1040.1180849897469
18,3,959.4782505164666,1040.3242247305034
19,3,961.1622823778308,1036.8520835741238
20,3,962.8607030815529,1035.1505021971047
21,3,961.1710484981714,1038.355812642671
22,3,962.3970447248187,1036.2752327052592
23,3,962.3511655423957,1035.3992484809778
24,3,961.335389832531,1034.0296907196448
25,3,962.045174292667,1031.9927656668517
26,3,962.6408882725484,1031.6719875239703
27,3,963.6236312942532,1029.3344510915308
28,3,963.1566935341251,1027.6576966467592
29,3,957.4769161177762,1018.8778440022197
30,3,951.7128470682428,1012.6782547508984
31,3,936.6790243424477,1001.2213986862185
32,3,934.4950925245439,1001.7403050403474
33,3,932.2974490872882,1012.596347084822
34,3,927.1680050607813,1019.6884607473689
35,3,918.0009165472657,1025.7108140911948
36,3,916.0988061400167,1026.4006307598181
37,3,913.6600125037082,1027.2668590772312
38,3,910.7580919864239,1025.2045970470806
39,3,876.9870740394985,993.6038364660031
40,3,873.1555480533118,988.800449826568
41,3,863.5288874371854,989.6626959938097
42,3,870.4117843578292,1002.2776161665286
43,3,864.6189393182233,1009.923494229249
44,3,865.9248182674521,1009.9521723339358
45,3,862.9835478560302,1008.7914615998259
46,3,860.6595394597315,1006.7559035862038
47,3,848.40616421034,996.5809178521913
48,3,836.0694912576319,980.4984179083922
49,3,810.7734340322243,955.510030668475
50,3,813.9280972533809,949.3306599342895
51,3,813.8394319726808,950.6166830273132
52,3,818.8264479238459,939.7871115603442
53,3,804.3967831207234,914.5809610629462
54,3,790.8783580135711,895.3798852643349
55,3,791.0215271549121,883.6650544834647
56,3,794.2356413996745,882.3725334821735
57,3,791.4861903417338,874.5715160028486
58,3,789.031702916286,871.9834929725068
59,3,762.2175824053094,845.3611126049224
60,3,756.5328803674909,838.8082479315186
61,3,723.3296912810421,807.170191104322
62,3,721.7922837342718,806.6464171022723
63,3,720.7236195846106,807.7834774583333
64,3,713.5554573432065,801.479093080163
65,3,705.7963748821595,797.1171812605111
66,3,682.6373992108556,778.1993603351395
67,3,652.1329628062842,759.4286699185395
68,3,635.3827800554211,751.9278783571912
69,3,628.1586121867275,760.1358056929105
70,3,621.8092791240533,758.1435213002743
71,3,608.1042852517802,752.5871831748775
72,3,603.4270967096071,751.1410769999592
73,3,586.6766503089951,743.802752547944
74,3,573.7915950466867,736.2017810499301
75,3,560.1733267453792,731.0842436654652
76,3,553.7573657338235,728.5884896616546
77,3,536.9047201371225,722.4497583168101
78,3,531.6570872203826,722.6466249522173
79,3,522.2548593307216,723.245732968638
80,3,516.9500069236033,718.8953932910542
81,3,489.57009674801253,697.9614302339528
82,3,486.9154598405479,697.5880502318167
83,3,479.2204014490866,691.1363685784505
84,3,479.9494211695076,691.150013805318
85,3,473.6390952768193,681.7317542255884
86,3,463.53966786094287,674.5984457537025
87,3,450.53689166127907,662.585480316388
88,3,426.3534308022871,642.2973049416039
89,3,422.5852806617964,639.2820836260486
90,3,421.5969619792149,638.911920707807
91,3,410.930521792307,632.0151109020416
92,3,407.24976784998586,630.0626155551138
93,3,377.4433513159906,603.2587722602759
94,3,363.7161653705463,592.6117233571525
95,3,362.2212740702188,596.7772997564272
96,3,361.042885854374,597.8779684259105
97,3,352.644805230764,597.9443917924997
98,3,351.1696520573274,607.6128765735168
99,3,347.48748116078656,603.7622110056712
100,3,345.9306806021283,603.6813630722359
101,3,327.6907787772636,589.671807566228
102,3,329.00312170230507,591.7219096636788
103,3,324.39761148921906,591.3925388075156
104,3,318.15020179226406,587.1333032826676
105,3,300.4773381977846,574.9822352869235
106,3,299.3776941757934,575.6314108996144
107,3,281.92296159929214,573.3608848653821
108,3,301.39372053213003,586.6033865427205
109,3,296.083771651999,581.4887237629865
110,3,297.5196928386334,583.0334696420907
111,3,295.8388294938578,587.2909758096349
112,3,299.3507289599517,590.1801175145742
113,3,303.74127334845866,588.8453096233926
114,3,295.4597746095549,583.5084649940396
115,3,288.37356660389435,577.7720148422006
116,3,281.28735859823377,572.0355646903618
117,3,274.2011505925732,566.2991145385228
118,3,267.1149425869126,560.5626643866839
119,3,260.028734581252,554.8262142348449
120,3,252.94252657559142,549.089764083006
121,3,245.85631856993083,543.353313931167
122,3,237.09918225068085,532.6124675862113
123,3,255.22608638059097,541.9749455073918
124,3,246.63892188965863,534.2437471993885
125,3,220.51662752621024,509.29668440821973
126,3,264.00834359154567,527.9004642679557
127,3,307.5000596568811,546.5042441276918
128,3,197.81048847614264,465.97941549176426
129,3,284.81302145645196,521.1150905854197
130,3,182.60210994386742,427.89873766480866
131,3,80.39119843128289,334.6823847441976
132,3,144.6631855384689,379.3091405675305
133,3,185.57834693500467,412.15473429138524
134,3,226.49350833154045,445.00032801524003
135,3,228.5235320037434,436.26842006003176
136,3,149.74900990049264,357.26434008208156
137,3,70.97448779724188,278.26026010413136
138,3,235.88315742190628,417.96451439364876
139,3,232.86545705735156,403.5899966955058
140,3,226.15266584752658,392.4200614465461
141,3,217.65896582505215,368.9753961254707
142,3,216.15997986450043,366.26751313557367
143,3,225.54302306572072,358.9849883672134
144,3,218.92242142138372,348.3563565811774
145,3,214.725988659221,320.17295617451595
146,3,230.3649348298317,317.304963915857
147,3,234.49634421177245,297.12159254400814
148,3,237.2866375188318,292.37027428101175
149,3,215.70993031949962,255.44872501814802
150,3,223.817010355432,258.71597491092206
151,3,221.41228418973512,232.69451042880848
152,3,230.7899222729691,231.2714432653864
153,3,243.82427699554881,239.00585574222012
154,3,245.1868379158127,224.34731001287983
155,3,237.37917712201934,202.57265367071727
156,3,246.67192208782748,197.07471409682677
157,3,252.28186700149237,185.18679590776358
158,3,248.0802727475564,172.88149975487698
159,3,228.66370485870274,136.12980625986543
160,3,241.19795732275685,134.63874957262257
161,3,253.29882965599631,129.92752584266114
162,3,255.87555471604696,134.07765073644154
163,3,263.79795066218674,120.62456736247017
164,3,269.65465782849697,123.1124647546631
165,3,267.9205321453641,120.79579860346553
166,3,265.4038290865428,114.66715294551419
167,3,265.9690474445747,104.81191844405198
168,3,231.3538805528573,58.79180080736784
169,3,238.33503469308883,52.79626361893257
170,3,239.27422922420766,49.96703063878488
171,3,236.67652928058706,43.74108032039941
172,3,236.76027826932165,47.881010149151706
173,3,304.8958087358056,119.31304260274278
174,3,351.4012179535032,174.49504492100476
175,3,300.8519223533068,116.5326650676252
176,3,293.05529699502205,108.24326585238464
177,3,251.5305390466618,53.00492600978928
178,3,258.4553350781697,58.78575670415628
179,3,248.68649064560046,47.532660098311254
180,3,243.38070790106593,40.62108771601268
181,3,318.69010537369775,119.06285613571194
182,3,320.6651831312102,133.86856774392876
183,3,265.8764939563791,66.62512298846657
184,3,266.19346367530875,65.70207820963535
185,3,277.8765090145607,79.9728727671092
186,3,285.15842823252797,87.39915802621307
187,3,290.8570047071979,93.00482738902738
188,3,289.48170565763036,90.82108024650312
189,3,290.54975343853386,89.34367762337777
190,3,291.3347040081989,88.81794394446979
191,3,287.7854610224878,84.54551136147269
192,3,286.46869311729006,82.47167870275028
193,3,290.06966988654835,85.85801887534113
194,3,285.6519910748955,79.8751164994929
195,3,284.1859115894982,77.82093334942492
196,3,282.9465127854116,76.30172379149846
197,3,285.5710907245018,79.38086504773855
198,3,284.40781699707236,77.91509614906721
199,3,284.4108923720534,78.67996509118709
200,3,284.94331785233334,79.27339405783206
201,3,285.8688867255276,82.65493021767432
202,3,285.585608508105,82.25401344104374
203,3,284.89374649568913,82.19598217530094
204,3,285.49740090759997,83.59282235953953
205,3,282.8443138644717,81.13748975119779
206,3,279.4084328339741,77.41258807363712
1,4,606.1894129441704,118.38414449226882
2,4,606.1894129441704,118.38414449226882
3,4,606.1337876651378,118.36037794605694
4,4,603.7770398551776,120.29363069331909
5,4,600.6403852855289,132.87527223671003
6,4,597.0980623021355,131.79498945145616
7,4,599.5161735368473,134.30981018655692
8,4,596.5226182176332,138.00258110784287
9,4,597.3911639802145,148.1398540822272
10,4,601.191342777062,146.42384322139654
11,4,590.7633157245756,145.98297552972238
12,4,582.9534611632123,138.36916724713868
13,4,548.8665831709164,105.88457912013818
14,4,545.3235483100095,108.93834874325165
15,4,544.1095561701014,117.66367785159544
16,4,537.3814031235286,114.51398852282652
17,4,522.8428010146278,115.52553513552668
18,4,527.4600744062557,127.09120551328033
19,4,520.5614192698753,131.93248519452314
20,4,500.3806356937917,107.71165168265803
21,4,498.6338054458521,113.18646601502549
22,4,489.73553429688235,109.61524241999518
23,4,470.27980654126094,104.40610849042143
24,4,475.3262853482298,121.51516606375945
25,4,456.1945166076651,111.73874524287265
26,4,453.44211072375657,114.73019247342202
27,4,438.7273344412395,118.99472409040096
28,4,372.37050173028746,38.581276045275516
29,4,373.2361057481018,55.82222077836758
30,4,363.08755542644565,52.299416324367634
31,4,389.42131589519306,114.5686267964428
32,4,379.4646087628846,105.97774772712285
33,4,370.7826929233364,110.56251167701099
34,4,354.99315706554484,96.06171546692373
35,4,345.77778121648674,98.20602707377866
36,4,338.5535908905625,92.77232907686417
37,4,316.6962709378627,81.04104500066634
38,4,307.6512013154845,77.4511731740777
39,4,318.64610537641937,99.37855235202773
40,4,316.69785577443537,103.97483063996282
41,4,306.8681735553051,114.732847082453
42,4,303.9751054058554,117.2348160442897
43,4,295.5580319783509,112.72881373023286
44,4,295.89683039533475,114.50523423906834
45,4,292.8063536199725,110.74111994406678
46,4,284.518273419445,103.88760827253462
47,4,279.453875609591,103.18913270939098
48,4,274.1845733514963,100.85983044113799
49,4,237.61348847466402,67.21311210528144
50,4,229.2464062031237,58.474477590171844
51,4,233.63741648096158,69.55132621304607
52,4,234.2097327731854,73.46065524576628
53,4,238.12234061532072,83.3536758529682
54,4,235.57860526807866,90.1333512562141
55,4,227.90716967415983,85.15939627817309
56,4,226.54141052415193,83.88567929787762
57,4,224.53247152284803,85.35776660012199
58,4,224.6390359062094,86.39463670233737
59,4,221.01089744580486,87.58624315724867
60,4,217.64235905187883,85.92591978533197
61,4,221.42304327085915,93.63664697954617
62,4,214.95855816034205,87.31091700604006
63,4,214.50538743824958,87.40914953766166
64,4,214.29093222193973,88.1641555149168
65,4,214.24760373298284,89.18133927742852
66,4,213.75254689118836,88.78007003090367
67,4,212.31189632283218,87.47522155718623
68,4,212.2112876358591,87.73736330188927
69,4,212.94405722503032,88.30436693312427
70,4,213.4539981604512,89.29265132867434
71,4,211.93863826072183,85.88478217671651
72,4,212.0153519526163,85.98116773905754
73,4,212.29302219216697,85.01270304765674
74,4,212.6787981122305,84.11263070282887
75,4,212.78877362878342,83.62977068573225
76,4,212.9412936935512,83.4789643865088
77,4,214.49330455886357,84.03858208141148
78,4,215.58586546736882,85.01223391144428
79,4,217.35857748439113,86.59582104195792
80,4,217.66174221306014,87.01191550741697
81,4,215.0407971481082,83.15443606386557
82,4,215.1470655572872,83.20807773972957
83,4,215.58387609174133,83.81144115022528
84,4,216.34977472294634,84.06432809879409
85,4,216.26401013528766,84.1037977303779
86,4,216.2434090817208,84.0883404802054
87,4,216.89625603722433,84.5900928454152
88,4,217.38736975973546,84.88614385473157
89,4,217.98112106188364,85.32367211317846
90,4,218.67104551535127,86.14746011232688
91,4,215.04231433066596,82.00677967118082
92,4,215.26969196388688,82.26685049297022
93,4,217.08001631824527,83.60103869588049
94,4,217.22521095947457,83.63770696441854
95,4,215.9497788752771,81.96562948769099
96,4,216.0947858792603,82.32518216913552
97,4,217.0964593850319,82.53196434367223
98,4,218.40282826539203,83.46045369867922
99,4,219.0879855995613,83.87246573051823
100,4,219.75813458515782,84.34753818183565
101,4,215.81778976725772,79.24182856799355
102,4,216.44917123517834,80.26085482703647
103,4,215.7239783780467,79.01957534876787
104,4,214.87225109396036,77.61185730177105
105,4,215.2338530611235,77.80801072299631
106,4,214.5406907872974,77.08812245857114
107,4,214.117002304362,76.55494807555569
108,4,214.7500604568862,77.2119171332306
109,4,214.33483442355416,76.70070856835581
110,4,214.99280953476645,77.42580566127552
111,4,215.44179757806788,78.31019723840433
112,4,217.30665569093148,80.56324873083312
113,4,221.3374970177991,84.38467662291966
114,4,211.19309217622043,72.21818190008122
115,4,224.34698441842383,86.20750580214086
116,4,224.28697140717722,85.04487986374549
117,4,237.45774319896339,94.9359250977424
118,4,238.3186628387123,90.74267241885265
119,4,243.8156410349398,91.60123431362996
120,4,245.08185568630824,87.74033642419458
121,4,255.7550318255068,90.4410302662465
122,4,252.84204367806154,81.5900018708609
123,4,291.20886713285824,107.65831144526334
124,4,296.87315216961224,105.95188376895088
125,4,306.2779614117143,90.07600579631824
126,4,306.54163946656655,78.78972502624099
127,4,321.01776578881993,79.9723856389835
128,4,335.0188635829555,86.7350659977696
129,4,362.2994805489496,89.37946844961452
130,4,364.3565570987995,81.3830093260223
131,4,377.3457866186292,76.59479636810875
132,4,394.3846789802455,83.65669827646724
133,4,428.78065841779613,100.29087622538017
134,4,451.7077164404912,125.81199649619151
135,4,466.1079093860955,126.64614080024784
136,4,468.5200814163062,124.09293253355835
137,4,476.8253316798315,116.07451218136906
138,4,483.8609809228017,117.7287955670328
139,4,491.98313710047614,110.85983202923796
140,4,506.5435667518861,120.19430792896831
141,4,523.5697208490318,128.29861700817202
142,4,532.75574396416,137.79440044611573
143,4,555.7020401780815,158.51265220596295
144,4,561.9709001736092,156.21119737801496
145,4,543.9471960483231,98.287826083926
146,4,567.8272290611953,121.77066346880405
147,4,554.7545116125252,78.14523335233328
148,4,617.5930505977609,150.906955275669
149,4,635.0750981716175,159.61263657043148
150,4,638.7277274947222,161.56799727080508
151,4,645.6970844872668,164.18219730089942
152,4,646.1474418349289,163.39249646740393
153,4,645.7122003336303,162.0542523756477
154,4,644.1876582362129,160.20326311626803
155,4,647.0434189645526,163.50528611799567
156,4,645.8607542202752,163.20742997663717
157,4,647.4730384952221,172.48151049052393
158,4,645.5288089009638,174.06491410646476
159,4,647.7057533700348,180.91546860969504
160,4,643.8130043122169,176.67072541436275
161,4,644.4615249183498,188.8724345252325
162,4,647.9247872165805,196.78095767086424
163,4,645.0908904370887,182.21539987088374
164,4,646.7691803955319,187.60465532898678
165,4,640.433252965861,199.19253511643691
166,4,641.0494854306511,200.0555253915269
167,4,670.3778057863475,254.2239248700404
168,4,669.3163909779967,260.6148314357956
169,4,670.6650084674799,279.2398592970021
170,4,661.546163559491,275.07592669966255
171,4,698.1576042756028,341.44446246038325
172,4,700.736540963971,354.57096599715874
173,4,700.9313312022925,374.10328078349545
174,4,696.9380759126018,377.5006309230258
175,4,704.4641634178846,404.90531317674015
176,4,703.1706566359347,410.6653970758881
177,4,682.23446879376,408.85736540517485
178,4,687.9148790007544,429.67665973682796
179,4,661.1175611707398,432.10810184011183
180,4,662.5105529280992,457.7271121303207
181,4,640.897878161086,468.3284923760132
182,4,606.7218925273922,444.92221828109854
183,4,641.544457467625,523.9145622505744
184,4,626.0907670960145,512.3772502392474
185,4,609.1124700188411,536.7840240893921
186,4,612.5628185059726,552.1903240747505
187,4,615.860850182184,604.773714811621
188,4,607.0450355049733,614.4641727200591
189,4,610.8589487767287,645.6225551817217
190,4,576.5519053910917,647.1962410062054
191,4,542.2448620054548,648.7699268306891
192,4,540.9937432886178,654.9225351873655
193,4,530.0503376479563,664.8548431859631
194,4,525.1381024601895,665.8732513714705
195,4,512.4892204579023,664.6480667417783
196,4,513.4616012325204,672.1131432406579
197,4,438.950476421651,649.0086611115861
198,4,384.469232181141,616.7888440542232
199,4,351.2172594961105,590.8789992446323
200,4,359.8584914012885,609.0297844793945
201,4,427.6987301368645,687.4509108632518
202,4,318.41614669136266,574.5342024830533
203,4,453.65638449662583,728.1182711444807
204,4,445.76752548089047,726.0099292102278
205,4,439.04632036919355,757.0303914453751
206,4,439.04632036919355,757.0303914453751
1,5,551.0187005772975,460.24575981659933
2,5,551.0187005772975,460.24575981659933
3,5,549.4463899033942,458.5782059042657
4,5,549.8592233334903,459.4778895406017
5,5,549.1669583431025,460.64314034430447
6,5,548.7685537430543,460.48881765011174
7,5,548.3743652355826,461.5200826369626
8,5,549.32987249786,462.41125042608087
9,5,546.9020457808017,463.58826045545595
10,5,545.4673031618697,465.6578698001267
11,5,544.3355295718014,467.6615674802996
12,5,546.12853140237,473.124006058803
13,5,539.6197879664594,474.262795110163
14,5,537.052628884335,474.28386677986197
15,5,530.7802073856599,475.1087716275642
16,5,531.2535863119166,478.65395359614627
17,5,518.3567674017872,480.139393752728
18,5,515.138991695983,484.9833361636132
19,5,514.3271599432827,495.16479667952393
20,5,513.2377815385773,497.66260103181946
21,5,503.9138921036265,494.1168316642436
22,5,504.33931667127854,494.93635417176847
23,5,498.4926372621466,491.7660077009787
24,5,497.7725187173803,496.4448608101016
25,5,480.22685774847236,506.83602448880777
26,5,482.8343416162403,517.3641767515105
27,5,464.2528207333697,515.111018194426
28,5,448.49939045330115,512.2340619196581
29,5,457.38387870028834,541.0496188851744
30,5,452.2585553068375,541.676359237297
31,5,443.84041184595355,566.011561540536
32,5,439.7769398122709,571.8450570756933
33,5,435.5709650543853,576.6633246013049
34,5,437.98162206058817,586.3661902648039
35,5,425.2031504458308,583.323096415728
36,5,421.4535354889644,592.0341842039379
37,5,419.2726835467711,615.1269544459985
38,5,411.85715789081365,611.3297410213705
39,5,399.48923171361304,615.8260820116657
40,5,402.82853529861313,624.2433209263411
41,5,428.04512155118334,662.8586085483055
42,5,425.7219559801004,667.7190999840873
43,5,409.35902550900374,679.3101492789751
44,5,405.414688166136,689.3509483987496
45,5,403.09652454361435,703.7666760269293
46,5,402.11370010296025,703.3375704521023
47,5,396.83531618871484,708.109101749031
48,5,402.44615735952397,715.8240191885222
49,5,396.7193497996665,717.874638224762
50,5,389.4096095052907,720.0090875446298
51,5,377.4190680207023,718.2369611247375
52,5,379.55618603500176,721.7832279307778
53,5,364.0927169320565,714.92118260078
54,5,364.1789320793841,716.5180666170014
55,5,365.69599702012465,722.4210359440586
56,5,363.54163264438375,721.763527506942
57,5,362.1875822621385,721.7086534732567
58,5,361.28139434235777,721.5598317273822
59,5,364.17250758107826,723.262480247674
60,5,359.2137818322363,718.8870329608757
61,5,361.5355499292302,714.0147517157199
62,5,365.6336072113581,713.427379249288
63,5,362.0373668719104,707.0097632824387
64,5,363.3997665783463,707.5263007739984
65,5,352.5324831961572,696.4656826354759
66,5,359.7039597000746,701.8552364734144
67,5,402.1046397066568,739.5211195228305
68,5,357.1377518354375,702.0819961136905
69,5,413.8356649051182,749.1435592314144
70,5,407.7663611177593,743.6904426575039
71,5,404.5710331159886,748.9922413188044
72,5,402.6298363386136,747.637936748032
73,5,398.0102198573175,748.9013759103401
74,5,407.4521669450082,755.6797194775836
75,5,406.04001590582425,760.0238765461153
76,5,392.55136402705847,752.9729913330091
77,5,381.82582748047923,752.8242781388253
78,5,366.6852578539592,746.9101967764885
79,5,364.3464894835112,750.003249581611
80,5,362.88725218039536,750.3924278529031
81,5,362.4094469725228,761.5730377305206
82,5,342.4939525739805,752.1032533667857
83,5,336.7077636300117,752.7628877469214
84,5,347.6876628796209,762.9309186016924
85,5,348.7230978089334,768.5500977201639
86,5,352.912694640585,772.5782819561954
87,5,365.8260463768387,783.4702940951154
88,5,365.68136731969827,784.4353424660471
89,5,366.8687553607177,785.0280543804226
90,5,367.1357155675757,785.6555136411635
91,5,366.97419535905726,782.9621868873695
92,5,367.0448451514412,782.6121379750361
93,5,367.2329500844622,782.5420064058077
94,5,368.379374284455,778.198442544637
95,5,371.4404657369375,774.1491478380178
96,5,373.4631137346889,773.9135276526969
97,5,375.934288606049,773.9639138647769
98,5,376.156417208524,771.3387224931195
99,5,380.6719972819308,753.5726661880844
100,5,379.74121291988524,749.0388756097225
101,5,365.19699564002235,724.4861360015952
102,5,352.67543031252296,707.2675677063824
103,5,363.4169213811974,711.0967637799913
104,5,362.71019998824926,708.4833620028425
105,5,363.29390198978086,705.6095439295915
106,5,365.95159426700314,702.3700391191834
107,5,370.1145890256842,695.1986270460111
108,5,368.4290929668692,686.9372781293472
109,5,372.3053195110642,686.7559559795573
110,5,366.9189338250267,682.722400416846
111,5,377.92058636201403,684.385995875219
112,5,375.1391519367884,675.7447673908378
113,5,337.3137306300763,633.9664492507343
114,5,352.8070423942315,646.1573082305188
115,5,350.06309148529374,638.9321162688534
116,5,354.2395543232185,640.4317343275349
117,5,330.63829456485337,610.6035382226983
118,5,344.28973567554243,625.1048541378665
119,5,348.754584751247,627.2615643120126
120,5,350.407443654406,626.5308588898525
121,5,348.35654551740913,619.5855390431135
122,5,349.8688178752578,618.1131847622981
123,5,353.5956505622557,619.6434664213348
124,5,352.8328240705282,615.3583485542613
125,5,355.3111171612194,609.7465842994502
126,5,356.6908995436251,606.8944927873437
127,5,358.0082344239934,606.7985771619055
128,5,358.7894311235788,604.0327065174474
129,5,357.95235736499967,601.7869422259956
130,5,361.5035846665099,600.7694609202257
131,5,353.56465342390413,577.5760462061205
132,5,359.2839045495015,575.0123571831576
133,5,334.96447824832165,537.718816422647
134,5,335.21449825703104,524.1177765494973
135,5,331.5933324606978,518.6962388546209
136,5,330.9979703617087,513.4310314262001
137,5,345.74340393431936,516.545371840425
138,5,346.0339045434958,507.58152335625283
139,5,351.8006294713933,498.86778615591015
140,5,368.4136759911707,509.2273758742814
141,5,382.41249328143647,505.5078554674279
142,5,383.4148281086049,502.5894124176447
143,5,397.4910434353289,487.8562140355133
144,5,399.3555032673982,478.21738344013085
145,5,420.6801964601707,461.9557711366758
146,5,422.21176848075186,457.82664003294656
147,5,423.3010781766052,447.2732434627199
148,5,426.3506696447312,440.3591150936525
149,5,447.17632976192766,440.22211618500194
150,5,451.862728864766,432.17551574318253
151,5,465.2606096524831,402.27084327148617
152,5,467.4186897705501,392.8805787140567
153,5,479.4251718343083,390.78856460361857
154,5,502.951775474191,393.09107996858904
155,5,497.3810692101212,364.6361853321039
156,5,540.3252878908796,390.60675038404867
157,5,547.9692555290457,388.1255768434692
158,5,548.8432089517224,382.0049621317219
159,5,538.1695829008057,364.16439201662456
160,5,536.1630922792084,354.06416951564483
161,5,539.4286877602524,345.7878707951573
162,5,540.2197286768655,346.3241827557809
163,5,543.5542114475822,344.10404571685564
164,5,543.7245137012316,338.80965225462415
165,5,542.3471895989396,335.0055011724373
166,5,544.0680794492633,338.24979316194435
167,5,549.6115585451128,342.35036925064117
168,5,542.3605283266666,335.93646018372544
169,5,540.5782495524057,334.6450862874904
170,5,536.9994166299148,333.95722069168926
171,5,531.9406785730129,338.01779892028765
172,5,531.2889433682692,339.6517232502299
173,5,530.6453504765353,353.75092763372095
174,5,522.6755769247889,356.9475687531608
175,5,502.6237361633683,375.02969363930015
176,5,507.6296051612934,383.04944228050977
177,5,472.3446282117965,365.52546923857005
178,5,460.91311473798197,357.84080853302703
179,5,507.3593680762819,421.8740598948305
180,5,507.89700368302323,433.29062890303123
181,5,504.1517421634667,467.90085486146995
182,5,500.8468043650358,469.6561646969402
183,5,494.02946885869346,487.0541489722393
184,5,489.1123376227942,497.1510531556819
185,5,428.4053294297092,466.8342743012591
186,5,344.5737115362018,407.5697986212545
187,5,436.7456913668035,531.51431541021
188,5,462.76654976453693,567.2776276171572
189,5,471.2695170681908,598.4005043396147
190,5,488.4921216727316,624.778044652459
191,5,457.02385677912645,619.6122523437282
192,5,442.55224747817863,613.9886381543074
193,5,446.43430421514137,650.008235172614
194,5,442.3538195153286,660.0338694164994
195,5,430.9923133629544,689.3274390568996
196,5,427.32132841664304,694.9975546305985
197,5,424.4554227049214,706.1738735962891
198,5,422.2039652747441,707.196584183203
199,5,418.2016926898935,710.76652631715
200,5,416.63779356970986,718.1635442077884
201,5,407.03231965730475,718.6588956455493
202,5,405.1033190112262,722.9952278310524
203,5,397.5926326420199,731.4371795292833
204,5,388.48732955436475,731.5815207863695
205,5,392.5634278773667,739.36130855747
206,5,406.4331518079247,752.7848138682864
1,7,562.8277932549047,1250.9433672519708
2,7,562.8277932549047,1250.9433672519708
3,7,562.6373229837371,1250.9822984830632
4,7,535.2548953476719,1237.1967382954942
5,7,544.2778679492859,1235.2877212815122
6,7,553.3008405508998,1233.3787042675303
7,7,562.3238131525138,1231.4696872535483
8,7,585.2509629724937,1231.1492135794329
9,7,576.2885965092087,1221.384538396441
10,7,573.9914772940242,1220.5782902014953
11,7,582.6315016330157,1219.4391755653558
12,7,582.1913334689036,1216.1275074634548
13,7,588.9850761076929,1209.0761160212967
14,7,595.4964366504186,1207.6372859289818
15,7,598.8027562140956,1203.4859944815953
16,7,599.4224574794935,1202.2446857848493
17,7,590.1224268401688,1199.7511288155101
18,7,588.5090098884642,1197.9177644318677
19,7,605.0054749877208,1208.9555746830895
20,7,621.8512743959454,1213.9782811142388
21,7,618.9285185459817,1208.062284271958
22,7,620.5149773383828,1211.0168215134856
23,7,606.939750197281,1214.3022249791447
24,7,594.9799476852035,1218.8344103495938
25,7,583.8927861488986,1236.0060944565053
26,7,651.6711114524817,1269.290911956347
27,7,662.0341134513492,1275.6933874348722
28,7,666.9660023841233,1279.2960897015812
29,7,666.5282047038644,1281.5678226990053
30,7,665.8392415878911,1279.8034613470647
31,7,666.4429057372139,1277.408351239566
32,7,666.6108271116768,1275.552697063279
33,7,667.0327147302218,1278.8535740647624
34,7,666.7812904369687,1280.656708145225
35,7,663.6590581551584,1282.9409691843628
36,7,660.9147238809014,1285.0315202335262
37,7,618.1063664381848,1273.7147260754616
38,7,595.8102457373707,1277.4534251613338
39,7,596.9605806481163,1283.068905870503
40,7,594.2049958868919,1283.9302999695738
41,7,586.7613197330177,1301.2481564543607
42,7,594.2215818502673,1290.7205612222
43,7,587.0719023625636,1308.18496290348
44,7,581.7567645207702,1305.9382443421214
45,7,573.131018324114,1301.890781846113
46,7,568.6432921193881,1299.1218552122614
47,7,551.6040803788894,1290.6440439475687
48,7,543.6069555273785,1286.715161089312
49,7,540.4483853593836,1292.5574085306844
50,7,539.8241640446829,1293.3104568683677
51,7,533.6851018384548,1290.3419345762688
52,7,530.0301121729465,1287.8855275245112
53,7,529.1668710405845,1285.2918586621595
54,7,526.673023402039,1284.853935288703
55,7,525.5870317754136,1285.7559160613032
56,7,531.0411778411773,1282.573463509659
57,7,536.3829122926271,1274.3472975355505
58,7,531.7159003936897,1272.0190883432988
59,7,525.4270159875223,1277.195580832397
60,7,525.0186929586504,1280.3767720816234
61,7,521.9460779156404,1275.3395128625705
62,7,524.5921669532852,1271.8697702076652
63,7,524.7566469062222,1265.4664064308317
64,7,523.2405169087534,1265.6446440694356
65,7,507.8183247972124,1263.0965768565459
66,7,492.07362959875246,1257.242914526113
67,7,467.27150931502365,1252.3975472415746
68,7,448.25553456879373,1248.651821391851
69,7,453.8809792977586,1250.6317897764784
70,7,452.8135038910545,1250.178074228111
71,7,450.7448621257264,1250.2166707904748
72,7,448.74311740243087,1250.625666648497
73,7,423.7919269452033,1243.0563372754812
74,7,409.80520409075956,1238.5295548715922
75,7,384.0312138882961,1228.999688675397
76,7,380.4366348653993,1229.0610631149266
77,7,375.07652744112863,1223.3985683655833
78,7,377.84463592200115,1225.2281694559783
79,7,376.4168870272293,1227.6078444235295
80,7,375.62042071595164,1229.749947679151
81,7,356.29974763927663,1230.5308455270908
82,7,344.03982010473675,1230.2744316130877
83,7,337.4318517348056,1236.3020921692382
84,7,330.01864594980265,1235.0866699091546
85,7,336.7423003947583,1240.4329263204659
86,7,337.86452838853126,1241.5302550833276
87,7,332.85689625700957,1245.002367273492
88,7,336.0498597680204,1243.2569020279268
89,7,338.2327951758226,1246.8139782416258
90,7,342.0034038953383,1248.4667035703753
91,7,339.94501483505127,1248.169762478725
92,7,339.8441807291611,1247.9829400690253
93,7,338.63519968315416,1249.767270723368
94,7,336.8411065198989,1255.396961229573
95,7,337.232080036608,1251.6809841491988
96,7,334.7948770641913,1251.3077761966108
97,7,333.6151476656205,1251.2613101369907
98,7,336.0814007285971,1251.1604771656375
99,7,335.85620224107265,1252.2847541918552
100,7,333.4058237494866,1250.7056139762458
101,7,333.5701196335588,1243.4283547384457
102,7,332.7212150507176,1238.7542816943255
103,7,319.0463219044596,1227.3037308001371
104,7,318.40121028054585,1232.311449201251
105,7,322.30793154072245,1225.6987315518077
106,7,328.2006504643752,1221.3115884162164
107,7,332.54306293460104,1217.8867265840847
108,7,341.2759869706762,1192.6658718252763
109,7,340.3852229473129,1176.8844942269557
110,7,345.22760601970106,1178.602360543033
111,7,360.3346482705455,1166.3516705722461
112,7,353.3565348835795,1152.3119058675525
113,7,361.85669086459296,1132.0411371940195
114,7,368.80489040662064,1118.58685336919
115,7,373.28888141392133,1103.0732134845134
116,7,377.772872421222,1087.5595735998368
117,7,382.25686342852265,1072.0459337151601
118,7,386.74085443582334,1056.5322938304832
119,7,391.224845443124,1041.0186539458066
120,7,395.7088364504247,1025.50501406113
121,7,400.1928274577254,1009.9913741764533
122,7,404.67681846502603,994.4777342917766
123,7,409.1608094723267,978.9640944071
124,7,413.6448004796274,963.4504545224232
125,7,418.1287914869281,947.9368146377466
126,7,422.6127824942288,932.4231747530699
127,7,427.0967735015294,916.9095348683932
128,7,431.5807645088301,901.3958949837165
129,7,436.0647555161308,885.8822550990399
130,7,445.63978338037043,891.515817149721
131,7,446.78287809746473,871.3605705480646
132,7,452.60353072001965,863.1763972214233
133,7,430.43767648130876,837.839726254181
134,7,419.35033398064263,824.4959885538102
135,7,419.0154295784513,805.7490553965515
136,7,422.0611826190691,810.5876787324208
137,7,421.54651044730355,793.7322044984353
138,7,523.3242863916568,796.4123350349151
139,7,475.4779984188089,806.6534735192479
140,7,434.8632979215061,775.9489224903785
141,7,433.52396042235927,763.4836339717593
142,7,439.71922247865973,766.6301616872927
143,7,435.1950160265242,751.5244377268859
144,7,440.99096449429504,755.353755126235
145,7,433.5621481197401,746.6810457953899
146,7,432.5715012768626,747.650999176615
147,7,432.95993664183766,748.6199242988953
148,7,433.34837200681267,749.5888494211755
149,7,433.73680737178773,750.5577745434558
150,7,435.7944277467038,755.2943768607984
151,7,445.0095358285121,767.4871066588762
152,7,456.2111043602883,776.3930020827868
153,7,445.6538172563004,775.211036079341
154,7,437.439006507653,776.5095885126151
155,7,434.096800368976,780.0741566810361
156,7,432.7329742381072,782.8818844993169
157,7,431.50597466533986,789.6772196967249
158,7,431.4770352780306,787.9991491834485
159,7,420.75253246489615,790.796116656066
160,7,418.94799492961045,793.5262199591668
161,7,429.5819325729354,789.4155782911592
162,7,432.63737652433275,788.7497298309553
163,7,435.88975570602616,785.7175197059324
164,7,440.51794455819623,782.3367704645055
165,7,446.7679287392351,770.274991476988
166,7,450.3157586883123,766.245296908251
167,7,454.1932943194025,748.3694096501473
168,7,457.0805721608103,744.6786594745219
169,7,461.4885287453891,737.8293981580695
170,7,483.94606418277726,747.7770631386022
171,7,498.46140974730764,738.3304582616959
172,7,502.3485087624777,730.678092071905
173,7,519.5608443960825,712.5345908958417
174,7,550.6842030677273,733.1790528737337
175,7,588.3292377782501,748.5744205471465
176,7,590.5554586439466,748.5428679178865
177,7,597.9532557459203,739.5960619672877
178,7,607.6970693200474,739.4836818625274
179,7,638.0797621297733,751.7501832718519
180,7,644.6168330158629,755.323444438765
181,7,660.2059572237814,743.7540550320175
182,7,662.7084931540892,741.9452037604293
183,7,662.8141024432673,738.7689050229612
184,7,661.7742312121838,736.0656952859985
185,7,658.3420139056428,729.3000027502757
186,7,653.2002870363452,721.0847893596961
187,7,641.7055150807515,710.2213912215668
188,7,633.8791900232417,700.6144852353482
189,7,624.318868789335,689.1160108059727
190,7,631.3815212271566,691.0339779078287
191,7,632.064024948147,682.9585610553296
192,7,632.8667585702628,682.3809246258205
193,7,627.7432903850312,682.2915643070801
194,7,625.8483821605449,680.7536951727313
195,7,632.3325750305019,665.1664461093194
196,7,616.0277626508196,665.5411400873286
197,7,595.7552731112862,638.2939839054718
198,7,589.4095801385391,622.6153121742901
199,7,583.9165181784809,631.3255032957575
200,7,586.1529035311976,628.441099889816
201,7,577.7318496499122,602.6239710816394
202,7,578.2028853373869,596.9449333705534
203,7,585.0594961784051,585.8779667742976
204,7,586.1999795169803,584.6470766359741
205,7,585.036808287719,585.5691691537827
206,7,595.3580056491796,578.3881950298469
