1,1,860.1143629539791,563.0231694956328
2,1,860.1143629539791,563.0231694956328
3,1,860.4157712175531,563.2775353259856
4,1,858.0837177682232,561.1314252074901
5,1,857.6376412702423,560.9299298564742
6,1,858.0297467083037,561.8507513217836
7,1,856.0202978844322,559.447958386034
8,1,853.2732284874699,556.3466639789743
9,1,853.0947547023254,556.584731063289
10,1,854.3352373830226,558.4616989047335
11,1,854.093491753602,559.1265415783919
12,1,853.626107593787,558.670308652914
13,1,853.2387204820054,558.7679408775836
14,1,854.0007019826774,560.9982398631504
15,1,853.7833518943996,561.3768142468853
16,1,853.3362394263854,562.3699423026699
17,1,853.9207389778854,563.2863652706627
18,1,853.642685876338,565.7700128265209
19,1,852.5549289981127,565.9602208244156
20,1,851.9112887558329,567.0059155062709
21,1,851.8438678243074,568.757310473172
22,1,850.5342360609449,570.5118727698718
23,1,848.2131332973252,568.8882552060865
24,1,839.9936105797259,561.190967942627
25,1,836.3984513193539,559.4429421238863
26,1,829.5422279780149,554.2357329911064
27,1,822.428732223682,546.3210358003671
28,1,815.1941096473076,546.1277503484501
29,1,813.3247153271892,545.4439828317308
30,1,804.2656062293878,540.3925947207779
31,1,800.2093039932588,542.7358156119493
32,1,798.4581374844233,546.033960595467
33,1,798.3799569542606,546.0956338518272
34,1,799.0773792373586,547.3604093217838
35,1,798.9038290121392,547.7650148526084
36,1,794.9705228573055,548.2540804561647
37,1,793.0584533337201,549.6508673610534
38,1,794.5267238699712,549.6081669474787
39,1,795.1305037344131,550.333181087822
40,1,798.8861022798134,542.8339480089254
41,1,792.9356963169629,529.7177626364474
42,1,779.9419299314341,513.6581309596893
43,1,758.9577826354217,488.69805515648727
44,1,742.8317888852575,480.63270554240574
45,1,741.299315547611,479.5867362445745
46,1,727.4300954520271,462.48767252982765
47,1,711.7920395467263,445.2910194541194
48,1,698.1265903302141,440.2398992756388
49,1,696.5589039236768,442.20993789655694
50,1,689.5834509387541,433.96380206447157
51,1,686.074605010824,436.07606117467174
52,1,678.2294903912822,431.121941097664
53,1,672.9345601321352,426.5967747088715
54,1,653.5771308859562,415.98808265069067
55,1,633.6396509255283,396.51051459947485
56,1,601.5598316842792,363.0929600049174
57,1,617.3564462413227,383.8603538801315
58,1,588.9377204174663,367.3868952176407
59,1,583.3459171666885,365.0020868085698
60,1,564.7214856593268,354.0279723534337
61,1,561.532970250864,364.92379261114934
62,1,558.3444548424011,375.81961286886497
63,1,555.1559394339382,386.7154331265806
64,1,551.9674240254753,397.6112533842963
65,1,548.7789086170125,408.5070736420119
66,1,527.166865112532,388.9781722981512
67,1,543.7717060816217,411.03051232474525
68,1,521.9047862574405,394.1550358457809
69,1,500.0378664332592,377.27955936681656
70,1,478.17094660907793,360.4040828878522
71,1,519.3352959587771,410.02634523038273
72,1,525.3460782685958,418.38222220733763
73,1,524.035232991173,417.03290227282093
74,1,506.5882999864401,372.41617401652593
75,1,529.1402397603565,414.7449107870088
76,1,537.1675358467837,413.0614687807394
77,1,530.8270842359159,409.13850357340937
78,1,535.2094822297593,412.6563050332496
79,1,540.4190082026577,419.76289657236936
80,1,554.9927812419998,438.79381783370917
81,1,563.6491897575588,446.4526008032883
82,1,571.2774270721745,436.0609881228798
83,1,587.8873922562881,450.0995483361478
84,1,615.3234437772786,477.3350294353905
85,1,619.1580717848817,479.23366055513327
86,1,622.3006101876572,467.1366307090929
87,1,621.6550866143425,459.9289614424886
88,1,631.5145977859324,449.587246274767
89,1,638.4902574918644,453.81598645110995
90,1,640.5375399353283,454.6786886347089
91,1,643.4022285483704,455.5192131448823
92,1,644.4940984435476,450.6667866269926
93,1,642.7900245049929,453.2350067953313
94,1,631.7934354576461,460.77812906740775
95,1,634.1169208282712,467.66647852311837
96,1,609.1926569720101,445.51632854284713
97,1,615.5429150272994,449.3931148045703
98,1,620.0258920593162,471.99004987344995
99,1,614.386943004298,481.50090937877314
100,1,613.267314572774,492.5906769520569
101,1,611.7735536580576,495.1611000864344
102,1,609.3359054687688,519.2210136946682
103,1,606.4480930670836,521.8766989931238
104,1,628.975088975164,575.1201060096802
105,1,626.1572975811581,597.7334177274545
106,1,620.3245839008127,606.7361632296787
107,1,622.7855313523344,611.561305468903
108,1,617.4517399359909,624.1828289180808
109,1,597.1500345382511,619.9958903795905
110,1,579.1002437649179,634.3820661131346
111,1,584.1258720962987,636.0785077773027
112,1,564.8074700140229,654.3128165195141
113,1,566.2472331963178,663.5384384705784
114,1,557.6437744819779,677.6404120667123
115,1,549.0403157676379,691.7423856628462
116,1,540.436857053298,705.8443592589801
117,1,531.8333983389581,719.9463328551141
118,1,523.2299396246182,734.048306451248
119,1,514.6264809102782,748.1502800473819
120,1,506.02302219593827,762.2522536435158
121,1,497.41956348159835,776.3542272396497
122,1,488.8161047672584,790.4562008357836
123,1,480.2126460529185,804.5581744319176
124,1,471.6091873385785,818.6601480280515
125,1,463.0057286242386,832.7621216241854
126,1,454.4022699098987,846.8640952203193
127,1,445.79881119555876,860.9660688164532
128,1,437.19535248121883,875.0680424125871
129,1,428.5918937668789,889.1700160087211
130,1,419.988435052539,903.271989604855
131,1,411.38497633819907,917.3739632009889
132,1,402.78151762385914,931.4759367971228
133,1,394.1780589095192,945.5779103932567
134,1,385.5746001951793,959.6798839893906
135,1,376.9711414808393,973.7818575855246
136,1,368.3676827664994,987.8838311816585
137,1,359.7642240521595,1001.9858047777924
138,1,351.16076533781956,1016.0877783739263
139,1,351.0894785006808,1021.9068927020072
140,1,347.6392869311533,1032.1339799792745
141,1,341.963078607274,1033.3253975787588
142,1,336.09452894898584,1038.0556718359474
143,1,332.69994916255087,1041.293101247848
144,1,322.921460442995,1050.0373144242506
145,1,312.9752724654095,1052.778942740858
146,1,303.69640871296167,1055.6198153274865
147,1,312.53624382886784,1068.0060638735
148,1,292.7350771059157,1067.9729581867643
149,1,288.8082711402608,1068.5607183758427
150,1,296.512395797688,1080.4600785220273
151,1,284.55332449398793,1078.4577254587177
152,1,279.2429697256007,1086.4376745872212
153,1,257.07596636560555,1108.7488062984291
154,1,234.90896300561045,1131.059938009637
155,1,280.2847963008711,1154.6813099800713
156,1,279.9226346717106,1163.518149107289
157,1,237.9743816148515,1151.3989575693731
158,1,261.8630348992686,1170.2853741560946
159,1,270.0042821823872,1178.8202353086745
160,1,258.46996833646006,1180.8459288287847
161,1,245.40347991372133,1182.4093891796333
162,1,225.29539574196602,1184.438531377907
163,1,228.6120768955906,1189.698061108429
164,1,262.61685439449235,1209.6164707226392
165,1,279.3892031921796,1238.5916484287948
166,1,293.6681236119938,1255.9601070813228
167,1,271.10959053089374,1254.6006838447238
168,1,273.83404930654757,1262.5618069410941
169,1,276.0187794168268,1267.8450121702058
170,1,276.6647176247542,1279.1924069430231
171,1,273.65620447987845,1281.1763126758935
172,1,278.9481040264937,1291.4427034721978
173,1,296.36233542167173,1298.7395391052553
174,1,341.583356268871,1317.3040860709607
175,1,340.1948036410919,1318.1203550478833
176,1,358.75405072844126,1328.6935544062178
177,1,356.2534398096283,1328.2619226238817
178,1,356.55858482202893,1333.6031489109928
179,1,358.2494425232877,1335.1543619821812
180,1,365.6152497500928,1342.9192461626462
181,1,365.929174079512,1345.4738926659875
182,1,376.41691737730116,1346.3644363277517
183,1,375.88624983612965,1346.6163117616106
184,1,429.0218797082291,1360.6289533998263
185,1,419.2293780284346,1358.300993804893
186,1,451.1918294014073,1363.3605159444166
187,1,445.5083719658938,1355.9381517473726
188,1,440.6868292258888,1366.9507473191466
189,1,449.18378674274686,1367.2378534744867
190,1,465.0178788038042,1370.2384744286783
191,1,480.8519708648615,1373.23909538287
192,1,496.68606292591886,1376.2397163370615
193,1,500.12868508231423,1377.34277848162
194,1,511.40883873918176,1364.5167267835275
195,1,522.6889923960492,1351.690675085435
196,1,533.9691460529167,1338.8646233873424
197,1,545.2492997097843,1326.03857168925
198,1,556.5294533666518,1313.2125199911575
199,1,546.5124273702481,1303.2438874174038
200,1,536.4954013738445,1293.2752548436501
201,1,510.05919616001984,1274.926398344763
202,1,522.415693037449,1242.9778940432857
203,1,534.7721899148783,1211.0293897418085
204,1,536.6663772016296,1197.2093234432937
205,1,581.8615691221307,1209.7607071695513
206,1,588.3977529528562,1197.3617728243703
207,1,589.853368134258,1190.2873935700654
208,1,540.1041771047263,1137.7613305042173
209,1,528.772881747768,1107.719701465015
210,1,517.4415863908096,1077.6780724258128
211,1,525.2784113571254,1071.2881819967781
212,1,541.020791756981,1068.1620530117589
213,1,520.8842498638005,1040.0288468653127
214,1,461.6196325058103,971.7589577032873
215,1,582.4269789464629,1035.099970493495
216,1,586.5182129862447,1015.0178982831554
217,1,585.6042895841117,1008.2995617476826
218,1,545.0638346886589,975.0012742666789
219,1,454.7306001434339,894.1937428722933
220,1,449.8198110958857,864.1279914901922
221,1,366.03164028044273,801.0892137902066
222,1,508.8518156940747,882.9397270872563
223,1,516.8459405233465,875.5169362026057
224,1,520.3760248957757,871.9970390108576
225,1,518.4772757740993,867.030312706951
226,1,510.3304442006645,857.7758095121682
227,1,502.18361262722965,848.5213063173853
228,1,494.03678105379475,839.2668031226024
229,1,485.8899494803599,830.0122999278195
230,1,477.7431179069251,820.7577967330367
231,1,452.06079299716396,813.9725431969331
232,1,441.9818398700807,817.830939118455
233,1,433.5292033124208,815.1120832493291
234,1,424.4692989441797,811.8646204698598
235,1,421.1517487034297,810.5537350491298
236,1,422.7272087516453,812.3520064465224
237,1,420.3593404521536,808.9408274566786
238,1,435.8980333428463,813.6445507421801
239,1,428.2219916399874,811.615921111436
240,1,428.84575409469363,809.0834311855149
241,1,431.71791046069427,804.8401501829003
242,1,403.4640140385973,728.7667260495057
243,1,446.5670672131217,782.8526778082783
244,1,517.7674566530968,784.714744527719
245,1,465.8906510948147,761.2858057112501
246,1,479.52250906197173,753.5920905263579
247,1,467.01526865581036,736.5564443795347
248,1,454.50802824964893,719.5207982327116
249,1,442.0007878434875,702.4851520858886
250,1,429.49354743732613,685.4495059390654
251,1,429.64252582971136,679.0491072961315
252,1,339.6196650591318,598.1464088294047
253,1,249.59680428855228,517.2437103626777
254,1,420.46828456416915,661.5934362003771
255,1,422.1273495881312,660.2048379112927
256,1,423.75447536882166,665.9153506039437
257,1,374.97509229057965,636.8265780283947
258,1,364.229067588566,604.4819316084072
259,1,369.4697962317705,606.395085385592
260,1,377.5937383971974,620.5813775840658
261,1,376.7091680762388,614.2685923510128
262,1,395.8169399526327,617.2284649285258
263,1,390.21740336732813,614.3468169743326
264,1,370.25191430638614,602.1272333467732
265,1,372.609564653411,601.0598001330375
266,1,371.42112277771713,594.4850569261208
267,1,379.54186354436797,593.3847124931287
268,1,380.5338053259243,576.8253898055177
269,1,354.37861133842216,517.4517670877458
270,1,377.96809628318056,538.1996151663844
271,1,346.31673507846375,494.84150106208136
272,1,359.6673136476355,485.6264691179445
273,1,358.8563695441445,486.86614855375257
274,1,341.0129265829791,430.5917328156033
275,1,323.1694836218137,374.317317077454
276,1,518.8986668586138,447.75549256167386
277,1,491.0444953788258,408.2725543462748
278,1,453.0285120563915,345.1992027313918
279,1,518.5823383649375,409.3254906226945
280,1,479.4113395240013,352.76316867405944
281,1,508.39476252215286,380.62600528665416
282,1,522.4313865104014,364.78351119555356
283,1,537.4869093676556,371.4545438357196
284,1,525.9714158038745,345.7965138223208
285,1,530.5657993837717,348.80969980095546
286,1,538.7925912209384,339.96350173384366
287,1,543.4348626002327,332.3576593897548
288,1,546.3961872083273,311.4945273281731
289,1,554.8304299334565,311.49563707245807
290,1,562.7909338094503,297.90501178206483
291,1,559.3243753420944,284.8171628013606
292,1,563.7046023647097,281.7768467551018
293,1,565.8395534254165,282.6869153553048
294,1,574.2600094188701,279.3667094654906
295,1,578.334440386818,276.6395129006667
296,1,582.706234960855,257.2403411315517
297,1,586.4200033704307,251.60886510038648
298,1,586.6361671310841,234.03686324804642
299,1,588.7326762109348,232.3656963579394
300,1,593.139747726578,229.36349192329047
1,2,579.5241535096209,1136.2756711781908
2,2,579.5241535096209,1136.2756711781908
3,2,579.4661484367797,1136.3086944450265
4,2,580.7359900982995,1136.9742688748015
5,2,580.8363393901101,1137.0444602613181
6,2,580.6632686480569,1136.9820840920927
7,2,580.8400649531934,1137.014876379849
8,2,580.915667747127,1136.8617274930618
9,2,580.7705504511645,1136.8768521876364
10,2,581.1476776070975,1136.9249715846333
11,2,580.9134222186526,1136.827494372483
12,2,580.87502055387,1136.7837078176228
13,2,579.9885343372044,1136.0371731765888
14,2,580.6340200350863,1135.9843559056546
15,2,580.9349271286599,1136.1288913053809
16,2,580.1256999566303,1135.951336518679
17,2,580.491571306691,1136.2133859406654
18,2,580.9823354658483,1136.244665793677
19,2,580.9177006523298,1135.533155602885
20,2,579.9692219558463,1136.503537877038
21,2,582.0943684405291,1137.3215570678963
22,2,580.9946114738527,1138.027371113492
23,2,580.4429651785294,1137.4555881306935
24,2,578.8206984169423,1135.3986534635237
25,2,578.139426396424,1133.0408217213367
26,2,567.469410349881,1126.7218030288652
27,2,556.2407461604862,1118.9156177468894
28,2,534.447633409157,1103.9941513004464
29,2,533.8222136092174,1102.0927413922198
30,2,535.5242970179538,1101.0748461656838
31,2,532.8417568772305,1099.6704966337425
32,2,534.5607967637142,1099.5990058794916
33,2,537.1440169816195,1097.9066195123924
34,2,538.613670309597,1096.3268253070512
35,2,541.6114277837346,1095.1233000124873
36,2,502.5683426398281,1058.9914652357045
37,2,467.87607552782333,1032.9928103414948
38,2,472.6903217035214,1021.8952598703974
39,2,476.1857762189817,1021.2838609014012
40,2,482.23685826419205,1011.6078616101986
41,2,476.13013780458505,999.7935448156983
42,2,465.3623184325975,972.5476765864482
43,2,458.06321904233334,964.2037153621777
44,2,453.2423011652338,943.9767131565594
45,2,453.3417586935869,934.6197382357454
46,2,465.3776278009635,920.585580140367
47,2,469.33009349022365,916.9029653416096
48,2,471.3811921832215,910.3384541620945
49,2,472.79591235328047,904.3636178314606
50,2,473.4845292341491,895.732709480134
51,2,463.9443893659757,887.0217276136356
52,2,456.2314357924092,874.2572311161857
53,2,450.1981249104009,864.3965021089166
54,2,440.80017497339395,852.1406884829121
55,2,440.4360393985998,851.2237931866115
56,2,439.9723192736365,847.685998989685
57,2,438.26665312991764,845.1519962227513
58,2,439.23519263258856,844.7104027119918
59,2,440.0065089677387,844.7708025726198
60,2,441.0420094274687,842.4332416760077
61,2,441.5611249462752,842.2883395912658
62,2,441.1572342897906,841.5094312450633
63,2,440.8772398936518,841.5314510900579
64,2,440.75166143879784,843.9377242260911
65,2,439.70911411206214,843.6025604700097
66,2,442.08831032699715,846.2168396756708
67,2,444.0314975434629,847.6369593624472
68,2,440.5998797810127,851.6699718687493
69,2,439.0409999024134,853.0711928073243
70,2,440.6591379020844,857.5803922861973
71,2,437.95574645225906,859.5023564507588
72,2,435.58313659795186,865.2601683244158
73,2,439.15235505454973,869.6773003103568
74,2,441.25414044913225,880.9330567873442
75,2,443.60730932687636,884.721591619511
76,2,448.6553984624458,900.9154849042102
77,2,453.7809918077946,907.6835637774731
78,2,459.79972958458546,916.1660646461754
79,2,459.91883151855274,916.707633426008
80,2,459.33834738033653,916.9485133693142
81,2,457.92672867419066,921.6851053441098
82,2,449.87109188107394,928.5556040291603
83,2,450.24208345933073,931.0779102953467
84,2,454.45987060326513,939.8568148312481
85,2,458.2668247918773,945.6004326605611
86,2,450.6797391193052,946.2647985088138
87,2,451.2248409695491,951.9298835720349
88,2,448.8970467853788,953.0391802045511
89,2,448.0467205945678,953.7491664869964
90,2,446.1921998248051,953.6530392871523
91,2,448.17275749466546,954.9350883960034
92,2,447.9827580949533,956.62312766324
93,2,449.35137057246806,957.8310662857007
94,2,449.60514237706224,958.498652471609
95,2,451.46358181318533,958.8971070745097
96,2,452.936252915674,956.6026050584264
97,2,453.34367037476625,957.4932171311023
98,2,455.2893907811583,962.5271435944462
99,2,455.2558249377499,965.0627815969458
100,2,456.47149683809596,968.8321474472898
101,2,458.2003050112308,973.3269236426225
102,2,452.38773362870876,972.469939486323
103,2,447.16620502416146,971.432087599665
104,2,446.20549749657914,980.5443647022227
105,2,439.22746311748244,978.9691228547199
106,2,446.8176498184148,990.1323394743051
107,2,473.02536383352106,1017.7545329090985
108,2,477.073378189548,1031.2575072605557
109,2,474.8333490663572,1035.0099154779573
110,2,476.7088578005039,1043.8857390879436
111,2,479.38257782101164,1045.1001171809241
112,2,477.7880348755151,1048.8194431597854
113,2,467.52006113488034,1055.8209993307187
114,2,455.101880135527,1068.7758804346863
115,2,452.3733978855161,1073.5606374948638
116,2,437.4111693257878,1080.9887276327877
117,2,431.21931337259014,1085.362411191128
118,2,410.98096740205915,1098.9532650978285
119,2,407.50873968115,1106.495810734231
120,2,395.47911066552723,1114.5846089982679
121,2,391.998089983274,1114.377926373784
122,2,383.2928925539062,1117.9481099705818
123,2,379.93605176799804,1121.942994389537
124,2,362.7128936785533,1139.226378424392
125,2,355.78019706052356,1141.558525202919
126,2,351.4216169196175,1141.29150586669
127,2,334.8213704226914,1145.8655967229233
128,2,323.1637258578032,1166.6653119230186
129,2,322.005021778517,1169.6220252098865
130,2,314.17835420582946,1173.6708599576627
131,2,309.7997522227114,1173.4870146976552
132,2,306.06647739887677,1176.139449101189
133,2,307.5400428330154,1177.2182305393403
134,2,301.485948677057,1174.435396053669
135,2,302.0975927189605,1173.1741600445519
136,2,319.7331364899852,1174.5221804541254
137,2,314.21712266617925,1170.7704422799563
138,2,332.5461690456144,1173.2699471607696
139,2,331.64034677092917,1169.125294370559
140,2,328.5865509119556,1167.928731595469
141,2,348.4545755358596,1173.0255567845622
142,2,393.2797443371635,1170.6344768374634
143,2,394.9033170639083,1166.4659312592562
144,2,396.09492301631235,1181.8560598604936
145,2,404.76048273576464,1170.7233719821759
146,2,441.1126365462835,1185.2468126645829
147,2,453.4198022609322,1188.3289582275836
148,2,456.89732739459134,1186.5416537014148
149,2,464.29731554990286,1192.1027588838413
150,2,501.5059349499604,1205.1518199514971
151,2,516.6952123372437,1214.0003934196202
152,2,537.2936703858604,1219.032151431788
153,2,537.5126132211126,1218.0907481147335
154,2,532.1270726371422,1227.2590673905293
155,2,530.6342047440072,1228.2487379612671
156,2,529.9380819099904,1228.386194864815
157,2,529.0224335689145,1229.5310815225473
158,2,525.7628303938358,1224.2260849298323
159,2,523.8889669605073,1224.427105327659
160,2,524.9856985573748,1225.7832507160463
161,2,524.0490495630748,1224.5782627504607
162,2,524.8565104058636,1225.7659466160649
163,2,526.044460575426,1223.9749100379934
164,2,518.8807583947417,1218.9715906067772
165,2,519.2489465535832,1219.0029939479293
166,2,507.6929997758373,1215.0778467998625
167,2,500.21451417048587,1212.5339804693278
168,2,500.41964920010395,1215.0837033714652
169,2,499.01154022151997,1216.3205510297453
170,2,496.3864463925269,1217.548453581404
171,2,490.3553916905347,1218.3063667810213
172,2,481.77655863919074,1227.5421999940686
173,2,478.3423337266521,1230.9413362514415
174,2,479.83973969127663,1245.4843983559492
175,2,475.45167840709064,1245.8791605452284
176,2,479.6373051257875,1260.0956689016944
177,2,479.539824020883,1261.0184607678425
178,2,485.44307981403745,1265.9895861590655
179,2,486.79210023709913,1266.4871374571799
180,2,487.21922429793443,1267.8321835462395
181,2,485.0748300766138,1269.1538198186365
182,2,485.38829205019516,1268.6847453736132
183,2,486.2189466829869,1268.4563332250998
184,2,486.67469318827307,1263.515808377497
185,2,488.5039112306921,1261.5540968158687
186,2,488.0150431952885,1265.3713269354434
187,2,485.91015129027,1266.208830640462
188,2,488.4501433746682,1256.587997916078
189,2,479.22302519173843,1260.2426742682721
190,2,473.05613614311943,1254.8008486254942
191,2,474.59058173501205,1252.6673311440456
192,2,474.04625230259137,1250.2307157235275
193,2,480.2921526659667,1239.183048663874
194,2,473.4476188777755,1253.4844081059423
195,2,462.89280879042514,1248.4626824870334
196,2,449.7590852641624,1239.7923966973729
197,2,438.04412360745624,1234.6835029862561
198,2,404.00406712935245,1219.4992895207881
199,2,401.30705521202657,1211.2269048588473
200,2,440.67402745359476,1227.7204062459937
201,2,415.89406693881597,1211.2088764999087
202,2,410.2034813487042,1196.8972421621988
203,2,436.5992700149823,1205.0042804396405
204,2,400.48745862886835,1174.5846691882487
205,2,391.6570645282473,1174.3995790900924
206,2,365.3893025724755,1163.6516176818668
207,2,364.4452983919231,1150.9646249678776
208,2,360.04563298012965,1152.8508806876032
209,2,360.8818312593457,1150.5484786617885
210,2,361.0914563905322,1146.873447688256
211,2,365.20567124063933,1145.120540449721
212,2,367.67148081736656,1143.4427001074234
213,2,368.049267558078,1142.988843177949
214,2,365.11837915524734,1144.2079283292503
215,2,364.93129190596204,1146.2817986474897
216,2,365.1044483128133,1148.2331530034414
217,2,364.9498197378918,1149.3048658262041
218,2,365.1699716375937,1150.1619047992172
219,2,365.8381910779097,1149.2296141929028
220,2,365.98634573244,1142.5162955906044
221,2,368.3134059339829,1136.3463984681039
222,2,370.53695525566053,1133.7070842917676
223,2,371.64885680479614,1133.4938732431146
224,2,371.02056227415494,1131.1634219515697
225,2,372.6843798504001,1130.9621815455027
226,2,377.46927509142733,1124.6033247422392
227,2,380.3316739638139,1120.893011625251
228,2,409.8441108592994,1121.5018579106295
229,2,415.57192975492194,1123.9412584442287
230,2,430.5790030633978,1128.1738327738046
231,2,442.7304260856187,1131.800948622346
232,2,449.90215388631515,1134.4206493161018
233,2,449.9197231517601,1136.671653607675
234,2,455.45617598866585,1129.4015945221947
235,2,456.17900707053775,1128.066709388238
236,2,455.7642589173391,1121.952777602099
237,2,454.72589089416107,1118.5740417809272
238,2,467.0380782159108,1119.3403112152025
239,2,475.19889816152886,1123.2814722024764
240,2,476.5628322479963,1124.3727833538778
241,2,476.19296578991083,1124.7421114135504
242,2,476.4521054649013,1125.0004625758838
243,2,476.83053666545896,1126.5448011177411
244,2,472.2080544492486,1128.7069105322219
245,2,471.3368910883227,1130.3305089147134
246,2,477.45721847426654,1134.4628380716783
247,2,474.4612180991107,1141.8816595710014
248,2,473.0411932131929,1146.464771398612
249,2,473.2292820811519,1145.9338997014697
250,2,470.86828936218393,1149.3892920443357
251,2,469.5560766821648,1148.8572043797424
252,2,467.0980127624556,1143.1011122835298
253,2,464.48947637956246,1140.145540766699
254,2,448.05237599365444,1127.663196178916
255,2,443.21249512455125,1124.4539234119254
256,2,417.16385165918854,1102.6247333364863
257,2,412.17183085753476,1094.2783348605744
258,2,401.65951426139674,1084.359995394225
259,2,401.6664838393618,1082.7390486329957
260,2,407.67559235768135,1081.18439722888
261,2,409.93948081190695,1081.1953763015463
262,2,412.4205258732484,1077.964451143747
263,2,412.67806162725236,1077.9953823157755
264,2,414.66817894360065,1073.9830167423945
265,2,415.1067903433137,1073.2829676468969
266,2,411.6085336202176,1068.1935813947541
267,2,407.56219552488125,1065.2496483843051
268,2,402.46165054548305,1059.451903682526
269,2,400.5923645247383,1057.816217550852
270,2,394.23844772798157,1052.9395415576082
271,2,393.92509755501834,1050.5451728227736
272,2,394.1704785413521,1046.2410041946766
273,2,393.06590404465305,1045.2568403541063
274,2,390.4993771935774,1039.1270166080137
275,2,389.38718833987224,1037.2116928519583
276,2,389.9669746383091,1034.2267469729634
277,2,392.315266531235,1033.3781446131786
278,2,399.7079987344891,1033.4135273916927
279,2,400.3403049371599,1032.5629187070654
280,2,407.9671607840394,1029.436585407064
281,2,399.97552066847754,1023.2741105452066
282,2,414.63818900113665,1026.3711635176335
283,2,417.8151407093452,1028.0550115594285
284,2,422.32141860592765,1029.136770608509
285,2,422.11839395520724,1028.6691015099004
286,2,424.9490858142062,1024.3522230703256
287,2,425.0653397691012,1022.0691552455631
288,2,426.7931650046653,1019.6636638186106
289,2,428.7527412861353,1018.4656580612625
290,2,444.6171316345293,1024.415955164884
291,2,459.3078715776867,1029.992731156178
292,2,473.4633652767042,1035.6229568825095
293,2,475.14731368628026,1039.1796789460013
294,2,476.5619909970377,1038.8501480825064
295,2,476.8615840719019,1038.5902882364255
296,2,480.0939436036897,1033.8322415527966
297,2,479.31610982807035,1032.9536825166647
298,2,473.45856219363793,1032.0294367842107
299,2,473.1641774552264,1028.867047426913
300,2,460.7902476206119,1014.2338123010464
1,3,982.2963985797924,522.8094953717665
2,3,982.2963985797924,522.8094953717665
3,3,982.0477409562405,522.6298734270308
4,3,980.5934507258543,521.9192342559245
5,3,980.4853168395864,521.8155422947315
6,3,980.4241652651983,522.0616119543974
7,3,979.8794033509172,521.6074251632791
8,3,979.3412543741871,521.8116670519047
9,3,979.3053710689104,521.7196179302782
10,3,979.386405308837,522.3577318864931
11,3,979.4140284987485,522.8469688888742
12,3,979.0748687160136,523.2764721458161
13,3,979.1015718222427,523.5789506371952
14,3,978.0394243654342,524.7639589004499
15,3,978.0884619720364,526.074193800586
16,3,977.3936471222406,526.2425307485447
17,3,977.818252150418,530.0005294882309
18,3,975.3517033076554,531.1813434265408
19,3,974.8233422084742,531.2250282247633
20,3,974.1285212292228,531.1373114638797
21,3,974.8871305597844,531.226942546227
22,3,976.3369421804814,531.303442679167
23,3,972.3505638873431,532.1147645944318
24,3,968.1119095273685,528.603387755323
25,3,970.1864714248289,528.066614523248
26,3,970.5999151133615,526.0137508501556
27,3,967.0836638206739,523.646728935819
28,3,963.4110930913836,524.2402692674468
29,3,962.6645484632071,526.9047479892354
30,3,962.433419292926,535.2432513189665
31,3,959.9329049280218,534.1554837016155
32,3,959.2806896693696,532.4309303708942
33,3,953.6336902408419,525.6835111998082
34,3,945.3113375458042,526.5610271726025
35,3,924.027177824773,498.06083448830793
36,3,922.6649065022756,508.1420748908528
37,3,917.4302834209657,507.68340443134576
38,3,907.6561207194125,511.4947407401457
39,3,907.2237870314166,510.32577228493113
40,3,869.1641496222694,461.4301872252395
41,3,857.5683123341283,450.5215064705725
42,3,849.9965147781819,457.45839379212345
43,3,847.7392268256781,463.3688592779609
44,3,839.4588471370736,465.6306708064487
45,3,830.0059293809412,458.96847503179157
46,3,768.4719539695998,386.1414503704995
47,3,763.6923867947535,390.84706177736246
48,3,760.3123067442059,401.00669400023816
49,3,758.4860803990392,404.6018587199802
50,3,744.07224158046,397.7700002882557
51,3,724.8366137660213,376.6909352719722
52,3,694.0882524332297,352.922271035043
53,3,686.5016624685894,350.66014678326167
54,3,669.3079490069422,353.65376184979414
55,3,664.1386197311007,354.6611264367898
56,3,645.243286787084,338.76724998241156
57,3,643.2794141871435,347.1161707356016
58,3,610.4693241156052,319.8315401933223
59,3,604.2363689956464,324.42138070526556
60,3,597.0125791558812,351.71160963124845
61,3,594.6994786025132,350.42513462864264
62,3,591.2112392956999,352.0292785701935
63,3,585.9927038186254,352.7634436784756
64,3,556.7536106156282,342.00198067805303
65,3,557.920167253278,346.53489290443827
66,3,540.4427483195655,339.35691049731463
67,3,519.943231013353,320.276316401336
68,3,521.7933588478542,334.76288312793406
69,3,509.5873649008134,327.32596790692673
70,3,545.2258544570411,374.5739526708269
71,3,520.8633031376919,355.8796189277671
72,3,505.78893240259936,364.78274123369465
73,3,492.97568346928006,359.04957474680265
74,3,480.16243453596076,353.31640825991065
75,3,467.34918560264146,347.5832417730187
76,3,454.53593666932215,341.8500752861267
77,3,441.72268773600285,336.1169087992347
78,3,428.30495319655324,329.54223294615616
79,3,431.7868674395015,341.43708519925076
80,3,435.2687816824498,353.3319374523454
81,3,439.3178856751458,355.9210379267096
82,3,437.28868440888704,370.8236185717954
83,3,440.63742898120597,370.1252436606671
84,3,421.8775163317102,370.54862409991927
85,3,420.12459146744413,375.8356524087662
86,3,395.06728625832034,368.82531786956923
87,3,392.34901507136834,376.1092995947611
88,3,382.3462683619289,368.11082921904773
89,3,381.79648264914607,364.96656130367455
90,3,369.4571012287648,367.3285755014708
91,3,365.46378734279625,370.71160788543443
92,3,366.4527098789955,382.4918410224196
93,3,360.90677015831517,390.19200688717564
94,3,355.866802109473,395.86051601811306
95,3,356.0329848057751,397.05366391262066
96,3,356.3908609006486,400.70217332730016
97,3,356.12891253649804,401.04131091168466
98,3,359.1149216288555,401.1114178597024
99,3,362.37124768165705,399.73421201134795
100,3,374.4012506180434,405.3664520443441
101,3,375.53082773719757,399.7824739696095
102,3,377.13670593003496,396.51666741434644
103,3,377.2922644968337,393.986147473946
104,3,391.6558110778985,399.46333908689354
105,3,374.50265278315356,373.7683655319685
106,3,397.6038636167583,361.82758355240105
107,3,423.44048689727316,379.80672653567797
108,3,420.1719782122391,367.26914242524776
109,3,411.498939899448,348.32332536595754
110,3,403.9160195584754,324.74838855206787
111,3,429.41038686490384,341.90518801197203
112,3,422.48645956617645,322.6714043734822
113,3,427.99135298253844,320.1007428378959
114,3,464.5547852775124,332.96250958010904
115,3,468.29052771500596,332.67680106891356
116,3,474.5225815271715,336.257648854614
117,3,467.02187991971965,325.16394816808673
118,3,479.9946370137494,312.38707916249524
119,3,487.0566466903433,313.3822528758663
120,3,490.17581296919724,307.51379551362834
121,3,491.5557620796172,307.94815610106724
122,3,499.3653127449997,304.45731969449383
123,3,507.3897731849841,307.6519994073544
124,3,541.3554513438571,325.2158018952192
125,3,547.6198336139411,326.36035591350606
126,3,566.8889549736718,337.5686156133958
127,3,570.2784051584848,337.99979686593844
128,3,572.0874117364943,338.08864402040535
129,3,576.9017042531427,336.95426765260123
130,3,581.628503976095,324.6547686395454
131,3,583.4255175859718,318.78648698232206
132,3,589.0123579834168,312.9448492437029
133,3,591.2377514561605,311.4512540566259
134,3,610.7692552676593,325.08025158782414
135,3,625.9689547366632,338.0189694384964
136,3,639.0503632546067,339.09495609510117
137,3,648.4040142470816,347.1426019502395
138,3,651.5724850675318,348.97123537151776
139,3,649.0489915713005,342.4624855876549
140,3,653.9611651996971,344.11788713675406
141,3,653.792115739446,335.7663897972094
142,3,660.2905514011455,325.171535111667
143,3,663.2515498184864,324.6414615107772
144,3,666.8983995226927,323.32243937466217
145,3,667.458216677709,320.5925842666796
146,3,678.9486230766165,328.87255763812556
147,3,689.3440208616086,339.5658549742016
148,3,704.9090153314436,354.64511124135845
149,3,706.2383729857847,352.53631754999196
150,3,712.1187786110269,353.5814373531688
151,3,712.8973943730988,350.7353984367578
152,3,716.0375350384201,349.40082534210046
153,3,717.1128228241223,348.52587862330773
154,3,719.3835947161004,347.79361096381837
155,3,718.76311567373,344.33889039563826
156,3,718.8721409195673,341.38214859645393
157,3,719.3131786507277,340.3198825856259
158,3,719.8529544809799,338.77931939109106
159,3,720.8651208387868,339.4636771671218
160,3,721.3863397911048,339.552993250202
161,3,721.1464991623011,338.80915747617814
162,3,721.3699439384734,338.4734148876483
163,3,721.4331940775526,338.4823259917338
164,3,724.6210354505455,341.453930971923
165,3,724.431150913979,341.3226526321267
166,3,724.279340009812,341.11872054042306
167,3,721.0671615087015,337.27353286807306
168,3,720.6744846744855,337.10159006510725
169,3,720.8034065033088,336.6718833558361
170,3,720.6454029238846,336.54848318419323
171,3,720.4946643810337,336.33151009632775
172,3,720.5693097969314,336.3645685961925
173,3,720.274133695865,336.1213163188676
174,3,720.6725042095387,336.7255826628305
175,3,720.799781825869,336.93850055363106
176,3,721.2449630369495,337.07280621535136
177,3,722.7934945543144,338.7489765379227
178,3,727.2229845292507,345.09028139820043
179,3,729.7021166249136,348.1990802273873
180,3,733.6722153754913,352.9045823465117
181,3,736.6619939709058,356.3413600326256
182,3,749.3428761216901,372.5818459873278
183,3,750.9766655696187,373.9721046679977
184,3,749.6791354528092,376.50529002791694
185,3,750.7123784102162,376.0953483062697
186,3,756.7395818228301,380.49467649785674
187,3,755.900288646367,374.2916782878964
188,3,765.0373087986934,382.945714985779
189,3,769.7587901260976,388.2467262951474
190,3,789.6094670520822,414.32312137661444
191,3,797.252568311577,423.7914046697795
192,3,815.3967445643295,444.50199489931555
193,3,820.7506874248867,449.66020032342175
194,3,822.5199302570569,447.68027732433495
195,3,823.8346961592408,446.9208972243298
196,3,823.9104800117983,443.49930054534826
197,3,825.357949979906,444.2130699636264
198,3,826.5628186835157,443.6655061651377
199,3,827.1052432091687,443.5840872565557
200,3,827.5444700055936,443.67006981237284
201,3,827.2552284936311,443.24690972410184
202,3,827.3992026122339,442.9617402051759
203,3,827.5563235036717,443.019856735028
204,3,827.5932608957976,442.13990507177124
205,3,827.2692887411815,441.79233620250324
206,3,827.2668425433516,441.40419866012
207,3,827.1151628129635,440.8331393569019
208,3,826.7196155314792,439.6217456118403
209,3,826.2845764197045,439.89161873649863
210,3,826.9966920482132,440.8164071715064
211,3,826.9749633128758,445.2270533760114
212,3,825.4217853096582,444.9667857846026
213,3,825.4165387878618,445.3240394358364
214,3,821.5637391641117,438.50347845335654
215,3,820.7547356883647,437.8938890481904
216,3,816.571093948255,431.9704550212856
217,3,814.993498359962,430.89955156949105
218,3,815.9376484689645,431.5939724366855
219,3,818.1575184401112,435.14721715746026
220,3,819.1609941043325,436.8971146015958
221,3,817.8771629651403,435.34203911000367
222,3,817.1456881763319,436.8779250273581
223,3,817.2606074434465,436.7950768244402
224,3,816.6488116770472,432.64652302262255
225,3,816.7312110555016,432.6628692350442
226,3,816.6786736464816,432.8399087490938
227,3,816.8240629928233,432.598971232463
228,3,816.5421408661443,431.5666230659688
229,3,816.412769486149,431.3313834715041
230,3,816.2632862099814,431.6733897619622
231,3,816.2246501373613,431.34866665248325
232,3,816.5645872535183,431.5925370684783
233,3,816.5799188750117,431.65505421558333
234,3,816.848442106959,433.15023129845156
235,3,816.7751000348279,433.1749557626772
236,3,816.635984736936,433.3534758058794
237,3,816.450032955091,433.26567392923204
238,3,815.3644670476668,433.2342408464626
239,3,815.0985661319124,432.95733520582075
240,3,815.5106653898596,433.33369577737477
241,3,816.2446347970342,431.31350308334424
242,3,814.5049483120165,434.4225481926391
243,3,815.0007392667162,435.3578700700906
244,3,815.4906838381137,435.36367604599803
245,3,817.7653637180881,437.6987625708103
246,3,821.3528685762791,438.0443084982761
247,3,821.1572466443481,443.3295254588009
248,3,822.5798735553243,444.3457559466038
249,3,825.2151048598021,447.5381653555445
250,3,826.4653804769615,449.43745735228424
251,3,827.9066938260545,452.75214844934874
252,3,824.9577074805774,456.7922622498017
253,3,822.4434494224871,457.7748334076369
254,3,823.566210352756,467.83845483892975
255,3,817.9660261448447,473.7625089586465
256,3,832.531692137945,499.1399065205526
257,3,834.5484061613473,510.0164581239971
258,3,821.1211196683358,528.4975986631075
259,3,817.6510353294912,530.3838796455842
260,3,813.9756134686845,544.3922066470784
261,3,810.0843705399701,550.9155259752515
262,3,796.9126840441759,558.7385365668291
263,3,816.1994890418117,594.8129984946778
264,3,808.437924985347,612.1165387914904
265,3,795.624205882441,633.7843449357537
266,3,788.8563757805737,636.3271889284695
267,3,785.0502382115948,646.1378212673568
268,3,776.6766267930502,662.0759287373862
269,3,771.1179996455204,667.5817876883967
270,3,762.4143557547065,688.5648965864826
271,3,780.7393739331806,714.5789139382548
272,3,779.0150613306411,719.0096225525272
273,3,778.8565329487951,721.3030320520282
274,3,783.6666128080856,710.0369833084467
275,3,783.0980153571492,707.7181142454667
276,3,787.4216232998156,705.9409759102938
277,3,782.8677870345424,703.857573282981
278,3,764.5445427540257,685.6706361792732
279,3,761.9869857173494,684.5378661230916
280,3,763.2645951130941,681.3690462347263
281,3,765.4497525507805,680.8233258379308
282,3,768.1358335984471,680.4196976781885
283,3,759.910983181598,669.0836337017815
284,3,712.068255868808,614.8659192141358
285,3,712.2732993362022,615.0002748516971
286,3,709.8452732351358,612.7154321684421
287,3,705.4298029166624,611.7454478408167
288,3,690.339078413437,606.2152179484041
289,3,676.7568625040833,596.0148027051474
290,3,659.6275079648069,585.0353796102219
291,3,646.4653996673323,582.4210717541785
292,3,627.3098824621636,569.5517864235179
293,3,616.9870019237416,566.0289408480548
294,3,592.3864463104454,562.239049401064
295,3,595.4504824193892,571.4173887598107
296,3,587.9936377843917,575.5462169327913
297,3,549.4449925975028,541.2440305472018
298,3,515.873861175336,555.2863377617458
299,3,512.0169824251715,556.713507695048
300,3,506.98744792112734,566.3680794339875
1,4,611.3730445756905,1425.8177555476418
2,4,611.3730445756905,1425.8177555476418
3,4,611.4276828014008,1425.8695315542398
4,4,612.706470985726,1426.5237801230837
5,4,612.5577366549296,1426.7993248610126
6,4,613.8809268408882,1427.3980060696977
7,4,614.7343678003622,1427.9831176809291
8,4,614.5785938871906,1428.1617867399073
9,4,614.9777855559048,1428.5441288949025
10,4,614.1352561351276,1428.6216205089509
11,4,613.4915863305399,1428.5647150625043
12,4,613.1225342370167,1428.8046727802246
13,4,612.8802650098687,1429.0820400838081
14,4,611.5558895128482,1429.0473787895048
15,4,611.2026756389469,1429.1967045497704
16,4,610.5874244367764,1429.3163813845467
17,4,610.2290285231381,1429.1222780022256
18,4,609.5475807141554,1428.117683566389
19,4,609.9161282053885,1427.7541563636546
20,4,611.3650494566468,1426.5592492914786
21,4,611.1659243200578,1426.351002109822
22,4,611.0284005709699,1426.1977466667713
23,4,610.965417004707,1426.0906020776615
24,4,610.1332885005884,1425.1503217484574
25,4,610.0986935415854,1424.9576068237911
26,4,610.3041946657147,1424.5705267783294
27,4,611.0194742307716,1424.6437412419846
28,4,611.4991521749055,1424.3299929270775
29,4,611.6936890987197,1424.1453739603426
30,4,611.934241297713,1423.559622204142
31,4,612.0950737762203,1423.577143395022
32,4,612.1096580963373,1423.1686489362864
33,4,611.8942317316636,1423.0769184119579
34,4,612.3516893188706,1422.9517071432833
35,4,612.2513133978275,1422.9449117548731
36,4,612.2189976919854,1422.671475989913
37,4,613.6060973015922,1422.9646646382878
38,4,612.2856348939616,1422.653553522251
39,4,612.1769150399176,1422.6068326236862
40,4,612.1871597101434,1422.5408506166148
41,4,613.4781844782128,1422.8635098860843
42,4,612.4311279821513,1422.7422181903084
43,4,613.6984095845661,1423.009436435702
44,4,613.0311730016983,1422.9074911682721
45,4,613.1414799921927,1422.9523550388044
46,4,611.9494662391724,1422.737875944747
47,4,611.8935672312801,1422.844473285178
48,4,611.9035994876497,1422.8450767324714
49,4,611.9217705086178,1422.849872542658
50,4,611.6826766290984,1422.7304127004418
51,4,611.8116766877615,1422.7669872050817
52,4,611.7643530751002,1422.727339845683
53,4,613.1061861296962,1422.9555589158824
54,4,613.4914041918519,1423.0834208678516
55,4,613.4878102882641,1423.0833051321356
56,4,613.4059937955359,1423.0510418532815
57,4,613.655212498814,1423.1434706964317
58,4,613.5427474677003,1423.027842257368
59,4,613.5972977157007,1423.009831186554
60,4,613.4861082722782,1422.863232188043
61,4,613.5296956590045,1422.8356369060355
62,4,613.5114354310774,1422.81929949808
63,4,613.5312307274271,1422.8030567342307
64,4,613.8156742548525,1422.8863432921455
65,4,613.934555904643,1422.9452210901582
66,4,614.040513815705,1422.9908561972102
67,4,614.1089975389331,1422.9771099063
68,4,614.1334178081736,1422.996176514622
69,4,614.1211116513269,1423.042337407191
70,4,613.9964864591697,1423.1493181706928
71,4,613.925541731301,1423.2706986698697
72,4,614.0323104234019,1423.374024305857
73,4,614.0596750098483,1423.371350242452
74,4,613.7091397948396,1423.2499357225922
75,4,613.6589012078709,1423.2428343114252
76,4,613.870116996053,1423.275836548116
77,4,614.8942438632436,1423.369667917994
78,4,614.78752410511,1423.353773876803
79,4,614.6581454156898,1423.2945457705052
80,4,614.6282596551775,1423.3173493173276
81,4,614.7609225769712,1423.345790558785
82,4,615.0794655940895,1423.3734321301677
83,4,615.0487180164082,1423.3877727578815
84,4,612.5653865438173,1422.5924088062704
85,4,612.4808232390053,1422.5542627545199
86,4,612.5902327096976,1422.5813622277765
87,4,612.4840646775157,1422.5711763663214
88,4,612.529029120856,1422.5596451962463
89,4,612.4753683302221,1422.562768193566
90,4,612.4927974888936,1422.590988167699
91,4,612.4490284804642,1422.7782909631983
92,4,613.3538628353404,1423.3747125485554
93,4,613.1873224470103,1423.4967838314167
94,4,613.6531008791311,1425.4621574365126
95,4,612.6754146368709,1425.6642064053297
96,4,611.6834763322402,1426.7903786464783
97,4,611.5327146853699,1427.1402352903012
98,4,609.0654796377592,1428.1118286888238
99,4,606.9601057851946,1430.726696041041
100,4,608.5956671797375,1433.2231548247528
101,4,608.1571735923354,1434.0632606894987
102,4,597.5918594747335,1433.2860932022525
103,4,589.5282875174149,1433.1491373650665
104,4,553.3214247675046,1435.8452129668867
105,4,554.9222745188737,1441.1618950673105
106,4,544.4359128476426,1444.952771281798
107,4,542.721018500697,1450.2353659612131
108,4,522.291339318165,1449.2353407102828
109,4,519.2701318180991,1450.6052599459176
110,4,496.4264300452355,1450.1420176545776
111,4,481.11073821932115,1449.5066302962052
112,4,463.3122532146021,1452.9602544289103
113,4,455.7364984878139,1456.193687036816
114,4,433.37029916617763,1461.8882139827647
115,4,421.4796413267441,1462.738120690329
116,4,377.96257224447294,1455.9505447497097
117,4,386.36149441531063,1459.5562740954115
118,4,369.28806394395576,1459.459221950188
119,4,365.2188330566132,1458.2323247141576
120,4,338.6169656711608,1455.3599710045119
121,4,336.64059261619474,1454.8611592365464
122,4,338.6438477599355,1458.2788557417025
123,4,347.94558455379325,1461.2276483499418
124,4,348.12133924551443,1454.050503250935
125,4,367.1454831286917,1453.4000201902375
126,4,390.49357709190457,1449.2439236705509
127,4,388.3693978240632,1442.503597236335
128,4,402.57544338943495,1440.9619696796676
129,4,397.3825603985655,1438.2319306058212
130,4,403.6673871077724,1441.5406864315307
131,4,411.55339993821894,1442.049781279142
132,4,441.62567669223785,1435.53192880589
133,4,453.02617510474437,1432.051991508615
134,4,498.95119203862805,1418.321483409716
135,4,493.41862481499464,1414.2496178089375
136,4,526.3189059869269,1418.9026022144785
137,4,533.6562955351369,1412.8427532774715
138,4,551.0197684736713,1395.170244296927
139,4,554.3626307318087,1392.4763398459772
140,4,565.9084728460814,1380.906286263657
141,4,580.3025788217764,1380.981704549807
142,4,593.4670108775065,1373.362096944639
143,4,606.0674370153071,1378.0907522602442
144,4,621.7822566425663,1379.775095444845
145,4,624.4242008487697,1379.745341845043
146,4,630.3898294903145,1379.529805167781
147,4,631.9403243511497,1379.3354167045875
148,4,630.8754250307809,1376.3262232614215
149,4,630.1858591461205,1376.0486223206333
150,4,628.4067925443537,1374.6249273734536
151,4,627.8936198452059,1373.4514697217724
152,4,620.6424280304911,1369.118139000467
153,4,607.9997573578066,1364.0878291762733
154,4,619.5116576212203,1364.5365069004952
155,4,620.5655811366711,1365.5230686380366
156,4,623.3677540183321,1365.731327184541
157,4,620.8051182781072,1365.1018820545069
158,4,616.4624047740363,1365.20738033096
159,4,616.820714070798,1366.5686368670208
160,4,602.8703477473036,1363.5979928426605
161,4,599.8355444843711,1362.282141186764
162,4,580.3031187838494,1355.0595271353532
163,4,578.5731449151557,1353.5244868828422
164,4,572.518267666259,1351.0474851153676
165,4,570.0045772457333,1349.5336780296313
166,4,576.700061245859,1349.5030938672105
167,4,577.3994141074473,1350.4206619893992
168,4,582.3395416243559,1351.1640191368315
169,4,580.8107900352636,1349.8165780742477
170,4,573.7058796642907,1343.5046122248195
171,4,569.7277859132506,1342.9180638972723
172,4,525.0470751932559,1322.395421854316
173,4,533.8054614947932,1325.7998616558207
174,4,515.1109399914642,1319.8356591320032
175,4,504.4964640833044,1315.9230542566877
176,4,496.1373274896779,1312.5279524255232
177,4,495.32809436769963,1313.2519282651738
178,4,487.3564542099299,1312.1476972110977
179,4,485.7801044755986,1313.3678492372103
180,4,458.07501078977924,1310.6472758925975
181,4,459.7420996279547,1316.2805781015127
182,4,456.7689508804828,1317.2738206024912
183,4,458.23467911733866,1317.8692531287022
184,4,446.0221829771261,1319.0985598905481
185,4,444.5516957702204,1319.9597000821543
186,4,433.2554980332025,1317.0431703066865
187,4,448.2085419758678,1319.8065792538125
188,4,447.9597777846031,1317.8169668977118
189,4,443.27587942092214,1315.9967411216276
190,4,433.44007083623285,1314.5885332824946
191,4,440.81932831714045,1311.2003185955782
192,4,408.9182860167932,1296.8472450077616
193,4,416.2139144055025,1294.3377898691006
194,4,350.80428514075385,1275.8588197889799
195,4,397.97488929955915,1289.1226158978998
196,4,455.2648617746335,1310.5379850191723
197,4,482.6730604888411,1312.3813840701778
198,4,463.79539262905047,1306.1052597540997
199,4,467.9886514722962,1304.2472468663632
200,4,463.5968783703299,1314.1104836083414
201,4,463.9932657711401,1316.3920296268232
202,4,458.61303184655725,1316.78036712296
203,4,463.3519405359612,1314.0763545646178
204,4,458.44771203812945,1315.8716305897406
205,4,457.32134535423165,1316.8000126245388
206,4,452.09089559879794,1325.5938372199673
207,4,451.79596015836586,1333.9173072714796
208,4,432.7198897591933,1333.8343605748637
209,4,453.42140160582125,1344.0606365784586
210,4,471.2267591755602,1362.1519994708658
211,4,485.5305655090935,1367.7477194641936
212,4,513.2328055181597,1379.1302552423845
213,4,521.565643261253,1383.6200315669414
214,4,528.6390204869967,1385.7378898258905
215,4,530.9282568354026,1388.3011773591666
216,4,531.1790263514044,1389.687090595536
217,4,531.6472960799069,1391.0568093456666
218,4,528.5205260839014,1392.3121834950236
219,4,532.2524747912357,1394.207786567985
220,4,536.8091105356572,1397.9542870785863
221,4,553.038277610559,1402.2911031519234
222,4,567.061488819938,1406.9174295973469
223,4,572.3177053294964,1407.2606766369709
224,4,586.9324880382552,1409.1386628980608
225,4,589.0121610683644,1409.3895343773645
226,4,590.5240224974646,1408.931887108521
227,4,590.8305082492642,1407.7892385134178
228,4,591.8969977290054,1401.6392023115764
229,4,594.330463053875,1400.3871767894836
230,4,596.506974496395,1396.2572108680606
231,4,596.6396290038414,1395.9529979709857
232,4,596.1001407173311,1396.2828152817624
233,4,595.5981565872404,1396.5408911479092
234,4,594.5696113834235,1396.9373661303398
235,4,594.4560153986934,1397.2217240932387
236,4,594.0397956771073,1397.5524613154857
237,4,593.8067066205946,1397.431465549277
238,4,593.849146292842,1397.377086031655
239,4,594.1201204621448,1397.4215441899269
240,4,594.0136394677257,1397.2446082397212
241,4,594.3484689191846,1397.1313956208323
242,4,594.5769366157405,1396.9908502268768
243,4,594.7727151843962,1396.8644722513757
244,4,593.213278560436,1396.088996086498
245,4,593.4645762631118,1395.944251519331
246,4,593.6155432664656,1395.680631100354
247,4,592.4373706982202,1395.2220069025102
248,4,592.621941993664,1394.762459867892
249,4,591.5556212275616,1394.6666338477012
250,4,589.5332442799099,1393.1131647129105
251,4,588.0714176021705,1392.9146891107164
252,4,591.5218786244935,1389.7177103681008
253,4,591.5776917739408,1389.3472493969284
254,4,597.9792749572251,1382.8717705934996
255,4,600.0660935530589,1383.0492289741765
256,4,601.1124283199239,1383.4281517915563
257,4,601.5487670933963,1382.364103916289
258,4,602.2512132404463,1382.564553321462
259,4,602.7470393678211,1382.5763247045256
260,4,604.4884831974456,1380.7722101272327
261,4,605.2694446332274,1379.081745647971
262,4,606.4181502002004,1376.0354696401907
263,4,607.9570886428512,1373.1967401406948
264,4,608.1660412759327,1370.8072942005824
265,4,608.0518173631219,1370.8443038353694
266,4,608.1715641482979,1370.8677913409663
267,4,606.5727763147454,1370.4039843662042
268,4,604.2323466243333,1370.4674788875786
269,4,602.8540949093759,1370.5586276744093
270,4,598.9301076141152,1369.5389305543683
271,4,598.0651021523811,1369.8364146386466
272,4,595.3776495000702,1370.370591803322
273,4,596.2237573363146,1371.4255960612963
274,4,592.3874999892885,1371.8982213118763
275,4,591.635767837233,1372.1906358950782
276,4,592.5807424652551,1373.4976498877052
277,4,592.7615359556848,1375.4203356164842
278,4,590.7868137425504,1376.1410780616352
279,4,590.7051944701828,1376.3537378270214
280,4,590.9779546236383,1376.4135276446975
281,4,591.32767746318,1376.8983857321941
282,4,590.9314776334576,1376.9150422593548
283,4,591.2810227213171,1376.5928388030238
284,4,591.8996334704945,1376.5383820207933
285,4,592.4602186470752,1376.3365180623405
286,4,592.5770782357985,1376.2234184857273
287,4,593.2126858307744,1375.5258876376397
288,4,593.4540564254534,1376.0595425416245
289,4,593.7328231949507,1375.9010495892674
290,4,593.4960578945047,1375.2920744568016
291,4,592.896890843665,1375.00294059877
292,4,593.556294523566,1374.5879708444265
293,4,594.1126867225606,1374.365870589911
294,4,595.5230201453356,1372.6970204368258
295,4,595.857623243194,1372.3068189616636
296,4,596.580000296536,1371.4642880775787
297,4,596.5962746393903,1370.8841223237725
298,4,596.2487326129763,1370.4675202783362
299,4,596.2618509590435,1370.578831827616
300,4,595.8533477290819,1370.876373607901
1,5,526.961707226069,141.9617076058789
2,5,526.961707226069,141.9617076058789
3,5,544.7939617180867,176.12881162262462
4,5,544.0423730674554,184.02260882654105
5,5,542.6952074249451,182.76817263336014
6,5,536.7835852868366,185.3388467881307
7,5,542.3835580502482,195.4254257643803
8,5,525.5090611823214,181.92847227500104
9,5,514.327660068688,176.14444902701172
10,5,529.3167805679545,205.0356141936418
11,5,538.377410818969,216.51622277692383
12,5,547.3515809135997,226.79992551521642
13,5,538.8968436309475,216.95968519642201
14,5,552.7007200164928,225.4309817762966
15,5,549.1298202850301,222.97692266963872
16,5,559.8809791497586,251.5383741908144
17,5,567.1434036088948,265.3092483693447
18,5,585.288348655223,296.2736619622354
19,5,585.4076266334052,303.59890515193393
20,5,582.3991273799746,303.9349165906802
21,5,585.7450449183925,311.7142194251741
22,5,588.7473290550646,309.55404587353
23,5,588.9563986405977,308.8097920886974
24,5,493.00090933343864,140.32402517318243
25,5,592.2947722442925,294.27115675037413
26,5,514.060924059686,132.61326210339863
27,5,572.8307760152694,197.4492146982211
28,5,514.9581870451583,78.31877222405429
29,5,538.6186746734132,113.60254695131596
30,5,630.7606609523162,235.5395122717805
31,5,634.63328831318,222.33926043272064
32,5,639.1399188411339,214.13471615894613
33,5,649.3493931849711,203.86719654252727
34,5,638.4037660301061,179.84701767094484
35,5,633.7349005820442,172.67674944742012
36,5,621.308532678092,169.4593667366233
37,5,613.4311440146676,157.93575772204468
38,5,599.582181676514,141.25830045569472
39,5,597.8023416542087,138.88696859221275
40,5,572.0842802326385,102.32543202483154
41,5,562.2327119941708,91.75467692767756
42,5,552.375697253362,86.36184977612587
43,5,560.5024501093205,104.14560971423263
44,5,548.3994209534717,91.24091081405564
45,5,490.254939094936,15.983647209151293
46,5,531.1937375728412,77.9359429492761
47,5,520.1890074667041,64.03662220728327
48,5,515.1863822405776,72.97693703454286
49,5,502.3209737423642,61.61188587051248
50,5,442.45867514131015,-9.666992543667796
51,5,452.9615413344775,9.856697872090042
52,5,538.1058776129076,135.3968833470148
53,5,436.82102355328084,2.496355877146035
54,5,547.6468427279378,158.6053634937374
55,5,546.5247275161656,158.18035370120128
56,5,547.7236217883878,163.08715285583656
57,5,546.5266501427415,164.3840694153014
58,5,545.9728322587935,169.71363849726995
59,5,542.4203768662987,167.5885918056631
60,5,538.3544008243325,175.35860829375412
61,5,535.6350443322103,173.92001780113947
62,5,537.4686012066645,180.3729815451503
63,5,541.7520149094895,187.441852833217
64,5,530.8563802911457,183.04800919900558
65,5,530.2214921162453,182.60420377092277
66,5,538.5922877836435,189.40744053510628
67,5,542.340700289049,192.34790674641621
68,5,552.0521292670956,191.34656945093352
69,5,555.3758758567673,187.9546148522403
70,5,566.750484387799,202.4948675505723
71,5,582.9665109003497,224.04283698107366
72,5,581.0904774966889,221.70276435281357
73,5,581.8927523530436,221.3056708882592
74,5,598.7898431114996,220.57409645718093
75,5,604.2733964303178,225.3222237560983
76,5,658.5302146007272,292.7201430306369
77,5,663.3619551522323,297.4969842518832
78,5,670.0685436083252,297.32070926991474
79,5,676.5121676262959,286.875294667547
80,5,675.3804821564814,278.7267261987383
81,5,675.7568517837768,276.4626837109473
82,5,680.61433904623,277.29935252171
83,5,681.9758042517992,276.42060627423166
84,5,687.4064149377327,277.94776537288163
85,5,694.414128152072,284.4538167134281
86,5,701.3968170303739,285.7765718813567
87,5,705.638458557161,294.54610407830097
88,5,711.9491516666749,291.2323846638984
89,5,712.2406826551405,292.93749891136906
90,5,743.7987748534723,342.6576754988106
91,5,743.5250428039272,350.8843311015661
92,5,740.1655473866556,369.3194893787393
93,5,738.9016488121235,373.78903037337267
94,5,760.9270108501862,402.33633642027104
95,5,763.9256033612734,404.5741993927133
96,5,751.9274441633173,397.9571843927313
97,5,753.0384746424834,404.3747000848684
98,5,760.6038040066406,462.7714018776967
99,5,757.5973217420936,468.4095193946135
100,5,753.8522873801785,471.8399868348144
101,5,749.5382774218559,492.66228760296406
102,5,744.0187306488133,513.4073038257483
103,5,738.4672638073495,509.923891413983
104,5,740.820814482554,534.4713013122199
105,5,745.3041115484377,549.9614942622466
106,5,746.7081180665259,587.2408804285013
107,5,729.7243477151179,613.6080515215195
108,5,720.6132064165604,636.7549701029353
109,5,726.5098593244311,653.4803400765595
110,5,709.4165918723836,650.6852327926832
111,5,696.2540352783392,659.9887173476018
112,5,674.4734444322896,672.3077512539413
113,5,660.1605770737528,709.1442977344409
114,5,637.0300344405107,732.3672994157
115,5,638.7289042611717,739.6584528105845
116,5,623.6615745903653,756.7503339237159
117,5,594.4113140668746,746.8529151149975
118,5,586.6002758722037,814.407749110511
119,5,584.2202922465791,826.2306501877968
120,5,580.2294077104095,848.976903889699
121,5,564.4260745434826,852.2542022341585
122,5,517.8974031527237,849.6614366524333
123,5,508.44278057449293,862.6998050825453
124,5,492.83049062276353,886.8673545700881
125,5,458.80153522365265,886.10762899887
126,5,455.1408788398671,900.153993801197
127,5,463.4868336048777,921.7610740804414
128,5,461.3623725153531,937.8130063049834
129,5,451.85216581160256,952.87114446428
130,5,426.19311361997967,982.0779466659153
131,5,424.19354146407517,982.8550648860654
132,5,429.06359463089933,988.1148898773782
133,5,431.802429780042,990.4409064514199
134,5,415.4648381777368,1003.5187034803926
135,5,407.4101974523048,1013.8600349580787
136,5,398.26469093904865,1018.2461859154498
137,5,364.404974571876,1007.4909692829578
138,5,410.5972137239839,1072.9608470125927
139,5,408.9029502691262,1080.9867250744371
140,5,400.9706356371665,1096.9166640718165
141,5,401.32937462049,1110.9025032210661
142,5,368.0719828759122,1106.9360468993132
143,5,381.9257668227538,1116.7250531397776
144,5,311.17515801372394,1107.93354795106
145,5,305.5516586233043,1121.639810013422
146,5,299.92815923288464,1135.3460720757842
147,5,293.15515568425496,1141.5015571832978
148,5,328.8884564208297,1173.683082871906
149,5,265.2537894885565,1156.6441067526966
150,5,278.05193679107504,1193.6292553204967
151,5,156.1348377359589,1159.5110427368952
152,5,279.163740746693,1228.5216122380657
153,5,306.8284774851385,1253.4266413870052
154,5,304.3496666350302,1265.2646185035314
155,5,301.8708557849219,1277.1025956200579
156,5,278.87406791766705,1299.0389812989142
157,5,279.3981983402162,1310.842568375706
158,5,289.4866463841737,1329.769250962224
159,5,285.87642002525047,1337.8055880471513
160,5,215.66120369445161,1334.1261866014136
161,5,292.54181320574935,1363.3271768922161
162,5,295.85385305583634,1394.6860817008685
163,5,295.58043515748074,1405.7393119158498
164,5,309.5782820255574,1416.3148950258203
165,5,307.71113126535545,1420.123928495142
166,5,299.1189688224022,1428.041498371023
167,5,310.85122527876575,1423.0751637551325
168,5,338.6535679471074,1430.8657802033074
169,5,349.39085485024475,1436.1456905855553
170,5,346.73964150632077,1450.7117745052678
171,5,349.0207656463375,1449.8055183341598
172,5,353.89352054430503,1448.9752366594846
173,5,353.85687411805964,1449.54013828572
174,5,364.25348999052306,1448.4842376442964
175,5,374.72607190065344,1449.5810316783507
176,5,409.1718105166151,1454.2778283909245
177,5,415.84742709373904,1451.2568800366953
178,5,431.269548290872,1456.3770809979926
179,5,440.329493840736,1459.9075459620217
180,5,444.4834043117835,1458.898340630261
181,5,405.29604381335935,1447.5841536309092
182,5,452.67833177160264,1452.3026483936978
183,5,460.3539374621126,1447.7383359872067
184,5,479.0601432069723,1427.6030337000986
185,5,479.65036994901715,1426.927090136607
186,5,481.7232190530046,1420.677254145086
187,5,497.7898408120927,1412.8760491550304
188,5,503.52724015602195,1405.7310645369062
189,5,505.5623794522121,1411.0402174482695
190,5,533.176841500463,1410.692355388648
191,5,539.5266330983385,1400.2159269335054
192,5,559.6431936591945,1374.9008483510047
193,5,548.6554535738218,1371.0918151792246
194,5,502.1040219487716,1364.0951266077395
195,5,543.0528887585043,1374.0946060055965
196,5,629.4524477005529,1356.094435275645
197,5,635.7904811160364,1343.8867780672
198,5,651.755469826565,1338.3393081977379
199,5,653.3130188192641,1331.9200330378223
200,5,654.8419400324476,1323.777121220059
201,5,655.8295684152821,1309.3551266974223
202,5,677.7304289290344,1270.2604453573947
203,5,684.5040239320311,1265.0548156867794
204,5,687.3926429984177,1249.9109629846191
205,5,689.3395608040817,1245.1528199269328
206,5,647.7458679899675,1201.2843953080353
207,5,651.6571081900122,1188.1585366912225
208,5,657.8815542801826,1173.1921352330924
209,5,661.4089808687396,1162.6766043740547
210,5,665.7591300805068,1145.920335188704
211,5,662.3912773231363,1134.8921783102503
212,5,625.1951120165587,1092.0500170081134
213,5,634.207221203954,1066.1377826994458
214,5,637.5205013385258,1045.899774362053
215,5,642.039310195897,1039.407058773632
216,5,644.4135604305948,1016.8417014082963
217,5,589.1828988233278,992.603265977853
218,5,583.9582009852808,960.3383779538926
219,5,586.3874807501825,936.2868979774661
220,5,588.2038457128767,922.6209167025506
221,5,576.3464688709896,914.4635503779673
222,5,590.7061237188897,896.5450093445833
223,5,589.7602143314305,890.5654431465966
224,5,590.7485492279852,891.4207460748714
225,5,590.3284920025645,890.8393656871102
226,5,589.4332558488419,889.0069761553012
227,5,588.71905666746,884.945021601321
228,5,587.098214860001,881.9200177078188
229,5,586.5465916134696,881.3736647476029
230,5,584.7949702337982,871.9858417563886
231,5,581.9925871359401,868.024198134789
232,5,608.0020071642942,886.6258195707953
233,5,613.1263760619595,890.7542490460221
234,5,613.3227904035256,892.0625066462245
235,5,614.2192271029206,893.8666667613542
236,5,610.026737571362,891.0124073586169
237,5,602.7918241634951,881.349400798571
238,5,583.8927708625557,862.08611062343
239,5,572.553287700174,849.0718285882203
240,5,562.9180948916271,836.4073842521138
241,5,560.0688472184428,828.9996270957702
242,5,550.7232173599048,820.2278574763856
243,5,512.2124224729664,793.2579285515926
244,5,507.0402397475261,790.328305062196
245,5,512.8466725931512,778.9652657850911
246,5,472.36817159280264,765.1165878465574
247,5,484.87655199733405,760.0839600308788
248,5,484.37963196468746,759.397681878893
249,5,482.9952159379221,756.2365334903816
250,5,436.1746569757934,713.807294561753
251,5,436.33450529809954,715.2327727728223
252,5,447.008839619839,717.0872443111064
253,5,434.1494688416311,705.1117496192255
254,5,426.33151809816667,700.4466006152488
255,5,421.97956944512447,695.3151034404317
256,5,384.5749550937092,664.2852741746257
257,5,383.2649634629257,664.8873257290171
258,5,383.1754832549606,663.487367992921
259,5,379.6136745544253,658.2914341766311
260,5,384.6365564675827,648.757256378456
261,5,386.02269437942545,651.5969671783415
262,5,375.0104498146093,609.0780477720823
263,5,393.971815473771,595.360147606809
264,5,412.9331811329328,581.6422474415357
265,5,416.2150002604088,579.8668461815952
266,5,426.9546848218195,574.8192375105783
267,5,427.4890963577622,565.5480796880285
268,5,400.9018386416458,512.5929070514202
269,5,403.3566181562427,475.9257899336145
270,5,421.17178334186144,469.1118459233646
271,5,425.18354650060115,464.400341721936
272,5,450.98458887496975,470.550955048121
273,5,476.7856312493383,476.701568374306
274,5,502.5866736237069,482.8521817004911
275,5,528.3877159980755,489.0027950266761
276,5,392.534922205729,417.01547622566625
277,5,392.7497556501568,408.91082335791396
278,5,389.49081243876395,395.6811829902175
279,5,394.6838407064093,397.62879707058806
280,5,401.35691416688996,382.8430349965464
281,5,432.1324708519886,401.42139938688
282,5,462.5021875140565,423.73446670926705
283,5,461.3663006770239,420.3392465590332
284,5,468.1942819385501,403.21470535408776
285,5,472.96342993028185,408.89768891529485
286,5,492.89513364237825,407.51828747060847
287,5,482.658352387908,390.31020165907813
288,5,492.94097058602654,383.39560679450983
289,5,483.51512716456256,370.5565896051682
290,5,517.4715312195087,396.69366346456974
291,5,512.7032583225141,397.15775176457623
292,5,505.95282066161013,397.32983812263586
293,5,505.1211964133753,394.0928611101636
294,5,507.1772344078284,406.7341257044756
295,5,509.60004209060264,412.0491870119733
296,5,508.65427893865655,420.2753432154138
297,5,500.9903576096257,414.0465356318268
298,5,481.5552404497463,412.5486847907881
299,5,474.483903597157,410.61547720715964
300,5,464.96266917456563,410.4180166309027
1,6,496.39666030949576,250.83915626265212
2,6,496.39666030949576,250.83915626265212
3,6,485.67225786000114,243.64471557738176
4,6,515.1445411435711,274.6373348421624
5,6,513.6647584645848,274.86393284624324
6,6,513.1802167396132,280.24667682551853
7,6,511.31661319504514,279.64384025834397
8,6,510.97858622095134,283.9245359449774
9,6,507.7048250767657,282.40179617238147
10,6,502.9937681437026,298.8229135889831
11,6,505.78475440182956,301.78226338456994
12,6,507.61017961852406,315.8680014824997
13,6,509.5080956061155,319.54091251733513
14,6,505.19637191799654,329.88231875711443
15,6,502.86640224577366,330.634841838119
16,6,509.5028830118626,342.2945044970635
17,6,505.8413752508894,339.92377908125064
18,6,503.2829807758563,333.6371018369774
19,6,499.9847253178464,332.2126634158511
20,6,496.2373355409026,332.5512892311573
21,6,503.5070503429149,343.32036890571146
22,6,529.3492842008872,377.24215574781095
23,6,529.4489029077863,379.0614200512935
24,6,536.8094401894392,395.7483103537758
25,6,536.7317213327716,400.6785245153192
26,6,537.4288842006944,397.8524109278336
27,6,539.7104008279088,400.27212536028287
28,6,529.4598603472314,387.923550418614
29,6,531.7852356140892,389.87080925756425
30,6,540.3950937960947,392.98528195327
31,6,539.2423065035387,386.30260584294564
32,6,521.1927792603269,348.79570581211107
33,6,508.5252745371292,325.66552115710317
34,6,508.7754799118574,310.1935043005167
35,6,511.8859535689737,310.5295790112964
36,6,515.0596846581951,308.3627980448532
37,6,527.6450431747169,320.5304894095789
38,6,530.8396201878243,309.9043670337841
39,6,534.0844153344823,309.9774753996872
40,6,545.6288013107716,321.84757620053716
41,6,541.9461765254008,318.1131220953626
42,6,529.3025776881301,304.36435508686225
43,6,531.6175384074085,307.13859570136276
44,6,519.9229431353633,292.83035018308243
45,6,515.6944868260714,288.6091532864808
46,6,515.6346271839388,285.2627901053149
47,6,508.93899806590144,272.7105847571993
48,6,517.6381688047784,285.2874250046492
49,6,508.5844858703227,281.34717282398003
50,6,487.7693896090448,262.3234823348286
51,6,483.27657732623607,259.9286461018344
52,6,478.1181568281908,263.0828187302621
53,6,463.6600403935068,251.14492837866544
54,6,478.7496504023743,272.1618422018055
55,6,471.25238686872586,266.1557709672537
56,6,460.9849606898508,260.7865951695096
57,6,475.8000850646277,281.06130119013073
58,6,476.31089899115636,284.0354171280699
59,6,463.9561816794739,270.7762570931182
60,6,425.59665128636954,229.92248184568825
61,6,455.5785129208941,247.81065334261058
62,6,481.2278759690047,292.55576043699307
63,6,478.90240494638664,302.58644171337835
64,6,551.5774506348463,410.7486165144104
65,6,526.6902985224827,387.50220553061774
66,6,501.8031464101191,364.2557945468251
67,6,476.91599429775556,341.0093835630325
68,6,452.02884218539197,317.76297257923983
69,6,457.53800101954363,330.3746857335062
70,6,458.38373149070594,336.85669239404723
71,6,459.22946196186825,343.33869905458823
72,6,460.07519243303057,349.8207057151293
73,6,460.9209229041929,356.3027123756703
74,6,461.7666533753552,362.7847190362113
75,6,460.2573172570057,371.92364998165914
76,6,472.6205522410548,402.89055581906695
77,6,435.92504098974257,367.3140060672088
78,6,404.00918619511947,362.0814176068197
79,6,425.1360144383027,393.69906321838874
80,6,365.45726180434787,358.8976272168125
81,6,373.0544925203565,380.1693705849687
82,6,375.24752949645284,400.0232542994031
83,6,359.61301472615685,391.8963089633211
84,6,347.3234966080363,389.37091757190035
85,6,346.9123347603138,398.960364974319
86,6,358.3621028783224,426.5312662592913
87,6,337.6991439572767,427.4934928704089
88,6,318.30793175005573,416.18491411435514
89,6,342.52390378869137,463.5520189435006
90,6,344.6035154979784,482.453882614116
91,6,341.3659020035653,483.7552634095583
92,6,343.1529044702416,487.26781947284803
93,6,343.0422373089481,483.83375599959663
94,6,336.921611614471,489.3550326221655
95,6,336.78837772819645,489.31977130371143
96,6,344.0855896707975,499.03118067126627
97,6,342.54743449730233,511.79859397633123
98,6,348.1043028476633,520.844771104368
99,6,348.5098684322726,523.3923070611373
100,6,355.2425925568393,536.6140760328489
101,6,350.74495700454605,537.3890272523059
102,6,350.2582344303996,537.3445132566387
103,6,352.9931420233394,548.0441621124487
104,6,348.08334727374563,555.624792929855
105,6,344.09902951668516,557.1934171465845
106,6,331.4497240079228,556.6592586013564
107,6,316.624168075574,554.3200525716778
108,6,298.8751123706938,557.8203293703203
109,6,323.43955235524504,587.7932321385268
110,6,331.2029181847509,595.7321464182465
111,6,331.24964318150245,599.0476379557028
112,6,329.75889912599274,597.2609157785537
113,6,334.48535651013395,598.9934451443845
114,6,342.9254658758404,584.0907972067753
115,6,338.0129222779109,583.7966541971232
116,6,363.7664608556464,596.3484586538126
117,6,264.2571549876515,479.6950505562873
118,6,316.87042841181017,516.869284430743
119,6,329.4957413648163,524.2649552120879
120,6,374.65451720711945,554.0465547395964
121,6,383.80679548266085,554.686130925953
122,6,391.2331110622657,543.5368419205237
123,6,395.76618905853053,542.057710438827
124,6,396.0220848182654,535.248226690079
125,6,402.95577722402487,536.9532372072134
126,6,407.4068684367216,535.7825169345139
127,6,405.82773027979147,525.1568562050056
128,6,413.4569732945132,515.5746170243746
129,6,423.0364843525059,514.2947154950898
130,6,435.0471132140784,511.7229134398334
131,6,450.8064668040089,514.1286320439234
132,6,458.500023409825,508.00480288741727
133,6,468.3868181105444,518.0546662206065
134,6,477.37542453553317,516.5083802157762
135,6,475.64043012965357,512.1512937170232
136,6,489.56734997830966,539.096248384134
137,6,499.9560724722081,530.9622375495148
138,6,497.8955734129525,540.9011954730707
139,6,505.75337612866304,526.415004781205
140,6,503.7014343077038,531.638100304971
141,6,506.5784384892868,519.2071192614695
142,6,519.2448068249657,527.3390242688203
143,6,524.5083105665825,535.5442837575465
144,6,541.2163381479006,545.0916186332316
145,6,540.0747742868311,546.4031108876586
146,6,540.3899159309291,543.7200546864918
147,6,540.2995750622748,547.0072877528766
148,6,540.1463372618855,547.2988684961957
149,6,540.9740442927401,547.7564591364159
150,6,540.4622379832981,546.5940956233947
151,6,540.4705624210524,545.3572624885688
152,6,543.8384159070574,543.6963269692584
153,6,543.9096418709873,542.2495614744856
154,6,546.0663015971769,540.5265117743245
155,6,545.6359751315479,540.4921204943723
156,6,544.921331473588,537.0864972816809
157,6,542.4822571880417,533.1414420037723
158,6,542.4448202982638,532.2099623865397
159,6,540.315709680756,530.7780066626378
160,6,538.3371697233152,532.7981710905959
161,6,548.2523056915827,546.5482276776687
162,6,546.3640551837301,547.0998187976517
163,6,543.1977764197131,546.7125021919244
164,6,544.0187877571642,550.3465280663014
165,6,543.381740810088,550.5517376704598
166,6,541.0552426419974,549.5182364439046
167,6,538.558550697218,549.7374374880015
168,6,539.820877914732,551.6296543085352
169,6,539.7925400139957,551.6688390246358
170,6,538.298163570155,551.8994095191771
171,6,538.8549906092294,550.2321384880488
172,6,538.6553054018998,552.7319949322751
173,6,539.3365752958326,550.650482634141
174,6,545.9385324318339,555.8136293796027
175,6,546.0096401095748,555.8929969877021
176,6,546.668075394755,556.1243389345407
177,6,545.6741290815985,556.0796912299388
178,6,544.3271755256983,554.8796032558954
179,6,544.3876204969112,555.0382188790243
180,6,545.4294675632503,555.3543827634873
181,6,546.6795913002688,556.9458525318661
182,6,546.5280689426022,556.2578236865701
183,6,546.6375396421065,556.3038985178704
184,6,544.0093544591936,553.3852860740263
185,6,544.03412712406,553.9270316100678
186,6,545.6193365640613,557.1851460680402
187,6,549.0505241527891,561.1879746107777
188,6,548.6572856873161,566.0128845146262
189,6,553.526803397185,572.9267204526824
190,6,548.1786261187685,594.1627862013148
191,6,556.3505424225042,596.8629095615236
192,6,547.0738358498664,599.2517384390694
193,6,547.5697079298502,600.386254134406
194,6,552.4641744013297,594.6575664532807
195,6,552.1962798718389,595.5160186545285
196,6,560.703223629135,604.0942636825633
197,6,574.5761469081165,614.5873282852306
198,6,600.8997692124595,637.9715037067903
199,6,603.9125939788729,641.1151823436953
200,6,604.8856419798719,644.0346898430364
201,6,604.4603528271526,644.935602412266
202,6,603.3607087115818,644.4059525697201
203,6,602.6252692251027,642.368000517394
204,6,603.1591994534739,641.8058980961433
205,6,606.3641434425513,642.599126037175
206,6,606.2101250065259,638.574362747454
207,6,609.5509961450928,638.3802216472274
208,6,609.867513393181,637.6245197684927
209,6,608.7270317285524,634.0467382529662
210,6,615.4025779881938,626.3391611775751
211,6,616.7043938721295,620.4053089673629
212,6,611.5454423850964,603.3558233948473
213,6,614.0062590753174,603.9317459989475
214,6,615.502363666302,599.7789700046154
215,6,617.5855349311353,597.3373679227487
216,6,619.642243290919,591.5955683898613
217,6,621.9828669144775,593.5342909254723
218,6,626.2274729544222,591.7262637882449
219,6,622.6722757412152,583.3149387296771
220,6,610.4419330259274,566.1373684116475
221,6,586.4333230793172,533.1114241114127
222,6,601.1400342440248,540.93897851771
223,6,601.8068945464418,538.4100341475454
224,6,586.3742712128472,513.5300764208715
225,6,559.651310184078,481.2362239068053
226,6,609.7582465317926,527.8217881459
227,6,611.7708405927544,523.3003615308932
228,6,618.5797556650188,521.7515080910346
229,6,620.0893618669146,527.5648875499783
230,6,623.6643835009709,519.6152543113669
231,6,623.5744455748005,512.8079328962344
232,6,629.1230569682244,517.1948709921218
233,6,629.360147826504,516.8022955217625
234,6,638.3653518910126,526.2348496885834
235,6,639.5981795692503,527.7055457615916
236,6,640.2707486270644,528.6063900164173
237,6,640.3857262228053,528.2745895592043
238,6,639.2340571244465,526.3043266367301
239,6,639.3196621955638,525.1838860720259
240,6,639.8127226842472,524.3122276331717
241,6,640.5431051722031,523.7509308693994
242,6,643.2708339354334,522.289538692711
243,6,645.0401166996747,521.8416997662749
244,6,644.7910349847926,516.8089798145932
245,6,645.3674488361236,516.3801648942698
246,6,647.3499281173604,516.0030290705556
247,6,645.884772830136,518.4469467378227
248,6,650.1145381518403,515.1590025938024
249,6,641.627199930553,517.9052739657103
250,6,635.4812664549054,507.96858586028594
251,6,637.1061189900454,500.2476605482194
252,6,620.4193536407591,496.5939441201396
253,6,628.7969516879064,494.96145037367864
254,6,625.7595037472207,500.72299969026864
255,6,625.9129529538233,501.8305525439819
256,6,615.9626834141308,509.64986075057766
257,6,628.0901692236006,522.67787045353
258,6,633.6786787406044,534.259654753354
259,6,632.6959600685434,538.905293397963
260,6,626.0232286314059,545.8261029076881
261,6,624.4699703194057,548.9852380852724
262,6,620.2148024267914,556.956968565494
263,6,622.1785826492277,561.1289804302614
264,6,623.5351521312278,578.3477665570282
265,6,621.5066645499411,582.7321608055279
266,6,621.2926008049297,596.9653425593774
267,6,620.9288817291648,595.6385823535495
268,6,622.5146862960131,600.2545105118483
269,6,619.0661111747768,603.7670333601061
270,6,611.7907553058739,606.6194936346493
271,6,598.7969986098152,613.6851505055226
272,6,616.8189532690695,629.6475935481022
273,6,611.2667548785635,628.4396078222996
274,6,610.5441741652422,661.7658953877262
275,6,601.6026917755689,658.0836044111733
276,6,615.7114051285214,677.4114729699119
277,6,614.6036397296762,679.2632144245183
278,6,603.6648265951907,675.4699060275681
279,6,608.5040177759248,681.5328924874495
280,6,618.2342847161192,693.7724331161221
281,6,620.6449416479833,706.0806487822789
282,6,640.2684999445067,715.3942303881205
283,6,651.0786000451748,725.2399072948841
284,6,653.6859987017673,733.6961333907082
285,6,653.2588396853153,736.1197030849285
286,6,650.3641381568601,739.3253418147661
287,6,647.9859855341244,742.2017018408
288,6,651.7586219607873,738.1289858334178
289,6,647.1114588419277,736.0779157655138
290,6,621.9163005510879,717.6955286873837
291,6,599.183244585544,701.4822654081531
292,6,584.768905101649,695.08518610043
293,6,582.685867128871,697.367328410222
294,6,554.4284008030779,674.0257856859463
295,6,545.2093310106501,666.3209504291876
296,6,533.8065858566246,669.5612890507248
297,6,527.9239632517877,670.4325859174428
298,6,518.1955804296153,675.5305634507878
299,6,510.73448151044437,671.6507639276168
300,6,460.5570257392878,643.2234750407295
