1,1,875.8994608561097,998.5934492945403
2,1,875.8994608561097,998.5934492945403
3,1,875.9476451401242,998.6753775935756
4,1,875.2033800019202,999.3181383918136
5,1,873.6873335862224,1001.32922681099
6,1,874.3261634907041,1002.3183396136401
7,1,872.0670187862688,1003.2569782199655
8,1,871.8244856232801,1003.7851946931636
9,1,870.7781082320935,1005.5539260587557
10,1,867.145387051723,1005.5864616709293
11,1,857.5926852137471,1005.3405318710631
12,1,853.0598922182171,1004.4828114583662
13,1,848.7188994285743,1001.345330208478
14,1,846.0376537653292,1000.6413979151898
15,1,837.9765433805686,997.8895063966283
16,1,833.6801687439175,995.8884044352131
17,1,831.7902633291144,995.4957487212129
18,1,831.4036810451632,996.8461272417242
19,1,830.0061956704637,999.9096292268707
20,1,829.4275143750273,1000.6398921849975
21,1,828.7800384000221,1002.3578610367207
22,1,829.7038447644171,999.6144315395732
23,1,827.783618933786,1003.3691288503602
24,1,829.0220771054749,1001.8061658723443
25,1,829.9981979377238,1001.1083559695123
26,1,831.4645187951536,998.6584565372592
27,1,831.7457700140665,995.0763111095027
28,1,832.893197985861,995.0045964732385
29,1,839.580958136965,994.8489861356016
30,1,833.756006871712,991.3976347821856
31,1,828.7240153271767,984.6436368981198
32,1,828.9948499968525,984.607536027227
33,1,820.6141137999426,976.4533317221675
34,1,819.4554561190591,975.4693079657919
35,1,810.5292531434479,968.902698432512
36,1,802.282361940121,967.6663658662676
37,1,803.5099873124923,970.2484802453127
38,1,804.3207674427499,970.049706790874
39,1,821.549140270336,983.0262110136742
40,1,813.7027582604276,979.5778071934877
41,1,799.3984554742781,969.8983424091891
42,1,798.2185401715866,968.0234411625339
43,1,792.956824013113,970.6930667295223
44,1,791.3802199841031,972.3397820261691
45,1,790.4007717544225,973.526023347223
46,1,789.3975976725758,971.6506062054452
47,1,786.8478709492736,970.7143113897192
48,1,786.1128490844684,970.3307085721405
49,1,781.268541256591,966.5699429140595
50,1,775.8803300431566,960.0681822554598
51,1,770.1182962683104,951.208316097579
52,1,770.1908119825571,946.613604111499
53,1,760.6058609987457,936.2095969032906
54,1,759.4765128764063,934.3270994089715
55,1,755.8762238785093,936.2174055464828
56,1,748.207747439935,933.7025375090285
57,1,744.7033430015313,935.0153761336412
58,1,744.5201992560972,936.2825349792164
59,1,743.1108197422825,937.2069623859518
60,1,742.3260249147535,937.6339812843181
61,1,736.7887124621867,933.2796293302245
62,1,738.6288061746125,935.108421190887
63,1,736.3317061462475,932.3143516621997
64,1,737.6613961592146,932.3240290376805
65,1,736.6049338203668,932.9163132556973
66,1,735.22186619741,932.2171945179398
67,1,732.2187946332531,934.531838306832
68,1,732.0013483609877,932.9714656260762
69,1,730.1695107142045,931.3546846820751
70,1,717.9802019359424,919.6299127134364
71,1,710.9331934243662,906.3055914550469
72,1,710.8698602234405,899.2476419420925
73,1,689.7481178091083,872.077983296207
74,1,687.4293929165136,868.1948507544435
75,1,683.8703027621826,860.610044191415
76,1,684.277530597215,860.4867938940488
77,1,686.0050205855915,856.8725117320054
78,1,688.3897480278487,856.5884938756291
79,1,689.1432285956062,855.1858950022086
80,1,688.767181498892,854.5650037513049
81,1,682.5336654211794,844.6311513674805
82,1,678.8154476111325,842.6757472558552
83,1,664.108063734401,827.949637285551
84,1,659.9503936536049,827.1497255447227
85,1,652.6918093376261,825.7297480079628
86,1,647.8698840751607,830.6503087226873
87,1,649.7234584291748,834.8069595775024
88,1,647.6660536137992,832.820091114443
89,1,648.8659531541659,832.2588499166658
90,1,646.8766188551593,830.6136782733096
91,1,630.8491419311491,822.5408208910989
92,1,631.5979027964253,826.0978923355576
93,1,613.9600055671124,815.8935186176676
94,1,612.9117495421784,817.0684943897686
95,1,612.096568357836,816.9836356539295
96,1,610.982433886191,819.3744237101429
97,1,601.2311363417488,825.1939089144784
98,1,593.8861704795823,835.7220060607458
99,1,584.5915827015251,843.8644665126577
100,1,581.0132166786127,847.731128266701
101,1,568.6723564076173,852.3357545725156
102,1,559.8064116386143,852.0341125949387
103,1,540.1562884072698,861.7794388006736
104,1,539.0715255147229,870.1872138757957
105,1,534.7188824173028,880.5282010273426
106,1,531.8248037509882,880.809042741528
107,1,530.9339298488518,885.2973892930161
108,1,524.137961609149,883.0905567847692
109,1,520.8419446491297,890.3549441140118
110,1,511.87362010721245,890.9249207674542
111,1,496.2564750134563,891.530970812773
112,1,492.93512853301996,895.4129926866686
113,1,480.8236181629617,898.1502179570402
114,1,480.73540252624724,896.1882274177715
115,1,477.3019448101861,899.5167371261094
116,1,477.2816341344593,901.0322952470065
117,1,479.05852585815256,897.9595386787631
118,1,478.9475614043924,896.4060497302984
119,1,477.7977339673547,886.82036673156
120,1,468.6610016570716,876.0336231980804
121,1,469.976755138225,869.4207918237446
122,1,469.96464485538365,868.3998441367434
123,1,471.10998155968286,868.166983271126
124,1,473.9211154084318,865.6714609057983
125,1,482.68338597633,859.4815845976024
126,1,479.7519499761883,841.8489176112644
127,1,516.9669865258551,840.6244290228373
128,1,523.9973912363994,838.7532515711238
129,1,512.7267245760405,823.5412011588745
130,1,519.5097056494161,820.1891451688564
131,1,551.1504483107589,829.7213923880186
132,1,570.0373469296784,837.0269069451691
133,1,586.2674029908543,833.6432100877755
134,1,594.0452111037637,838.2442317313142
135,1,584.6588803347015,829.213611308849
136,1,580.7337122702511,826.4772564430057
137,1,582.626162052699,832.3897671122379
138,1,585.2015400334365,834.8968350106746
139,1,599.1790934811796,850.9584667502334
140,1,601.369364156867,853.858678209982
141,1,599.3059705405323,855.1930811454466
142,1,598.5331611237092,855.2381578433746
143,1,597.5275163740491,854.0369256134118
144,1,596.6238541921272,855.4699236517998
145,1,569.4283988958387,844.6744361567055
146,1,568.2769208374411,849.2724737420323
147,1,544.9327701815996,841.0117685664491
148,1,532.9114305393119,834.0105863696643
149,1,519.0788296937274,829.3825908273647
150,1,517.7289644325865,833.5369521562931
151,1,513.7014373643439,833.8428619562543
152,1,515.5824814478742,836.8842997542725
153,1,513.7187145190435,839.1735913575485
154,1,507.50192841588716,836.9706524515383
155,1,491.1142791735593,826.5877358692641
156,1,482.2360928422919,821.0773504480412
157,1,449.1323464352134,798.3679927326932
158,1,448.76358366104165,799.2573233600724
159,1,433.9275382562622,791.7044162301542
160,1,429.11927542117104,794.2176747950133
161,1,421.4744491693946,802.9830582484843
162,1,420.7682674092157,807.1139473106438
163,1,415.0232506903093,809.3517103269413
164,1,413.91501337264316,811.3697736586707
165,1,416.3503171214485,814.1003649356713
166,1,415.6313960487719,813.9157759695415
167,1,410.2603129223577,816.7616063556649
168,1,395.92672094399234,818.502793409945
169,1,399.1560925059135,833.4715066912029
170,1,397.6216636778321,838.4117346281938
171,1,415.5422001667745,860.9975215570877
172,1,407.7783280526026,866.0157928379547
173,1,404.9618040058639,883.8006624555929
174,1,400.9137513695151,884.2601579572365
175,1,402.75545168576826,880.9796259710208
176,1,405.79124468557455,884.4751734059236
177,1,401.1664257495964,893.987956468351
178,1,396.5416068136183,903.5007395307783
179,1,391.9167878776401,913.0135225932057
180,1,401.72060319207077,921.8580235356578
181,1,407.0046897231153,926.4708515141213
182,1,403.0620569925317,927.9827807144412
183,1,400.4590930325115,926.0432250452236
184,1,401.6200589856045,930.5212215968024
185,1,402.44554064116954,931.1734931277441
186,1,399.28503163101516,929.5980572092783
187,1,403.259846859283,926.6290988908664
188,1,401.6380663060087,925.5024452775766
189,1,344.1600175779596,875.3468576918402
190,1,344.8455010242792,857.9647348798168
191,1,328.1799580691333,841.3092259601324
192,1,306.51809380318707,812.2420423345588
193,1,340.2335211047638,826.2636739240338
194,1,313.1796241872828,809.7560556591143
195,1,257.1921066435062,756.063379176897
196,1,267.80692185017296,759.4154685444698
1,2,539.8216770037468,1286.9862247288804
2,2,539.8216770037468,1286.9862247288804
3,2,539.6936487520899,1286.9229974254042
4,2,534.0575676673391,1286.193186576277
5,2,532.1465636805045,1286.2250764296923
6,2,528.0767192599484,1284.3821686785934
7,2,525.0173725617665,1283.5495487201288
8,2,523.7763470102091,1283.3387890903405
9,2,519.9886217175276,1281.785828016619
10,2,514.2238183022117,1277.236572525818
11,2,496.2068800841073,1270.6669891535612
12,2,490.3741624027946,1267.0813089870765
13,2,469.0580270036276,1255.493029742787
14,2,455.8596299974739,1252.6295408231706
15,2,448.8558798405755,1233.0545097002573
16,2,578.1774093852722,1296.7130710969707
17,2,583.8408047663742,1290.1478996857295
18,2,589.5042001474762,1283.5827282744885
19,2,595.1675955285782,1277.0175568632474
20,2,600.8309909096802,1270.4523854520062
21,2,579.3762694897804,1238.0389830355232
22,2,529.4646879444618,1208.1893077724292
23,2,479.5531063991433,1178.3396325093352
24,2,504.4952196839851,1178.735810882541
25,2,522.3129056104164,1164.438418396041
26,2,522.0191583027387,1158.7580472918348
27,2,529.9213905413761,1142.9105842099311
28,2,530.3634348073438,1133.8656585006916
29,2,487.46309161503405,1083.9245436503188
30,2,491.9639378491643,1064.1712597999292
31,2,514.7029623172903,1048.6806689059354
32,2,517.0619577877503,1046.9933139156592
33,2,527.7469960885009,1029.7045622414776
34,2,504.3813854178325,1006.2888830665679
35,2,486.1210887749862,954.4990753051543
36,2,476.01984445009714,936.5176551295309
37,2,509.0694952951874,935.8651020119039
38,2,512.2588740684769,928.7325089705971
39,2,516.8285825800507,910.9763504019212
40,2,483.0150279434355,883.1758005709969
41,2,455.1929257317403,850.3704787813945
42,2,428.3566012045131,821.6229448955264
43,2,465.227105292048,821.0442819621251
44,2,446.25004985790804,801.6322667012809
45,2,445.69189240407957,784.3419386419421
46,2,435.3817441146563,766.3792785029506
47,2,433.7054386380499,748.6354145078398
48,2,438.4886900441207,747.430947845185
49,2,442.5146685182491,740.6020639701472
50,2,444.7915329033227,732.4704569639389
51,2,441.582618126381,720.1715273209074
52,2,442.313418042034,715.905416241518
53,2,418.2437604608956,687.3517870454568
54,2,420.45391763689327,681.1994005354579
55,2,344.45654702081663,601.3820469376286
56,2,337.6777942855131,588.5952150755521
57,2,424.64237525674935,650.6788889284142
58,2,439.47298026603363,657.3249088775203
59,2,415.66716321216575,638.3535302673346
60,2,435.198027332985,651.6253733155294
61,2,421.5004522183669,642.7981292926961
62,2,431.3058344081755,647.0077153372368
63,2,341.38514490968925,582.3419012744497
64,2,349.0103246491243,589.2105389637546
65,2,392.931094168726,624.1336758452456
66,2,370.0886827059195,611.5045289674966
67,2,369.5610600987302,616.1477637748918
68,2,400.7746464185352,642.3157048036809
69,2,384.1482854472227,637.4605483980257
70,2,364.7553490837043,629.7048694857399
71,2,354.3578322657221,630.8841468016283
72,2,442.5197441880962,705.9918946648243
73,2,385.0127575587885,666.9902585284899
74,2,386.39800744918244,670.8794320970997
75,2,378.5955009267992,671.9982065968463
76,2,382.2033515597749,682.4687196587234
77,2,391.91351938175234,690.723325932772
78,2,383.7105712278581,688.5372310264122
79,2,384.8551917631154,699.3778510879705
80,2,376.4178477880861,701.0439189377704
81,2,361.1157916024121,718.1887090175893
82,2,362.57125130817565,712.6541430122653
83,2,361.37958512313423,726.7967835927873
84,2,356.782361549538,726.7293450747244
85,2,345.84274139616485,719.9973115579752
86,2,343.63173856470667,718.1487011376104
87,2,321.97035971428954,708.0624630119854
88,2,317.2927277600289,707.428156963639
89,2,299.4399104945233,703.2784530122171
90,2,296.79313643571913,703.5340044555214
91,2,296.1925964774443,697.9113503597408
92,2,299.05903297546064,695.3404775712324
93,2,303.50823475203595,683.831145976741
94,2,306.66617574711665,681.1831516306963
95,2,307.98665601520827,655.0296574772533
96,2,309.30713628329994,628.8761633238101
97,2,323.62512841828647,632.3559493495736
98,2,315.357966886309,598.3192532941329
99,2,307.0908053543315,564.2825572386921
100,2,321.3447098870641,560.7344556318184
101,2,328.4532886420757,549.890707097832
102,2,327.3999087064228,536.3567630846983
103,2,309.0837716993608,500.84438450157484
104,2,343.72819641260867,536.777045998284
105,2,377.1846790445155,529.3274410105932
106,2,376.3461054582184,531.7197508874872
107,2,388.7481302011371,500.1049239971932
108,2,388.7169832691732,485.7804218505666
109,2,378.66890270445367,451.542147461554
110,2,426.22295061218983,475.99550911712464
111,2,436.59765529143175,469.0707496081319
112,2,420.6965835292156,443.99543684879893
113,2,424.51145785918266,438.1485158443265
114,2,424.53163192686316,433.3822916522622
115,2,436.9080956174108,418.14882311779405
116,2,391.85100313524106,358.3756092568844
117,2,424.3541659093092,362.36040319253254
118,2,425.7734996046855,353.7561252160081
119,2,436.79067290798383,354.2866491384634
120,2,439.270639517235,347.9709670333109
121,2,456.5395032517955,346.4631461051658
122,2,457.9009784049861,329.58717272646675
123,2,485.95496814369716,324.3097452109666
124,2,491.73787954271427,316.3301779550871
125,2,471.73082877462895,263.2134155293998
126,2,475.4361103763503,258.2890774013854
127,2,550.351421589805,318.15607444391776
128,2,521.2592958206475,280.59680485610556
129,2,561.1102545838825,297.7170937649272
130,2,558.0702889317007,290.7433857600088
131,2,552.4151165583618,276.0168660073996
132,2,561.2576593092161,282.3791679376327
133,2,581.1681169904414,291.8888153869865
134,2,589.6795506415333,294.4998953895857
135,2,608.0977306873016,304.96867383220405
136,2,607.4282268062091,303.2935860900444
137,2,607.9269165703189,303.22992994482456
138,2,607.9752380231074,303.7799617324363
139,2,611.794385490132,311.52112424794956
140,2,609.9338489023386,316.67586310968386
141,2,607.6665611493981,317.21636679203834
142,2,605.6914692254929,317.2770118328078
143,2,607.0963406364402,320.9420072737307
144,2,606.1780210037617,321.4723001013913
145,2,608.633135218457,330.236258442161
146,2,612.5635400315695,338.5185285062322
147,2,607.2832803351736,343.59583630371736
148,2,606.5112468672346,345.6765064143384
149,2,603.8239391033675,350.4074501456204
150,2,602.9910985544249,353.1357757980114
151,2,599.999947191393,354.5346751227205
152,2,602.7634414370408,362.3567234914575
153,2,589.858991020083,355.0232670033047
154,2,603.9468115847937,377.27286716111115
155,2,598.2276968064975,388.1487252919768
156,2,609.7814450073058,407.1071045680173
157,2,603.3389146526188,417.4508718739105
158,2,599.664549484451,416.17692589428754
159,2,595.0408669118312,422.2509909745073
160,2,596.754285851225,429.90290606758225
161,2,597.0914874886263,443.3286153095356
162,2,596.4441834174597,448.1526699704027
163,2,602.6116454392425,480.70327923651905
164,2,608.0289063465301,496.34359633148756
165,2,597.366792228885,493.4419722546343
166,2,596.718935259946,494.8220101243175
167,2,593.8863717438381,501.2657116191891
168,2,592.0850659442572,507.8048460615595
169,2,586.7021385598656,516.0973708745688
170,2,582.0852441587616,522.0352295540653
171,2,597.2792137301909,557.3046209403767
172,2,598.7660890278146,568.3436500541234
173,2,593.8928407079145,574.7244760441043
174,2,592.0595577421507,575.5954620171932
175,2,590.9064124534159,591.0635014668036
176,2,580.9222036673357,600.6937695209987
177,2,568.9904819365709,596.5571486287292
178,2,570.3126152575275,605.6625930138296
179,2,567.6302398905996,635.9554745466231
180,2,561.6379304782687,648.2065571465026
181,2,557.3755904819978,665.0284307158931
182,2,552.3825889377084,672.9527080350508
183,2,546.7938371202281,688.3324796664078
184,2,548.0375608987727,695.9594665091239
185,2,543.989316950586,712.3872706108692
186,2,537.7044559645667,721.5934823992933
187,2,551.2102638151199,746.6112370763602
188,2,550.1164892993419,750.0162220898316
189,2,544.524821233466,751.8776776694052
190,2,542.8548587510969,757.0164394868489
191,2,531.0053658850437,771.4403241066784
192,2,523.6193975602329,772.9626685319653
193,2,528.5033520351072,790.9353814782781
194,2,538.3887284211816,806.1360670362137
195,2,540.1569129664585,823.3644263056033
196,2,541.4226519356254,833.8235270440512
1,4,996.668246081841,1022.3345418856053
2,4,996.668246081841,1022.3345418856053
3,4,996.708704051035,1022.3713294572582
4,4,987.5059279403652,1013.5758460561449
5,4,991.9964696179113,1019.5575533818918
6,4,981.2719881290581,1010.1232851901933
7,4,978.2888884654823,1008.6243539546048
8,4,977.4384712602579,1009.932733242837
9,4,976.7108768444544,1012.2975927595138
10,4,976.4483210856422,1012.3272322212392
11,4,974.9333312512174,1014.5383811511186
12,4,973.813168124648,1015.6716574561636
13,4,973.2343574969407,1019.4934302226893
14,4,970.5261819996899,1019.5165154507818
15,4,972.66913418672,1034.2037568183591
16,4,970.4809069118619,1034.4033773207912
17,4,977.8757166826956,1042.5587204175267
18,4,978.3227422538375,1043.1041844293607
19,4,978.1361775081712,1045.526306898982
20,4,976.7306581766903,1044.9307840240983
21,4,977.1689004308198,1045.4661605873443
22,4,977.1845369389918,1044.988191369326
23,4,975.9535998092699,1044.1350827266945
24,4,975.4537013819937,1044.911471300693
25,4,975.6341362807082,1044.162032261486
26,4,975.762074356984,1043.7154627743005
27,4,974.0484407076759,1047.2996497394427
28,4,974.1624093370363,1047.276438870851
29,4,975.1395057355675,1045.8292804309385
30,4,976.029948043652,1046.2444001174495
31,4,975.3392970826894,1046.3833932671562
32,4,975.941540131629,1046.6338121786578
33,4,975.4486432092215,1046.841250698583
34,4,974.9768960798809,1047.6264698041607
35,4,975.908843703133,1046.9456015503736
36,4,977.1099074763619,1046.7508159387983
37,4,978.3552331166818,1045.0458821725647
38,4,978.8589593749911,1043.8678110403284
39,4,977.6770541645104,1042.3615471515413
40,4,975.9067326262825,1041.1142914100133
41,4,972.4275586989926,1038.3092165923651
42,4,972.2659927335053,1036.9587220367057
43,4,973.5945937337688,1031.310703204619
44,4,972.3788296182703,1028.6313422480696
45,4,973.6543713625197,1024.0020818785517
46,4,973.3052030280819,1022.3448322529396
47,4,971.898720474055,1021.0147993423532
48,4,971.3233853104457,1021.4174263808387
49,4,969.306649492261,1022.3648861923517
50,4,969.6839855522601,1023.4714956523272
51,4,965.0864871990552,1019.8614639020598
52,4,964.3634622425653,1019.4006899153768
53,4,954.1246034906507,1009.2779776491873
54,4,952.0672665575314,1007.5447231600788
55,4,945.3550316236189,1003.324703089996
56,4,941.6832053525326,1000.4998219004506
57,4,934.45494803635,994.905198903159
58,4,934.4353606530049,994.9401531237601
59,4,933.1020227470043,991.7583885318136
60,4,931.7711174845087,988.4440794327979
61,4,926.1201542858256,979.0718029478458
62,4,924.1712468392623,975.0359300208621
63,4,911.034096020583,960.2584384806765
64,4,908.1680829270805,956.3634384285134
65,4,905.2476245860488,951.7861366634601
66,4,905.0594677743242,952.3563577473838
67,4,902.1808378103852,949.7432657124403
68,4,901.5570478455866,949.1388022446552
69,4,896.6952304580167,944.7830955078504
70,4,894.8020228431853,943.7806895842165
71,4,889.9348141531669,941.5591999726419
72,4,881.0398342939635,934.1837457119175
73,4,868.7004001753602,923.6412115773961
74,4,866.098339673054,921.7167797498779
75,4,863.66423174464,917.5592571782404
76,4,862.1867046131155,913.751175255989
77,4,863.7163373364635,908.2834460193193
78,4,869.9586566835507,907.0432636849439
79,4,873.1885338182061,906.0670219874813
80,4,874.6693996855911,900.7604524258703
81,4,868.2764275231124,889.2584630397585
82,4,864.1604124736226,879.2533850167799
83,4,853.8259917232905,856.6535812972243
84,4,844.2903214180565,846.7521551970719
85,4,837.370243678915,838.8360150849338
86,4,834.4252446096305,832.5464488211878
87,4,827.2274062364409,828.0745610459405
88,4,824.8408169695285,829.2022992517681
89,4,829.8301452867546,844.5892918925215
90,4,834.7474484447193,851.5654870108744
91,4,830.0359385189271,850.1222989933384
92,4,825.839227969009,848.4624738728501
93,4,811.9372298445544,844.4296780818158
94,4,807.1786729079955,843.9766700330596
95,4,804.1331278206471,848.3149171596488
96,4,792.9559880969127,845.4133797725218
97,4,784.1350118046095,854.6237442438044
98,4,779.7920816114878,857.8267802111714
99,4,761.3821270695415,879.0313088720015
100,4,757.8363459540349,880.6607632967985
101,4,749.545828317849,887.9122261804731
102,4,747.9040705366132,889.8558950910244
103,4,732.6226747554516,897.5997946938197
104,4,710.2653909725948,890.2295689440982
105,4,705.7722898934759,900.6594019097139
106,4,694.3738546637061,904.237902821997
107,4,693.1618738340591,914.0457797812334
108,4,685.5487287765935,917.5158386324837
109,4,676.1710144553703,930.4094091461313
110,4,691.5768870399091,955.9013988784753
111,4,701.8259953303804,969.8700455082045
112,4,699.0335402834754,969.0781155613741
113,4,697.2779781546994,967.6639468659467
114,4,697.3233288947282,968.9226702148414
115,4,696.5786594281701,971.608731314644
116,4,695.9179506166091,971.9173626529055
117,4,695.9049553651995,972.8207931976742
118,4,697.1868348089699,971.7518747714893
119,4,698.4641827915302,971.0731051036446
120,4,698.0169208219747,970.6533603971675
121,4,698.0710619156625,970.6166207260706
122,4,697.7595164445377,970.5312371769705
123,4,696.6091179563508,969.5226610453809
124,4,696.3388994688216,969.5972471001278
125,4,697.188835621858,970.7210836294039
126,4,696.4609658642468,970.2030458137045
127,4,698.3037392902756,971.8054866352599
128,4,698.4139335741706,971.7607089581128
129,4,698.5145354041979,970.0155379072521
130,4,698.1677180794528,970.3435307323966
131,4,693.9288105152598,971.9263297904741
132,4,700.389428643735,975.2878714101563
133,4,704.7275235689731,975.4552241507989
134,4,704.5373072319267,975.2587698595424
135,4,704.2915251661075,977.2036346414665
136,4,698.1873125077652,976.0259384566368
137,4,657.5125770127952,954.7825066618282
138,4,652.9878151157097,957.1812418537562
139,4,647.2293275701041,964.1613239980953
140,4,643.7638901663357,963.4662440993006
141,4,625.6086654049133,953.2854561982587
142,4,617.3152542845814,949.2660244270668
143,4,560.8636344565575,914.4274313763178
144,4,561.4804398045723,919.9504918695457
145,4,552.8886377407075,919.1137117375704
146,4,538.6250516866461,908.8251899141767
147,4,518.5106141776852,897.284673871376
148,4,511.5723111896972,894.6298837461607
149,4,511.40006000847853,909.5555014900709
150,4,486.65531042395895,898.7938496108023
151,4,472.9303394768699,899.695728752877
152,4,470.70257590520504,902.3015984196932
153,4,455.62541611360217,910.0228467276654
154,4,451.0914793301715,909.6640698174872
155,4,450.35958621512003,920.8513002598648
156,4,454.1916512390546,923.997169218799
157,4,457.82445579798656,931.1749632065327
158,4,456.40910596186166,933.990601299991
159,4,449.7464609174094,939.7919065949208
160,4,441.3025119856088,943.7486148984942
161,4,442.6154425291722,950.3097172194362
162,4,444.6873085858335,953.8863303749683
163,4,444.89729582597664,964.5426973024779
164,4,441.99399533261357,963.8197712913744
165,4,443.5093253970633,972.414431467649
166,4,440.2207603690144,974.4208212562046
167,4,439.62423907602755,980.9445419035738
168,4,437.2519471218945,977.9972146737258
169,4,456.12129252774673,990.192989622641
170,4,449.96731970793206,980.1695476784996
171,4,446.6685406950974,986.5155093083589
172,4,437.11152000697393,983.2745935381384
173,4,415.38773083194116,975.0011085772132
174,4,419.2299692188195,979.671571345704
175,4,421.08390623329535,984.9122182828615
176,4,406.63256681995165,979.0381762678539
177,4,421.99540846805957,986.1760005721334
178,4,435.33210181608615,993.4437581808701
179,4,407.4453668750143,979.3210606692464
180,4,387.06105953571824,984.4228500854341
181,4,346.79787388065574,966.9293914959244
182,4,346.6077742321175,969.3858267254582
183,4,359.30048262540043,981.2384083895118
184,4,348.60187371621043,979.2890906237441
185,4,252.50930805401788,932.9443845403213
186,4,186.21236845991132,901.1827855507106
187,4,165.6553504241289,877.7263015538873
188,4,147.03214729072445,864.6308995335611
189,4,210.63390756722777,899.0303173676327
190,4,220.59149184044105,907.4400904340657
191,4,203.42549319273783,884.1179444969524
192,4,195.46096554965618,876.5861846024425
193,4,221.5548216468763,881.7437447113552
194,4,231.8307805650858,874.074026832948
195,4,207.07635661132534,857.6254347592426
196,4,203.26962673873436,856.3563090023617
1,5,595.1761126339694,116.01663481731815
2,5,595.1761126339694,116.01663481731815
3,5,595.4642731588812,116.53090255174241
4,5,595.5024029187217,118.29950217197168
5,5,592.3063730840739,124.44596988718587
6,5,592.568433437666,129.24212178825047
7,5,590.2022717028592,131.25202839103451
8,5,590.6464261845086,132.25081006506625
9,5,587.0907030128553,131.74565904243929
10,5,575.2425046134749,118.12662364309969
11,5,549.4979180216784,97.5823678687072
12,5,541.882781904342,93.96650224368491
13,5,509.3914619253177,63.38502708932624
14,5,526.3570788436256,92.6079987510654
15,5,511.0448787464051,94.07850675643056
16,5,510.8908377408017,102.78872269695178
17,5,505.0547473097981,109.22644492204694
18,5,502.6994130541862,109.29391148626556
19,5,495.88894985256803,104.34175804274518
20,5,484.5158746092624,93.95402063907301
21,5,448.79408972060327,57.27990689712704
22,5,455.71676770484044,77.37234592446369
23,5,431.620711262601,59.649591786537925
24,5,431.5630846399796,70.73776657317453
25,5,420.22047813200635,81.89722642681217
26,5,408.6314752908968,73.64336554212429
27,5,361.07777848485955,32.56722871618058
28,5,362.7837583297075,42.68863226613673
29,5,361.1939256632714,57.12252805545664
30,5,361.1231152767949,69.27676409203643
31,5,350.9676249295885,79.20661238994622
32,5,351.7395989367293,85.95917236079038
33,5,334.1392646775655,94.42975070640324
34,5,327.1050667477797,90.23570730944677
35,5,320.4296955348773,91.88929554141195
36,5,301.55115641720494,75.66376819987033
37,5,273.2117356724159,51.841876458444645
38,5,265.93949409610326,47.49824302666907
39,5,251.00007774755062,40.8327869799411
40,5,283.7505907020224,83.3427611102615
41,5,245.2859482435417,49.32607602108072
42,5,253.3331584423038,69.17236547489337
43,5,252.40059372564653,82.36488911553181
44,5,254.16200660148633,87.89352037948545
45,5,250.14528913596558,85.97873895407025
46,5,253.6751627661654,96.29949841620864
47,5,258.9296940325738,105.85427819179715
48,5,259.27090708445235,106.87906920539605
49,5,260.74991291775075,108.70878532928612
50,5,256.47506653697786,103.13101825242536
51,5,251.59846955004696,98.85561265477818
52,5,254.32271784276634,102.67239761595724
53,5,246.9986405054528,93.59806516144496
54,5,245.95936919131887,91.73418432325232
55,5,240.18716489779237,84.0906289657953
56,5,244.8818346525214,89.50356991255684
57,5,256.613931038988,101.30370251874042
58,5,260.2162650351783,105.73988869252433
59,5,262.8164586803878,106.3809594329046
60,5,259.7826297026054,103.73644795408063
61,5,259.3844591239205,101.86011506400297
62,5,259.2854991489773,100.88504108681855
63,5,253.87048213212205,92.33004975352051
64,5,250.8028057249172,88.42032445638843
65,5,249.71093942570155,85.73798605959682
66,5,252.0415669725567,87.31040801242784
67,5,257.0836612718013,92.08725004966615
68,5,267.78017715260376,102.97910112848804
69,5,255.12878881145954,97.39104508546701
70,5,248.66753760005167,93.94202753701792
71,5,237.6463564715258,95.63818256178818
72,5,222.97861822523598,81.93996980987811
73,5,222.6719114100824,99.15336412720413
74,5,144.87268278076405,35.9833262686645
75,5,252.7839414830322,186.67815054652044
76,5,232.531599897407,180.49194096834952
77,5,213.21490193221695,182.42698338983695
78,5,193.8982039670269,184.36202581132437
79,5,174.58150600183683,186.2970682328118
80,5,155.26480803664674,188.23211065429922
81,5,135.9481100714567,190.16715307578664
82,5,116.63141210626662,192.10219549727407
83,5,97.31471414107655,194.0372379187615
84,5,105.96611507969857,215.03034835282864
85,5,171.85979782541423,320.9294701143969
86,5,157.92525336102068,314.15120693988587
87,5,165.77518857655704,358.0913535783521
88,5,140.3167911436996,349.1268662489033
89,5,4.4314570657583126,263.56353527901695
90,5,-70.83100982581045,222.529058429873
91,5,102.39640678775085,376.1082361781348
92,5,112.72744200846918,392.2947226870851
93,5,111.1923068075356,425.9019372483999
94,5,86.87065470899226,404.6559398369809
95,5,317.2313306874424,647.6728082377015
96,5,-37.725535424751726,331.95221854759
97,5,130.91369689730394,493.9196069544971
98,5,104.78854385380139,478.4681996214865
99,5,61.547147180387356,458.1001389704408
100,5,18.305750506973325,437.7320783193951
101,5,14.089230852319234,451.9873822060629
102,5,-9.189328850914142,440.1272771300332
103,5,95.56187469345716,545.5435459835074
104,5,-10.539948924098926,462.42946992105254
105,5,178.3327466070675,628.8850029069704
106,5,163.20376261693215,632.9677286925697
107,5,144.56011911838013,633.0139457527198
108,5,179.010994620883,666.9641562704174
109,5,177.53587636080144,687.1485855236288
110,5,190.11938855595037,692.8334697732561
111,5,186.3122280517925,705.4664850793503
112,5,180.4264602258549,706.5653688497482
113,5,184.30596020802648,721.613983733548
114,5,195.9899224659034,734.2704636086993
115,5,188.97444827699914,742.1544698504284
116,5,209.3117529750098,763.641481088762
117,5,213.13218139806818,777.049521661062
118,5,217.3266460549291,785.8815056617788
119,5,222.2210806761731,797.9920627596553
120,5,219.24228255778942,801.1219413617828
121,5,214.66773259428507,811.6233004650077
122,5,213.79401519774217,827.9270248353672
123,5,231.4858963637639,850.1055205898585
124,5,237.948056032775,858.8359912691706
125,5,251.6905599112945,875.8957414225184
126,5,240.8078972345274,884.8487283438577
127,5,227.75592204337144,886.1992124194043
128,5,245.20470434694505,902.7899249206723
129,5,253.21670179160924,917.4455925205697
130,5,272.8268973867682,933.115173198453
131,5,294.07401299419536,951.9753336612648
132,5,285.4997649521752,953.8746952569883
133,5,284.6470445960673,965.7920921038752
134,5,282.2820224400907,969.9505613178097
135,5,272.86986132551795,975.9134612575798
136,5,270.90342861277793,983.5121427600816
137,5,283.78602241345675,1001.671368762243
138,5,288.6114051577467,1011.4008308273264
139,5,309.5633077562502,1037.10897873705
140,5,310.72439708675313,1045.6785003402085
141,5,325.8467699112332,1068.3795291741035
142,5,324.9904382813144,1068.4432135110526
143,5,323.67007208750414,1074.655630515827
144,5,318.4105641849371,1081.2266000174814
145,5,304.06301378635635,1096.145570575943
146,5,305.86372520866036,1101.3008676823927
147,5,292.3196792982284,1105.6322415047562
148,5,312.7221884456384,1123.0149358092278
149,5,328.54635865472585,1143.2999515287022
150,5,338.305386602965,1157.080140885222
151,5,342.3936451276379,1176.9779871982926
152,5,355.6508977446783,1187.5943676433901
153,5,359.76881878448705,1200.6938322126189
154,5,364.7313679612141,1206.2352471940844
155,5,368.2405569324102,1208.4492982719669
156,5,370.501189468537,1211.9055639733738
157,5,386.37435895041205,1218.4121032739633
158,5,401.1776502886429,1224.0494089180495
159,5,425.1250840952132,1231.9750158152838
160,5,441.48998171543155,1233.4720762124914
161,5,455.5506486498087,1228.8488187946393
162,5,459.6472099484048,1224.0478351263725
163,5,492.4976276270793,1231.2727364495565
164,5,507.07087397222926,1234.1467799695338
165,5,533.6066674102211,1234.7530041121088
166,5,558.7341031585871,1239.0431041003364
167,5,585.0624736894842,1228.0651468343376
168,5,586.6122208562576,1226.3270979635658
169,5,600.9545476803911,1212.9996962884077
170,5,612.150506604288,1205.9417799214864
171,5,634.6578795538175,1192.347789431354
172,5,645.5908325151449,1193.5604949699211
173,5,685.1059431068983,1198.3122539563765
174,5,690.1958002995578,1196.5570164923395
175,5,692.2949299675388,1193.9904447484835
176,5,694.1361785739789,1193.3450552129564
177,5,693.6343949586949,1190.470225417126
178,5,693.5931555078571,1193.092100662991
179,5,693.9571379341176,1195.4177926904706
180,5,684.4995106469493,1187.8023043378757
181,5,669.4562861373871,1185.1418940290712
182,5,631.5699373381366,1164.2291111379816
183,5,618.3073676707915,1159.3983991738626
184,5,616.8666176677965,1158.451146184873
185,5,614.9222011074228,1158.963907552718
186,5,609.1319498388282,1158.1876734907846
187,5,590.3374937024291,1149.4335440074105
188,5,595.1665128171071,1152.0719777560398
189,5,564.8292876552083,1139.8367172349467
190,5,529.8700099912409,1121.8061139582665
191,5,523.0612103325574,1118.949059787742
192,5,519.6292031953321,1116.4389041921588
193,5,472.33793655417577,1100.6115601894846
194,5,460.1982732508843,1095.8426961184955
195,5,446.7691754472632,1087.3941693313493
196,5,440.1008796184965,1081.2300391496167
1,6,570.5163348487046,1370.3342337997979
2,6,570.5163348487046,1370.3342337997979
3,6,570.5237196043108,1370.3689088584035
4,6,568.3321658987026,1370.2855112382008
5,6,566.6534954062568,1367.9531182947778
6,6,561.1707754257319,1364.3798207257014
7,6,554.9969641285732,1359.4764353901164
8,6,534.2855076417934,1352.3302769119175
9,6,533.3327324278039,1347.0864066642862
10,6,536.7059273417025,1341.705535102922
11,6,544.2279055081179,1337.5291455601177
12,6,543.0595987097944,1335.142061560454
13,6,542.8585032914506,1331.7872358740613
14,6,548.2270950214288,1332.2517638695265
15,6,564.2923803174147,1322.040115056141
16,6,571.7822663892482,1310.5538206584172
17,6,579.2721524610819,1299.0675262606933
18,6,586.7620385329155,1287.5812318629692
19,6,594.2519246047491,1276.0949374652453
20,6,587.2636233549856,1258.0284748667254
21,6,580.275322105222,1239.9620122682059
22,6,573.2870208554585,1221.895549669686
23,6,592.3556844897792,1197.1196276290884
24,6,601.4976320179027,1181.0888580897113
25,6,605.3808195904772,1163.804836882347
26,6,615.5074722100684,1150.050615131427
27,6,585.6507785583124,1110.5669862768202
28,6,588.2168821736643,1104.835084107026
29,6,606.6438406333064,1077.2802708121728
30,6,613.3106897327712,1071.77105885004
31,6,618.2644526618915,1049.9923709679974
32,6,515.9741795852876,977.4316972337475
33,6,576.1999286981769,989.4628288476379
34,6,598.7887252907323,990.5038979633443
35,6,581.8681003989244,952.5509263593743
36,6,587.7490513679445,944.8199763832513
37,6,583.9294855650189,921.2230876069711
38,6,582.2470671201456,911.6361215771338
39,6,554.6161588701106,870.0031147747897
40,6,558.843908471193,856.6010605363122
41,6,556.7460622630241,837.4629506199583
42,6,536.8178518290987,813.6566451534761
43,6,505.8330628100725,765.025730699774
44,6,456.599624199363,720.3705583017687
45,6,606.4383759836275,823.9734846304932
46,6,471.80486190444043,709.0915023627822
47,6,432.6021367667942,661.8871154895841
48,6,444.22880961798836,662.3945878814424
49,6,448.8321507987068,653.7157147747628
50,6,453.4354919794252,645.0368416680833
51,6,451.7167774673556,640.7820846735639
52,6,449.3068058584695,636.6355957357883
53,6,461.12538601824303,638.1262864726276
54,6,465.9407629736854,638.7923770107907
55,6,445.929843067593,612.4905177348611
56,6,466.1018041239113,618.1785397511744
57,6,474.79551602134455,617.7635801004025
58,6,473.9809760692532,618.2268587462574
59,6,473.51628477226024,614.2271846785078
60,6,471.7149940482882,612.169376376711
61,6,467.83686346429295,608.0902854151542
62,6,469.63775241817865,609.8982124628276
63,6,464.81878997019396,609.62928199759
64,6,466.3661548154717,613.4254750444036
65,6,458.1333044630176,614.3332495890633
66,6,462.25236671190027,631.9692803998978
67,6,451.9301819242799,637.7746108842376
68,6,449.5889013808612,640.8549334167594
69,6,452.16081663784485,637.5790603072832
70,6,449.6903062428263,637.9198961070596
71,6,330.5260532300603,548.8009623420612
72,6,330.3212257553187,551.6267285774064
73,6,350.68336452236895,581.3886365433165
74,6,317.60464459299925,551.6910871241174
75,6,347.98068005914246,587.3895837167089
76,6,433.71260420880566,671.4136445998436
77,6,452.7637462526559,694.3332380805205
78,6,453.7658206948465,696.3264310900806
79,6,455.25183007925176,695.1158667041836
80,6,454.96018947634275,693.6160126020033
81,6,462.5668755266011,681.6765320854824
82,6,486.8655411764739,673.2494604448827
83,6,490.8615868282776,648.6777987936641
84,6,495.6458595317892,642.882317497153
85,6,495.4950201331278,638.8770882627543
86,6,504.41181399117573,641.9683909899129
87,6,502.1347692412349,619.2876887567617
88,6,502.6815575788605,610.7008624228635
89,6,462.528839393473,542.9532124121622
90,6,459.8143453010664,528.5673357895979
91,6,471.34304990890666,506.2586978562077
92,6,484.9587317674344,503.37187523387615
93,6,446.498441614166,440.1990258478466
94,6,491.91525809273696,479.7398404996305
95,6,533.4498943280963,510.69104927191916
96,6,554.1867192076139,519.063920055788
97,6,548.8734513702589,492.3428082701489
98,6,558.4169092574409,485.1177846783444
99,6,571.9667137043823,463.4021019564236
100,6,572.3766309570326,454.94451065038487
101,6,535.7757647873204,389.4015833617868
102,6,545.8425768437394,388.5538504328353
103,6,552.2717788648615,378.69402910779746
104,6,558.0670307955029,376.25935410253356
105,6,559.7651505225426,353.2937113177653
106,6,569.3198625202372,342.40075736434585
107,6,572.0618130545756,335.0350240647581
108,6,572.5270446802385,332.3734988279521
109,6,576.831686290967,329.0432071963378
110,6,577.983619405753,318.72893836784885
111,6,592.0112927669484,295.0052754348295
112,6,579.1385858334538,264.28220808189803
113,6,604.4430155714168,266.07319001406125
114,6,605.1971828256461,259.428036996395
115,6,616.1110418085149,250.83349578162105
116,6,620.9404751770061,244.3991931845127
117,6,620.9396107974911,231.6901536184758
118,6,629.4382606849512,198.01515500067154
119,6,645.445235411902,186.3421049251451
120,6,642.9532311566683,168.85232223710688
121,6,655.1596381212307,156.16321715664705
122,6,621.995467736886,89.62536664909383
123,6,669.7667914729815,144.98867732267172
124,6,674.0543445616365,141.46651823311984
125,6,683.3849224837132,119.72141222886569
126,6,690.7112339160333,116.73066114541102
127,6,692.2835543512438,104.90067720308188
128,6,693.0216364486816,105.7444686455382
129,6,693.1696644470495,101.20720578381052
130,6,691.3172737161718,99.93235146136108
131,6,691.6585160515552,104.2106365369565
132,6,689.8334368709601,100.9162380781386
133,6,691.5004362265065,104.09583103759323
134,6,692.0114540658959,105.52923749223531
135,6,692.1448843459505,108.690661210191
136,6,685.7462531090787,107.50232661577586
137,6,687.8252031316828,117.73308454121353
138,6,695.3785759713127,132.70043339523994
139,6,703.6374128922998,149.90639406472616
140,6,696.9659606673134,142.10136817617771
141,6,711.3626374104622,169.04301624358456
142,6,715.4551788318648,177.36644489997428
143,6,715.6614244540021,184.42921412832058
144,6,715.4058356602486,186.78236928128004
145,6,717.4327972126956,196.56815227836987
146,6,714.9647648418195,198.13130491566233
147,6,716.5930963110754,210.34347263382537
148,6,716.3512577098139,215.02081933982197
149,6,713.4949833519788,223.61284604168904
150,6,709.4836872663569,223.78026198968786
151,6,716.8115566359872,241.78170772553833
152,6,720.1949480493357,248.59416255595528
153,6,734.1951036956516,270.11440040234186
154,6,734.479061875855,272.7414805605447
155,6,733.569940171788,284.38505435138296
156,6,731.0382879828471,284.3013859001447
157,6,733.6053201380498,305.77883930586205
158,6,737.4036849093942,313.4567014895028
159,6,731.7305656977185,323.5501031860115
160,6,707.4026918535881,297.15529079902166
161,6,717.0645789357948,326.3251872299458
162,6,718.5319893464527,337.44000081695134
163,6,722.2140020108726,366.55121093095005
164,6,723.8333272724859,377.6613025126175
165,6,718.3870965441682,392.70013930253526
166,6,715.4010133423959,393.8802065319884
167,6,740.4071577399054,433.18110021699005
168,6,741.8175949571113,437.76998365517136
169,6,734.5934540451997,464.6450497329336
170,6,724.7832583778428,478.9654737120734
171,6,719.4039670993459,499.34307176318504
172,6,749.0316290782739,538.4086166592944
173,6,722.8475503811659,529.9995295994372
174,6,703.5062385014521,523.9447876210684
175,6,703.8669396305168,550.5631903607197
176,6,698.012486236038,568.6137908743383
177,6,686.1920629366113,581.2733215911242
178,6,677.6751083630511,597.0535480918492
179,6,671.1708435588052,624.6048498912843
180,6,673.1572430813612,638.8508996639828
181,6,652.8025359595218,648.7860649733774
182,6,648.8648919488519,654.0680499263673
183,6,670.7848318794056,690.8213904028833
184,6,665.9475644956565,691.6190447280876
185,6,659.2431235924012,712.6760354048942
186,6,650.0029947457894,722.9925866766537
187,6,641.6868991678391,739.8615216627938
188,6,639.3312359222145,743.5699787094348
189,6,625.7052412019909,759.096319503483
190,6,621.074363459388,763.7989870810907
191,6,604.2034892251912,769.9564809215732
192,6,604.5192289954588,778.5217157887531
193,6,628.5704118482572,821.8543661178218
194,6,631.4510546647692,834.5819174219162
195,6,627.1899134382434,846.890824502904
196,6,628.148612873256,851.1782645537162
1,7,607.5461084591798,453.26910055876965
2,7,607.5461084591798,453.26910055876965
3,7,607.50801139775,453.4219328410837
4,7,607.2328611687545,454.1786515997293
5,7,606.3289241788324,458.86213437319026
6,7,605.4464844910491,460.6030112614418
7,7,602.8807978647877,468.5426318898961
8,7,602.4924794422077,470.3426010407882
9,7,605.4997508193139,475.70389309929385
10,7,602.4089399284406,473.6808438837288
11,7,598.8891101982326,472.6098531678885
12,7,592.7962086346782,470.3757439749455
13,7,578.0626966141638,477.57438012891475
14,7,573.8467953285681,478.0885801967801
15,7,575.0379799432628,483.90630119810766
16,7,577.798743115163,495.856115974045
17,7,572.545295871778,504.30434569716584
18,7,574.1600789586759,506.4696446018228
19,7,555.5220741657753,515.6770756400181
20,7,548.6551081239538,518.0327122182472
21,7,545.383379571594,520.3955743233486
22,7,540.1370373853831,517.5824198313476
23,7,513.112581955633,503.8512261435121
24,7,495.1978038524395,493.4791499531843
25,7,500.500269953956,503.4251635897296
26,7,497.0154580450408,503.1354520670288
27,7,482.9643869161493,521.677652208435
28,7,470.66057023386435,517.0329539754109
29,7,465.1122583223602,525.6764037759931
30,7,461.45643774753194,535.2425752963337
31,7,466.782919696942,547.5822152035616
32,7,460.68750368287414,546.7483268027945
33,7,453.5790187418188,553.602734955066
34,7,449.95618304313876,555.83729941471
35,7,442.67151834587133,556.1553365853307
36,7,435.54793179895904,552.3075983069419
37,7,433.70832553959247,565.7662602141296
38,7,423.80098326410626,578.5239453393453
39,7,423.6372004183487,579.2195672266264
40,7,418.1588108525157,580.3300671504379
41,7,374.543604532955,546.6778779896282
42,7,395.1817400745169,567.687705082186
43,7,391.4320840296058,562.982065325353
44,7,391.4542560825692,564.5083748813782
45,7,394.9812601338053,565.293631198283
46,7,385.5476348166583,561.039037648097
47,7,385.34381008986554,567.2767906908351
48,7,390.93438326959273,564.6797533844483
49,7,362.6432227941072,530.8777476808885
50,7,155.9377456273549,338.95508183055176
51,7,125.46361592140615,299.5426419314687
52,7,116.38792136719034,290.35366455419114
53,7,333.18705575460604,489.05998155657886
54,7,394.32350062904345,548.0963871130207
55,7,321.46932880260675,471.1037212662586
56,7,352.17767460404144,494.70016665581534
57,7,323.1022286252695,471.64722461334316
58,7,333.25238570507156,478.3989121471084
59,7,307.161624187213,441.4618825476495
60,7,314.61885488167167,439.14822044199093
61,7,287.48351720538864,396.3231085864062
62,7,257.0245316143436,362.34942663825564
63,7,233.77454801720006,340.04784116796725
64,7,238.23504437068672,333.3459933821476
65,7,230.3868066008079,322.16639798686
66,7,263.4593293729794,330.2913080000826
67,7,257.6779687643829,297.5427605520839
68,7,268.8650711116615,298.2718733488944
69,7,245.52140272588926,260.37150632032007
70,7,252.10635280561428,261.64266572480597
71,7,256.0110237100743,248.52118059415034
72,7,256.19773825949926,240.87600611862356
73,7,247.22751469550622,219.7537596076546
74,7,248.6402144466528,215.58967388494642
75,7,245.06197513998143,211.76929952553417
76,7,244.34142239839645,215.19739912968117
77,7,238.65094397539295,217.4510746046925
78,7,231.08282306845464,212.77576923795488
79,7,158.63012388288683,158.34787296896738
80,7,171.1946768232601,179.07308754313578
81,7,204.57254786239318,240.10213410052202
82,7,206.2103549040465,246.6293682469795
83,7,173.00075118836045,231.29084622766402
84,7,149.27712350551462,218.11532982909742
85,7,180.58506051959787,271.4619589632632
86,7,202.59486951842624,299.84052181867406
87,7,174.0595787059066,288.3307482116558
88,7,148.66370734141228,264.99576246907185
89,7,172.22275052645088,314.2477291238247
90,7,167.21102977671575,326.3542676239937
91,7,170.30026063566493,349.46490495610874
92,7,170.46010123595224,349.9139242979466
93,7,153.69185499545856,365.35023298900956
94,7,148.59187659870267,358.1741123990808
95,7,173.5690925208359,394.7752691583539
96,7,52.135815922546506,323.7229297232643
97,7,166.2731747570716,439.29984844932864
98,7,159.29425997440555,449.50529689493527
99,7,132.24695201525276,442.11272674589173
100,7,123.94686010727168,438.6396885870103
101,7,200.65042558255908,528.6383097483945
102,7,162.00953458662866,504.9234758306623
103,7,121.72067220226147,495.31305510565596
104,7,80.51068465971629,468.0322874274454
105,7,207.34919324634532,581.4296274735635
106,7,189.40988338062007,575.6602118411952
107,7,204.33000080834324,596.5808994083816
108,7,213.87580437475918,611.0588749378794
109,7,218.90351664712858,628.9837126748192
110,7,181.6500412628407,606.7898497186859
111,7,150.14902794526998,595.3103034411864
112,7,165.7477136131268,610.8034035534811
113,7,230.20692075115554,670.4518816286745
114,7,241.48184724205933,684.5252057111127
115,7,183.58031828589955,655.2982248786578
116,7,219.2936054937431,688.7908430369346
117,7,176.7767730750906,665.3901708157202
118,7,197.90288547240556,687.4672646803687
119,7,164.97334816381004,667.1211194012263
120,7,246.22995409362022,728.148370848748
121,7,250.71590884579996,738.655392303373
122,7,252.15077139468985,744.8494719218967
123,7,244.37365099647803,745.7066534980786
124,7,243.92865114359572,749.3735671271764
125,7,241.69430653067752,755.363319351246
126,7,237.96398114830916,753.8201653492373
127,7,231.56216207081005,756.0837075323468
128,7,231.06349946107102,760.9347864284913
129,7,221.23040958423968,759.0551275218472
130,7,220.43334061887396,762.1295499471786
131,7,218.89128231233536,761.1326411706342
132,7,220.22689861568497,761.7487997759848
133,7,229.86090050276894,767.9500720401946
134,7,232.82575707133222,770.5601305456329
135,7,236.15809338745376,774.7701915072865
136,7,243.15176086621602,781.449132226657
137,7,247.52133110205523,789.8907529697482
138,7,254.1482153714213,795.3827051050074
139,7,268.2471720038617,805.4541334432042
140,7,268.47264669387374,805.0686753887538
141,7,272.84246154705284,811.1596308877982
142,7,271.3348367610275,812.8992341485482
143,7,279.8155803948107,823.3641716152881
144,7,278.86431372324574,825.0860864638969
145,7,279.36484510836556,829.2275045348041
146,7,282.792575975107,833.5989285700148
147,7,298.2169484324328,845.2271439403587
148,7,307.3642449227395,854.1554836223954
149,7,327.1099318847177,874.3724306250417
150,7,327.4109503703473,878.6713597708278
151,7,330.0406432967038,886.4650014632444
152,7,328.0994577838936,886.5157972669258
153,7,339.13024322471665,909.3200441692902
154,7,344.6500663342346,915.9407223946912
155,7,342.4704695274825,926.2568595288787
156,7,349.7907878082642,934.306614290742
157,7,397.4877567027905,974.7753462661359
158,7,395.5941873696391,978.7267479927003
159,7,397.98280416122014,982.9231941227627
160,7,399.88439956907627,983.2359019933074
161,7,407.71312085396926,988.1204522190784
162,7,414.3995340342256,991.1167229414397
163,7,447.8030523561933,1010.834516646612
164,7,459.6206870875863,1017.097435281898
165,7,470.38793233060886,1024.0252745686555
166,7,465.68550818952195,1026.5779906969055
167,7,471.2436226264239,1033.5885094874486
168,7,476.9380278050811,1038.2465303361769
169,7,516.074709458684,1057.8753087444002
170,7,521.1116366434543,1048.8648925880452
171,7,522.4255901390379,1059.3585480698946
172,7,528.6461450234029,1058.5808197055726
173,7,555.955259302428,1063.7754710672057
174,7,561.4723977230735,1051.3286946518779
175,7,584.846455787858,1055.9215525111379
176,7,584.1185131155302,1055.4787424748029
177,7,597.1374454654617,1034.4433137282617
178,7,529.3001384011046,988.704662870742
179,7,593.8842963076636,1016.1449407257289
180,7,636.4867360970071,1029.8681106888532
181,7,642.0979757552407,1025.6910497513034
182,7,644.7246270310671,1026.8211477890309
183,7,643.9999709928568,1027.4615639189137
184,7,644.5373993947468,1027.5877594825427
185,7,645.7831199959629,1026.6873486004959
186,7,645.33920586524,1025.566409947683
187,7,648.0528478771317,1024.0553129746975
188,7,648.0058215812697,1022.7306943794407
189,7,645.921639727399,1025.191875817442
190,7,644.6831789223062,1025.4187557391635
191,7,642.1960700285247,1027.7020860836237
192,7,638.1537519517561,1028.695406133562
193,7,590.9924812441737,1010.3184793466426
194,7,582.9304257726525,1021.082419311498
195,7,581.5617842879333,1032.7782214275544
196,7,582.335026097816,1036.1457954659188
