1,1,980.5241621346383,542.8180849715616
2,1,980.5241621346383,542.8180849715616
3,1,980.5519070825325,542.5747440934374
4,1,977.8808063147402,535.5979718904337
5,1,977.2980513086668,534.8940815210384
6,1,977.5772131768957,534.6085750180838
7,1,973.3087288202942,526.8359843687854
8,1,973.3313895739534,526.8845958202887
9,1,973.4470440428523,527.3375137108848
10,1,973.5486386143756,527.1190986249866
11,1,973.1897627841694,526.6864707799723
12,1,973.2700040746696,524.7360029538053
13,1,973.0859028809216,524.3862768499894
14,1,972.5170225181381,524.9262165285779
15,1,972.2899792141143,524.7621554898433
16,1,972.450281665761,524.4811957450358
17,1,972.1909532049049,523.5929699338236
18,1,972.1822663113692,523.5447586377528
19,1,972.1011877459565,523.042492988746
20,1,972.2495714109124,522.6218321716439
21,1,971.9508096739514,522.9083951472339
22,1,972.1015450954148,523.3185082400337
23,1,972.0582690355652,522.8732775583794
24,1,971.4977822891725,523.8038247559997
25,1,971.2116456347948,525.1666010725983
26,1,970.9169746328499,525.598871193916
27,1,970.6418325174799,527.5459176268024
28,1,970.105477244335,528.3152069036951
29,1,969.8013116146271,528.309667041751
30,1,969.3941755147971,528.887736752041
31,1,968.8839825207355,528.6596703930857
32,1,971.3254179029062,528.6341133496306
33,1,969.5678378973689,532.1872777836938
34,1,969.5310053197946,532.0320578629404
35,1,968.8224497049537,537.759597117202
36,1,967.5712768248035,537.854531273641
37,1,961.351529128343,530.7675872557847
38,1,957.7030491948115,526.3796160659259
39,1,953.5775707665591,525.2269711652499
40,1,953.948773884721,527.2363898659065
41,1,950.6409685434124,528.1989152904214
42,1,947.8011584587454,525.4612169141949
43,1,928.8394522544927,506.2855574235416
44,1,919.5537584272179,496.97774464302114
45,1,901.1317345615088,490.6552930968367
46,1,899.8128148386849,496.37913377074733
47,1,894.9361570561553,495.8710690384949
48,1,892.1589841858485,492.51053988490224
49,1,844.2704335136941,437.21645416434717
50,1,835.7472057170746,438.8866725723171
51,1,826.7715315334948,440.6879203711647
52,1,821.2460535792171,439.16401347923323
53,1,813.627803734098,441.32835420846527
54,1,789.7831826490994,420.03127508737674
55,1,753.2836765861949,378.07711674315306
56,1,747.7987424461415,375.8664459804497
57,1,734.2786443185795,364.8654611284845
58,1,734.9684126659424,369.9320800899562
59,1,722.6949263515878,374.6240971059601
60,1,712.6484512761642,365.0898891095284
61,1,677.0799844061231,325.46828379491916
62,1,679.0742245137491,336.6884614380689
63,1,663.2042591057235,322.1654120232677
64,1,652.6037080766026,318.5909083241264
65,1,638.287066409645,314.5984272632515
66,1,646.9517386044644,331.020346957163
67,1,601.0767666650135,284.6320759790921
68,1,593.7644138595209,278.27444449406113
69,1,582.3848788874569,274.2770690721715
70,1,573.7844871615949,268.28514768334327
71,1,588.0347502790934,303.678577062236
72,1,588.0329765747385,304.9039853684068
73,1,566.4588860393524,290.5717517239239
74,1,566.162516911522,299.135255091146
75,1,564.9621193737071,293.11236203391223
76,1,549.9420568432296,277.24708859192873
77,1,528.0868344644055,272.73035286444554
78,1,527.0654264266504,274.1221718849518
79,1,516.3435256803543,304.2973556436964
80,1,513.1064425998925,304.0383928286836
81,1,420.9488719912966,207.61131386912263
82,1,445.6415076317977,252.04117302155078
83,1,437.6952121277089,253.93137231216957
84,1,461.47397640849925,292.6298068155396
85,1,441.8922843347338,286.09944201008216
86,1,424.1176927230676,287.4584907322761
87,1,406.3480829675539,298.24514999597085
88,1,395.80070157321114,299.8687228025388
89,1,395.8433134351785,326.66657996219783
90,1,386.0784965000214,313.05917528755236
91,1,359.8213422915607,343.7533247826487
92,1,368.5641990578663,350.48712765649566
93,1,353.08136644156747,359.70885583238163
94,1,340.0214473118821,355.44120989041807
95,1,315.7068668494218,357.86931242716656
96,1,321.5175797512767,369.3321136678327
97,1,335.573270498611,415.48174991951
98,1,330.3752366159864,419.4616345799135
99,1,337.58107286106303,464.9094858557135
100,1,346.78506020339415,483.96621939051784
101,1,345.66560683225254,494.79666390205773
102,1,349.7192960366356,508.6724204566209
103,1,358.6016985556301,529.4937045727643
104,1,330.5278782933579,516.8228958011293
105,1,352.0097012313747,557.2818223592774
106,1,355.7945130211222,571.144850139065
107,1,370.2083121174374,592.1233209315475
108,1,369.5302996596872,595.5551681644706
109,1,361.8934408923824,601.1601128113153
110,1,356.4702729351312,605.0963810030713
111,1,370.21409357687156,636.1846519108225
112,1,371.16127599687854,646.0362207404331
113,1,377.5660153098795,674.2077659058556
114,1,374.7311138149318,675.6464478749313
115,1,369.4330327530185,676.0923982438384
116,1,371.79795441541467,679.6137945479346
117,1,368.4566543232959,687.3419109677229
118,1,368.2167231666064,692.4818540273988
119,1,373.9410560443521,709.4379014340992
120,1,346.62196245555975,696.2957529573697
121,1,380.54195811673355,739.1341956998292
122,1,422.28628428842603,772.3863613558615
123,1,415.9048674510802,779.8507810149254
124,1,405.6189492393388,779.7384827020335
125,1,395.3330310275975,779.6261843891417
126,1,385.04711281585617,779.5138860762498
127,1,374.7611946041148,779.401587763358
128,1,364.4752763923734,779.2892894504662
129,1,354.1893581806321,779.1769911375743
130,1,344.1551480782703,777.3465392481866
131,1,373.411491009705,794.6553109244588
132,1,358.59101941445965,786.6593330478672
133,1,383.9625756706064,815.0153055195048
134,1,374.1712870150576,820.5808850258858
135,1,363.1189712468825,826.4868007614496
136,1,355.22035199907543,841.2126224605156
137,1,340.15982849047185,848.8208863602094
138,1,338.3417045220855,854.7842633170197
139,1,303.39756711505515,853.9512891815879
140,1,333.577573160284,913.6086972588841
141,1,299.46759383780403,894.8411001765717
142,1,328.67885774423354,932.4686826687547
143,1,330.0948340465237,948.7908710986385
144,1,327.3176003846497,963.9168089367329
145,1,288.4181613084893,987.5332151661014
146,1,292.52076159296354,1005.6291930011178
147,1,293.64685440902014,1029.7724291856302
148,1,302.4215775793258,1043.6600899668615
149,1,341.2605739852012,1087.040348616564
150,1,334.5990717631998,1107.0056073326282
151,1,311.40221918522644,1147.9253936386426
152,1,309.27878861428826,1154.0324665574817
153,1,308.2273414361537,1167.4086801034432
154,1,312.3113197625641,1180.1749519129507
155,1,316.1184962509415,1213.247422407715
156,1,313.7957493738138,1219.3752035607272
157,1,328.1714292432403,1252.1831368508917
158,1,330.0625612643745,1262.9826639302046
159,1,324.26878959577886,1285.454247655845
160,1,323.0327607595029,1287.0124905789642
161,1,315.83250810772716,1296.371171741334
162,1,314.5278981254915,1301.9823818604493
163,1,303.067599881712,1318.2559978173958
164,1,295.0010522383376,1329.6875895768158
165,1,298.9436124705063,1345.6932157641022
166,1,300.2231842264719,1353.2155524968516
167,1,289.8330858443202,1360.6949166426498
168,1,288.4446577312824,1362.7180926303447
169,1,287.36940352737156,1366.3042621552288
170,1,283.1512709405892,1365.833285984198
171,1,283.383006657607,1369.002453732468
172,1,284.7776035733561,1370.6253667268784
173,1,282.48154461918057,1372.2681756405398
174,1,278.42683350234626,1371.4470413288423
175,1,275.41120459283223,1370.361701011545
176,1,276.0894899440796,1370.2183041800668
177,1,278.0078702608262,1369.0355175653715
178,1,279.22503603711726,1369.563253814037
179,1,277.61411632443816,1364.26090629864
180,1,265.5019991620129,1356.68615840301
181,1,266.2617667819977,1352.514513060066
182,1,264.77142733290464,1348.620796687549
183,1,265.9393080230027,1343.579104571554
184,1,274.60131671692824,1344.3131074538937
185,1,278.04972987381734,1342.0204886438203
186,1,279.55211162757774,1341.4303256678024
187,1,280.30720969463675,1329.4012135036585
188,1,280.3998043143639,1328.2565111230842
1,2,616.3200891157813,1444.681028934639
2,2,616.3200891157813,1444.681028934639
3,2,616.3430914147644,1444.7397362587992
4,2,616.784938792019,1444.8559343315194
5,2,616.8410227628237,1444.9689064594409
6,2,616.5516671226482,1444.853685140869
7,2,617.0312381962428,1444.9389405032591
8,2,616.9814802455389,1444.9219587692942
9,2,617.1090867616972,1444.9264153618483
10,2,617.0581739849135,1444.81719298596
11,2,617.0179854459395,1445.045877867287
12,2,616.9946998908923,1445.0281316059413
13,2,618.2017778405706,1444.3182005781805
14,2,618.7087488577921,1443.1399455438655
15,2,617.9964364161674,1444.297411637632
16,2,618.9416165316778,1442.2991954070749
17,2,620.5022997565648,1441.0259259282766
18,2,620.232685613214,1441.2895796211542
19,2,618.5282617431955,1443.9032773569113
20,2,617.6194220457598,1444.8620536583476
21,2,617.6009704516996,1444.4926265076795
22,2,617.7172344422764,1444.4024548494108
23,2,618.2969264705924,1444.1154401622236
24,2,618.0971899014756,1443.8967160587583
25,2,618.0589667092956,1443.9105392511378
26,2,617.9052164172612,1443.8685048320037
27,2,617.9327248740025,1443.9897181206209
28,2,618.0446177568091,1443.9800013793963
29,2,617.9990622549572,1444.130646899439
30,2,618.1304177174861,1444.0721436992244
31,2,618.0957253531678,1444.1060595719166
32,2,618.0298084494098,1444.102868784688
33,2,618.0695641888194,1444.1113048998259
34,2,617.9768853393095,1444.0751490934915
35,2,617.8065691270212,1444.1106735563894
36,2,617.828406889222,1444.1106230333062
37,2,618.1081246396838,1444.4083779905686
38,2,618.1117332409334,1444.4073870628372
39,2,618.2513203987193,1444.410849407217
40,2,617.9363575206429,1444.4613735443907
41,2,617.8589589910503,1444.514867506837
42,2,617.8032763810604,1444.5312033657003
43,2,618.0033057976067,1444.6532728720854
44,2,617.9878916175627,1444.6692321832445
45,2,617.8277754913286,1444.7352417361456
46,2,617.7136634305593,1444.66869179742
47,2,618.28365153948,1444.44587055487
48,2,618.3181158302417,1444.3925940392635
49,2,618.1755908643779,1444.2461915842214
50,2,618.2971478988621,1444.1702255571565
51,2,618.552337592707,1443.43922191048
52,2,620.3352701745523,1443.2765798068378
53,2,618.0221406682059,1443.829107454591
54,2,619.5863567300032,1443.1552168164828
55,2,619.52846957043,1440.7824473405014
56,2,618.9175172057184,1441.583163131362
57,2,616.2618088728782,1445.1325465027035
58,2,614.7715089373522,1444.6655208411933
59,2,610.9277064224619,1443.8393547523535
60,2,610.4846211933689,1443.599341190731
61,2,611.077126967295,1443.2675487825688
62,2,610.3674618924575,1443.0109966881048
63,2,609.6083032517565,1439.995036575232
64,2,610.6498316542848,1440.15499045088
65,2,610.7610374073345,1440.2172893744457
66,2,610.8157129177018,1439.966213017501
67,2,610.514563135411,1438.5027088198947
68,2,610.5883256243941,1438.274547693095
69,2,610.9234453364074,1437.6817040317326
70,2,611.1407160205927,1437.5473251934534
71,2,611.0051817288665,1437.0121858051155
72,2,611.2010705687297,1436.9630246927024
73,2,611.0400395138632,1436.4904479322247
74,2,611.2537774751555,1436.4651260297692
75,2,611.4630337980061,1436.3345820253749
76,2,611.2293888024225,1436.2612005922979
77,2,611.722358741081,1435.673734836326
78,2,611.7802229536848,1435.6926225949023
79,2,611.8005942641216,1435.7048725187342
80,2,611.9977576223173,1435.775927072141
81,2,612.0287184227064,1435.7697827644258
82,2,612.1044429377075,1435.8179323235527
83,2,611.6156916722707,1435.6438085207722
84,2,612.0621578739787,1435.7691956946292
85,2,612.039473350206,1435.7461250243748
86,2,612.1086859604428,1435.767372738861
87,2,612.0280145667043,1435.8421509105667
88,2,611.9013312198462,1435.80395256836
89,2,611.940899895096,1435.827740855536
90,2,612.0593779720122,1435.7355340946303
91,2,611.9889472596133,1435.7880786294536
92,2,611.8470027785995,1435.7481820004698
93,2,611.9741050678709,1435.7706876423938
94,2,611.8625373265526,1435.7302690566576
95,2,611.8158064911788,1435.7110208010795
96,2,611.9508432418928,1435.7664081272446
97,2,612.1390173268818,1435.7320643303071
98,2,612.1221951950918,1435.724356737412
99,2,611.6892342041539,1435.6414393342511
100,2,611.6108156460315,1435.573155276277
101,2,611.6183051357328,1435.5404342074569
102,2,611.610400731098,1435.5323179942507
103,2,611.7494482256617,1435.5536245062094
104,2,612.0823511457623,1435.6212558102459
105,2,612.0686857506508,1435.5470746486549
106,2,612.2184304657864,1435.5386866098283
107,2,612.5714996947779,1435.4511958212995
108,2,612.5952996215407,1435.6441375452491
109,2,611.8892227267155,1435.4396048843996
110,2,612.226445932186,1434.9718718213844
111,2,612.190904480733,1434.0336093363571
112,2,612.694392726907,1433.5845850549274
113,2,612.8754242183228,1432.8431214852212
114,2,614.7225698988703,1432.8292333471227
115,2,615.6981870402739,1429.4986331249959
116,2,615.7013051345075,1428.759481908158
117,2,614.1114666847401,1429.7226258632065
118,2,612.816060888797,1431.6080244243012
119,2,586.0607895268596,1433.3854530073647
120,2,563.4157369929683,1431.0787163377088
121,2,549.7162652745739,1438.6566756755406
122,2,546.558402418042,1439.4895911989097
123,2,541.2137529169845,1446.3668801005106
124,2,535.3930641246865,1447.65450939298
125,2,499.133872351397,1446.2086730685724
126,2,472.65769091884255,1442.491109596435
127,2,462.43718576975834,1449.0843597542262
128,2,463.4020267794625,1453.7794175348583
129,2,451.16203775851994,1459.550514977731
130,2,437.3683311928249,1461.0418060891475
131,2,406.478706679777,1455.4656847199165
132,2,402.12914364037283,1454.295906173409
133,2,384.2967508193825,1450.8443843760117
134,2,362.7030517279555,1445.9352965379423
135,2,341.0712162143434,1441.8863769001937
136,2,336.2906741558983,1442.6774954725665
137,2,347.68291278817696,1446.715667636345
138,2,346.35700862111173,1447.5602502784632
139,2,335.83230964353413,1450.6683002245338
140,2,344.7114207363126,1454.8399502093969
141,2,336.55038519875245,1473.1457450704863
142,2,333.8597734560374,1474.9053220379876
143,2,333.5852043460092,1476.041602905472
144,2,340.9887732304808,1465.0467107882837
145,2,337.95702498396247,1473.8946537506783
146,2,339.0471388677553,1473.6453713387123
147,2,338.049753840452,1469.2879888174784
148,2,337.7323746096582,1469.434527718912
149,2,338.53693355269826,1470.7475706089185
150,2,342.48581692085907,1469.5906970711812
151,2,340.1948182891136,1478.2214461764581
152,2,342.0070741268678,1473.776922360067
153,2,332.2427645126353,1476.5819108609267
154,2,326.89233430601166,1475.5879546722772
155,2,316.10708925011096,1470.3163875058701
156,2,311.03607605070914,1471.3516218258455
157,2,316.0405960402912,1467.7757269542622
158,2,317.0590159714011,1465.6913978011246
159,2,319.14865381601874,1461.8809726462732
160,2,315.77137664773625,1461.7231082410995
161,2,327.08316458535853,1445.7911570787096
162,2,257.1716493012979,1451.5950938232413
163,2,185.89785413230416,1426.5748382823663
164,2,173.38276512214927,1425.8209161043712
165,2,156.78837056576333,1425.5400059926649
166,2,165.68987335363389,1426.335470955405
167,2,200.31603617737895,1422.678926686398
168,2,208.26557730750898,1424.8617095858808
169,2,246.1171881067,1431.6029517255226
170,2,254.8798089117996,1432.950786175452
171,2,262.94964238306613,1431.859182550722
172,2,258.69690730343285,1433.1943573643891
173,2,270.1263001209383,1436.408955265622
174,2,271.4373296803544,1438.4867358007343
175,2,298.05864456460324,1442.970202434283
176,2,305.49751131850854,1444.954104895293
177,2,303.45151073176515,1448.4831433893623
178,2,305.64568058284357,1450.1312624459172
179,2,298.2694512037447,1449.7759124641568
180,2,303.874295413598,1453.0969327859493
181,2,305.4933563184599,1458.0275964949901
182,2,307.89770836361237,1459.6116524882104
183,2,307.1625631892579,1461.0859373814142
184,2,301.8906691639463,1463.487404261846
185,2,301.16715870489224,1465.790225605073
186,2,301.278245778552,1466.302819074821
187,2,300.9566128510597,1465.522295624519
188,2,301.4413739533984,1466.6012525687356
1,3,864.1524927490456,563.8197820951735
2,3,864.1524927490456,563.8197820951735
3,3,864.1684855448023,563.8107598466273
4,3,864.444502034158,563.6994163475455
5,3,863.5057086713539,566.5006117107819
6,3,863.441142454673,566.0196243378796
7,3,863.0103809405015,564.9096130754413
8,3,863.0107964763241,564.4376243120527
9,3,863.9584299003724,564.0537787427853
10,3,864.4628408309715,564.3903472592347
11,3,864.6315403890087,564.1097410000301
12,3,864.7179373333487,564.2496179743262
13,3,864.9946304203163,564.4374156258175
14,3,865.0045093105139,564.2577776513932
15,3,864.0760261112779,563.8777024594654
16,3,863.784195045244,564.2771476022839
17,3,863.1915958265487,565.1064794162024
18,3,862.6102985425716,564.9215191437345
19,3,862.7266077141849,565.7814857434868
20,3,861.8968966208515,565.6441762976392
21,3,862.4195532186671,566.4943146355284
22,3,862.5107516999358,566.8396397260486
23,3,862.0189816964477,566.5921470006688
24,3,861.7944308320724,566.8540735578226
25,3,862.4346507497622,567.6257554890135
26,3,862.2638684629115,567.5192582427535
27,3,860.7478119609566,566.4143015032208
28,3,860.9288199453462,567.2550975563377
29,3,860.6834419275382,568.3023287629725
30,3,860.6738633923089,568.22641242645
31,3,859.7786787040491,570.5067963885773
32,3,860.0979918635526,570.4128247781108
33,3,856.4294346195575,575.4151833928978
34,3,857.9488371375364,575.5987780559418
35,3,856.1062826291345,577.4280928511299
36,3,855.9309338657298,578.4694780268179
37,3,848.1335512368645,569.6476729607662
38,3,844.5084171953289,562.8944792952798
39,3,830.8889062653082,553.5934921284326
40,3,821.6165608074172,546.2708827308123
41,3,801.9611132232557,524.0861698924064
42,3,799.8367516489152,526.236534377902
43,3,794.6934035626339,532.721094968076
44,3,792.5249089504938,530.6636555118736
45,3,791.3763552595377,530.7351990547578
46,3,792.7277837215819,532.4205291859261
47,3,791.2308889879581,524.6695014016218
48,3,788.583258239936,517.5018992540017
49,3,769.8409882041005,490.42570175153634
50,3,763.8578378814607,471.3514388948752
51,3,750.2880158250414,444.20955854998977
52,3,740.1569594439494,433.7143318269608
53,3,730.5169133651406,433.57052969587386
54,3,719.1874663589116,422.0493985031747
55,3,714.3922068710756,421.33525780216235
56,3,712.4414422048181,418.8016394329357
57,3,707.0095956890057,419.6983585181234
58,3,704.6379421305616,419.13029679817214
59,3,693.7148000913791,420.1813675125993
60,3,632.903751278784,347.53779147478343
61,3,655.362623967529,387.32286223666074
62,3,649.4364327190418,383.2866889290039
63,3,625.7489588104078,343.4251929644051
64,3,612.8929414508649,346.1944032094156
65,3,604.4714739637359,356.8521018831226
66,3,604.0180999705261,357.6706189071087
67,3,557.6128539525513,329.27306469031674
68,3,540.666966676609,316.74754728077136
69,3,574.0842896352631,362.6237076592121
70,3,550.0944575499102,335.2420181751814
71,3,557.652212468782,344.5991819414771
72,3,548.5512756698857,333.9763949527492
73,3,548.6029250400144,338.88342779617386
74,3,523.1937050210887,311.77327361841924
75,3,525.8599111392867,314.1837371380953
76,3,542.2200794703904,331.293465828455
77,3,559.2394947118612,349.7514644050518
78,3,556.903966399024,345.24877083459995
79,3,567.9296574767632,347.0208254787699
80,3,568.898619575997,346.9543031989905
81,3,583.071124237151,338.255723192635
82,3,581.3283080064039,341.2438502033468
83,3,590.5563358477921,350.5400758068815
84,3,598.629990513782,361.78055885075594
85,3,616.3015647707248,372.77496978902684
86,3,622.7332904770851,375.79109179584634
87,3,638.5362658869553,390.6470715274049
88,3,655.12863991725,411.47289907124843
89,3,669.3495928230711,425.52613137684807
90,3,671.3386198342149,425.387139980565
91,3,667.965911845997,423.8341868508728
92,3,668.8655132253522,428.87949044288007
93,3,669.4792571145601,440.7461039999512
94,3,673.0912451096381,447.9007361020634
95,3,686.0687167126241,469.26146545889605
96,3,690.1593227231637,473.93346400635676
97,3,690.7248387502235,481.42490944417995
98,3,689.8639643923551,481.91042602698764
99,3,688.7701347646464,485.5931461375883
100,3,687.287137212463,484.0193129290105
101,3,683.1887054884372,487.0514049539066
102,3,682.2081114142142,490.92507816907033
103,3,678.0168543214728,493.745645514688
104,3,673.2412448763561,500.0971265467429
105,3,672.0765758274562,517.8980721093658
106,3,674.6035026160263,524.940964077207
107,3,668.3239885839743,528.5499497633948
108,3,666.24549739002,526.7389927545346
109,3,662.44908611195,529.9288092238484
110,3,665.7904959481841,537.7106383538445
111,3,658.140251532226,547.159394007383
112,3,662.1123816956427,557.6068896617238
113,3,668.3051011427629,580.099847916516
114,3,667.1917964816241,581.8516892317289
115,3,663.2414522418816,581.1595174636453
116,3,665.0000946205654,584.4188994630044
117,3,661.5233263225052,583.6181202640971
118,3,662.9909097670139,586.6613678101696
119,3,655.821122658348,583.5922764100507
120,3,641.5121933920957,570.1377126534014
121,3,618.3390883960407,548.7693153805343
122,3,606.5328351760618,539.097337099391
123,3,596.8712766995828,533.957740397676
124,3,587.0217105727485,531.1593131017128
125,3,586.8089149909189,533.7321825588558
126,3,582.927819415645,534.9834018881055
127,3,580.0261590796541,541.5673385351892
128,3,578.3746565423406,544.2334161282291
129,3,568.0300900318799,539.956237690769
130,3,560.8633600725744,534.7121508229209
131,3,505.58213079619816,490.780578949705
132,3,516.568386693382,505.356355687075
133,3,499.4972830223655,498.4431716395478
134,3,475.8947791449092,478.65983775564075
135,3,460.7774371699411,469.943387805665
136,3,452.308170653324,469.2702793713047
137,3,446.00927249464166,473.5155203281191
138,3,447.4408693769949,478.3816270438356
139,3,442.8602751186963,479.46323704003646
140,3,442.22146905517974,476.8612212582177
141,3,428.21220444632723,469.9473078635251
142,3,426.8604243318487,473.1467623358717
143,3,402.0211173185221,457.51988284510975
144,3,385.94227900428825,449.4814675476878
145,3,364.2093877130862,442.84851182961086
146,3,363.4726432628519,450.2273546169992
147,3,356.4807056613631,446.0386130156983
148,3,355.49157734172167,447.70776277316594
149,3,349.9020507582291,443.4533275282981
150,3,347.9103800818514,450.04636296436985
151,3,343.1657958706919,452.7648372587075
152,3,343.96816530281825,461.6669241119771
153,3,321.68922619590484,455.51813695290406
154,3,305.9112578284837,456.4633099450715
155,3,297.6099162502336,468.01755793004577
156,3,302.54580656163085,476.6845673312507
157,3,274.16689824186517,464.3037797214931
158,3,268.56831715495485,462.60204813265784
159,3,295.1649452377702,499.2673688531749
160,3,287.79312693180856,512.8526199831243
161,3,283.3153359117495,523.5450257460026
162,3,286.3796936155941,526.4340421902137
163,3,285.39893393744273,527.4249164368431
164,3,288.47407918169534,532.9588340474207
165,3,283.54702418240106,532.3495517527027
166,3,284.48627633002764,536.2365734668003
167,3,327.0934899627818,600.1980464266161
168,3,341.1946663592633,612.7292230064237
169,3,350.2927293524391,625.732624935141
170,3,349.88963747437515,638.3765171897049
171,3,340.05373710759784,641.5327672456658
172,3,335.0960802638636,649.0766729532891
173,3,329.53511732576754,657.3300752848892
174,3,325.2441336530645,660.7724266612129
175,3,322.14044311731755,665.391558001802
176,3,316.744247086705,665.7030198748349
177,3,303.73206613818695,671.9993282440272
178,3,297.60996592405803,673.8473103503261
179,3,289.05494080588346,676.1874715402602
180,3,267.1476143329506,661.72165543032
181,3,273.5708927455132,670.1029200157647
182,3,275.80949101782073,674.7255731896521
183,3,276.1379572573981,676.4868105755066
184,3,270.52268546158723,677.1913208186381
185,3,266.70480238369004,675.5840048081285
186,3,262.9343931887941,673.113766186176
187,3,262.070416148453,673.2731508523237
188,3,262.4646563693239,673.482922631045
1,4,607.4810000868134,1142.2500295054476
2,4,607.4810000868134,1142.2500295054476
3,4,607.550418173548,1142.2051200719955
4,4,607.3204366178121,1142.1750982490864
5,4,607.0598274208741,1142.91138343396
6,4,606.5084817660724,1142.8585810829236
7,4,604.766081957518,1142.907402543636
8,4,604.6985069861137,1142.898194237761
9,4,604.8749244124535,1143.3456897381777
10,4,604.6056541475052,1143.6817568874005
11,4,604.0749509862321,1143.6883893271963
12,4,604.5018890664934,1144.1146727302187
13,4,603.6230388352378,1144.077272620833
14,4,602.8440158359285,1144.5683485354666
15,4,601.0858130270578,1145.1108416383374
16,4,601.0833333769574,1146.232463253384
17,4,600.8843697286425,1147.4003545714722
18,4,600.9261555598683,1147.4016368489984
19,4,599.4571925706572,1146.701991693061
20,4,594.7629852219633,1144.7645167312844
21,4,587.9105903446285,1141.5669719998518
22,4,586.1241776776832,1140.4822115226393
23,4,587.6044917585066,1141.1280775894754
24,4,586.891007312761,1140.3407487487789
25,4,586.430844118608,1138.8277125252403
26,4,586.0394664493089,1138.4722999274627
27,4,585.4075302411252,1137.9217996767536
28,4,584.6391007677493,1137.8377720712517
29,4,583.9516217990981,1138.1738040501798
30,4,584.755424045189,1138.7580498314646
31,4,581.9205377834691,1138.5770585708735
32,4,580.4788025405414,1137.8110829770292
33,4,576.7498056817344,1135.6875502328041
34,4,572.423932309758,1133.2209944434405
35,4,565.8878174965928,1128.3837001658994
36,4,566.6532293342121,1127.915021896141
37,4,564.8465340183054,1124.103165976533
38,4,564.4234476436089,1123.8250361357925
39,4,566.2933195343139,1123.5395623960144
40,4,562.8534223582434,1121.2196517435705
41,4,558.1146919503299,1118.091804678802
42,4,559.2885878149764,1119.7490665685045
43,4,561.8551941386725,1118.6652849519526
44,4,561.9207938336016,1117.673189778357
45,4,563.0423546914354,1115.4970192571932
46,4,561.9019229709309,1115.4322200651657
47,4,560.6765177454416,1110.0640952188078
48,4,529.6686755424646,1088.0385350745416
49,4,497.9080056971898,1059.1636788932042
50,4,501.0566333376847,1055.6918877336595
51,4,517.8124201212498,1052.2985157818102
52,4,510.8869662557875,1046.823293571906
53,4,510.68478362159607,1034.062688306022
54,4,506.04590673719696,1016.7466999570232
55,4,499.6614929547623,1000.0330945565
56,4,501.77724032396486,995.2084199798034
57,4,511.5391429215558,985.532179631194
58,4,510.91428934736985,979.4811678013049
59,4,519.8644787837109,969.7415482797257
60,4,520.1630747669782,963.7048444941347
61,4,519.451347711908,956.7317227532238
62,4,522.6017600246059,956.1727270612837
63,4,496.948525753402,935.6493852333249
64,4,491.5400854320634,928.0947683959569
65,4,467.8985712487439,903.4008560803346
66,4,466.14689720249777,899.6226931618647
67,4,463.6318773566683,891.3789411842533
68,4,462.64541844440885,889.2216545062528
69,4,466.6952785381119,888.4543093297033
70,4,467.36760404403265,888.26033377026
71,4,467.0861763517251,887.2774091736651
72,4,466.4579555233208,886.4882433550731
73,4,463.40326924540517,884.9042193799526
74,4,462.92035550759084,884.6526354796359
75,4,462.81367274488474,884.7423630628274
76,4,463.25255469417766,884.7024584610405
77,4,462.48352297701473,882.8071083874607
78,4,461.934780895325,882.0820304123745
79,4,463.1364784817062,881.8209595777619
80,4,459.72983906918097,878.6881215279399
81,4,452.49848879491594,874.0623538739505
82,4,451.5398408147639,871.5830732497127
83,4,449.7533853682291,869.7837269329398
84,4,449.4883729671512,868.8418482477574
85,4,448.59129907501546,869.0869956351869
86,4,447.7868228542299,869.2249601271724
87,4,448.74083220848553,869.9208688591533
88,4,452.0878462422211,872.7659661030019
89,4,460.3903151074283,878.1167230096129
90,4,460.47873789069916,880.0621494077197
91,4,459.03778968094866,881.9751543744833
92,4,458.5836934401186,882.9264064345294
93,4,455.6692860145763,882.5509834358382
94,4,458.35141103906875,884.4105030106895
95,4,457.4003764704478,887.5354875614937
96,4,457.7103462556603,889.0180253043148
97,4,470.54404215128255,897.2405869429547
98,4,472.04955114230546,901.5318856854977
99,4,474.0657498207283,903.3544586377066
100,4,473.1356684347808,905.0712628460946
101,4,473.16993675495786,905.8672851906166
102,4,473.40172085774725,906.1739886052253
103,4,472.18221399054875,906.2600052009103
104,4,471.024740064945,904.752511759358
105,4,470.35590195701695,904.5500950645952
106,4,470.59209417647656,903.8798702698388
107,4,475.98075677063764,907.2306171705668
108,4,480.3270286483309,910.5803547358461
109,4,480.9128898484104,910.36146339223
110,4,479.4994207171551,909.2935690421425
111,4,483.1442881793982,912.5536053134647
112,4,484.44000850866024,914.5532404187338
113,4,483.82566210941724,919.6227641802509
114,4,488.40813240895545,924.9473157882801
115,4,494.82200644978224,929.984843662567
116,4,500.8252077418551,933.5994662130175
117,4,506.9689429174431,932.64906607719
118,4,508.8501664836271,931.457053344738
119,4,522.0647108884642,915.83751525668
120,4,522.7125002309224,919.321400388955
121,4,522.5289934804932,912.5669533627248
122,4,522.3423816511805,916.6750747525967
123,4,478.7192762601885,869.8576308303177
124,4,476.24841255650944,874.4588030459195
125,4,510.79538636469107,880.9841183180691
126,4,520.9326828390978,885.7820394385917
127,4,513.5549826464855,873.8033347551643
128,4,515.5211841187106,874.42148748384
129,4,512.6419026482039,868.9182186036074
130,4,509.13610042477643,859.3806430416108
131,4,515.4883149177876,862.4137600288273
132,4,518.2102036912565,864.6693283091276
133,4,528.1703688505075,867.3086815020265
134,4,526.8397276587889,861.6077640918385
135,4,535.1573998444146,861.2913521491505
136,4,536.7404557268617,860.9872191860412
137,4,542.2404948351283,864.3365773335245
138,4,541.9818600120362,865.1468581800946
139,4,537.5395095267244,870.7725797144166
140,4,533.9674385227518,873.8400984562662
141,4,525.1193062000272,883.947567603986
142,4,522.43844949956,892.0002011913467
143,4,513.5375559327213,907.7679161844837
144,4,511.06159537837823,912.6200121658511
145,4,505.10851628543196,920.5467454451854
146,4,501.68748160319035,923.684019845136
147,4,473.9388275817231,923.7986064114438
148,4,472.3848553267174,928.8992556028536
149,4,459.07299308304795,934.5067539478262
150,4,440.081236498241,939.3650975604937
151,4,436.1698374911864,956.4683455645296
152,4,436.6984038351809,970.3146037751475
153,4,418.2069855030017,966.7745335740366
154,4,424.71077182032565,976.7319729224785
155,4,413.8356148073286,990.2720233789132
156,4,416.84149608401486,996.7986976428313
157,4,410.23175822067833,1008.0958464521426
158,4,408.9270707874385,1013.7791552750193
159,4,403.72885678292795,1024.6032492197605
160,4,397.9316064420253,1035.336764343368
161,4,391.34274788251753,1046.8594783649262
162,4,397.59383657353294,1057.691468488884
163,4,398.9013581797784,1072.092920355682
164,4,399.42512480599646,1078.8452384651707
165,4,406.3050413342233,1085.012400751003
166,4,413.690530287191,1090.4892516078332
167,4,422.6291296398457,1094.0460449570214
168,4,424.9494463526315,1094.81675909083
169,4,426.81831820853847,1094.1145123482977
170,4,427.15245635134903,1091.9755041113874
171,4,431.00745651347484,1091.9651177750725
172,4,431.8231921414148,1091.0621811630133
173,4,434.274747372549,1086.17982024345
174,4,435.16264008707276,1083.211092119981
175,4,449.9179466441735,1084.1427423523344
176,4,455.0097671172449,1081.7952479451376
177,4,474.39991367501136,1087.7767614172437
178,4,475.9716986648947,1088.0092737802277
179,4,484.42899801726196,1088.6290002251012
180,4,487.60153533533094,1086.5840616560554
181,4,488.1292000049248,1084.7096991568017
182,4,489.26889798165007,1083.6819743770993
183,4,499.4405175332378,1073.401551963014
184,4,501.3013446200949,1068.6304636939358
185,4,507.880531122912,1061.903584979463
186,4,510.2581568906892,1062.8282374424089
187,4,512.6990985311724,1058.3710942686316
188,4,513.6750461015628,1056.1426546837508
1,7,567.9340008529546,236.75948394757597
2,7,567.9340008529546,236.75948394757597
3,7,567.8967646519849,236.903422875245
4,7,558.1339978681542,248.9149413102627
5,7,553.481300639813,245.6949196694047
6,7,542.1941394264392,234.75692008672573
7,7,552.6236215438602,252.95196744079567
8,7,552.5723244426437,255.40844383679237
9,7,545.1337237470871,255.60310244577394
10,7,542.3023701234933,258.4808067252719
11,7,542.069395901571,266.7761828748899
12,7,537.7574765646468,261.7032865123927
13,7,529.099599504684,254.53511244193825
14,7,502.51852670615966,227.60723939002565
15,7,536.9304207272107,279.54797272770236
16,7,524.9262851897649,266.86336595211634
17,7,527.7165288565296,273.4253402163358
18,7,528.5639714275096,272.1510321268071
19,7,537.0521967993841,277.68238116876495
20,7,531.3576262438227,279.53630131257506
21,7,535.7909054290645,283.18812845011166
22,7,532.7113143708908,285.8465089648258
23,7,471.9698066728304,240.4031819083433
24,7,500.0496985140869,275.07140619448955
25,7,455.7637700890299,230.97734629192027
26,7,456.3645076746028,235.13163404299516
27,7,473.16700276064864,267.96265731317925
28,7,453.95187528124796,246.5691874498087
29,7,463.7590977861712,256.0356010525297
30,7,503.7561231897931,304.0774318597216
31,7,508.8647712210714,301.47484037838575
32,7,510.6466925661086,291.0973231850365
33,7,517.3617961626938,283.2078942746133
34,7,520.4843369500155,282.3790907051777
35,7,523.5190166671332,278.7730588333841
36,7,526.9564701679041,269.01793174579655
37,7,555.1164313533534,281.52418213390206
38,7,566.8116576235657,293.43582688193163
39,7,572.8915164311464,288.94252334445355
40,7,575.5613903931234,285.3819425114987
41,7,580.5926979321704,282.43259850666686
42,7,580.0612511238697,278.299550864278
43,7,555.850863299108,236.85169235732013
44,7,556.0807415309009,228.84870723868102
45,7,559.1609379871196,220.75269922313868
46,7,553.3183950421649,210.863150941555
47,7,608.8778916096425,278.5660345968511
48,7,546.9425213355637,194.37604415323068
49,7,557.5923374651261,206.07779938844988
50,7,568.2421535946886,217.77955462366907
51,7,569.6101388565584,217.42567406354917
52,7,557.2987874855628,203.22176947453113
53,7,565.1015511249606,219.52869157389677
54,7,566.0553122855375,222.00376391036002
55,7,568.0351155625877,230.48887323997803
56,7,558.8239205980719,220.35816104303913
57,7,589.5939698088563,263.8532319667073
58,7,620.3640190196406,307.3483028903755
59,7,651.1340682304251,350.84337381404373
60,7,681.9041174412095,394.3384447377119
61,7,671.1691518454505,385.55795252454413
62,7,660.4341862496916,376.7774603113764
63,7,649.6992206539327,367.99696809820864
64,7,638.9642550581739,359.2164758850409
65,7,628.229289462415,350.43598367187315
66,7,617.494323866656,341.6554914587054
67,7,606.7593582708971,332.87499924553765
68,7,602.0571954965269,327.27335195495573
69,7,596.6964585062434,336.0737846482102
70,7,591.3357215159599,344.8742173414647
71,7,585.0546698234753,341.79010486297005
72,7,578.7736181309905,338.70599238447545
73,7,572.4925664385058,335.6218799059808
74,7,566.2115147460212,332.53776742748613
75,7,559.9304630535364,329.45365494899147
76,7,553.6494113610518,326.36954247049687
77,7,547.3683596685671,323.2854299920022
78,7,541.0873079760823,320.20131751350755
79,7,534.8062562835977,317.1172050350129
80,7,528.525204591113,314.0330925565183
81,7,522.2441528986283,310.9489800780236
82,7,515.9631012061436,307.86486759952896
83,7,509.6820495136589,304.7807551210343
84,7,503.4009978211742,301.6966426425397
85,7,497.11994612868955,298.61253016404504
86,7,499.00831726811697,300.6277716024911
87,7,493.7459111162484,306.7608268472003
88,7,489.5001847524102,310.4749804072694
89,7,475.54344294537935,313.8915365054638
90,7,461.0478964382443,312.1369653654479
91,7,446.92076870249923,321.6335238039458
92,7,438.12641804518194,334.5580348411089
93,7,431.61111686452506,356.8656436391634
94,7,437.43452892166783,381.17742815178616
95,7,419.2912724205055,369.4398901683521
96,7,416.5517272028763,379.0397372774509
97,7,423.3069508872366,404.54081778002694
98,7,420.6058900694533,409.30728363467034
99,7,405.7673569427269,430.73896486603246
100,7,401.8428440555217,441.5622212915402
101,7,403.23914835613004,465.6159535770699
102,7,400.7461258541712,468.0823791809168
103,7,397.71310326115133,484.0356091220254
104,7,398.71700740284626,496.6567851206915
105,7,385.116002635886,487.23182661519866
106,7,406.484734421211,513.767996437691
107,7,419.3451481100187,548.7041528202972
108,7,417.03490829092283,554.5230630531246
109,7,409.73710148441944,567.7403590587456
110,7,433.979281827669,602.3259435875844
111,7,447.74210613536786,625.7156697948608
112,7,451.1506247597598,633.6914314586028
113,7,443.2307059399936,632.3663696612789
114,7,437.8864975243644,628.3115726153604
115,7,426.18406247736596,626.7948608356417
116,7,433.6026333056049,639.8788113609513
117,7,443.0527808459342,660.8036330477298
118,7,431.35323669120993,661.9309355681496
119,7,433.4565611116228,696.6079469001113
120,7,427.33628382552433,699.5341672605755
121,7,433.7745512724748,730.3943584571733
122,7,431.8750255544306,732.7874324332275
123,7,438.7660012403273,744.7289267292401
124,7,444.5392765324027,751.0610639247009
125,7,435.90202379736155,745.5126672681794
126,7,440.32976447950864,749.3266379211167
127,7,451.0605266161657,770.1554159822797
128,7,453.1719268597384,765.6202592991457
129,7,463.5394140343542,768.438809202019
130,7,509.06387504716304,791.2767165041492
131,7,516.4537963547077,787.2334081410474
132,7,523.8589741325387,779.8206765303039
133,7,526.5454830685053,768.2326802651596
134,7,528.0014689294386,763.9110549895696
135,7,531.8929447033717,753.4414353994331
136,7,532.495719418906,744.9171380764636
137,7,545.9207026239268,735.9408319115757
138,7,548.1547667633747,733.5190387563338
139,7,550.74973121134,730.7331325934194
140,7,549.7657925976106,728.110836376809
141,7,550.3082448837669,722.200096632482
142,7,549.047961992762,717.8627522061096
143,7,549.7246678620411,708.2931726481048
144,7,551.4502486617005,707.0907779195549
145,7,553.1538268855876,705.8563011523974
146,7,550.2035180351066,702.423828919046
147,7,545.8654879753922,691.448690865761
148,7,543.2642882760523,690.220448732458
149,7,545.3725297142516,693.6254962298688
150,7,550.3369412453312,698.6732394211449
151,7,563.3469301722691,712.0847759520598
152,7,565.5173888075004,713.6039647752767
153,7,572.7228164752927,720.4895251639877
154,7,573.7665107171706,723.3908692257866
155,7,576.6238266350383,730.8425385675183
156,7,573.6666870190305,730.3797745213141
157,7,572.6875069950689,725.1202700572494
158,7,572.5423732040191,731.4528840221793
159,7,573.5660850112615,727.4643252283436
160,7,572.1614579488717,727.6065283593542
161,7,575.1512275795266,732.6524266859502
162,7,573.2639834508095,731.6226085997251
163,7,591.4546724600705,755.0733970140145
164,7,629.1132893992751,787.4157158774985
165,7,650.1022885320623,807.4260198084859
166,7,649.9758911061249,807.4288179233338
167,7,654.693722454162,811.6699325330386
168,7,654.4210003385527,809.1104934385819
169,7,683.1777706758709,830.0989975252039
170,7,704.2678554225099,843.7302238766092
171,7,745.7283738131139,852.8607461320651
172,7,744.4658977158276,845.4877517425507
173,7,735.3819790112702,868.1801503444732
174,7,747.5515476772651,849.3778438789795
175,7,753.2302861538432,846.9307647703296
176,7,757.8520004960812,846.8561125176258
177,7,780.9276508074705,858.5885666859039
178,7,788.8889104602134,864.7213774635404
179,7,791.391029828759,868.8906443424898
180,7,794.0624509056465,873.1178848716257
181,7,807.7623220508834,882.5306730349504
182,7,820.7191097465732,894.7821219284136
183,7,844.3415881744418,885.5532111935609
184,7,848.6708497715249,887.7742775548788
185,7,857.1233200358762,880.3304982209607
186,7,859.5890363447413,875.5376963587806
187,7,861.0622174490379,880.1467725132812
188,7,861.9611511506967,873.7992887398686
1,8,575.0855432072347,130.83575139707483
2,8,575.0855432072347,130.83575139707483
3,8,575.3599454570743,131.1773105985566
4,8,546.5346694396361,94.20046659521356
5,8,547.0477735895796,107.4681083888363
6,8,531.7637356909115,90.92100735890163
7,8,529.697138817412,100.49009024089447
8,8,505.0108607503173,71.5020010091764
9,8,568.4914692009222,171.62267460598662
10,8,543.1479863466498,147.4967969663204
11,8,522.3922860144168,127.63534949486497
12,8,528.2423134695472,142.03811993422553
13,8,523.5268194306653,140.2186416433232
14,8,529.0731326615264,162.1529199124861
15,8,521.0803871506246,163.39251184650826
16,8,523.8088417271173,180.8180577379104
17,8,533.3412629461402,201.4815316415444
18,8,533.8439419926013,207.77608901567982
19,8,512.9903973493482,203.283718173711
20,8,519.099103596277,214.87323028022467
21,8,523.4169353784554,229.0037262581302
22,8,507.36139693584045,205.74766867501046
23,8,541.4854272339318,245.72306566508615
24,8,534.5189179853945,232.88311608598343
25,8,502.6324106160834,181.6484426917834
26,8,529.306013002773,224.98127112073252
27,8,505.1270749441656,153.27825948211762
28,8,495.7955635349489,137.86485088557913
29,8,488.76820131275844,83.02132645567198
30,8,489.1689028768295,76.58711478358418
31,8,506.1112196391293,69.82195107001452
32,8,516.6056826380161,75.0386079356551
33,8,558.1400473542894,116.54649421591726
34,8,610.9718231511677,182.54596138783276
35,8,618.5940739165734,163.0538179928656
36,8,602.2325853110691,132.44021527009878
37,8,643.5542095135182,178.77396787546226
38,8,649.996440812049,186.7954723166856
39,8,652.0338768393933,182.11543877455773
40,8,659.8841551563725,167.5674214021788
41,8,655.1732558872327,150.02444588890324
42,8,643.8656091101105,126.9806500829568
43,8,657.4445067958526,136.31357657103808
44,8,679.6740531410788,166.04271795773204
45,8,700.5299201838028,192.66648725235174
46,8,672.4514682876227,155.56926360726632
47,8,667.7629778649872,149.8958739938765
48,8,627.0136281145088,102.27729723965648
49,8,665.3113342500862,164.8840779751876
50,8,650.6982366364679,149.34874537944845
51,8,607.2133576044496,94.1672170685615
52,8,562.5803281643143,34.287244185712105
53,8,585.5040651203964,73.69439466196599
54,8,629.337778777809,144.4603358824938
55,8,618.8548507115468,140.4716048782701
56,8,614.0252011192312,142.4805670284635
57,8,609.6756796451509,155.10199921974794
58,8,605.5863042475178,157.55952070737192
59,8,603.6909386279904,163.70304889794605
60,8,607.2341004067899,167.46585199032754
61,8,608.6446286329727,170.94045196718073
62,8,608.9551404156978,171.96254378700093
63,8,609.7712517090503,165.7178317764258
64,8,613.1074689492235,169.18058407858243
65,8,615.3849806808424,162.295642893631
66,8,615.4055806814293,157.44830789156688
67,8,614.7705010626088,155.39174058904484
68,8,615.3057089568772,156.0457613140708
69,8,614.9307604537287,155.82938505581006
70,8,616.6961017694063,157.9188835875308
71,8,619.1011573722237,159.71208729898217
72,8,618.9688422062214,157.95939855875037
73,8,621.8004736384861,162.2201321765811
74,8,621.8022001677629,164.69140427817632
75,8,618.7613559809557,165.38919639380055
76,8,621.905327499268,171.02562481623536
77,8,627.4320999328507,174.89535848306875
78,8,629.603900388672,177.83407029090966
79,8,645.8538614619209,196.7735351819106
80,8,646.4153570915774,205.7084550652114
81,8,654.8475917733705,214.32118472440004
82,8,677.4763219869187,235.15701486602023
83,8,711.9305067244586,289.2536801816714
84,8,716.813075616567,295.05277826539646
85,8,722.3458722925127,289.67717236117596
86,8,724.5268525158934,290.31034161651274
87,8,726.978873243728,289.7184658548279
88,8,728.1849828604501,289.2771131661663
89,8,753.7756037096023,317.0156294545429
90,8,763.6800250473145,325.85952483931294
91,8,771.6628263736355,335.4547394994857
92,8,778.899523864239,346.03333630880786
93,8,783.5857948261636,359.7759383609229
94,8,784.7733835911547,359.1514604884769
95,8,772.7990177614628,364.41178009230345
96,8,770.6830803595163,365.1612182471708
97,8,752.1658424350197,343.63782269320365
98,8,754.9416611503405,350.23915433854563
99,8,759.488640322877,361.9693030498698
100,8,768.7829225299848,378.0623944800612
101,8,786.4529159390995,419.9624895853753
102,8,791.9041258760689,431.0601037801951
103,8,808.4873103876904,464.90848290709425
104,8,813.1874837075809,472.7821749272678
105,8,815.0998624560938,479.0119882473118
106,8,812.6977956696913,476.19202139350125
107,8,811.9345817245676,476.2494359108779
108,8,812.1347621570452,476.70791060823325
109,8,811.6274985729899,477.62935593307503
110,8,811.7118597866478,479.0551394423042
111,8,814.315420082345,481.0302737831043
112,8,814.442105619829,479.20206868322504
113,8,805.6301684308179,474.0855918132545
114,8,812.3322052136283,484.51091379055043
115,8,780.4971027339465,439.917307642069
116,8,775.6689967861305,433.2382775921455
117,8,768.4990150873051,425.0505761335113
118,8,766.7141787103669,423.803175395797
119,8,766.5468471160466,420.9817718497864
120,8,732.426154033906,374.02809569765293
121,8,710.6649951310714,347.60940668478884
122,8,711.4612305978086,349.2059558140721
123,8,703.2885592704525,347.62637514286354
124,8,703.4352719376635,348.52364487672224
125,8,666.0729816888579,303.70839488282064
126,8,636.9132153433268,268.1730343087142
127,8,645.816479108924,288.09700462720974
128,8,632.4596655958318,274.63506878494593
129,8,623.4416792878749,271.78897730826935
130,8,621.2035375541271,275.52174277323314
131,8,609.5428305994759,267.11776902880024
132,8,606.2425982482818,266.6450421419162
133,8,550.481396506652,201.57713245605484
134,8,545.9240633551311,201.37707731290908
135,8,547.3849232481297,214.30489228528907
136,8,543.0180149493403,215.1121095407432
137,8,526.1079655786741,219.28420361715482
138,8,523.863435116251,218.5492420567198
139,8,470.1357315733788,163.6852809302781
140,8,453.70979525004753,149.01185601907648
141,8,445.0791628901951,152.81429419942154
142,8,448.2038323021847,163.84980744097228
143,8,422.93261712875017,144.07835003688896
144,8,435.9027449165925,172.1778239651995
145,8,417.8315668339798,161.10514051207275
146,8,412.16844292454863,159.04594249437565
147,8,388.9554187444765,137.7467213236692
148,8,389.51507086101725,139.2649867874703
149,8,374.2539129025704,130.28350519958505
150,8,367.6504253207444,131.22650665428137
151,8,350.15862719876066,130.6051944474808
152,8,345.847825288833,130.3070291814534
153,8,328.6788938632859,129.5266431723556
154,8,307.2871944517022,112.76912486409125
155,8,304.4725770505862,132.8724749011628
156,8,299.3064468001478,136.57280050718248
157,8,284.3421750043905,137.6182632687029
158,8,282.3490013434413,145.86829777285084
159,8,247.37901286477785,129.06421924076412
160,8,246.25447759080777,140.60570967630017
161,8,247.71782413922517,158.27809947830113
162,8,246.96597239150265,162.8254339814597
163,8,235.30963500439037,167.31098305999683
164,8,230.8720099368374,171.1533288894559
165,8,205.8364010432073,171.06274654271104
166,8,206.34659390699193,165.60899067874394
167,8,204.9372735901794,192.60198165754335
168,8,202.40257916830598,195.12587038578553
169,8,187.74436394300784,189.30435073111192
170,8,198.3765856602423,206.5068337711855
171,8,182.97454490881682,225.26530619357646
172,8,181.656866970129,233.97140821231324
173,8,168.7683454153738,240.9417354965268
174,8,166.58968773738115,248.0198590858286
175,8,145.74375189689783,240.83677073379965
176,8,144.01868835063146,249.12435752983825
177,8,169.6696287002915,310.42288220427133
178,8,171.83982434725922,320.1597106975116
179,8,167.54541108923536,344.4776435334586
180,8,166.64509602821053,352.7442778684279
181,8,161.68447559393314,368.09964736951724
182,8,149.1122437111425,363.57779634060086
183,8,-55.47986805315735,229.73655226999026
184,8,160.30193139346903,431.4934446154078
185,8,159.39837111643598,444.4748581161107
186,8,169.4876044848399,458.9961262754099
187,8,166.64766605971047,475.01354972573756
188,8,153.5854650921206,470.05402593506363
