1,1,611.9971642374718,1420.502866727023
2,1,611.9971642374718,1420.502866727023
3,1,612.356442992271,1420.2168097215938
4,1,610.7191484511868,1417.318319497974
5,1,610.2291482373618,1416.1186824964113
6,1,613.1829330487018,1413.5076183938475
7,1,614.4291712582351,1411.8733100181298
8,1,618.1687715553702,1409.4405648043753
9,1,619.4661194867972,1408.282927678875
10,1,623.8646750561143,1405.0367048840528
11,1,623.8861292603561,1403.9502273851015
12,1,626.6554982349871,1400.5908597604346
13,1,627.2367304988501,1400.6707436794209
14,1,629.1860354148913,1399.8369396780743
15,1,629.5714878234777,1399.2074963381501
16,1,630.0019298047872,1397.9995624780356
17,1,630.8725335080322,1395.2372330458068
18,1,631.9688430551054,1392.8902430981134
19,1,632.5574759160911,1392.59122525825
20,1,635.5152644515628,1388.3641989680325
21,1,638.2391784001609,1385.4671135524634
22,1,642.0967781882163,1376.07471902004
23,1,643.9034516039603,1372.831392753022
24,1,649.0170712436108,1367.8139977119902
25,1,652.1150139554622,1365.1581442489055
26,1,658.0028244926272,1358.5848585775925
27,1,659.6952007002692,1357.141385008618
28,1,660.5779184218537,1353.1137816928724
29,1,661.1314436905225,1351.9821602746147
30,1,659.915003779936,1348.4025581110097
31,1,662.7132549117732,1346.731581587474
32,1,655.5401149865506,1337.6544423763762
33,1,652.0318395133198,1332.5668556927747
34,1,663.3170006511925,1323.123736623196
35,1,669.9615460224687,1322.546294734467
36,1,674.9680058593673,1317.5477695863194
37,1,678.0450612018147,1310.465140172651
38,1,676.3140504111258,1304.0163063186988
39,1,678.1756747777688,1304.6457702191963
40,1,679.7128789362092,1302.043482210541
41,1,680.3987883603818,1300.7294632044836
42,1,680.7390595970728,1297.780909423972
43,1,682.7658699488264,1294.929585210449
44,1,689.0776292062245,1284.3159913618954
45,1,693.4619087949789,1281.4132357459803
46,1,692.8153674714698,1277.1903151246147
47,1,695.4759821782282,1274.273725984571
48,1,702.941110095805,1265.938519411026
49,1,701.8541688498532,1261.9642620491836
50,1,699.301634976365,1256.1292525418014
51,1,684.5703479268869,1242.6636549073578
52,1,688.5626756610696,1238.7569292748458
53,1,702.5875290760806,1243.744732648596
54,1,694.0676624305307,1235.5146735037147
55,1,692.5818400256301,1233.248134790872
56,1,699.7493562185379,1233.048728946843
57,1,703.4901824342401,1233.2610433423101
58,1,704.1624913238235,1231.8762443194667
59,1,704.4318149927815,1230.923301125607
60,1,705.19585654151,1228.4762785760329
61,1,705.5136946458804,1227.8593759343198
62,1,706.6417635255432,1226.0489514796168
63,1,707.124519331268,1225.4626486015713
64,1,708.9346806610678,1223.5576480582215
65,1,709.0564213093454,1223.1397988069348
66,1,709.2900513336505,1223.1173923250892
67,1,709.1169886412713,1223.0398388530275
68,1,708.9433898175413,1223.041951890785
69,1,708.6954630244493,1223.1205974335776
70,1,708.4916228515818,1223.5919731519914
71,1,708.3836026933827,1223.675745120411
72,1,708.0877165129144,1224.022786028435
73,1,707.7981636909966,1224.121285120632
74,1,708.008140875024,1224.8924307596649
75,1,707.7575092403505,1224.9720648935097
76,1,707.1401999111268,1225.6235363824
77,1,706.7239995833207,1225.9919570979425
78,1,706.8588835473428,1226.5195915181162
79,1,706.9224300036079,1226.8158177985206
80,1,706.6461926604544,1227.211724118894
81,1,707.1487212871342,1227.6093521656262
82,1,706.9436747968057,1227.6244964645427
83,1,706.8999835422745,1227.9557430504235
84,1,705.633953886821,1228.0884447971732
85,1,705.6190389610214,1228.0913969621083
86,1,705.4779357297742,1228.1787158228774
87,1,705.3909003103017,1228.3813645163698
88,1,705.2842908216658,1228.3680468376756
89,1,705.228972384938,1228.527830256742
90,1,705.4324174742285,1228.6462256865648
91,1,705.3869624924972,1228.7058552548885
92,1,705.3440966965289,1228.6600942103476
93,1,705.332112964991,1228.663559816584
94,1,706.2045316781744,1228.825789965745
95,1,706.0898344943711,1228.7320167030068
96,1,706.1654180304629,1228.3897864817407
97,1,706.2060322578361,1227.8194850161694
98,1,705.4699882032161,1227.094827207266
99,1,705.4521756780341,1227.0266835128182
100,1,705.8030999852251,1226.5076498683254
101,1,705.660115420035,1226.21785400807
102,1,705.8733373856068,1226.5488496801343
103,1,705.5118660960087,1226.997897081173
104,1,706.2611004066822,1229.1300052699826
105,1,705.1949486984737,1230.7499682095429
106,1,702.9802500797175,1234.4660225344057
107,1,700.4572671489608,1236.4745513947062
108,1,696.3075376824286,1244.4029551999258
109,1,693.0681764288169,1246.4651373185263
110,1,689.7552906280446,1250.596290988839
111,1,687.5799780873767,1255.8276036716463
112,1,687.1656535190151,1256.8607101131497
113,1,686.1245683217431,1255.7234473885126
114,1,680.4461828184852,1255.9744659867642
115,1,675.8542791366904,1260.0050511977188
116,1,659.5486920663528,1269.6075830587868
117,1,651.3309861869433,1275.8835652078435
118,1,639.46650176327,1290.7592065247288
119,1,626.9385415047323,1291.7240650893623
120,1,624.8797830137382,1305.8044762181983
121,1,613.421597241663,1309.4259185233248
122,1,583.7265663555659,1316.7238386993802
123,1,577.2626600715571,1329.5525714203652
124,1,563.410499213522,1340.6234555007977
125,1,554.5740455018625,1341.8194226732865
126,1,513.2856390330378,1340.982087383391
127,1,525.0781144730462,1351.6486791899256
128,1,507.2285009944889,1363.1151919566787
129,1,494.70031929259835,1365.7664203582676
130,1,478.66121181410443,1368.0833819565053
131,1,461.7565901202877,1370.9465751522835
132,1,434.7325361428504,1384.5423871598975
133,1,431.4669333753868,1393.2557834202478
134,1,418.1648106062029,1406.8773991195696
135,1,415.21673622484894,1410.1278628683071
136,1,400.976430516215,1410.7210421247996
137,1,396.49160453903426,1413.3192058586415
138,1,374.60361827195015,1413.793549290376
139,1,382.11701330513597,1418.8108784940812
140,1,329.34562061299465,1411.3324708458822
141,1,338.30247848133826,1418.1607310081022
142,1,351.1341728709713,1432.2945368245519
143,1,351.52731338905664,1435.5149976153182
144,1,347.7082015885897,1439.265958659731
145,1,341.6882399441051,1437.1239116553384
146,1,357.64907561368176,1440.7850523967616
147,1,360.90015742020125,1436.0799700455495
148,1,397.34427488805716,1439.9235102272778
149,1,401.740364720871,1440.8465456518768
150,1,383.67806064166786,1434.3109274319866
151,1,416.8723533683599,1443.0370014403766
152,1,417.65675377082715,1436.8338840601812
153,1,442.00037354036044,1440.7595032729087
154,1,426.22676790945246,1421.7364371397896
155,1,433.0150644162457,1419.765410981985
156,1,455.10297945984195,1418.4978172516035
157,1,479.50566242778524,1418.3196189794153
158,1,484.5160930285532,1413.030651086291
159,1,493.5206750589372,1410.5042374033324
160,1,507.21544408323837,1403.5102149639665
161,1,533.4407806179354,1400.6900031409361
162,1,536.505404223301,1397.164687954889
163,1,539.4673657832228,1396.2520117130246
164,1,543.5596761020149,1393.8101511556547
165,1,542.5725368819221,1392.0357486552355
166,1,536.6952200641188,1389.317989594178
167,1,535.7436895699668,1388.1518916443745
168,1,535.7307178163267,1387.2120630023453
169,1,536.4156944871326,1387.8219070512243
170,1,541.6145006821372,1389.4539781888864
171,1,541.5170975305615,1388.767107010643
172,1,540.6418605829708,1387.4180259590032
173,1,537.2409588736402,1385.611855387798
174,1,530.6176577296637,1377.7242618996454
175,1,511.98334336482515,1377.1231921910112
176,1,472.03910420867777,1364.727876216688
177,1,455.8529591536907,1358.1820549597214
178,1,444.5960210387396,1363.6298190520345
179,1,440.672205084094,1361.3503930280797
180,1,457.7286410815912,1356.0622882037908
181,1,474.0683093723369,1360.9938389020726
182,1,484.57372199490374,1363.9845001340216
183,1,504.1245450010907,1377.7987168048107
184,1,509.1990188977798,1365.774718965092
185,1,506.6942037965998,1363.4398444050264
186,1,499.4452687994569,1363.3559986778414
187,1,493.8058083324498,1361.4862095004403
188,1,492.8495299380539,1363.0092704016279
189,1,487.66358040521476,1361.4270327075265
190,1,490.40100832084266,1362.5700581946444
191,1,485.37821812596974,1363.2139667960384
192,1,486.2097910402042,1367.0851609404751
193,1,484.38145651746936,1367.3744801135997
194,1,479.0565095188613,1370.310571046074
195,1,476.66325805655197,1370.9619621081124
196,1,474.1212551184014,1373.1978188550104
197,1,474.2806922581075,1374.5481500960552
198,1,476.0137514579403,1374.7162746377057
199,1,475.20980798501,1376.233056856399
200,1,476.55741082822243,1375.4615023843855
201,1,479.8069314173566,1376.781501511824
202,1,494.85171326808324,1385.5812185606067
1,2,602.8517495758013,1121.6510022330515
2,2,602.8517495758013,1121.6510022330515
3,2,603.3620051290479,1122.3259239884508
4,2,602.0364459434337,1124.3626374609157
5,2,601.8561843861005,1124.166370810329
6,2,601.9005758537407,1123.6326334118169
7,2,602.4636634798404,1123.9060599624352
8,2,601.8518936766848,1123.5061523645102
9,2,602.8375679708361,1123.4002241276112
10,2,603.1093839356063,1121.2331861877587
11,2,604.087381571537,1119.8790009208146
12,2,596.7406609928804,1114.1228371245588
13,2,591.3865254306471,1109.9794041963219
14,2,574.3523564871763,1098.435049276199
15,2,569.0819628047963,1094.1005623309927
16,2,564.5863564897244,1086.2996809647343
17,2,564.6597886821563,1083.767785818479
18,2,565.3405287451197,1078.7153769778795
19,2,566.3357269719048,1078.7254347373046
20,2,564.9709735766831,1076.874410337335
21,2,563.630286425124,1075.588064876793
22,2,562.8228909277251,1072.0204881869333
23,2,561.6977716442252,1070.484044554402
24,2,554.5547595138036,1062.51534239598
25,2,553.6111578448852,1060.7519001746919
26,2,554.6840154375171,1057.7639058025227
27,2,554.4219928606891,1057.4237314504712
28,2,553.8091987444546,1056.751760961583
29,2,554.1163137923215,1056.8961244825036
30,2,554.8706325684568,1057.3759080048653
31,2,555.7376146260914,1057.6857503280005
32,2,556.814529551073,1057.4438331868623
33,2,556.7231757242511,1057.225084176263
34,2,550.9504548153799,1051.9792899466804
35,2,551.5981463516612,1051.373251808546
36,2,538.1334050206606,1041.5527358285683
37,2,536.7077170050856,1039.7249747018207
38,2,545.4905374914346,1042.1003015179992
39,2,545.8352438594077,1041.707270428834
40,2,549.4532521834167,1035.7584069173406
41,2,551.3456967980165,1033.800374413088
42,2,549.9927365580678,1032.199463787354
43,2,550.5040793813889,1032.2036253642502
44,2,554.0559630193127,1027.9060699401289
45,2,549.3870645199198,1019.777695169467
46,2,539.9459323721381,998.616329558958
47,2,507.5554871359279,973.693514080005
48,2,516.8530525672836,956.5777280969618
49,2,511.6408577605306,947.4572257626933
50,2,514.7579470515852,945.3827711327449
51,2,513.05473136181,934.8212926828061
52,2,520.8101497689129,929.2222808563729
53,2,523.6916252329635,925.8002098264326
54,2,524.1527962351146,917.9351902598215
55,2,523.3120487576441,914.9449727389986
56,2,524.5004691198452,907.271180852347
57,2,528.2796957565644,905.6477826339277
58,2,524.0325100683445,898.2758550875866
59,2,518.8482955918042,893.7757134095218
60,2,482.78028147477374,866.53900437729
61,2,499.00569702683964,873.8825715757746
62,2,497.3011783736586,871.6947917124967
63,2,497.35905783892787,870.9148201682921
64,2,502.31187485138497,872.1344693373903
65,2,502.1607013979886,871.3283289608102
66,2,502.1010384987997,870.3083413579363
67,2,503.28116033965085,870.0247057440754
68,2,509.4934204067999,872.3740087317287
69,2,512.0530480033938,873.783206984054
70,2,514.633118639189,875.0930305564682
71,2,514.6367645563145,873.4907116168079
72,2,513.0296956284227,873.628094414078
73,2,512.4976128625575,874.2440626567923
74,2,509.6171686907598,871.7092103267953
75,2,512.0743054339529,873.5506032530176
76,2,515.6961743274067,877.212399494379
77,2,519.8755864974335,884.1967492824258
78,2,526.1770458315765,892.3610800198904
79,2,528.2415757990456,896.6677105315326
80,2,527.4533349859588,900.5017381160648
81,2,529.543733253204,904.1484815378058
82,2,527.1194057677644,904.8930740509581
83,2,527.0407044422185,905.666299567752
84,2,528.9300173196293,909.5707722070617
85,2,529.4434381949369,909.7512327094781
86,2,528.1304993316555,913.003916618737
87,2,529.5255131769655,914.9998280727619
88,2,535.0243273490103,923.6963665303563
89,2,540.9754733463865,926.043774917304
90,2,541.9143874683745,930.6755487508835
91,2,538.0352569001416,937.1841689011261
92,2,536.114423210963,940.2495347291856
93,2,537.1580152982095,941.2645194776152
94,2,535.081513066296,941.6329016502572
95,2,534.6447620859234,942.1105749722294
96,2,531.3112369277158,943.7262665872571
97,2,533.6423722293614,946.2384797309584
98,2,533.6546402679468,949.4106341104149
99,2,532.6905635746687,950.6361644456108
100,2,535.0342743124116,955.3643792749183
101,2,535.7453754869649,955.9444937203388
102,2,530.9207026021369,953.8801020134467
103,2,529.4862889396727,953.7333015729372
104,2,503.2862192479183,938.0178265280014
105,2,504.40274433504817,939.1463503206379
106,2,488.46973469263554,930.100201258342
107,2,487.12008511647235,930.613558727036
108,2,488.49595143973954,934.3364840898961
109,2,488.16734637738233,934.2155754422314
110,2,486.09298852257984,935.570362234231
111,2,485.54143221229066,934.7411979441041
112,2,482.328171266137,934.8243318927971
113,2,483.4524641074749,936.3844829481346
114,2,490.1497973565543,942.9325066246848
115,2,487.9603241557907,943.0031546888818
116,2,501.6529128009536,954.1892891695237
117,2,503.53796188383495,954.5073492227804
118,2,505.76978468844067,956.7000416777872
119,2,506.0463306217367,957.3142144950178
120,2,503.92947441198385,959.4773319103183
121,2,497.1372893817804,959.6903335360752
122,2,485.8504141334752,955.6018914512023
123,2,474.557681752709,954.4486540240172
124,2,472.16232559312084,966.357901878302
125,2,468.840215190618,965.8505497227881
126,2,466.3657463258255,965.9255727028765
127,2,462.86072311236416,965.0856306331452
128,2,455.0436519065947,972.3146124522715
129,2,451.58793546836176,976.3204522017832
130,2,439.8321109932888,988.2926965774611
131,2,444.88639490549235,993.2480547561303
132,2,438.3343036752214,998.0106917051106
133,2,437.53262547736216,1001.9553899709912
134,2,433.1519136253477,1013.3690334275356
135,2,428.85036720071326,1013.6795191752506
136,2,418.08788224771865,1030.5189599660102
137,2,419.7849821377553,1030.7893997461588
138,2,392.95458513162225,1025.4197326850692
139,2,388.05733950206604,1027.376471060781
140,2,342.98160913072684,1009.4198387430097
141,2,336.908156269456,1016.1866064007401
142,2,311.3717592369918,1018.5875911344735
143,2,307.8128748259902,1022.3106996268639
144,2,305.9707135617978,1034.6915234810042
145,2,303.3460183493384,1034.5727727051103
146,2,316.76284136952955,1046.3815301669408
147,2,308.87001553659263,1046.0343500949573
148,2,300.709678011192,1052.4421535647796
149,2,292.93256755834454,1054.9236782510536
150,2,281.9247054126403,1085.6186831178131
151,2,283.6854205705036,1087.978943179162
152,2,288.50685694154816,1099.7631559857737
153,2,294.8141658336744,1107.2915130583797
154,2,304.560107875349,1126.2952760069006
155,2,303.1502180061221,1135.5534324812734
156,2,310.23825676044635,1134.6258561725958
157,2,309.20898542455086,1122.734714387314
158,2,301.43232260641184,1136.271083882335
159,2,303.5486086623205,1138.7842581176442
160,2,305.9943689165482,1144.5593448262225
161,2,309.2514758090914,1144.8927751857811
162,2,314.7346123622976,1149.7255844700583
163,2,317.59745206315336,1153.2486033595908
164,2,363.71326200314047,1187.2255886417147
165,2,375.8493521741902,1192.9293349287275
166,2,396.0325949356583,1203.5852238476032
167,2,395.57390198392363,1203.4004543846804
168,2,404.29402210430817,1204.5025521093448
169,2,412.6691368001255,1207.8565857294432
170,2,438.27436398308504,1219.5585347723754
171,2,435.44437510251953,1222.0570980843872
172,2,453.283819393052,1234.7184507722066
173,2,459.8669944075759,1239.8534416429932
174,2,483.7348745946425,1259.8078433708772
175,2,487.2078002590665,1265.9318252567566
176,2,513.6234828469986,1289.0504464108533
177,2,513.0632396630676,1295.9744101205117
178,2,511.7605082492528,1305.8250233867257
179,2,510.823903650631,1309.3641856899776
180,2,503.64842523407543,1313.8732463251888
181,2,499.16364822300375,1317.3847706379765
182,2,498.8196626507279,1318.5676871101068
183,2,494.7109208054383,1317.70060990711
184,2,502.78088854624923,1322.2647646469134
185,2,502.54611950294924,1322.9975483017201
186,2,497.8809611584273,1321.5168563571963
187,2,495.29966789341677,1320.6320256570377
188,2,497.6500104429005,1320.645035279127
189,2,496.31698278058303,1320.0208616966097
190,2,495.46442767868905,1319.8304093576937
191,2,495.92637946194674,1319.5567889273148
192,2,498.1030637109862,1320.2101775284016
193,2,497.9174252677963,1320.0879143478378
194,2,498.63353540469245,1320.3570414066091
195,2,498.39082981457113,1320.2313130666128
196,2,497.83154704632926,1319.091887552577
197,2,494.400409484777,1316.9222853493357
198,2,493.74639749374205,1315.714961334283
199,2,492.03377402247037,1315.3568577528472
200,2,490.79319613417965,1313.4894749333025
201,2,488.4185958880717,1311.5905103507976
202,2,486.23730836921277,1309.2768798721474
1,4,1002.583741968154,562.1273688665274
2,4,1002.583741968154,562.1273688665274
3,4,1002.3283570966837,561.9836810358687
4,4,1003.290123847415,561.8868529195561
5,4,1003.2060585292785,561.7437665348291
6,4,1002.6979407465774,562.1136793162837
7,4,1002.1571901516135,563.2598165767125
8,4,1000.5080730669835,561.952055504856
9,4,999.7625404756732,561.8511874045713
10,4,998.3341760923231,561.324749446125
11,4,998.7630698990512,561.3169000752474
12,4,997.5829707399976,561.3138616372784
13,4,996.6085872903612,560.4891288683084
14,4,993.4328896185467,556.3897978683535
15,4,987.9191792905422,548.494983679627
16,4,982.7228316468845,542.0165215398978
17,4,983.7007848877954,544.4724117132381
18,4,986.3091642192513,552.1838277590379
19,4,986.6330343757493,554.1046568753102
20,4,987.6527961927592,558.9387416125429
21,4,986.5195660684374,559.5845390615872
22,4,985.9512425755536,560.4540420389322
23,4,986.6384500215268,561.9211604217104
24,4,982.6603629368938,558.1573697963782
25,4,982.0648269508079,556.3368795713416
26,4,981.8843763947107,559.2176601202442
27,4,980.6595624463254,556.5207438125171
28,4,977.8767513849672,556.3794178874895
29,4,977.6072332181752,557.6266115491474
30,4,966.5052463925991,543.4812232884997
31,4,965.3977370433353,541.6574958673701
32,4,960.7600542551612,539.598495340369
33,4,958.4469906133332,538.9492321642064
34,4,960.2186637424359,542.9177374533991
35,4,961.8545917645243,544.1981769589677
36,4,962.6059709878255,551.3307003196351
37,4,964.0827333794018,561.3613097044384
38,4,960.19011108174,562.7268598232929
39,4,959.3890451786583,562.7964774958195
40,4,951.9978686348899,565.9259078897228
41,4,939.9750902068909,554.5917549835078
42,4,912.3545950453102,523.4768589597325
43,4,911.5758702744001,523.5770667375197
44,4,904.6870068471604,521.6251945656554
45,4,904.5034695262391,522.7985725389818
46,4,890.3606792451703,511.1254387922864
47,4,869.3687297176133,484.44788301222326
48,4,849.0593705792393,474.21347545780066
49,4,846.3052649313084,472.82946177994256
50,4,845.200714694458,473.745494449736
51,4,838.7797298794334,468.6109519734585
52,4,829.6072022617213,470.6381437696794
53,4,821.7588631136264,466.8856321238141
54,4,786.3107209530037,423.9031261126169
55,4,770.5746255448979,403.33494581296526
56,4,757.3100173682517,390.28194230306707
57,4,770.7335325744865,413.996209441963
58,4,745.0389570378501,407.8248174859201
59,4,741.8239286657625,413.4995178260125
60,4,733.0329397332406,410.28496919565424
61,4,720.393804722993,405.16582955919426
62,4,686.732927458753,372.2492518708987
63,4,684.0168733255155,371.7247854764695
64,4,666.0206038715662,364.21096251548016
65,4,657.6277299722027,358.0693040657882
66,4,646.0070836495593,357.4115458650577
67,4,643.577270991479,359.8046725060194
68,4,624.0179629314025,344.69667181632605
69,4,621.9192149305532,345.00649000273
70,4,621.5741685110734,370.0674363994166
71,4,624.43578305418,375.99055300088463
72,4,611.7085556059548,365.7363999973246
73,4,616.0839974044637,377.26295109075073
74,4,559.4422107080069,391.1506269128923
75,4,555.3977560650712,385.7454909511268
76,4,551.3533014221356,380.3403549893613
77,4,538.3997551249681,381.51816792333074
78,4,525.4462088278005,382.6959808573002
79,4,512.4926625306331,383.87379379126963
80,4,499.5391162334656,385.0516067252391
81,4,480.6883584012845,392.0320300824459
82,4,461.8376005691034,399.01245343965275
83,4,442.98684273692237,405.9928767968596
84,4,424.13608490474127,412.9733001540664
85,4,429.85199454973866,427.983742246266
86,4,435.5679041947361,442.9941843384655
87,4,441.2838138397335,458.0046264306651
88,4,439.32245274090707,465.4716839103637
89,4,437.3610916420806,472.93874139006226
90,4,422.7945849360956,491.8153497607919
91,4,420.83766372397116,499.99324509920393
92,4,358.7698544291305,512.2591631090263
93,4,359.47374240500113,530.6294643047878
94,4,342.4269646690616,546.9394317526836
95,4,336.8332881352958,546.1836548841208
96,4,341.4426967803373,556.6978521318697
97,4,339.10220044582036,563.940094721192
98,4,333.2490315141909,566.8880281231418
99,4,327.7864595014985,561.4593313236304
100,4,329.5470310826948,572.996144466435
101,4,335.60385821226794,582.0794942050952
102,4,345.11610603003425,604.7491469758061
103,4,343.4846725469195,608.1737132187836
104,4,343.15231992593965,614.5249471834765
105,4,344.40933999783357,615.3396404015949
106,4,340.971704129055,623.1029153796187
107,4,329.7203399961955,619.9906925621995
108,4,338.7125381967177,638.1366594406469
109,4,317.91544435264524,632.747895819621
110,4,346.42552654035956,672.9855867864011
111,4,347.4707721883359,681.0464268808297
112,4,345.84380281029917,682.7053532997018
113,4,346.69675727585513,685.0106742835467
114,4,347.1401769248384,689.5328105121181
115,4,347.7647078520564,692.9639882037995
116,4,354.54061624043084,705.1974882186396
117,4,364.98068670718044,717.6267089458792
118,4,365.8551838311853,719.9972590690527
119,4,369.027417498831,723.3671939465171
120,4,364.6023483902176,723.3622395109469
121,4,362.9578028553914,722.6108477273181
122,4,368.77315685321065,731.0177178669009
123,4,374.95198934395813,736.751470886097
124,4,374.9560951304182,742.4130577240193
125,4,374.7927648272674,741.4795974290876
126,4,374.40817524566364,744.6253390481766
127,4,379.262479305558,749.0340181288705
128,4,378.10971795277027,748.6702420607529
129,4,380.6154786911992,751.5173053262534
130,4,377.49904567129965,752.3239454889202
131,4,372.93402958548324,751.5122580999214
132,4,361.07814400648857,752.9550036325787
133,4,365.3743843288954,760.127227686801
134,4,364.93957309749146,767.4812532342703
135,4,365.76804189199254,770.325663590374
136,4,355.66145598332946,785.3030911577812
137,4,377.4410966112605,809.7825262957062
138,4,379.83257205642275,820.5759662800407
139,4,376.0043630887248,822.2635258219926
140,4,376.3822310892136,833.4152082331934
141,4,372.8267936153402,836.2236409322679
142,4,363.8483596493103,843.9491733998298
143,4,319.4851057327634,822.8350699131215
144,4,345.6799392132037,858.6942258612451
145,4,346.4641888538511,863.6789370824537
146,4,342.0913655016198,863.2220335626546
147,4,346.5931047201692,867.0802400637834
148,4,340.86857208630425,862.7551941327363
149,4,348.1887912588585,867.6663789451228
150,4,362.96460180080146,873.9483390803562
151,4,387.6710939122987,882.6806021758618
152,4,404.80427728675465,885.72023654467
153,4,413.3594319482094,890.2057706857154
154,4,414.2282832841651,890.7549696905667
155,4,416.8646754176172,894.4908159749942
156,4,415.1223046678009,896.218171875191
157,4,411.8498210857507,898.1182762400684
158,4,416.41238860939006,895.5580890217742
159,4,408.64853654891874,897.7792923582942
160,4,412.83431758129626,901.5318566095655
161,4,412.63440957172566,905.614335327308
162,4,420.5894404295769,905.1999385785546
163,4,428.54447128742805,904.7855418298012
164,4,436.4995021452793,904.3711450810478
165,4,437.0761570153737,904.7563539354215
166,4,434.35377778944024,908.7753014269763
167,4,432.54151818373595,910.7454241154834
168,4,412.91703519489323,914.8898700059889
169,4,364.4016816757596,897.9710386260206
170,4,400.3005042979488,930.403854497456
171,4,395.27850215550376,929.6241886596874
172,4,397.739036690151,935.5638593241157
173,4,392.65342604499733,934.9890487727063
174,4,388.7757155159282,936.5885910861127
175,4,388.27526631271854,936.7150326681206
176,4,396.232522954805,945.5687194317853
177,4,400.06495608992606,953.4300083474466
178,4,402.81909790813,965.4991087783444
179,4,404.80101597408884,968.645114815801
180,4,408.63963702066394,976.9301816563946
181,4,419.39575006415674,982.8041922098305
182,4,424.53624391793363,984.7106945013062
183,4,421.1193034110126,982.6524074711407
184,4,420.9827736477504,980.3369515937937
185,4,420.4328902604333,979.1825183183948
186,4,427.42193045362114,988.8405495236041
187,4,429.33227624204636,988.6063997466999
188,4,415.3317152272616,974.6674396283227
189,4,420.4395146895613,975.4293844896647
190,4,415.0932192592115,969.9143021148587
191,4,417.9904430711865,966.8878610337346
192,4,328.55969726492793,911.2198442916306
193,4,385.86311988187316,940.8506774479308
194,4,420.0720807031523,960.505823406181
195,4,421.0317847281915,962.3683631341308
196,4,419.36969632720024,959.2025236544922
197,4,416.4025259191672,956.3458679140655
198,4,419.8328813171612,954.2323708141746
199,4,417.30833736905237,953.6542112800029
200,4,410.02197207953634,946.9971023830263
201,4,410.21593861148835,947.422590064421
202,4,399.76364314826174,940.1308978490979
1,5,870.5466530695586,576.1920772426562
2,5,870.5466530695586,576.1920772426562
3,5,870.2240789317862,576.8076633695703
4,5,868.7407160575834,576.8790341471706
5,5,868.4430613445625,577.1252042714151
6,5,866.8673854874354,576.80218242884
7,5,866.5465594234578,576.7041685493307
8,5,865.8085893671624,576.8627499000423
9,5,865.5181584622828,576.4910614905718
10,5,865.200527600627,576.0797065203689
11,5,865.2914198607523,576.3920818764809
12,5,866.3177901739175,578.7938244930845
13,5,865.5521406374859,577.9632164360476
14,5,865.1024033403019,578.3054904786223
15,5,864.7920098386068,578.8559842377986
16,5,864.1352318284106,580.5825400150171
17,5,864.7674871080679,582.1292925423462
18,5,863.3180943883157,583.8475456666788
19,5,859.8711476193054,580.7812985154142
20,5,858.7985529467801,582.8528762077857
21,5,854.2826138270754,578.3380310850414
22,5,844.7808151373183,573.6136163717146
23,5,843.987763545971,576.6961256015934
24,5,844.0886005706324,581.6130834374954
25,5,844.6062514087648,582.7232354718698
26,5,843.3925096953363,582.5421345219239
27,5,844.0283724789589,585.0118815879359
28,5,842.6160587022277,586.2703907978237
29,5,841.2274900291114,585.3482689213528
30,5,840.4038212678864,585.1821468027854
31,5,837.7775678825416,580.8036361756124
32,5,834.8542871372201,579.6179795799253
33,5,823.2049681692774,572.7984976161293
34,5,807.3674879751724,569.1787608149647
35,5,805.9711343122447,569.243718563612
36,5,797.2046858768122,569.4210282962463
37,5,797.2165690252076,570.6043691850365
38,5,800.3109508307922,570.3467141295524
39,5,800.0801491286396,572.5838132638219
40,5,795.4022242976442,574.8801547354835
41,5,796.0820784963358,584.1887439747117
42,5,793.9318509681079,583.9759113137566
43,5,794.3440083515674,585.4655770068093
44,5,793.1128750897133,589.7596154722261
45,5,792.7077340191961,591.5468438804298
46,5,790.8620564590394,589.0191140923537
47,5,784.7048230685449,580.9117584742633
48,5,769.2301608360386,561.8611320542271
49,5,753.3475583615983,541.588591695065
50,5,734.3398891589095,515.9930631417649
51,5,733.5855583250009,512.9679020820231
52,5,732.3806951560214,505.7681058689279
53,5,730.8377417517468,503.45295764460207
54,5,705.6392934272606,470.6013798715899
55,5,696.212422029414,458.7617693255431
56,5,698.5301599579952,458.411879078018
57,5,700.6044024430427,460.6214395414186
58,5,697.9207200110934,459.11319546884164
59,5,696.3923050749211,458.7158375972387
60,5,694.0215960496547,454.6429772763972
61,5,689.7783152162855,452.70702192665397
62,5,676.7757242003423,442.19609547906026
63,5,672.1695112388279,440.86322924463354
64,5,651.7447941073516,427.15922960284837
65,5,645.9617493759029,423.89098373509006
66,5,632.8541692263433,416.46687927719654
67,5,627.4859571278914,414.4701038051061
68,5,611.2126266629697,412.22585434928953
69,5,612.1460501745603,422.91423284937724
70,5,585.1596525462667,411.98716959776044
71,5,596.244203447319,427.2672611328249
72,5,590.6512045383727,425.49798433848696
73,5,590.2458457127711,427.50842370260585
74,5,621.3595965981467,400.3115858062359
75,5,559.653519958307,385.68086812450616
76,5,620.8927172954117,440.85569022460754
77,5,624.1218277361404,434.47307709431584
78,5,631.9829732317446,433.9525913082881
79,5,636.257548234329,438.29456100929025
80,5,648.5793515319122,447.9409941610868
81,5,656.9649225078176,455.91412053264406
82,5,679.8019690770424,481.30385551678444
83,5,685.8811446389005,488.19628711852886
84,5,690.6396859925645,490.4625570754327
85,5,688.9159972625589,492.52401626299064
86,5,692.7749581998547,493.45896643295225
87,5,688.9348591100058,494.25072337655166
88,5,681.4673366956314,494.9055658921309
89,5,680.6386481856152,496.6434637203163
90,5,681.2690604647958,500.4392912374814
91,5,685.4061261533478,504.2952456269028
92,5,682.2716394043157,513.2385577808437
93,5,684.5144607048253,508.83932291775585
94,5,679.7048291013874,515.2999651690126
95,5,681.442821905334,515.2407645662057
96,5,676.6036156858339,524.7094629000849
97,5,675.2160323130976,526.3033478453019
98,5,665.9541380704778,529.5860294408133
99,5,664.3881356209108,528.7512653038111
100,5,656.8120653280316,515.4241418015306
101,5,648.0022643059058,511.18987863891493
102,5,637.5637492739211,498.0610686160261
103,5,639.7782754554856,500.3238524513431
104,5,638.191059949533,497.5399994532746
105,5,638.050141516903,497.9929619667751
106,5,638.3932070476358,499.5861786815478
107,5,637.0500123543668,497.7713079557379
108,5,634.6086350203185,496.04690954216545
109,5,633.2460781006939,495.99862598605154
110,5,633.8429507296438,498.9960121315422
111,5,633.8660561811646,500.8508522433093
112,5,632.4729152266037,504.7660233818707
113,5,632.6961868126759,506.9813466795612
114,5,627.2052327326145,516.1367188819751
115,5,625.0636254875902,517.4276054004221
116,5,620.8466130897115,520.9559310545378
117,5,619.832633495619,519.2010880793198
118,5,609.0904424209093,511.48207039525414
119,5,604.0567213438114,509.28894480103025
120,5,578.4592838817447,495.8038672368757
121,5,566.0850087065746,488.3198535523129
122,5,536.178503163074,466.3605705434838
123,5,526.1085290104932,461.1263258325759
124,5,506.90311874157084,456.87438247438115
125,5,508.98566487617086,463.3610706728013
126,5,498.7488969556086,462.1695129615585
127,5,490.1573101881738,472.1866784588894
128,5,488.2615452614841,482.60236987040435
129,5,481.78549773352483,485.1489359253082
130,5,475.3522892104855,482.956781831589
131,5,430.947735764964,445.5418786699408
132,5,425.1058416498562,466.5879500052668
133,5,424.85435901679426,454.6323424994593
134,5,395.1005323800828,435.79524319771053
135,5,394.58157168724847,439.0433419310397
136,5,380.6695666429549,437.83646957719213
137,5,379.573421434842,443.7686272188681
138,5,368.7568543383639,439.79444212477966
139,5,364.20708271816835,439.262166713851
140,5,357.92237433921815,440.25763209510865
141,5,342.0503258181421,428.4685850676102
142,5,331.63045240672506,422.16685775909235
143,5,329.0988962488051,420.3107531656912
144,5,315.62944338705046,409.255489833261
145,5,317.07027274343415,410.05912649760455
146,5,315.776327985333,411.3213742699259
147,5,317.22372631416374,414.4956624463869
148,5,295.65374143631567,397.1500877599811
149,5,284.27938915376694,388.1377209707469
150,5,293.33699518075963,402.67729615591855
151,5,286.55392864037566,397.31005464306674
152,5,277.0456157205841,403.7116953289773
153,5,279.4634297352659,409.3245354000941
154,5,278.4197749176435,403.20895382853394
155,5,281.77397428721633,404.1602691740741
156,5,286.50479214864623,406.11757308280716
157,5,285.09437918315774,403.07924222899123
158,5,282.8555700381808,400.62417505096664
159,5,283.8670360033016,398.0779540237188
160,5,288.13687593788535,391.7367345147477
161,5,287.520270503706,389.4058158771441
162,5,285.6737040860071,375.22175500577924
163,5,289.025005269824,374.0101322761921
164,5,295.3464923219987,373.1805040801274
165,5,297.5211006627405,368.73894860426765
166,5,295.7343844698516,363.84679714135166
167,5,295.4860463064198,363.07432728523924
168,5,289.78528952172127,356.7197853740255
169,5,287.5339548262756,354.6037523611695
170,5,279.5382313252893,348.6956419239787
171,5,276.52823133718226,346.9075251807738
172,5,276.39711247415886,346.89713670011133
173,5,276.800792464404,347.41312251641534
174,5,278.0043171813554,347.0545391165033
175,5,279.3706842809027,348.5009895396242
176,5,281.37093378492403,348.6826084984244
177,5,284.3649252356933,352.47495176271053
178,5,284.8516490369837,352.2686623629141
179,5,286.0897590727865,353.54528844314217
180,5,288.11301760063225,356.55985006756003
181,5,288.47036651397764,358.8210093003357
182,5,285.60449112773483,359.5604353799373
183,5,284.2466664610642,361.7965537165908
184,5,280.5971070986064,364.55309139316273
185,5,278.3641514445246,365.3765939875234
186,5,272.53437294854945,364.26434956721937
187,5,270.48155128045005,365.1477803763729
188,5,265.2989323607589,368.6639754863435
189,5,263.8451875292298,373.73528717808364
190,5,256.7547230239676,382.94070472795846
191,5,256.74304301547613,386.60259055056787
192,5,260.71144691062,395.1716999292773
193,5,260.56355881559966,396.95687699045544
194,5,251.94060735305607,398.01823860598444
195,5,247.12110062795284,406.48024896682597
196,5,238.00385212399203,418.97944765928617
197,5,243.06751646582728,427.67233796597696
198,5,237.52385592493638,431.0417017772872
199,5,239.23956287564937,436.35175195080444
200,5,239.8617563616712,449.59465454163205
201,5,239.6941460299977,456.6364918907995
202,5,241.13041608326753,466.5312350117439
1,6,549.0580457776186,261.3752201542771
2,6,549.0580457776186,261.3752201542771
3,6,549.8544742112812,262.88212893413754
4,6,547.6610316720165,264.44061157559435
5,6,547.4879962522216,267.5105465598188
6,6,545.5928325182778,267.1586777593699
7,6,547.2794936006165,267.8309321497788
8,6,546.7467255697659,267.52459168540315
9,6,544.1652561595193,264.71311392651967
10,6,546.7382733107268,268.9677059741859
11,6,548.5156073626706,273.64331433094264
12,6,549.0824215484691,277.6062462938041
13,6,546.627666122467,276.46096152844024
14,6,544.6651692510785,286.3695403001939
15,6,545.2607771268623,287.0996868501826
16,6,543.9937903981192,282.4989250241441
17,6,546.8310602619043,284.6811867605882
18,6,546.7455415783155,281.5595800432492
19,6,541.1297984470237,277.91838934851575
20,6,530.9003124716176,268.88369556625344
21,6,535.5860493760727,275.61931897804675
22,6,551.749420882578,295.20363053904254
23,6,551.0943769135309,293.35070469548924
24,6,552.6372791381222,292.8886933101341
25,6,550.3523047516321,290.76183671272105
26,6,560.0406528500988,301.7452303222695
27,6,572.3258324370661,317.0912997549794
28,6,587.4301629755175,338.15688956631556
29,6,591.7575769392956,342.9193951492325
30,6,591.0316628215315,340.44571703415085
31,6,593.0522542852882,338.1037844794868
32,6,592.475717345056,341.56661232194114
33,6,591.4825479459793,340.2117385394146
34,6,599.4404714093062,338.1721202079827
35,6,596.1815761974123,331.9797267562603
36,6,547.4065882519435,264.1442378922812
37,6,563.6788804802678,284.75674379743543
38,6,618.2124553570437,333.5850414148383
39,6,618.9580134373808,328.5347962772736
40,6,630.9517085095857,339.1025369656023
41,6,627.527510343409,332.94497626921117
42,6,624.454371855982,329.1125976719719
43,6,622.2005317948729,326.1829523888767
44,6,618.8681548996702,321.88725120966626
45,6,621.1685785496461,323.48678264645656
46,6,617.399297865203,324.03540690805573
47,6,609.6309734770826,317.04362804061077
48,6,602.0689960456668,311.3000677715635
49,6,597.2159651401441,306.98588959529417
50,6,601.7952292318108,312.3025430275976
51,6,597.8984263736795,312.7280112167499
52,6,590.4471194369423,306.439290463725
53,6,582.9958125002051,300.15056971070004
54,6,575.5445055634679,293.86184895767514
55,6,568.0931986267307,287.5731282046502
56,6,560.6418916899935,281.28440745162527
57,6,566.6473414539998,288.15201296994223
58,6,571.6152482591926,298.42705550516627
59,6,576.5831550643853,308.7020980403903
60,6,581.5510618695781,318.9771405756143
61,6,586.5189686747709,329.25218311083836
62,6,591.4868754799636,339.52722564606245
63,6,596.4547822851564,349.8022681812864
64,6,601.4226890903491,360.0773107165105
65,6,606.3905958955419,370.35235325173454
66,6,611.3585027007347,380.6273957869586
67,6,616.3264095059274,390.9024383221826
68,6,621.2943163111202,401.17748085740664
69,6,613.7086298095202,397.89613846909657
70,6,596.6236774850694,386.4284780138423
71,6,579.5387251606186,374.960817558588
72,6,562.4537728361678,363.4931571033338
73,6,545.3688205117169,352.0254966480795
74,6,528.2838681872661,340.5578361928253
75,6,511.1989158628153,329.09017573757103
76,6,494.1139635383645,317.6225152823167
77,6,477.0290112139137,306.1548548270625
78,6,462.7649078768429,328.02532231997145
79,6,455.7565995934603,326.93059604438395
80,6,444.79739044127933,357.30996379086093
81,6,497.65710561194726,405.7924930147072
82,6,494.08029069703343,423.8090952443692
83,6,488.90314142210025,428.24527357676925
84,6,474.8140799186535,432.0676283627085
85,6,471.3539188639865,438.8782689014463
86,6,483.7168728492019,477.79690098196045
87,6,409.7126230611933,467.12521794347794
88,6,422.8954539232636,484.5721498216866
89,6,360.63993750309186,447.65741955274524
90,6,260.3044723952539,377.3878206571809
91,6,283.7639333444312,413.159095750821
92,6,404.22667795036796,504.34217482837727
93,6,400.02688571430565,504.82956565295484
94,6,382.4113864335224,507.5250774493388
95,6,380.0923068932598,515.0734920362371
96,6,371.9307902218116,523.5553718204584
97,6,368.4426166027142,528.1445747101208
98,6,370.5581405864896,530.6299089201333
99,6,368.2697244368271,532.8030217310165
100,6,370.2058920554042,545.3618484939677
101,6,378.4348756687653,552.7558372872613
102,6,374.44981088666844,554.4509719183086
103,6,368.1010366115601,553.4699742390942
104,6,365.3291408761406,566.3632401130837
105,6,372.11399121952905,568.0013234705436
106,6,362.7325968810412,576.1147535544916
107,6,366.7126450629871,581.7285400950325
108,6,373.40279188117125,590.3570083916713
109,6,370.59036041695407,589.200250293885
110,6,381.4528357573337,611.1537498649789
111,6,387.70396636076646,621.220257776235
112,6,390.96531733900747,631.413165817079
113,6,390.072469341575,631.4104115382212
114,6,382.2370893796224,631.0226518707348
115,6,384.61367506776287,638.4328691433244
116,6,398.54671863341133,659.0675848884936
117,6,411.2193437393305,673.8496977296469
118,6,407.51399309024697,677.0555276748946
119,6,408.1836399298325,677.4225591623641
120,6,406.58455877214493,676.1719438088077
121,6,411.4000003120438,670.1108777387027
122,6,405.54691469128943,672.7294193461494
123,6,406.35758121218055,672.8321029980109
124,6,425.55632436039735,684.368681403263
125,6,426.6742126431494,683.0781260940995
126,6,429.7176635976435,682.7598197457316
127,6,431.90952246258814,689.5745545487844
128,6,427.7235676031906,697.9148942675741
129,6,430.32316345609496,697.4668461293564
130,6,424.6256442716694,704.243594816838
131,6,425.7220019144223,712.1747278524372
132,6,425.132888640253,723.7265672965497
133,6,419.80882685542537,731.7518609134546
134,6,463.84966190963104,763.0076661415746
135,6,455.95881444524525,775.4568381942637
136,6,455.1380715618117,802.788284380593
137,6,452.5664821539415,803.0927056075581
138,6,442.2140185291063,810.31158416778
139,6,444.0573849567887,818.9349186243945
140,6,437.4627072085379,824.6695413458265
141,6,434.2159926504514,826.9523657775457
142,6,472.8304086969551,868.0302541427216
143,6,479.5747776611447,877.9210584715997
144,6,511.96256821364267,903.616168797342
145,6,511.4910458571473,904.2160004019923
146,6,511.41796199971895,904.2216568694946
147,6,510.53086352375226,905.3598099614087
148,6,514.0210647140284,908.1894846051797
149,6,514.3841396071664,907.9695682381737
150,6,514.9772120001096,911.2456652367904
151,6,512.9431751684403,910.9242734045313
152,6,512.5098596385051,917.2523371930864
153,6,512.1012416560694,914.5185762649901
154,6,508.4752246938275,922.0794278061991
155,6,507.4822340544187,926.0918354942378
156,6,505.4066780910764,927.5884537454257
157,6,507.514814260939,937.0374992806255
158,6,515.5054285388454,939.3282187188107
159,6,516.2991835059395,942.3347429496295
160,6,516.2591469033518,949.368283552557
161,6,527.8012800951983,955.2392025240969
162,6,524.9784160339123,961.8848535297932
163,6,532.6101633166228,970.3995742194501
164,6,529.9939425174317,980.8256185560259
165,6,527.7623875406614,986.4460401607558
166,6,524.3913272488965,996.0984217560311
167,6,510.4851479636444,992.6846473477631
168,6,504.5844257425448,1003.2463787877231
169,6,514.1180378182638,1009.3760698147504
170,6,525.8895781188806,1028.8905555061547
171,6,523.8836037949081,1042.448412455675
172,6,518.3012980904234,1044.0169015712352
173,6,519.7866552910592,1047.4022878494409
174,6,511.8358257525095,1045.5718378248012
175,6,511.6530047378671,1046.8400723845295
176,6,506.47672505939056,1046.1410548344045
177,6,498.75891283836734,1041.4125434915052
178,6,499.6380520780776,1044.6929957442094
179,6,499.0058424972265,1045.5810778137386
180,6,498.5262856375425,1049.0339198383601
181,6,495.9810186468923,1049.3083549249989
182,6,495.67773821918394,1049.4290990211878
183,6,494.5690631666902,1048.9926539885666
184,6,494.37608132089343,1047.1561936889777
185,6,494.9860857489997,1047.1195194058694
186,6,495.45616411050753,1049.3750899067663
187,6,494.5070841991563,1046.6677346575227
188,6,497.0268468711941,1045.2548060772674
189,6,495.4228139422397,1043.9139976535735
190,6,497.1056669642902,1042.3485504297862
191,6,494.59278191587464,1039.2889037601292
192,6,500.0519055009368,1026.5144525862463
193,6,504.985958110807,1017.5346960494228
194,6,518.6098097493935,997.4697501499147
195,6,518.854176790989,993.491417814406
196,6,520.1028678594457,983.3894550117692
197,6,525.0750898473358,980.2084518369392
198,6,501.34976594230676,949.7644606151109
199,6,503.84433658238146,944.4804193095131
200,6,514.2727690494715,932.7881514439523
201,6,515.2168548433959,926.5164790988932
202,6,516.8312343132931,915.6765452448127
1,7,565.2507706682431,113.72003759589481
2,7,565.2507706682431,113.72003759589481
3,7,563.7237427292137,112.60791790383394
4,7,546.4377491162966,93.2307355741919
5,7,541.4045590441565,87.27997327310469
6,7,539.3163249268823,89.36792421927512
7,7,537.3532960169114,93.60047544179963
8,7,537.9994070722395,101.82357320533231
9,7,534.6840118161192,101.03785885172216
10,7,541.1603339469108,121.33487845106238
11,7,522.6410856960096,98.98970534592141
12,7,539.531133516345,129.90038365237783
13,7,551.5344137856995,151.0324193161685
14,7,541.667730667895,151.76926782227048
15,7,543.0958880730827,155.8448751213948
16,7,555.0748440718337,188.49792706139993
17,7,553.0259371377598,191.14905635325985
18,7,553.6983160980692,197.8591057022086
19,7,552.9160801862131,199.36573214363904
20,7,548.7485822190628,188.05514502642572
21,7,533.9211995649114,168.31547858844596
22,7,565.6536785162108,218.36370940059885
23,7,568.320858702559,230.746529973506
24,7,586.5044333066887,258.75440700172703
25,7,588.0022100333623,261.8463908783415
26,7,593.6148079609826,276.3287865765519
27,7,602.3748078682787,291.9326767502316
28,7,609.6662857724342,297.24963914618
29,7,611.1080321891334,294.73419657878503
30,7,610.3877968227582,284.48824920843185
31,7,603.619302947851,272.57276401983563
32,7,609.0220721759761,260.92233294297404
33,7,608.5368611401348,254.4423506465111
34,7,612.9081840560917,246.24347757508218
35,7,613.6282690366331,243.75130832736974
36,7,613.4471496771819,240.15838183455418
37,7,611.6157779261852,239.70472199486872
38,7,617.943430701363,239.2094548991393
39,7,619.6115738435144,235.45892104925153
40,7,625.5413248422432,224.49179689808557
41,7,626.7593286827139,212.78273170990266
42,7,632.9201243364195,211.1195446769865
43,7,630.3313605507931,208.196634689814
44,7,640.6119146972762,208.2985078420397
45,7,586.1421801337245,119.73406996433874
46,7,605.3837044000384,148.88518363699015
47,7,600.5460445194641,152.72473443133876
48,7,596.1275199834952,149.5929106613147
49,7,600.8359355510484,151.99477458978643
50,7,599.4568494549824,154.43692585227424
51,7,604.4357507828271,154.95930782387717
52,7,596.4355957397447,141.45411283799564
53,7,630.8553997665687,189.39815174981348
54,7,640.8544103928386,206.82734697610522
55,7,636.2660936383943,203.02214954355853
56,7,640.6959716781239,212.80346517637037
57,7,642.6410658437268,216.00696547289076
58,7,642.5525408923216,213.4589488619685
59,7,636.3314092305804,209.668164021104
60,7,637.4752553905811,215.03778512023243
61,7,636.1711123916651,216.17473478204627
62,7,636.1554863844469,210.46825602188585
63,7,641.1575796593456,214.6640885598111
64,7,641.9569058747886,213.3827710474986
65,7,641.7484448179268,211.43545760877123
66,7,641.8287435471632,204.75438432441192
67,7,642.4409860914649,205.99717633299946
68,7,642.7238025344888,201.29433637620843
69,7,649.8648955339215,208.6360326333085
70,7,659.1311349614627,218.9706506910274
71,7,683.343370189404,247.41759074347505
72,7,696.2808185593524,258.0129950965692
73,7,696.4540686528734,260.4151491374546
74,7,726.7248532608248,311.26457238610743
75,7,734.9705316445832,320.2493204074488
76,7,751.0118487115377,339.65599390305556
77,7,754.9065897643196,342.178953404955
78,7,751.5076828429035,335.67778787795345
79,7,749.441034503796,337.34455252628067
80,7,754.8890909879949,343.87843612307876
81,7,751.6375395929647,340.49057180478843
82,7,753.0281389944566,346.18825838456803
83,7,759.2528656708399,356.7009458671321
84,7,768.0678884794504,376.5843820391031
85,7,772.4771527591287,386.57526427133365
86,7,780.2564332882109,401.9053269025365
87,7,782.7947862981955,407.22858788627417
88,7,782.6646767501672,410.6531389358641
89,7,782.4316751509017,411.432370168115
90,7,778.7155340986625,411.7298344256505
91,7,777.48017737062,410.8532557939316
92,7,775.5208843290775,414.0054767440771
93,7,772.8600558952274,411.84139254797435
94,7,764.790154056368,408.3725136929953
95,7,761.0322371304012,407.65008525143503
96,7,747.8497158040601,388.3302616356126
97,7,748.4956653327627,397.5647154262915
98,7,735.0645406105812,391.5155663605062
99,7,734.652573183973,394.7128878773457
100,7,734.7380794174642,397.14255829936025
101,7,740.3476634392053,391.9014306184334
102,7,738.7788506045943,390.3318463871577
103,7,736.1757347563413,388.3649545778129
104,7,735.7459398221314,406.0922675829968
105,7,737.7064817072511,409.0543974432561
106,7,736.4462858833054,409.68886133992424
107,7,738.9808789772272,411.20645132807806
108,7,740.6248599272448,413.44417269782633
109,7,738.4125888118366,409.8273304716124
110,7,735.4590471437916,409.3858006223333
111,7,733.8266592249092,410.26529890980373
112,7,690.7573153596683,354.61907240013676
113,7,688.8745465184293,351.3919823762441
114,7,680.7157350501786,341.16738774192294
115,7,671.1808154125715,330.6467815320264
116,7,665.9437304788795,327.17324471423757
117,7,624.3768572405471,276.1488053888851
118,7,613.060297931848,266.90347950581076
119,7,610.862861044497,266.9810103713454
120,7,603.996616396154,281.122561086633
121,7,595.1675490023919,272.486846224553
122,7,560.3500983483707,239.26262260717405
123,7,539.1785307304384,219.27910247289748
124,7,519.5365583659144,208.39929844211068
125,7,519.5458643465257,215.0582785343492
126,7,427.7500650391046,110.8093884251772
127,7,492.5107169462493,197.15329997900966
128,7,478.1592160267554,193.2247387954612
129,7,449.6126587955422,162.51036741516455
130,7,418.984742698342,136.2338874868018
131,7,397.5207900612981,120.31004184662896
132,7,386.93968809150095,136.34486239857856
133,7,380.85756635784173,137.99061966475838
134,7,372.62960418923063,141.6285512327528
135,7,368.17685027230795,138.92437950586327
136,7,360.4742950383181,133.474269702167
137,7,347.6442883531506,129.90352722881923
138,7,337.44419108691955,134.97973092709074
139,7,323.51870093466965,123.3575739244472
140,7,315.9490775871272,120.36844757438666
141,7,305.3311892879813,116.23610338529393
142,7,284.6664768184834,97.79835553620988
143,7,271.07050277060756,86.64129266540603
144,7,256.9638609749605,76.41269864524757
145,7,256.43385769634847,76.64174241465254
146,7,258.8993157880591,84.86519831543852
147,7,251.23715109719652,77.9081108907717
148,7,253.44357188462882,80.12232422511511
149,7,250.55606622505542,76.0816506764765
150,7,252.52476874380343,77.34507905520985
151,7,245.51545123344087,71.14367954704186
152,7,225.31613878465436,50.31221677198747
153,7,224.1836744667622,49.50443328216257
154,7,219.16841734208484,55.031509889132636
155,7,222.0645903442863,55.52344447101261
156,7,215.68322036213678,64.12126116684163
157,7,213.31419845560552,70.32466512273548
158,7,209.1540486911195,71.07995346342528
159,7,205.315813513699,68.7763132030337
160,7,205.481784349361,71.10697369701076
161,7,205.8235230303822,74.28924990598765
162,7,201.5152777743704,71.56160228817119
163,7,201.3269992869742,72.65396143862898
164,7,209.68652287621734,84.76573318423281
165,7,211.24768913522104,86.98177540684168
166,7,217.68417602964922,96.16689963350069
167,7,231.0315647879394,114.3053317513887
168,7,237.25052616640053,117.95299078061842
169,7,238.3275886761593,116.96325429162461
170,7,235.55490329834893,114.06324330847546
171,7,232.36072501769223,110.09701515250889
172,7,234.64792927815384,109.6179033350551
173,7,234.93310371430846,110.83074904049954
174,7,235.0906079390381,111.91364876018899
175,7,234.31906497742895,110.84469990628962
176,7,238.8914376268786,117.30217186398212
177,7,241.06877967919732,122.94973364564147
178,7,234.99138391752635,131.6800633972807
179,7,236.1011726740777,136.7118912876078
180,7,233.5082678380216,139.43620982607757
181,7,237.5585583090718,145.74356631915975
182,7,235.15570815849279,149.54477427442725
183,7,237.07522439893935,154.00524350014973
184,7,237.42469122305178,160.24166232454579
185,7,234.87696866518746,162.4969193103788
186,7,233.1971326002711,167.903884760799
187,7,239.70742956534176,180.65457255893568
188,7,243.9860023303216,191.4092277268574
189,7,247.4269218335009,198.30627171674493
190,7,252.74458052268542,210.3585665632489
191,7,251.6196552711693,217.83989140622703
192,7,254.6289031718202,228.5461062729897
193,7,255.9153458714916,233.9381416969504
194,7,249.96650465971646,227.85072790419147
195,7,251.29255837319485,231.5593323283775
196,7,248.8312721018924,236.1995569479169
197,7,250.67154293831922,242.14902221281864
198,7,242.99283098485324,243.3573695753202
199,7,250.01316408748903,254.27171395946482
200,7,243.11886785791935,259.4937017006506
201,7,243.27525322386816,264.6427281767094
202,7,246.4742844508886,273.3799051667478
