1,1,644.8566694177881,1377.1493827985796
2,1,644.8566694177881,1377.1493827985796
3,1,644.9039998560426,1377.1312814005519
4,1,647.4535189948425,1370.0056160709526
5,1,650.6947838996514,1364.3890164288098
6,1,659.7960993372312,1348.4500874462774
7,1,661.5365499106389,1338.05451800543
8,1,684.8069240208963,1305.1274185163716
9,1,690.4922235647306,1292.1922785414317
10,1,692.3167001230116,1291.219808129134
11,1,709.9964748353316,1290.5122684410044
12,1,691.2846051715762,1265.599819075737
13,1,727.6637371929944,1267.6342383726435
14,1,751.1263826382531,1258.4883334830067
15,1,753.9922184734681,1244.3289463047481
16,1,754.6346941426525,1207.7830193451346
17,1,777.6837898699874,1228.1613370826346
18,1,783.8779953800772,1207.2429829524408
19,1,788.5311737336859,1201.361800042945
20,1,755.4575208847506,1163.8837224257538
21,1,753.2697529493424,1139.9309641818359
22,1,760.721864000123,1140.4218665259284
23,1,765.6756659139937,1126.9336009792107
24,1,772.1942576976929,1114.501895327431
25,1,790.0735657390479,1118.4320311888282
26,1,750.2894744809884,1069.054374850883
27,1,807.9338015793876,1092.761917803379
28,1,796.3385735705295,1067.371334115396
29,1,800.2466736017819,1063.5786960797814
30,1,824.0297173323318,1061.671178718011
31,1,823.5067866213635,1058.1838765859686
32,1,771.4626562178421,1016.719209917713
33,1,780.3918023980752,1020.0778218898024
34,1,767.3459514868955,1017.8252062550323
35,1,777.8704522947834,1018.8265668232273
36,1,774.4236741164474,1010.3379704452951
37,1,824.6893619066933,1048.7001787988115
38,1,767.074023833179,1013.6305854927114
39,1,766.8389087274389,1016.3816280011491
40,1,820.9182057081172,1057.8210157958902
41,1,817.4317845703329,1058.7237482299613
42,1,810.2098285146876,1059.3749738764225
43,1,799.4757916749039,1056.1272151230105
44,1,754.2787556904702,1019.562693213175
45,1,723.7644360442865,1005.7431321326007
46,1,855.5138902371096,1067.7466940865343
47,1,809.9690601463733,1048.7044834234348
48,1,764.4242300556369,1029.6622727603353
49,1,812.5831633003374,1068.9486055892091
50,1,722.2565047102823,994.0339939185927
51,1,754.1603471050171,1020.1432092859692
52,1,756.3320656958589,1014.5199545957853
53,1,756.7519579461915,1012.1046855625397
54,1,756.0710664672462,1014.7224554950197
55,1,755.591333680039,1014.6070188274832
56,1,734.008082772179,991.7469356478256
57,1,709.2306777907453,965.4522961463961
58,1,691.2628354897882,948.1579075161121
59,1,691.2503681867794,948.7390374334811
60,1,689.9019422242388,949.7587534813324
61,1,683.517989789129,945.4961715774192
62,1,615.1130204750449,893.2350185876437
63,1,619.3637314443179,897.1331876477963
64,1,608.8764570788925,891.1200881942102
65,1,606.4186238152975,888.2834084922154
66,1,597.035545090417,881.5263828095107
67,1,555.7179471659123,850.6932260192466
68,1,531.8897564868471,835.5065852803476
69,1,530.9514589175875,835.8643783997309
70,1,508.2757148916877,823.3764888350057
71,1,505.11046827556066,822.6309081898767
72,1,485.5231531575302,809.910158305716
73,1,482.8667418399249,808.291297761094
74,1,421.69016292918093,762.4399114554315
75,1,414.9699451811768,760.131827426223
76,1,409.5046971044281,764.1112912087827
77,1,405.7606991696834,765.7432894431485
78,1,401.5574957049677,765.0972293291005
79,1,400.5158884222049,764.6800625649537
80,1,371.43290496930604,749.5542844229946
81,1,315.5784617352886,711.4693471994833
82,1,301.8317579222997,704.3920129227225
83,1,301.53967264374387,707.3038558268063
84,1,300.94414440936254,713.7518875065778
85,1,301.53952541262714,715.8160456040678
86,1,297.6806106439507,708.6658608855887
87,1,291.7189433473188,703.8935371850445
88,1,238.78538306606018,664.0775743806909
89,1,256.6801571540286,674.76567148735
90,1,236.610734710659,654.5785919472077
91,1,226.67747677713794,644.7849459401674
92,1,235.06526083141134,631.1044531143216
93,1,227.07203756974505,619.2139329554074
94,1,184.7059837069762,575.674795095455
95,1,182.3568948625882,571.7536528252779
96,1,186.14685460973323,562.3347908003876
97,1,182.914357393465,551.1014932412278
98,1,197.94657417468312,548.3720577846415
99,1,196.36342418229992,507.96038198109846
100,1,195.9866716100917,489.5846911744107
101,1,200.06670991165777,485.756678958658
102,1,197.04314253083945,467.8786134585676
103,1,198.53954239242873,460.6719312118613
104,1,207.31391957097048,443.54246063100743
105,1,213.21561118530593,399.03737669207646
106,1,226.098593469662,392.78978562277587
107,1,231.46020805924138,389.00506857554376
108,1,241.466324781283,377.8192521080959
109,1,243.1602274991079,365.82570588874637
110,1,236.56207593717687,327.6082130943803
111,1,229.96392437524582,289.39072030001427
112,1,245.91123048818392,276.2726326582907
113,1,247.8260473331092,271.06879150743526
114,1,263.6532761112678,264.3008595217857
115,1,263.3750761100196,254.0808889138106
116,1,260.12713125692864,219.44599892463802
117,1,267.14289313497204,214.068194457171
118,1,266.79474348326994,184.08961225570962
119,1,266.4465938315678,154.11103005424826
120,1,202.81544546353024,64.57751282444416
121,1,287.4635312320228,146.09798720529756
122,1,297.5382242894769,138.2513295771817
123,1,304.2468908368352,136.20637054451416
124,1,310.5260202319703,124.93823503999906
125,1,315.75998451808914,128.84229728292829
126,1,306.2674806775204,113.58166805882169
127,1,303.46079043854684,109.67728522679096
128,1,289.70106804586817,96.10295226808418
129,1,287.1072254869101,96.1421708695912
130,1,228.56491101500492,33.45191911035062
131,1,244.07490161813172,53.249898927554966
132,1,277.54740294382515,95.92576046538123
133,1,260.54361618368426,83.43620436322976
134,1,238.69496971148064,71.00774472532184
135,1,247.5950495416603,85.39429373151945
136,1,238.41025864091267,86.9597796729811
137,1,235.51111337268767,90.8057635539808
138,1,239.1105561915868,103.97503543049957
139,1,228.75265218986064,97.26037175237092
140,1,238.4653745492149,117.25496604828342
141,1,236.0202379518066,118.60237325078177
142,1,266.1611351992869,162.86903054652947
143,1,268.69949576479314,172.6269187405733
144,1,281.48509029365863,184.1282544618178
145,1,258.0073467687973,147.83419742105977
146,1,249.3605644242583,136.20413757616714
147,1,251.15879320571835,138.61410455562168
148,1,244.85896467267904,133.65773526170344
149,1,242.85740662768148,133.74042351982467
150,1,244.02355724224927,139.5598460600407
151,1,235.964547774171,131.98822372636124
152,1,241.77156445108994,143.33751038500674
153,1,234.5287924942683,136.58810045343677
154,1,247.21461532633094,157.92497667981567
155,1,241.7227838869063,159.12882788557755
156,1,239.01967330318078,197.7873637857413
157,1,236.31656271945522,236.44589968590503
158,1,233.6134521357297,275.10443558606875
159,1,244.56761705998994,300.93114185346195
160,1,130.67388114603511,202.48031135882263
161,1,111.60220968737123,177.71376459514744
162,1,98.97549464779475,184.87656713230098
163,1,104.5813383650354,203.79282039595597
164,1,180.78121284373293,327.4143537369476
165,1,168.65812759346431,323.7971362381936
166,1,158.3730257837134,343.5495496951485
167,1,153.1750221840723,359.898037561
168,1,147.97701858443122,376.2465254268515
169,1,142.77901498479014,392.595013292703
170,1,137.58101138514905,408.94350115855457
171,1,132.38300778550797,425.291989024406
172,1,127.1850041858669,441.64047689025756
173,1,121.98700058622582,457.98896475610906
174,1,112.84483516690959,467.3829989137107
175,1,103.70266974759336,476.77703307131236
176,1,94.14551187738515,478.969077668927
177,1,96.85109917705284,507.7155894252671
178,1,99.55668647672056,536.4621011816073
179,1,116.32751471249975,545.4850344262011
180,1,115.89287113263228,551.8654122855424
181,1,122.051607143519,575.3281825775249
182,1,113.75442735200836,578.4615949072335
183,1,105.45724756049773,581.595007236942
184,1,97.16006776898709,584.7284195666506
185,1,88.86288797747645,587.8618318963591
186,1,80.5657081859658,590.9952442260677
187,1,90.6863900991826,612.5704945961278
188,1,100.80707201239942,634.1457449661879
189,1,109.39319657076028,635.3027086268311
190,1,104.95320364024452,648.36885220551
191,1,113.43347637256528,656.6351478635199
192,1,113.57232366856115,658.6339500802702
193,1,114.7653994003901,661.5879400796332
194,1,117.21712713481855,665.9147228895777
195,1,82.25728143153239,647.6040319324602
196,1,97.60551244673967,666.5170862801277
197,1,92.10311817880287,668.853210839042
198,1,92.78316909696758,680.2966165913992
199,1,105.4867018965463,691.9424588463274
200,1,118.190234696125,703.5883011012556
201,1,130.8937674957037,715.2341433561837
202,1,143.59730029528242,726.8799856111119
203,1,156.30083309486113,738.5258278660401
204,1,130.17533410672684,723.6297252242719
205,1,129.89446132184068,719.6130957642299
206,1,147.40199835360787,722.5167579554961
207,1,144.82759023854933,721.6532592985546
208,1,140.59821358586674,723.34610342912
209,1,129.08737295701766,716.418629639338
210,1,117.19477812352095,715.622737591241
211,1,117.92506871780981,719.4915825105948
212,1,119.0458326693057,728.1753919701155
213,1,118.88139244027928,731.370807051262
214,1,123.29037986277314,736.1223962008191
1,2,630.1128809696936,1266.2426189823193
2,2,630.1128809696936,1266.2426189823193
3,2,630.1305912450579,1266.2527343038953
4,2,643.5071777479685,1266.5124703986835
5,2,653.6560576944297,1267.5148949050204
6,2,664.9990192079676,1262.2624788549583
7,2,664.9534599423109,1260.5661506899503
8,2,672.2073844636374,1258.4310778192423
9,2,673.2257635412976,1255.9849096382613
10,2,674.2441426189579,1253.5387414572804
11,2,663.442639999861,1239.1487791489724
12,2,661.7506077526443,1231.0829372868045
13,2,660.0585755054277,1223.0170954246366
14,2,684.9578903314349,1208.207853160721
15,2,673.2005764688,1217.489979850741
16,2,683.1144261514161,1213.2665109502636
17,2,694.464920648785,1204.414635825166
18,2,691.9955274215777,1186.9994930239275
19,2,699.0183254470587,1167.9766955214084
20,2,624.1400543329453,1099.187965731992
21,2,705.6932688599506,1141.5335886971498
22,2,712.8832444560333,1131.5580605815335
23,2,724.3603011395312,1129.7922913294217
24,2,747.2358956301996,1123.296477546152
25,2,751.1853706481832,1119.970124002886
26,2,752.7519602861149,1116.7688209436308
27,2,753.6166507503416,1114.0537600443631
28,2,739.5571885975552,1093.5131946156291
29,2,723.9809031404563,1080.0768965292352
30,2,715.3732084960686,1067.438492849976
31,2,714.6279018576831,1061.1719616150074
32,2,719.1189940167862,1055.0830083744424
33,2,720.2225511048575,1052.710661810021
34,2,718.0868622823333,1054.9541843726472
35,2,715.9587848445987,1052.3995280444376
36,2,707.6672158743909,1044.8461003360767
37,2,702.0313850829355,1042.8305757454968
38,2,684.6944614547058,1039.1209363637938
39,2,684.1471874272386,1039.138923886488
40,2,686.2004241652752,1041.817073394178
41,2,685.1343688544611,1040.4974259219482
42,2,681.1424404340826,1041.690192224209
43,2,682.3198031242546,1044.7903329604446
44,2,663.3488688102378,1034.8176074217702
45,2,661.6747772719202,1035.454557663437
46,2,648.3366426472616,1018.9903253358989
47,2,616.4964057894535,1006.3472362852377
48,2,680.8402037493854,1062.4981269709338
49,2,695.5095019406729,1076.5682051744477
50,2,617.5773401717901,1022.4237490067387
51,2,614.161995703779,1020.8993339694541
52,2,524.8604126830863,974.0277011051274
53,2,585.5482047402139,1013.6037931839295
54,2,607.0542270403677,1033.2651495379785
55,2,628.5602493405214,1052.9265058920275
56,2,581.5602738923955,1035.2634681542636
57,2,574.2639669058984,1043.4320585230723
58,2,561.0035675971627,1036.2632699251442
59,2,549.8064694683153,1032.8704889002458
60,2,551.6781244430767,1039.7005208704531
61,2,560.4062917610647,1046.645192187018
62,2,560.8006023607956,1050.6465691526669
63,2,557.375086936598,1052.2907601305687
64,2,550.7532762378609,1048.2331331320927
65,2,528.1016710785099,1054.4011073175252
66,2,482.01219757345916,1030.7822689192433
67,2,485.1650426798365,1011.2372853279097
68,2,458.7544462921985,999.9449314992418
69,2,448.45124808577214,997.2199334963112
70,2,407.60015074378725,980.3143677982166
71,2,421.3457564343313,997.2534216419365
72,2,415.9366880003729,997.1328127697473
73,2,395.78444553145994,987.1902646297698
74,2,316.47924501633594,971.6111536403038
75,2,298.90452517803885,959.0388457246493
76,2,319.00010827349035,974.775981216364
77,2,325.6317178839036,980.8596557794506
78,2,317.19102498159987,983.6585015382323
79,2,311.0566151970093,977.8147791036816
80,2,231.38272934733558,1042.186905930259
81,2,186.6241151039063,1024.848693978786
82,2,157.20096558672256,1017.2437974377476
83,2,158.24306273214603,1013.3294145498862
84,2,144.410374064758,997.7775735300028
85,2,146.59134832150676,989.9089282152581
86,2,47.60207910088728,938.5847429942696
87,2,131.47557525191723,979.228688219042
88,2,100.2577930118571,967.3705071123051
89,2,102.609047942269,970.6159470063734
90,2,98.92616756655242,951.1147317695501
91,2,109.11149951136889,952.8561889066436
92,2,118.79730185825427,959.450022759137
93,2,113.85011844854553,959.4790524032348
94,2,107.0173750118521,963.4540725968956
95,2,95.35409048247075,963.4869363627939
96,2,71.24720102164378,956.4106177798168
97,2,35.13023445264338,965.4530097356469
98,2,60.236401187142434,982.3069490924113
99,2,59.13822362319793,982.8570751445345
100,2,61.01461493319969,994.7636331171885
101,2,56.19792417755284,991.7385535366136
102,2,57.217212249287705,996.8651443379683
103,2,54.49450173083342,1005.5579142081148
104,2,51.49342010857417,995.0596180469502
105,2,51.19096102119959,992.9742331646752
106,2,19.565837033768283,964.2883870379782
107,2,24.531250737433147,967.0851683301968
108,2,41.571384673264276,976.2020183398037
109,2,39.231804848210906,975.8644646189872
110,2,48.71942407712278,977.5327327714267
111,2,30.550958477841952,960.4490802597946
112,2,36.372512531179765,931.4186739452903
113,2,41.935154152311725,926.166013894818
114,2,48.991523451181536,913.329444783372
115,2,57.90297832440722,902.9758109434473
116,2,-106.78018772818098,797.5560881227983
117,2,-81.32295618243967,793.8215523631809
118,2,-92.66827083685081,786.719579046275
119,2,-83.00109260317997,774.7226814111872
120,2,66.21813786153791,844.22733240532
121,2,29.351101695099576,819.2334583430321
122,2,90.04794854999372,838.9873910820562
123,2,83.55275294489378,831.2290411144754
124,2,74.66644264711299,806.0353231845401
125,2,94.45939291911287,812.8262936598168
126,2,141.78309265830825,832.1971398898445
127,2,144.52173467986043,833.5175720994831
128,2,159.17843089933876,837.2869167625929
129,2,155.62006480593234,834.3010653516204
130,2,159.0136935429617,824.1574540809629
131,2,165.0285704332566,819.776767209384
132,2,168.4493932034937,814.6972092840516
133,2,166.52208828896994,815.9304842981257
134,2,171.8924885802094,810.43516188911
135,2,187.99725576693527,818.987881713892
136,2,207.27922868753356,825.0402627074609
137,2,213.28584529870213,827.6452540449578
138,2,218.95151098607394,824.5903554078694
139,2,218.91702143076907,823.9282871822675
140,2,217.46494783297246,821.4275614499979
141,2,217.9330261945458,820.7246159253169
142,2,228.2177051105271,824.9252237135013
143,2,246.37051873220378,836.4589741781106
144,2,260.2192972863735,846.2071787393718
145,2,263.5844427010665,847.6573297046036
146,2,263.8590192272902,847.7147274873489
147,2,264.76612123995807,848.0562021169737
148,2,265.9015407236113,844.439221176128
149,2,266.46842252903525,845.2844375670994
150,2,265.6612233859778,846.4669457413023
151,2,261.5206636799595,845.0061137203168
152,2,264.0843851948753,846.798032940713
153,2,273.523148061842,852.0103350983385
154,2,276.080166073951,846.901262187487
155,2,285.6056366676643,839.6928672925288
156,2,291.1071089524369,840.5590866983902
157,2,291.2856220795168,840.6553540755143
158,2,294.6172035403394,841.8279823889865
159,2,296.0815529643691,842.8717221308867
160,2,294.23593207487244,842.7109997521753
161,2,289.53647631844706,849.2610251278168
162,2,294.9270541488137,841.7012708679576
163,2,298.47923108033086,842.8171947763636
164,2,298.47537728266144,840.6164266726777
165,2,292.44398700169,841.6521536791593
166,2,292.42633494456186,836.4990860014713
167,2,290.1154982983358,834.7426339557251
168,2,285.84212774484274,839.6911322548483
169,2,282.86976696235047,836.8047782430068
170,2,282.40908842120507,839.8278367273801
171,2,286.9552735066188,843.1340018965767
172,2,275.46671696806106,858.8095603558952
173,2,283.88007975003745,850.0025441007217
174,2,267.74492637431126,866.0995044678841
175,2,264.5379837071684,866.2178585975936
176,2,250.71745452761564,858.7053672595167
177,2,236.89692534806287,851.1928759214398
178,2,223.07639616851012,843.680384583363
179,2,221.95120212484045,848.0336960212552
180,2,204.66217318927838,840.3440388665475
181,2,196.12712167004275,831.888870270849
182,2,172.67966521069724,823.6346146652647
183,2,172.2677415341017,829.6792473630117
184,2,155.6239822063833,833.3936666551981
185,2,138.44999507763976,824.4447677304535
186,2,149.83630352993373,828.1689905533034
187,2,150.18123831813145,830.5785934088485
188,2,144.20076314826005,829.3213108636601
189,2,143.89409219828121,830.2534123501982
190,2,167.51817954371293,850.1481023360323
191,2,177.0019673453554,853.8127189975073
192,2,171.74861754056357,849.2681925561634
193,2,171.03945264173868,850.0742326077635
194,2,197.1596007778174,860.4107677982499
195,2,222.28662829487124,847.9665392111513
196,2,225.0394628940962,849.7538797872262
197,2,227.20003966310307,844.5695982541573
198,2,230.03195126413937,829.0429168609191
199,2,236.7380464056317,824.2668301002799
200,2,217.1507199194859,800.1046889535393
201,2,197.5633934333401,775.9425478067986
202,2,231.4590284776087,772.9193944174989
203,2,243.71197291178066,758.4635378294995
204,2,255.96491734595259,744.0076812415002
205,2,254.47152533580305,733.5931610580674
206,2,252.97813332565354,723.1786408746345
207,2,259.3446298055575,717.0066423650172
208,2,259.93523019432706,692.7129772257636
209,2,248.0309228497717,681.251437120155
210,2,241.3047291094009,655.3117859913395
211,2,268.049074736409,654.8539224010151
212,2,259.0223640028769,639.5251975062034
213,2,255.45550992917708,625.6980616775774
214,2,292.2538243630061,650.6619350200594
1,3,876.6683106613416,992.3357643332151
2,3,876.6683106613416,992.3357643332151
3,3,876.6723445902211,992.3298012176297
4,3,876.5921416999169,994.5816350914987
5,3,873.6190783579525,993.8100612107773
6,3,871.9823040997683,997.5144230691606
7,3,870.5928109721757,998.1576487068152
8,3,867.495086086455,1000.8954668456424
9,3,865.063815904586,999.9757600295953
10,3,862.8542427732779,996.699500273314
11,3,862.5381281857532,997.0384996110499
12,3,862.5170295057102,997.446389801096
13,3,862.46950795568,997.1328210722521
14,3,862.1550660692567,995.4735787290916
15,3,863.7414087866356,993.3953813230112
16,3,863.8108398788887,994.9223995745243
17,3,863.1782677146833,996.105701389403
18,3,863.4207577403399,992.7641053441679
19,3,863.8034650783101,991.6110638618524
20,3,859.4781356669386,991.6223888423332
21,3,854.0533385616716,990.4827871741338
22,3,844.671750318925,991.2910593406795
23,3,844.0563026589645,994.4106884837742
24,3,840.8861160162118,995.0046126316408
25,3,842.9346294848751,993.7772724525062
26,3,842.6003758244661,989.4434312377088
27,3,839.1280126056487,998.1044694923788
28,3,844.6598693257625,998.0097560219656
29,3,851.2179164290837,1006.9426867623238
30,3,846.9612625662417,1009.7823664765305
31,3,843.8755805295185,1013.6513111569786
32,3,843.1933998699245,1020.2155549286828
33,3,823.2527427559336,1002.387305102368
34,3,841.9420840506418,1030.9800995707653
35,3,819.1353893458415,1015.9880747255434
36,3,830.8902372835271,1034.0212777148374
37,3,832.7230038143177,1036.1009865806748
38,3,834.5557703451084,1038.1806954465121
39,3,836.4276513637158,1042.7283727160325
40,3,813.9102252773644,1006.7322261621258
41,3,822.7948358655761,1016.9504448768436
42,3,845.8737507731959,1049.26723892334
43,3,854.0157390601853,1061.8585904747533
44,3,857.7758788871773,1063.6219901240613
45,3,859.0018982979277,1064.2501359620867
46,3,856.6595445734349,1066.2966403212854
47,3,854.317190848942,1068.343144680484
48,3,847.8131653565304,1068.331573801092
49,3,826.4695568573484,1093.0621104417855
50,3,826.0183810230361,1101.019449468144
51,3,820.8191888168379,1110.2910628591965
52,3,811.6829002976501,1120.8570483149983
53,3,805.340109686077,1124.3870967157518
54,3,771.0259794166623,1105.5477869952067
55,3,762.3670806211502,1116.1707473870879
56,3,751.3535947058708,1134.1167477665683
57,3,747.9308110310682,1137.514352139232
58,3,733.0660556413203,1150.9439309661143
59,3,730.7285967999275,1158.2025130589523
60,3,686.6096548818495,1145.8715975645714
61,3,651.916637970855,1144.1604026452642
62,3,642.0712980006836,1150.969045271769
63,3,639.549790522033,1153.6973210868218
64,3,610.5848658449564,1151.5356004944454
65,3,597.2540499435479,1150.6554750331318
66,3,565.0277210221143,1137.045419382382
67,3,563.1704591047247,1138.7906083098912
68,3,556.512399950635,1137.9794795653795
69,3,553.3665417867038,1142.1051124628761
70,3,472.23108176489336,1097.1080696435372
71,3,453.95900125017386,1083.973166834071
72,3,447.60145221642017,1086.096493384167
73,3,447.2326368227626,1082.6889273836623
74,3,439.3964213537303,1082.692840443948
75,3,431.39339805310294,1077.6938222397803
76,3,362.3586649253967,1036.2575894905297
77,3,342.84003522406755,1025.4509818385716
78,3,329.00966620214734,1020.4771493369878
79,3,330.41531776767613,1017.5574897987758
80,3,318.6303854215647,1013.9121248232914
81,3,304.8535305952255,1004.5119430344781
82,3,288.1027581671233,1010.7231751051856
83,3,297.27007995372736,1011.9182679575033
84,3,276.6107562178507,1000.0252426297209
85,3,261.8963552101778,1000.2669208485758
86,3,248.32881009474983,984.313961944947
87,3,240.29604277312475,979.4004109430784
88,3,247.2396491287789,982.2926047479267
89,3,246.65623384683974,982.0339616803439
90,3,247.12465986673718,980.8542273091069
91,3,245.41664012263158,975.9355771397123
92,3,207.63890223328903,942.3753649985495
93,3,207.95751026034267,932.0673453436774
94,3,213.22714119061155,918.7371566668675
95,3,222.6228140831561,910.9111074850975
96,3,222.41577582835083,894.2999687611068
97,3,224.15717991137132,890.1166048215853
98,3,229.31895434588952,881.6142014321224
99,3,231.1121638243807,873.1351662076465
100,3,222.78073019628943,849.3374251615336
101,3,235.83583161413026,858.4981985979424
102,3,254.8774860464027,864.3499809055126
103,3,267.19102318160856,868.2841726881514
104,3,294.2131449069669,830.1100336213498
105,3,300.4058758371288,818.9006494608398
106,3,305.2440747752572,807.744278250398
107,3,307.39837762050644,799.8794037079632
108,3,306.5953958098783,777.3020604760694
109,3,304.851575335099,767.0100952749752
110,3,315.2810119287991,716.4600776366467
111,3,333.6249414249737,714.8968205559939
112,3,337.17410552072073,706.8834428744063
113,3,337.1332880734727,697.4826336327582
114,3,338.0555403598795,675.7087589487775
115,3,329.9187009806076,651.5095889726757
116,3,343.78355673385124,609.2583996825414
117,3,348.5502264011148,601.5518032884228
118,3,352.3525837413092,582.5959971727838
119,3,355.86539817714345,578.162366800612
120,3,350.8511350868997,550.8244220990824
121,3,325.88229794942146,519.0740583846467
122,3,310.76330020256006,475.8251385461322
123,3,310.4707592987984,459.6642025033037
124,3,317.09978128107883,441.71706187125335
125,3,326.32756790075246,431.0815628143023
126,3,321.00253623114725,396.4429967755006
127,3,310.85615691855634,382.5896500993662
128,3,287.3298097940128,339.6675721484567
129,3,284.9373060926486,331.5500956253248
130,3,294.18349000473285,317.3416556898516
131,3,298.28307811853443,316.5705751247199
132,3,295.42988755223314,283.9757387979851
133,3,283.986555704155,274.0036835605553
134,3,296.38175185510414,275.44306608948403
135,3,302.11668187389444,274.19021108683216
136,3,301.9190836849393,265.6872445571536
137,3,299.5393490622559,258.99266710082156
138,3,287.4968938993537,252.5643358601751
139,3,285.7398746747199,254.055409196298
140,3,269.4111302568943,244.88232267744056
141,3,262.06745581556345,242.07447081550643
142,3,248.65316763125745,233.54833467670417
143,3,234.9529789376405,229.9855655103813
144,3,221.25279024402354,226.4227963440584
145,3,207.5526015504066,222.86002717773553
146,3,217.40044061929365,239.89307115451248
147,3,219.0400342261746,242.83263873508125
148,3,217.93102220924612,238.8546268727322
149,3,217.4582306272109,236.30868318862665
150,3,209.7512272455624,232.69009455311812
151,3,223.30169343691847,239.14184456003355
152,3,227.18811204845557,245.42581964046516
153,3,221.89969964353656,245.08222918261941
154,3,240.80214721752586,262.80237957762506
155,3,239.97431963078105,261.8551586879149
156,3,242.47418367904322,262.2118898004337
157,3,228.11361746352165,262.1436064990951
158,3,213.75305124800008,262.07532319775646
159,3,199.3924850324785,262.0070398964179
160,3,185.03191881695693,261.93875659507927
161,3,170.6713526014354,261.87047329374064
162,3,156.3107863859138,261.8021899924021
163,3,141.95022017039224,261.73390669106345
164,3,127.58965395487066,261.66562338972483
165,3,134.38929933988084,287.7634406043977
166,3,141.18894472489103,313.86125781907066
167,3,147.9885901099012,339.95907503374355
168,3,147.9572626241577,369.70642555701346
169,3,115.5716767900936,356.67977650043764
170,3,126.22573388408742,381.5114850109304
171,3,128.42291763450962,397.4213366405647
172,3,130.62010138493184,413.3311882701989
173,3,132.81728513535404,429.24103989983314
174,3,135.01446888577624,445.15089152946734
175,3,137.21165263619844,461.0607431591016
176,3,139.40883638662066,476.97059478873587
177,3,141.60602013704286,492.88044641837007
178,3,143.80320388746506,508.7902980480043
179,3,146.0003876378873,524.7001496776386
180,3,148.19757138830948,540.6100013072728
181,3,150.39475513873168,556.519852936907
182,3,152.59193888915388,572.4297045665412
183,3,154.7891226395761,588.3395561961755
184,3,156.9863063899983,604.2494078258097
185,3,159.1834901404205,620.1592594554439
186,3,161.38067389084273,636.0691110850782
187,3,163.57785764126493,651.9789627147125
188,3,165.77504139168713,667.8888143443467
189,3,167.97222514210932,683.7986659739809
190,3,170.16940889253152,699.7085176036151
191,3,172.36659264295375,715.6183692332494
192,3,174.56377639337595,731.5282208628836
193,3,176.76096014379817,747.4380724925179
194,3,178.95814389422037,763.3479241221521
195,3,181.15532764464257,779.2577757517863
196,3,183.35251139506477,795.1676273814205
197,3,185.54969514548696,811.0774790110547
198,3,187.7468788959092,826.987330640689
199,3,144.15024729267859,802.0707701844489
200,3,229.43843468798286,855.0772586321933
201,3,-33.647986973249196,697.4418802873156
202,3,-2.942054360568671,717.743421670925
203,3,63.361212834826475,759.6184656144192
204,3,22.040319442140312,733.9400897124294
205,3,-31.932655298448967,697.4638672684347
206,3,-31.932655298448967,697.4638672684347
207,3,-31.932655298448967,697.4638672684347
208,3,-31.932655298448967,697.4638672684347
209,3,-31.932655298448967,697.4638672684347
210,3,-31.932655298448967,697.4638672684347
211,3,-31.932655298448967,697.4638672684347
212,3,-31.932655298448967,697.4638672684347
213,3,-31.932655298448967,697.4638672684347
214,3,-31.932655298448967,697.4638672684347
1,5,604.3129419147651,466.14640575627664
2,5,604.3129419147651,466.14640575627664
3,5,604.3880283972802,466.1311171864166
4,5,601.8793816404246,466.93198560960195
5,5,600.9649412271557,468.4153642939049
6,5,590.8470721758898,471.43410780617705
7,5,588.6816551615085,472.998252309722
8,5,587.3174515648134,483.01265495432665
9,5,581.0884394847659,478.2257487324204
10,5,575.5897245051245,475.59848548990607
11,5,592.3197229832319,501.2514332087902
12,5,572.6541086852505,481.1764072524843
13,5,563.0098651865118,470.78074891040643
14,5,569.6767352013647,483.2446606949517
15,5,577.8005270981226,494.3199833165205
16,5,578.3319982028955,495.5272009126916
17,5,575.735445067858,493.9580206924371
18,5,566.9311127591797,492.65857165822194
19,5,569.311717884053,495.2977043049698
20,5,569.4884481269993,495.8446953167353
21,5,568.8934241596146,496.5556839510904
22,5,569.2732788009888,499.5299554320156
23,5,570.2788082713754,500.1614732084841
24,5,581.5171765463205,513.3124114344131
25,5,586.7715044726685,519.5916508875413
26,5,588.9802202635448,521.5286392791587
27,5,593.9731156919541,526.8453847938786
28,5,596.2535005963348,529.4361938324103
29,5,598.6540797002118,531.9294402333369
30,5,601.1449734226586,534.1288564943347
31,5,597.9539860979481,530.9739064222248
32,5,596.5027870626723,530.9559929012681
33,5,596.6154432683749,530.2378223459747
34,5,600.6569600998295,534.090101844146
35,5,600.9546533611926,533.5058491298557
36,5,602.3844782048395,536.3616157620962
37,5,597.4267683011736,531.1416072744105
38,5,598.1560635712868,534.9176992287595
39,5,596.6209733578397,533.5137401527224
40,5,594.4264063957877,540.0109801645609
41,5,594.9374222415765,546.1310231199542
42,5,590.5389095328853,549.4217815904251
43,5,591.3586935113792,552.2034575192607
44,5,592.1538678355931,556.3099608513132
45,5,593.2443516664677,558.3321875992563
46,5,590.9483428109234,558.9279650791943
47,5,589.3098323932905,559.5322652751283
48,5,589.346047321489,566.0974857335384
49,5,585.5386257348642,566.8526376097899
50,5,585.3722496270135,571.7488166805724
51,5,584.4802430302822,576.476079932355
52,5,575.6165329975207,580.3418656203748
53,5,574.9979512192065,582.8469039366637
54,5,568.0470123904615,600.0629072518728
55,5,560.7378488372162,602.4416315361946
56,5,552.063566440839,602.1410250755273
57,5,553.6608984257856,606.6633916320125
58,5,555.1857817482505,607.2357799423595
59,5,552.9945048530799,608.1256878489265
60,5,523.7937622353112,595.5528988517755
61,5,519.0511793563927,596.4224189754535
62,5,507.8082985424529,605.3663142899727
63,5,493.10888348614077,605.0582772217709
64,5,492.100624083223,623.8581371102293
65,5,500.3138683834981,641.3261322012542
66,5,482.9863629844736,652.2047433812995
67,5,471.1904227737105,652.4497153999614
68,5,476.75852250360714,666.0553869879491
69,5,471.208053351499,662.6626239591659
70,5,455.8482228367951,656.7022339744619
71,5,429.8516967813749,640.0888612109992
72,5,427.5234331991488,645.1629163992563
73,5,423.01295423568996,646.2761207310688
74,5,426.62930165831534,659.9744431844903
75,5,421.2182835911515,664.490108706477
76,5,414.1047454228198,669.5044064799818
77,5,414.2190055613813,672.3908602029549
78,5,414.29885658737123,669.4708491697961
79,5,414.3220432841757,669.4330341833423
80,5,413.93717422775467,670.1535641921802
81,5,414.78755946501485,673.623955894181
82,5,453.65964330971275,710.5384127382778
83,5,465.9414276411048,725.6192962057013
84,5,479.05994283610914,742.3719197523958
85,5,483.17986493782854,747.1768147106895
86,5,481.8221760202321,745.2152482343987
87,5,482.8234653963965,750.0783150684446
88,5,492.7459829539099,756.296921969286
89,5,492.98102802163845,756.4339957959926
90,5,505.2698088468009,770.5192038051247
91,5,522.1033457293429,782.2827976436835
92,5,536.5894214496079,792.6899296271088
93,5,538.4948945588634,791.4874401393321
94,5,556.5554462984256,792.9921859876149
95,5,569.3558075448784,800.3402685363783
96,5,585.6694951861766,806.5959655315423
97,5,589.3619728240196,806.1384237409469
98,5,615.1817745933017,777.3195617657393
99,5,631.5355844401195,758.400316335755
100,5,647.8077402426713,759.1271168978858
101,5,671.425900252139,775.5337294897084
102,5,689.4509990364221,776.3684906976249
103,5,691.4315173821784,770.6344061630053
104,5,695.3590962012622,764.3235215540499
105,5,698.223713073619,757.6536284454455
106,5,701.559009691802,745.0502171784838
107,5,700.6413210932313,740.0489953213494
108,5,685.4529078792881,695.1661881865679
109,5,681.1516605222355,686.0736363486633
110,5,686.4859457615157,667.2298083686617
111,5,686.6867373042438,662.4619567233394
112,5,687.2216425957487,656.6084589805157
113,5,692.3829503556311,651.1008331723698
114,5,692.0588965861361,634.6414562786317
115,5,683.6789169635285,619.9214510534923
116,5,678.0213361585669,603.224113060067
117,5,676.4519043931074,589.762168924736
118,5,675.0360465975463,569.5921985353112
119,5,689.0068617337686,564.2435685796648
120,5,695.1940727484044,544.9506039554309
121,5,683.932091283534,526.1972000120677
122,5,692.3603815072294,509.73067050117663
123,5,700.5659224589026,509.90433789559034
124,5,708.8011461421992,513.3350031469345
125,5,707.0399859233021,510.13558627269373
126,5,704.3372086804145,504.89840981086445
127,5,703.0389457910396,505.32562382649564
128,5,690.4826941496259,496.3617400319814
129,5,684.9036995155924,491.19972446821953
130,5,642.6749894105556,454.77133303808426
131,5,651.4320995791662,468.2965873544113
132,5,637.238069448613,457.4239810551533
133,5,623.5705914462427,446.2784897451114
134,5,599.865152350124,436.4923507885418
135,5,600.3775205803423,440.8561869855352
136,5,582.4890017608686,439.03677486992467
137,5,580.1524343185736,439.48606414824684
138,5,577.464192635959,440.34206514688213
139,5,575.6715744153128,440.0569777016795
140,5,568.9935182880297,445.5854536691516
141,5,564.3788464359632,451.1900830615811
142,5,541.8651039173556,451.0913162003485
143,5,591.6643870281141,511.2185827939601
144,5,596.8712100650062,526.3212150562504
145,5,520.7833710053608,451.25214792487793
146,5,530.1944556168282,489.4899410122753
147,5,514.1255315024831,474.15246101329876
148,5,520.0114069230915,509.9313578357976
149,5,521.7252455507038,517.5338492165278
150,5,511.17326043708897,516.841540976214
151,5,522.265165162245,528.7828615174343
152,5,517.3833813886192,530.7842351796199
153,5,518.7490824795151,533.4691222927232
154,5,515.2237245303905,531.8787817224802
155,5,514.0348145837481,530.562404742931
156,5,520.5133316840797,535.6447280306207
157,5,522.9545502993519,538.0125720651613
158,5,523.174520375638,536.9662869630778
159,5,509.28319769380687,524.0833469265452
160,5,539.4541624260642,556.3368033101985
161,5,548.913951448686,564.0607137407903
162,5,553.04174323215,566.4160415612308
163,5,552.1771080760341,564.8008813260294
164,5,553.9161101122315,564.797300868389
165,5,556.7178656297787,564.7989179380562
166,5,553.8124554226979,564.8432758851523
167,5,554.2182556485043,565.6055768149913
168,5,564.1352919648734,570.7675835492493
169,5,566.1983597351866,571.0638248944364
170,5,568.014086070691,574.1379068858017
171,5,568.1868272460931,572.2191881114368
172,5,556.6792330580728,572.8661758088485
173,5,552.3273686255502,572.5573271883844
174,5,550.1478802576415,569.7776718955374
175,5,547.2603458003267,572.7585027255966
176,5,542.9512475410451,577.0091708357938
177,5,539.9115586220877,575.3776030501641
178,5,535.8544316838055,574.9807603663429
179,5,535.9319500433859,575.6985320640377
180,5,536.5135521549458,578.4575133393688
181,5,536.2096236600771,579.9869453574025
182,5,535.0654937605374,581.3757481908743
183,5,535.4298344293098,583.4687458970179
184,5,531.5556477831103,582.2143803866531
185,5,529.5290651532642,580.0537055336245
186,5,524.9693899824198,577.7663888222426
187,5,516.175334851847,571.0788255035626
188,5,484.9533252876728,551.9548332506007
189,5,484.7770414578675,551.7033345828434
190,5,478.8231050899094,551.0300391825374
191,5,478.64338427417596,558.873956164211
192,5,475.18474969461977,561.295212420153
193,5,474.40414300727895,563.2346623701524
194,5,468.53262107472705,571.2612059327928
195,5,461.1471770907676,570.1504218650576
196,5,459.5152434554936,572.1823162716047
197,5,456.40484215361266,568.3865077798625
198,5,448.56133513124485,569.3702556734347
199,5,446.26721958992476,570.6022970436674
200,5,436.3335166635701,572.442026425607
201,5,432.2940775346306,573.5346863111912
202,5,432.47492166654996,586.7419549901169
203,5,423.6255018312683,590.2908235132968
204,5,422.0821622060115,598.3375046243923
205,5,419.18055570549905,598.7407378884603
206,5,408.96186628091453,607.1653005654128
207,5,404.3741876449428,609.206105696641
208,5,403.8309271743983,613.7407264729769
209,5,400.5195169497433,612.861042333637
210,5,390.28093881754717,609.9395717129149
211,5,379.99776004024096,604.8026968866749
212,5,385.50148213260144,620.0522203069667
213,5,382.253329291736,619.4205419830129
214,5,359.9058602749431,611.7590102845411
1,7,992.8417545657863,1019.6330884617663
2,7,992.8417545657863,1019.6330884617663
3,7,992.8595794729895,1019.6577933567172
4,7,992.2364113244286,1020.129359937739
5,7,992.150965374999,1020.1229993966213
6,7,990.849393552243,1020.4024676566212
7,7,990.3869346467757,1020.5145459622212
8,7,990.229098518953,1020.2771866840015
9,7,990.0136131473599,1020.2650459652663
10,7,990.1712255353901,1020.1091800470739
11,7,990.4063544988123,1019.8098031265182
12,7,990.1537748872724,1019.0489599952053
13,7,990.1742516686584,1018.8187228704259
14,7,989.3887838448935,1018.5780143695591
15,7,989.286732515553,1018.3040585466903
16,7,990.7062777714992,1017.7576956896172
17,7,992.4935736939948,1017.6845171928142
18,7,990.6764902613938,1015.4281660976817
19,7,990.8256862346243,1016.1995967428593
20,7,989.7028826780447,1015.7539636067563
21,7,989.6925680492398,1016.2565471668793
22,7,988.216619333713,1016.4063070627559
23,7,987.865821706035,1017.1097041458611
24,7,986.6920962445278,1019.4341640014693
25,7,985.6767941502028,1021.5540917590813
26,7,982.0999950854273,1028.162095527301
27,7,979.6779734012767,1032.3141490822902
28,7,971.5612508403696,1038.688311974661
29,7,968.9515722542889,1038.9460956645623
30,7,964.7145602382551,1043.040133454806
31,7,962.6867038956708,1040.7370786156225
32,7,933.1855522271537,1018.1452792782786
33,7,929.399378765134,1018.6297938174987
34,7,955.5627076691621,1053.6621114691443
35,7,955.7560253206439,1053.8182371592668
36,7,949.6192848764018,1058.8794452222176
37,7,946.9124126362475,1064.7232557508983
38,7,935.5144712146899,1084.0462242174765
39,7,934.7940111857673,1087.8670958603202
40,7,926.514448010925,1097.8364212511842
41,7,921.7714893032943,1100.8413714747787
42,7,916.3897995700507,1116.9136745729832
43,7,913.8685105178732,1122.5756870085
44,7,907.8913254863977,1130.9081579685792
45,7,906.7793505625482,1134.9208695109924
46,7,895.8203890017747,1153.6133596068432
47,7,884.1529467085044,1157.6385108562715
48,7,872.7017787089305,1176.5989097816794
49,7,871.4849796554129,1171.003762212917
50,7,838.0360694404692,1183.812016622751
51,7,817.5909569038192,1182.5616489449412
52,7,788.6178330637648,1184.3848894755542
53,7,786.3589565555206,1186.8242020889513
54,7,766.6945410589177,1204.601845656032
55,7,758.272925842811,1208.9195895653863
56,7,736.1951822758977,1208.3212487686965
57,7,712.3437174947003,1207.8435288245669
58,7,710.8967320278671,1214.268624121631
59,7,706.7343982150144,1225.2498297477534
60,7,691.3409648416545,1223.5465846582679
61,7,659.0265220544503,1217.360587984269
62,7,613.3698177889221,1206.065735015637
63,7,608.8972985851051,1208.8095671824765
64,7,588.3711658260007,1219.5068024550203
65,7,589.9859078829721,1217.0405024842823
66,7,501.52065788733995,1177.2709935389596
67,7,497.13031247364034,1176.4203010550634
68,7,478.91046557625157,1173.047866383492
69,7,476.9402711657597,1168.9824100582775
70,7,450.89361191174794,1157.3983782896385
71,7,420.6753087875658,1139.8363623147936
72,7,376.92388151500836,1121.5933354883693
73,7,384.80435271634224,1113.7007891058554
74,7,365.903436634888,1110.3937650014918
75,7,362.185495835238,1106.8518320250453
76,7,350.79803793116827,1099.5051471055958
77,7,339.6352825702533,1094.115156800811
78,7,279.844632029015,1063.9953090523384
79,7,265.8371879987393,1057.5359606108268
80,7,279.39000084570426,980.2549695982364
81,7,264.29294271826956,979.9355490225664
82,7,201.31287817824563,960.7782719872686
83,7,185.39640801116124,955.3845840311672
84,7,169.47993784407686,949.9908960750656
85,7,153.59264532001043,945.067554469334
86,7,137.705352795944,940.1442128636023
87,7,121.81806027187758,935.2208712578707
88,7,129.09430012672823,943.7885779515773
89,7,136.37053998157884,952.3562846452838
90,7,108.51598746883627,960.1061171472594
91,7,80.66143495609369,967.855949649235
92,7,58.11673006745255,962.2027359418298
93,7,36.35885072925392,955.6782568515371
94,7,26.34583360514715,956.6458329089388
95,7,27.517671045874255,965.9861672373605
96,7,34.518986389760045,966.4991966039199
97,7,35.15274376183429,974.6034027929636
98,7,35.78650113390852,982.7076089820072
99,7,36.420258505982765,990.8118151710509
100,7,48.292375302958426,977.6044453712781
101,7,36.322785749582735,984.0835438728443
102,7,24.35319619620704,990.5626423744104
103,7,-126.93566294844982,893.3166481955709
104,7,-21.874910371470392,975.8033694957414
105,7,18.58161341623388,998.6624066296239
106,7,-40.89963503214572,983.5220661996034
107,7,-25.798702019332147,994.3987743010432
108,7,-63.7245206975374,986.323759842941
109,7,-62.258300184392624,989.6674413087949
110,7,-57.02811259697627,996.4933574706757
111,7,-50.01712597626767,1000.31729016558
112,7,-63.161497979455376,999.8056951601468
113,7,-62.91700065825683,1000.2857374572337
114,7,-67.37116490108559,1002.4669109863256
115,7,-78.36225138927509,1007.3305905545922
116,7,-81.64760820971607,1010.5768012672652
117,7,-52.79730748847077,1013.06518634399
118,7,-22.97136715068381,1039.492673526014
119,7,-21.868304075320744,1040.839160269202
120,7,-28.6895825598881,1040.4720487539514
121,7,-18.79110118350321,1045.254466655492
122,7,-19.736117056560627,1046.5094846783172
123,7,-15.449853230265283,1049.0103232591284
124,7,-16.572148280119546,1049.6219905859934
125,7,-0.8127812724385415,1056.8890683007905
126,7,24.77020536503779,1066.6019803100623
127,7,35.10078585273639,1071.1552596255783
128,7,52.04449260441977,1077.2028234155196
129,7,56.628760715640674,1078.3827304979884
130,7,62.498805519241046,1078.9942072743702
131,7,59.18173949680319,1076.1755561100101
132,7,68.12298555878272,1076.9488845711994
133,7,66.92498567939342,1075.5259484561761
134,7,118.7377646070149,1092.6611015518577
135,7,125.60194061505918,1093.1094289333773
136,7,130.70727218415487,1090.104624984706
137,7,132.51518435788353,1088.6548433161015
138,7,149.88271324724448,1097.4864499122273
139,7,156.08658935573936,1100.145885145083
140,7,155.7740040929308,1081.8027080601282
141,7,211.54241290514295,1104.163513425133
142,7,213.77190790298602,1101.154903710302
143,7,215.62369965303765,1098.548216773862
144,7,222.02656748803392,1094.3463914478607
145,7,221.16577432429332,1090.3516038236296
146,7,224.09508887925372,1084.5625971068878
147,7,230.36021780536421,1085.6297351592916
148,7,215.0649279471691,1070.2941059806317
149,7,243.2418584267024,1081.968645698534
150,7,271.8664783025997,1084.708826464213
151,7,277.94296827825514,1083.4685474697314
152,7,281.1255418349486,1083.5671818945714
153,7,282.16149755751115,1082.693308374264
154,7,282.3940400133743,1080.2030209110776
155,7,280.97466373937584,1077.312552186846
156,7,279.9506906436276,1075.5151434209424
157,7,279.65212480899675,1074.3801286302826
158,7,279.77014727294164,1073.0773025971387
159,7,280.083735640253,1071.225193090096
160,7,283.8181716295957,1071.1612308711294
161,7,285.05311269144823,1072.4838396822377
162,7,291.4314059840178,1070.807885927356
163,7,293.01480991847296,1074.4582049834069
164,7,290.02257385425634,1071.6706078253087
165,7,294.9695091488839,1072.0622062555658
166,7,304.9787102536824,1064.1812793260071
167,7,305.4228353714974,1069.0450580346965
168,7,315.0120227844612,1057.3818975584734
169,7,325.30734350154205,1032.7899864003284
170,7,330.1546340262826,1028.1247867201716
171,7,340.357926930705,1021.5772433151093
172,7,339.2443998519385,1004.910143517212
173,7,347.5108335858171,996.0641312503121
174,7,384.6726106858096,964.2424192098075
175,7,381.8902515274124,952.7043348883179
176,7,393.92140018919963,944.6045065332684
177,7,391.96811806653966,935.2767538511597
178,7,388.8333656977563,897.7227897989732
179,7,380.1325680510205,885.805014118524
180,7,393.03446320977093,861.0051789048981
181,7,396.61290566925646,854.9802933944089
182,7,398.7721056386304,842.9669160897588
183,7,399.5248934648372,836.3256602481921
184,7,360.2019465709955,792.6397368614672
185,7,342.96526244374667,773.6895765649676
186,7,344.79145625071527,763.7593971548982
187,7,338.22380507064247,753.5719450683807
188,7,332.3938577298921,736.329209213484
189,7,329.21776709295847,730.4002817785324
190,7,317.504895306103,710.5047364870417
191,7,315.8673203166799,702.0757951214241
192,7,326.82681159314217,697.3167755995802
193,7,335.2204208032259,695.9842451656372
194,7,330.15697339951765,681.7359017995063
195,7,328.20254658773405,679.4340525254726
196,7,293.23652455805785,641.0128115758774
197,7,289.96400917621446,636.5670336306501
198,7,286.1136571944458,633.1944771624745
199,7,274.6776946968078,618.6555364186455
200,7,264.57661294371354,614.4197665682857
201,7,262.8685426068868,603.9440082967552
202,7,215.49924509942656,564.0301050162733
203,7,211.13192328456734,559.7479292966372
204,7,213.0325050207615,558.2298610716863
205,7,234.46758311685713,573.7296206768303
206,7,240.3750436330665,575.2158145726685
207,7,240.52234462107242,575.0874381440298
208,7,241.84318846782406,572.1385718644534
209,7,237.83113613849517,565.2220166919421
210,7,228.85723643827768,546.2311468603377
211,7,226.74675970463548,534.9516408449401
212,7,232.13235168248073,531.8476285343887
213,7,233.16185959705578,530.4314509918092
214,7,219.0675021520404,516.2449856546011
1,8,606.2813326172225,87.7688127669094
2,8,606.2813326172225,87.7688127669094
3,8,606.1777358811112,87.48474268389859
4,8,605.4098194876398,86.97520495348084
5,8,605.8425886401742,88.7407138695807
6,8,606.1192105691182,91.18408691613429
7,8,606.6720355137815,92.4160683935508
8,8,608.8087055131908,94.01087056731185
9,8,608.5145358804853,94.0839600271145
10,8,612.4633465335091,100.47503140200386
11,8,615.201352300225,104.16212107575228
12,8,621.7633027440063,115.08514288915414
13,8,623.5159116686805,118.29044365287673
14,8,631.0460087850834,128.95177250091376
15,8,632.2877204807103,133.16743510921975
16,8,633.9926512067378,135.09077008908224
17,8,633.7261491656915,133.72103669107022
18,8,638.5825076511103,139.06934330174266
19,8,639.7459228265905,140.3188471519102
20,8,634.6864970158789,133.36477297530053
21,8,637.8655140053913,138.4153224658529
22,8,648.1987305194825,156.4829308020395
23,8,649.6194799836971,159.35482112527328
24,8,653.9853978028623,168.84776711888418
25,8,661.4503565831484,182.57296799194668
26,8,663.2961042748151,187.57256090917792
27,8,666.1952611389798,193.12692523885835
28,8,660.305992221395,189.83742714539656
29,8,662.9509533447132,194.7645750957798
30,8,662.1048328492336,194.7584749117492
31,8,666.1984121566019,201.66005456386785
32,8,684.6835254472737,229.75682619351477
33,8,688.4174018973179,235.21616935616353
34,8,697.2479701369541,248.93580501485135
35,8,698.6110063365118,251.73959866547352
36,8,701.3266339106907,256.51763609871387
37,8,702.7329892089086,259.2153978006843
38,8,704.0834588852551,260.9179248231234
39,8,704.263836525136,261.61304993412074
40,8,702.3503946131234,260.1750038845885
41,8,702.9771631921369,262.6503054523601
42,8,701.8361038613333,264.04409283391664
43,8,705.7593742805699,272.181524184379
44,8,714.3333207768374,286.47364074822
45,8,714.965125756334,288.6615578532598
46,8,712.670983045831,289.85464759781405
47,8,711.0868046674168,289.50400886837525
48,8,714.4412538090647,296.3838149775185
49,8,714.7876883211619,298.01985680961883
50,8,719.9114535597813,308.8145659305863
51,8,729.0159747627719,322.7337443013188
52,8,735.268682839129,332.79275342109605
53,8,736.519206798243,335.97248722877805
54,8,741.071251470801,341.9420937969304
55,8,748.1894241921938,352.1349971672375
56,8,747.7196909771218,350.596892539802
57,8,751.6755709053266,354.5029932573315
58,8,750.10505989912,349.30376279189323
59,8,750.6691512850557,349.8344198847146
60,8,750.5708183602567,351.9015045217953
61,8,751.114762243705,352.9328383245541
62,8,756.1095950035776,362.70811938089594
63,8,763.2441435328585,372.8348039442696
64,8,783.7339338922999,404.161847458865
65,8,792.6094548839701,413.2986314985378
66,8,810.4882251794403,430.97282886026517
67,8,814.4572946617599,435.73893745211757
68,8,822.2330013405177,443.31082372746005
69,8,823.6230403081139,445.66802203382775
70,8,820.9890160954001,445.73968668463317
71,8,820.9947536195466,448.3363402496063
72,8,828.7255822487577,459.85133019091023
73,8,837.189558776032,470.61963498735236
74,8,852.2937352366137,495.9296163539012
75,8,853.0148926635886,503.610836357151
76,8,857.2675973054772,514.9274482230908
77,8,857.8705642439714,521.04465516587
78,8,876.3260967470691,559.3742266226874
79,8,880.0723806879862,566.9497891060923
80,8,884.2191014754427,581.8076952208712
81,8,886.5121070760489,584.4581080941896
82,8,882.2862809014592,593.1764536391108
83,8,880.2838741839416,597.2480003934738
84,8,874.5118753450902,605.3716245205147
85,8,874.9518506844043,614.7400545403025
86,8,886.3551652563558,640.5703446981901
87,8,886.5585424854966,650.9597247938179
88,8,893.426548100339,670.4727176617619
89,8,894.513151607102,671.1417090925969
90,8,892.9086488119195,669.4259673620445
91,8,893.6629455363037,670.8904716908552
92,8,894.6590717263107,672.4218709452357
93,8,893.3441002969273,672.1654952516036
94,8,889.4816398887842,666.4491552758819
95,8,884.9024830545666,659.2048208899898
96,8,877.6680182312496,636.9239351171988
97,8,878.3077781431153,622.321716049975
98,8,873.3401002213246,621.0011689036794
99,8,869.9802150983896,613.1076375969931
100,8,852.5846101074134,579.4706870805575
101,8,853.8018040401229,567.9613536134884
102,8,858.7062478512103,545.2601903128195
103,8,860.4082352912163,540.9966635295807
104,8,856.941185693198,533.9421864532915
105,8,848.554788118964,522.2714860870684
106,8,854.4488991632676,506.6340132005029
107,8,856.492871209342,501.4493887928179
108,8,851.2619335951941,491.85200403164254
109,8,849.762654005616,486.04070474479397
110,8,850.0876768102501,467.1398017183703
111,8,855.3979543193834,468.41853010488705
112,8,861.5431351538537,465.9554625433552
113,8,862.2810314384967,464.0445186935966
114,8,850.3345205875594,441.3944700647114
115,8,827.4804323045785,404.3675239534198
116,8,827.3089507628135,400.4826245487345
117,8,827.5081861853811,402.0477376703703
118,8,825.510105584176,398.4433890207443
119,8,824.6260125345678,397.0959202277207
120,8,818.7623525439727,397.58779329702253
121,8,813.1784008879757,396.91413365847444
122,8,793.2769959404998,373.25687897396136
123,8,767.6380117464219,340.2678575951401
124,8,757.0866394370883,330.4260231748862
125,8,749.4676416102228,327.5581541307599
126,8,750.2857244527928,334.8168993659347
127,8,733.0962564995574,314.9837524372194
128,8,738.667138266042,336.45231814340156
129,8,734.6813910357453,337.6747421221743
130,8,727.5547836918112,333.7055722396929
131,8,724.0316077221423,329.50346949709416
132,8,739.7319898899241,358.8738836662463
133,8,742.957167936427,365.28368736469037
134,8,741.9080907832059,376.9700033873429
135,8,738.3562733557745,373.5325908259307
136,8,736.5831555754789,372.84343965864065
137,8,737.4484511283995,374.33906981528867
138,8,735.3082933160248,371.1845792444352
139,8,739.6400034772009,375.27455940323233
140,8,749.5616155553021,390.6645219106664
141,8,755.0706158369734,395.36872609898035
142,8,763.147716350695,404.24948668323265
143,8,766.6830316183197,409.36465561775236
144,8,778.724979886162,420.95492975261493
145,8,784.6606976266208,426.3846278548612
146,8,788.1471335525847,425.1119078234509
147,8,793.2678390279109,430.72083959686364
148,8,797.4667631198085,429.80005863432996
149,8,798.7697974576118,428.2780754881369
150,8,799.6483104770231,426.4268175479948
151,8,799.8988044359497,427.6897172483865
152,8,799.8874781810885,422.32858548929465
153,8,801.5434200681727,422.9262201944272
154,8,803.9570136867616,421.08112015966225
155,8,805.090761900715,418.97360592524797
156,8,808.8023693277942,416.28611182607136
157,8,810.0580405114713,416.9567949155369
158,8,812.7867666446671,419.75321099518123
159,8,815.5726819032752,422.8441821534581
160,8,818.9909083905077,425.8813202076919
161,8,822.4357771197874,429.12527791314005
162,8,825.1336187061167,433.2058748964352
163,8,826.9504286287255,434.1217953211265
164,8,827.7392699665673,434.7106140134851
165,8,825.450616475188,435.86908683614024
166,8,825.3590696816767,432.97955236682316
167,8,827.4165884605533,436.27637549379034
168,8,831.3011454942738,446.2119621350778
169,8,829.5703935441633,445.65513036868174
170,8,828.6618642593673,446.55582501588003
171,8,828.2895279835709,446.1876098073135
172,8,824.8374955265463,448.0474054762986
173,8,824.1214681236037,448.7808529224285
174,8,821.3175684956788,455.0289880200051
175,8,820.442584709135,455.29884651149683
176,8,820.6843701458579,454.74500989539905
177,8,820.4605898553466,454.25725610264465
178,8,817.4290098037338,449.4108547727049
179,8,813.8729088177032,445.20881706327464
180,8,808.2519747376031,439.9732506653477
181,8,800.4960392597128,429.6408748787061
182,8,788.0442174178204,418.02730020131804
183,8,781.2407746495956,408.59681380136243
184,8,780.9436821789876,412.30894318652986
185,8,782.1091054439464,418.57691179088357
186,8,781.752384836615,419.52132896456004
187,8,780.6248480754164,418.34110761327764
188,8,779.4971291761212,416.3144306707394
189,8,779.1023505678554,415.52094995306993
190,8,779.193967331801,415.00554997420625
191,8,778.6439986258459,415.91441902565447
192,8,778.460680037774,414.829438384252
193,8,781.6605077555829,418.06809611970533
194,8,790.4021583033241,428.6037591189056
195,8,789.87880693993,425.96129033166784
196,8,793.3618162133396,431.33622621695156
197,8,795.6547039290932,432.65355121362893
198,8,797.9669257091194,429.80130255336974
199,8,800.2587065093693,432.0777788556332
200,8,803.8050858567872,423.6416862666197
201,8,803.4713103040182,424.80916260550424
202,8,806.4537225680252,423.20886728416104
203,8,808.9878197682717,422.00309919630007
204,8,811.773974450699,420.63909127728044
205,8,811.8939605289016,417.7101642488996
206,8,811.9777662239023,417.14106187334
207,8,811.7366071449942,415.6315781490359
208,8,809.86561363864,411.4656211388566
209,8,810.0039227618414,411.4069562314768
210,8,810.2113269049945,410.80943375391996
211,8,810.5774843475151,411.0243585351872
212,8,810.6392823373983,410.6955784294505
213,8,810.648212800549,410.26734987801353
214,8,810.3790509900589,410.29810058948345
