1,1,615.5029180983161,1422.12781633334
2,1,615.5029180983161,1422.12781633334
3,1,615.7286201444961,1422.1053638846681
4,1,615.8193556232651,1422.0143348287413
5,1,615.6191354429968,1421.7222008072647
6,1,615.4790533844424,1421.6880982250484
7,1,615.2684289841625,1421.3297765342834
8,1,615.2340276374016,1421.3056319326251
9,1,615.2025874653574,1421.150824191605
10,1,615.2838917675034,1421.11806374214
11,1,615.2185174494259,1421.0066016330286
12,1,615.1533207807978,1420.9516687589676
13,1,614.9072217627579,1420.738354806825
14,1,614.8214271544089,1420.697299818583
15,1,614.7560243212063,1420.6434994684407
16,1,614.8932786688748,1420.6440876022193
17,1,615.3907264558136,1420.40021258657
18,1,615.3853993873115,1420.4047047602166
19,1,615.4685316399228,1420.3484923235674
20,1,615.2375203819983,1420.3654894771425
21,1,615.5019193041687,1420.3288454939793
22,1,615.2952743663892,1420.2357337376875
23,1,615.0710248950986,1420.2194953671994
24,1,615.2365975297113,1420.174024883605
25,1,614.9774658544201,1419.886477278408
26,1,615.1131083500782,1419.9027119886928
27,1,614.8559137371799,1419.379809071353
28,1,614.8727614736081,1419.3853704598384
29,1,615.0756472104856,1419.3226909914672
30,1,615.1717163064513,1419.2763226318264
31,1,615.1911200747173,1418.9965834501745
32,1,615.2886763413168,1419.0160124851186
33,1,615.4020074153154,1418.9468680820678
34,1,615.4578084633221,1418.8258231783955
35,1,615.694391899572,1418.7789323405289
36,1,615.6095757666393,1418.7311096178555
37,1,615.8759134279649,1418.31427843482
38,1,615.855227135092,1418.3035770181082
39,1,615.9481758568437,1418.1503896470276
40,1,615.9578093640432,1418.1318701752878
41,1,615.9263095943969,1418.0600627553456
42,1,615.8559022810331,1417.986519483217
43,1,616.5739491237952,1417.5272690048982
44,1,616.9964508780572,1417.291561445547
45,1,616.552183052726,1415.337271419131
46,1,617.6478531739031,1413.7177103680774
47,1,620.7859641131757,1409.9131705280004
48,1,621.3947252558248,1409.8962900120277
49,1,621.9270868434816,1410.10203129026
50,1,622.5591961258585,1410.5882899657827
51,1,622.3528085643369,1410.0506957033656
52,1,621.8751857858979,1409.9393118921682
53,1,622.7274784736335,1409.7793507432739
54,1,622.7805697695134,1409.4312529353945
55,1,622.6166389932072,1408.633583850179
56,1,622.6929440847193,1408.4917179763029
57,1,622.5764768009084,1407.7210887805659
58,1,622.6574269330597,1407.6181317335572
59,1,622.5162430805826,1407.3543050602707
60,1,622.4020246323286,1407.3746326965945
61,1,622.4850325137493,1407.433241317931
62,1,622.4981194418401,1407.3669473646457
63,1,621.384643691618,1406.9707975082129
64,1,622.1514796374593,1406.9863168045858
65,1,622.8795761517246,1406.1919715318404
66,1,622.8688578710281,1405.4487360943506
67,1,630.5972355828218,1402.2535981338597
68,1,630.9420343622843,1402.3376517139818
69,1,630.9308030355991,1401.7591861414553
70,1,630.8341464505016,1401.3507998212515
71,1,630.9649622279353,1396.3077040736027
72,1,632.5301795417355,1395.382678079173
73,1,634.2620637912349,1392.7713594656373
74,1,636.1786358948508,1388.947417030793
75,1,641.9974020700827,1382.8561499813738
76,1,646.8249736220545,1382.6364863666709
77,1,655.0824860828573,1375.8117909334128
78,1,658.1098939669903,1369.0214725670887
79,1,667.3036588295587,1353.1927325259685
80,1,674.7750806568343,1348.6285646750603
81,1,685.7496134525404,1325.909872124586
82,1,690.2711116639786,1322.0966476544118
83,1,690.9432416290202,1317.0595853739626
84,1,692.1757051243721,1315.2906895461927
85,1,682.5820905127066,1301.5216925951586
86,1,683.564889272,1290.7214826471718
87,1,706.7298231497633,1264.290294413745
88,1,702.4982853248869,1256.9671754386927
89,1,714.468948030171,1255.3889836987523
90,1,719.1486251197358,1250.87042302226
91,1,734.3275807217137,1241.9054750973678
92,1,735.4448243583904,1235.5645825161148
93,1,760.3690977794142,1200.3243117771171
94,1,765.0736442820947,1197.6207315984675
95,1,772.9090611745406,1182.0602663095246
96,1,776.0411757985506,1172.4585098715513
97,1,768.9238933712147,1141.8323701203485
98,1,784.0938722616341,1130.884291462801
99,1,801.350763954229,1103.3029569111513
100,1,802.8672802487519,1094.6026751161478
101,1,817.4892602153446,1082.1747539637636
102,1,820.5447277008391,1067.6411954963805
103,1,824.830186368462,1041.8227252767595
104,1,843.9929505414428,1038.7308395456134
105,1,860.8165976904819,1011.4375453268458
106,1,863.9802390628105,1003.8573453728706
107,1,876.282943166158,976.8626439164377
108,1,881.516123255591,967.1730446369672
109,1,859.5396701526433,920.2185539811119
110,1,866.0238937967792,914.7797804932877
111,1,886.8954208397402,893.8791199506719
112,1,890.1097009607805,887.4092710398212
113,1,895.0364577139408,860.7964766333449
114,1,897.2161752032496,851.7647180035028
115,1,903.4441334400458,837.0414785303561
116,1,901.4896949940886,829.2233221542659
117,1,893.0776695819543,792.9334339560544
118,1,898.121268411559,781.7279643404825
119,1,892.338176472383,770.1642826490036
120,1,896.8713913063032,747.89494920701
121,1,902.1685624214107,740.9443245799698
122,1,903.6706748540212,739.3240025897592
123,1,905.8306449258912,735.7960256208789
124,1,904.2210762057169,732.1747772567338
125,1,903.5167519517735,732.209961970002
126,1,904.804268835991,730.9616427154916
127,1,900.5514221140496,723.4966632912776
128,1,902.4223903774629,725.1633921848185
129,1,903.2976798146424,728.0080594547185
130,1,903.8262202083326,733.5319471886137
131,1,901.043877196503,742.6198009559104
132,1,899.356258361253,748.3317697630699
133,1,893.2990127397761,766.2602895908257
134,1,886.9495885389873,775.1538122501419
135,1,874.46162964301,787.2701451175561
136,1,874.1989991097169,786.05127983898
137,1,864.2559263359665,788.5752363584907
138,1,860.9991097026513,792.2203966831876
139,1,834.1790048852166,804.952563498243
140,1,835.0162854470913,803.4597842272331
141,1,820.1687253325154,824.8956491865109
142,1,820.8560737044962,830.2856015403391
143,1,814.8350340085589,854.4527199602403
144,1,810.529582520598,867.4532626865077
145,1,789.0412171324294,878.6426627681766
146,1,786.0237254572875,891.4444376063874
147,1,777.0798912515454,902.0663307462669
148,1,775.8316708511269,902.5200714379984
149,1,770.6586022996111,911.3710709660326
150,1,772.4949170267115,922.4040750228259
151,1,762.2723770269483,934.8511017946461
152,1,756.9374621031066,948.5275941108697
153,1,742.6307171403903,967.9722049599098
154,1,738.5692943566729,978.3851908633329
155,1,699.4425163656744,979.1939409170997
156,1,699.8533910822023,988.1017167187856
157,1,681.8611425580635,1008.3954915730998
158,1,697.7971254848293,1026.8746289722853
159,1,667.509205516759,1025.698693712195
160,1,674.803154381565,1050.035733185186
161,1,670.0107376633823,1070.194433767651
162,1,669.2066750256029,1072.8801881205088
163,1,665.7287089684771,1079.7379562305862
164,1,657.8975695747006,1086.4864130589385
165,1,656.4493513605423,1102.9639554521266
166,1,653.8519550307396,1104.686950429053
167,1,652.9705738868134,1107.6448048803206
168,1,652.670518623537,1111.2068910970904
169,1,633.0346346079982,1107.2907401129953
170,1,626.4633562253532,1103.345354638059
171,1,606.0140098017829,1128.8579802901138
172,1,604.9866845230647,1126.493678373932
173,1,592.8609787717749,1115.2660839882285
174,1,590.4208360269877,1115.0460825375494
175,1,582.385590515687,1108.2093993104952
176,1,576.6940922191556,1106.36351510543
177,1,585.8672166621213,1094.4475688599828
178,1,579.1736877201125,1108.480324358058
179,1,568.6215917609719,1103.7346318748032
180,1,567.9961205868315,1102.652024021176
181,1,568.9119547544518,1099.527212582092
182,1,564.7443143008506,1094.6852174403978
183,1,569.4515200113465,1094.5838520977275
184,1,555.7677756394442,1083.737291529958
185,1,550.8391097294941,1078.2007229278915
186,1,539.5053988621105,1067.0964379198233
187,1,489.6058957822399,1038.0084923101967
188,1,517.7596234432139,1050.790122974119
189,1,481.1256936074371,1026.463801443931
190,1,482.25445268043535,1026.8944350081683
191,1,475.0917432763072,1020.292703120859
192,1,467.92903387217905,1013.6909712335495
193,1,460.7663244680509,1007.0892393462401
194,1,451.1848698009211,1005.0509709243606
195,1,464.08538847642285,1001.5728739125841
196,1,449.48344218463757,990.8196535097462
197,1,461.41248350618565,998.5723454844868
198,1,459.59443247711476,997.9117734128872
199,1,458.88666945873956,998.6809361430035
200,1,458.0633332691683,1001.3432942947742
201,1,458.98606984534473,1002.7325949909592
202,1,457.634503292848,1002.4129140054021
203,1,455.55183949709397,1000.9717197672576
204,1,455.084304706076,1001.6379601649227
205,1,452.1190550638717,996.9442206001055
206,1,450.3634747597706,996.5491629292511
207,1,436.53483596333547,987.8312790257384
208,1,428.94882528953667,982.60294710811
209,1,431.8182999344421,986.0722610217333
210,1,421.60227135365267,982.6037078626968
211,1,425.48535309353207,984.6335078701918
212,1,424.6704577046249,984.7731658327268
213,1,414.03232283637425,983.4280745140878
214,1,412.6490072920272,984.8783838228547
215,1,419.31122693954035,988.2555540293312
216,1,419.8910158713872,993.1629346774388
217,1,424.9897104764226,990.6155489038185
218,1,422.7615841784601,989.00170471544
219,1,424.4602840048697,990.6262644477428
220,1,419.9577315140405,992.880458459117
221,1,420.10512931416645,998.2992669555762
222,1,419.04147460115,1003.0060903788483
223,1,413.6960724659527,1002.3885971124303
224,1,413.1367014950219,1003.1846405391319
1,2,971.9970408539691,528.3247824725402
2,2,971.9970408539691,528.3247824725402
3,2,972.027081168617,529.3230193887747
4,2,972.2491731432738,529.3160041100084
5,2,972.9933383009143,530.1939582858491
6,2,972.8624167811017,529.895799685371
7,2,974.1731492973756,529.6359446945894
8,2,974.1024113350805,529.664286972038
9,2,973.6074165796365,529.571708675032
10,2,973.2942921099898,528.4855160006178
11,2,973.5007296119119,528.875805800258
12,2,974.852499951694,529.9365174703134
13,2,974.3266041246677,529.9087450463406
14,2,971.3692167677284,526.5130582874888
15,2,971.5880140525962,526.9674332317534
16,2,971.4905672912768,527.2201094702034
17,2,968.4880795487185,523.441425446469
18,2,967.9863325338018,523.200490752708
19,2,967.3584996367524,523.5189057766048
20,2,967.2901962463187,525.1754109861998
21,2,966.0487708562756,525.7396961507382
22,2,965.2364129603282,525.8388941355439
23,2,964.0580776836729,526.0837115528349
24,2,965.9406181895356,529.8083093334737
25,2,961.655311057922,526.961087198226
26,2,960.4927363605158,528.8325241633553
27,2,954.8955866154353,533.6989123855648
28,2,954.3584286324456,533.4635923758269
29,2,954.6290133129758,536.0216649288557
30,2,953.7063977599762,534.1173022909774
31,2,952.049886291146,533.5035208074885
32,2,953.2063502860984,535.5443011870148
33,2,954.3029598229355,537.5523854378696
34,2,954.2276598803277,537.4690042169036
35,2,954.0877936554127,537.5461285055852
36,2,954.1239693252833,537.8218258561874
37,2,952.9445596949168,538.2383151529939
38,2,952.578829255998,538.3601475790119
39,2,952.3057794622966,541.5167038391818
40,2,952.5776336154645,544.1678911257387
41,2,955.5636851051046,550.5317248018067
42,2,954.817999030941,550.6165730033086
43,2,956.0587129258735,552.959881305155
44,2,950.6717791924337,544.9403630283416
45,2,941.2830807456198,536.5093798954441
46,2,939.9639863926088,535.7342624079581
47,2,937.8710855324125,536.7258609897226
48,2,940.6793561073888,539.7947862269515
49,2,937.3292292504807,535.6707600286761
50,2,918.0603878128791,509.6361135817069
51,2,889.0071124064515,471.97993714152074
52,2,882.4736726749107,466.1033389235424
53,2,877.8898274829692,464.08468044074255
54,2,877.2800915446355,464.75746536328904
55,2,868.6716250844953,450.87341630332827
56,2,867.3004499391407,450.4314770930188
57,2,850.9212609101372,431.1435306878702
58,2,845.4264270844495,422.9939835690541
59,2,838.6355091357075,422.9139382861905
60,2,835.7354162180177,431.07671740213453
61,2,822.6099619010782,421.5972599003073
62,2,805.0197494040445,394.97334266722436
63,2,776.0432750331519,376.7398228530013
64,2,762.3665398193891,371.3660680174405
65,2,753.6520558198599,394.1147836978394
66,2,749.4683615221403,395.5802054917842
67,2,739.1393321645412,396.5652931743561
68,2,717.4283995061345,378.96358188413234
69,2,667.2201549600255,363.37832251672563
70,2,662.6298719923212,373.3320416558812
71,2,652.8702929971998,386.3136802513122
72,2,553.8803417904141,293.2391999640587
73,2,609.9289621514649,374.63990877353984
74,2,563.0450355541908,348.39612799536116
75,2,552.1765398042149,392.9528530907987
76,2,539.4872250443094,390.320251640613
77,2,513.3834075206665,405.1180890103544
78,2,481.820955435928,378.67128748443173
79,2,490.03887347715755,444.9534889187253
80,2,495.77149938785874,455.77815301368344
81,2,456.12211283575056,439.2051273652911
82,2,418.90448984220774,424.3997325459239
83,2,404.18690453553273,420.4732462197103
84,2,388.57911003695483,410.99685896041507
85,2,381.9138544767789,421.93981340130404
86,2,369.74944106355935,415.81687309068764
87,2,342.7744574938908,405.5593120106414
88,2,343.93500900620774,416.08480302124667
89,2,336.36569133131457,421.52164442244117
90,2,316.7595926670585,417.6052615499093
91,2,304.5704585201195,411.7247322904635
92,2,298.11719569711954,410.96192349498614
93,2,272.9369403188502,407.8591143528483
94,2,271.18446293909415,412.0861430422228
95,2,262.8546202530024,416.9465841414603
96,2,261.5616347767591,419.2106982352553
97,2,250.435521981701,416.50881893344894
98,2,248.2035540468687,414.843528008522
99,2,231.27136001741454,406.8640093673368
100,2,230.15877355809693,402.3652197975895
101,2,226.5066933516419,393.3123232729473
102,2,221.73200206324785,386.6274254748389
103,2,227.0596664509768,389.6953100478096
104,2,227.68747574859705,384.41255240444684
105,2,230.86835903198025,380.53066200002405
106,2,233.29196904968057,380.9951284044017
107,2,236.2301191372482,376.1401391939573
108,2,244.5284634198969,382.2752922641315
109,2,257.6897495546508,388.73612488634876
110,2,287.75564675428205,409.4048953322092
111,2,304.45153467582946,416.63991332068764
112,2,305.8784043096543,419.4505900220023
113,2,310.5353284516755,429.0435177211532
114,2,312.98503336194864,417.537609146658
115,2,309.40537394026677,410.184726176303
116,2,311.8916762850215,410.28379922098
117,2,311.5246285726712,410.52556192133477
118,2,312.54674572614755,410.03385515564514
119,2,317.3405345275378,396.03481685132067
120,2,320.81308043781524,395.2156945929044
121,2,318.6377365896849,388.1508234972223
122,2,315.5695155276226,383.9713751382242
123,2,306.6716387936519,371.70128332856217
124,2,307.6815578113569,367.079879773749
125,2,311.07998117309967,357.8962458100415
126,2,314.52257812384363,357.685145533198
127,2,320.0492260010605,349.16297979666
128,2,317.52784536100995,344.1642268636103
129,2,309.0512020232741,324.9770193932985
130,2,301.10289106006866,314.22742230604626
131,2,286.9710670567841,292.4728974316989
132,2,282.5989422099829,282.2114657011816
133,2,274.3249725694468,266.10820618129077
134,2,281.9974530624205,266.9990168222144
135,2,289.0258673756585,262.81190210478525
136,2,291.5138430450286,257.1839040235247
137,2,290.2419188224658,247.06154158211712
138,2,284.80777606324216,237.05437869398997
139,2,375.95966363548655,323.0022833006845
140,2,272.9667018277072,211.95242700970348
141,2,274.55562860961095,203.54384393073715
142,2,285.285971525257,212.06742582781135
143,2,274.881850976774,183.8355242014342
144,2,270.92782529111184,177.38415180915175
145,2,282.7021486881948,184.80813750266748
146,2,293.9266592129507,183.54049719083488
147,2,295.25144654954994,174.4717770310397
148,2,296.4087987892981,170.81670270072755
149,2,295.5348962435948,162.54802626340094
150,2,297.0242024460563,158.89329437289913
151,2,300.87007454701774,158.22520236932095
152,2,301.19252576131134,157.22815454893308
153,2,306.08867272628515,142.22793345976922
154,2,305.1754530792945,129.60610192261697
155,2,310.935914702532,128.38870874274812
156,2,312.2326483838257,124.83216984089351
157,2,327.8144660937196,128.27276355927998
158,2,324.2464994022058,120.65702809940282
159,2,337.7878441666246,132.0083418128679
160,2,346.4716672437958,138.43240385764187
161,2,344.9277657907786,124.34949383828491
162,2,348.21422882283014,121.8175823589481
163,2,363.5038346955147,126.3079860152193
164,2,355.71294429014563,112.61673430956509
165,2,376.7165810677608,129.31481341358412
166,2,385.19800317584014,131.36284889268637
167,2,389.9271436727674,122.59847750930457
168,2,385.6817714739459,112.73367294837337
169,2,434.5162974161996,166.44304199978905
170,2,437.1870819673479,164.408244178044
171,2,437.95251416818564,154.02243661964994
172,2,440.0820159676385,151.50901723068884
173,2,447.7567610049375,148.52794593793925
174,2,461.35982406643456,159.8969531780007
175,2,464.4471737964966,153.63534855337974
176,2,472.55028533949746,157.88659104436962
177,2,495.4999400351971,178.46788507982558
178,2,494.8523153420309,173.0687526247
179,2,508.268848389269,186.71948044118008
180,2,509.4824228008462,184.9487498994711
181,2,509.82736759110895,178.06012763214602
182,2,510.02801265888417,176.40755348942628
183,2,512.8595895755146,175.62092132483497
184,2,513.0340450297798,173.95350317518984
185,2,511.2485643617478,170.911574951425
186,2,512.0055225507591,171.54773005739716
187,2,508.2437935655353,166.1581068253132
188,2,507.68552897030474,165.64592964755582
189,2,509.6652131549994,167.3354492250585
190,2,507.68236920344714,165.5021598248231
191,2,506.23314089357,164.46648669196497
192,2,506.2129203078227,165.00775437477364
193,2,504.09806462153495,162.36854962291292
194,2,504.94259983583385,163.5105337780517
195,2,505.15935355164237,164.50007517796425
196,2,504.8945116336085,164.17845389768132
197,2,502.93725525135363,161.91885932787136
198,2,502.9744391723662,162.04918464947798
199,2,503.0729444445916,161.69770343376902
200,2,502.47763734764186,160.31135134146732
201,2,503.0666070114185,160.92282016219133
202,2,505.3825782401356,163.6656418171686
203,2,507.0622971566757,164.7135418584023
204,2,503.39981080747503,160.3574350581907
205,2,506.32759059373,165.4873508611663
206,2,507.9312033790141,168.48217879460128
207,2,508.2675071071555,172.40883136234146
208,2,507.6358499017653,173.99892666255744
209,2,508.2817534516499,184.5035116412724
210,2,507.56895015328587,189.3314661464208
211,2,506.7744514776841,193.0998507547152
212,2,509.80754714856187,199.91384295069832
213,2,507.9044954428909,199.3994164682089
214,2,507.4362665476238,203.21565613029426
215,2,503.0949884426051,206.532520950168
216,2,502.4284785000704,208.68147281962032
217,2,497.55922998926263,221.00339364602203
218,2,500.8627694359148,227.020778451124
219,2,494.39294556891815,226.0833280968166
220,2,500.69591564863185,237.47896484055593
221,2,506.334818439328,251.74931548536767
222,2,515.0390030839371,265.68477847184494
223,2,515.1902782138783,271.2323236547737
224,2,519.2608056273364,278.9858656443546
1,3,850.174872136079,562.7582078159232
2,3,850.174872136079,562.7582078159232
3,3,850.8493673279382,562.2270294295491
4,3,850.8135472230163,562.1629589535032
5,3,850.8439142619749,561.9556138451453
6,3,850.7478036739019,562.1459999364021
7,3,851.8505319421677,567.645469252324
8,3,852.5924880184889,565.6296862238509
9,3,852.1962648304947,564.7462612671236
10,3,852.1542075594637,564.4176902204508
11,3,852.3440302173698,564.1959443102444
12,3,851.9638901963818,564.2201732151707
13,3,849.5697819323627,570.346880378491
14,3,849.4756454342507,569.3073028258357
15,3,853.4434259886168,565.3628751362894
16,3,852.636293903997,565.62191216277
17,3,852.3497221235172,573.2878015572958
18,3,852.366581687863,568.7884164301347
19,3,852.0646493261645,571.6818040181387
20,3,850.7683871368808,573.8816794836351
21,3,849.6763755868603,572.1275415379088
22,3,850.1927466048265,573.227927625279
23,3,851.1095763986508,573.7055061615611
24,3,853.1712995317965,568.7167795975072
25,3,854.1388623698323,566.8548804319772
26,3,854.7500693924404,566.5799528852717
27,3,851.6851822674973,568.2277689702639
28,3,852.081464799372,566.9683773527692
29,3,852.6736019971536,569.7068446234849
30,3,852.3295003478856,569.6482027778973
31,3,849.324020082303,570.5629659548475
32,3,846.1231342890167,570.0240412223653
33,3,837.2835670058167,565.212707809328
34,3,824.8134785098688,558.0924347601795
35,3,809.4115104234509,550.0707647262269
36,3,805.3248856164092,553.1442547081136
37,3,800.2357924847281,556.8152032553145
38,3,800.7455324160081,558.2106541025249
39,3,805.1030813763931,558.5646475903213
40,3,804.7347277144489,561.0192188642352
41,3,804.0110363348464,561.625504524835
42,3,804.1784476855219,562.2445020013488
43,3,805.5976800270728,566.5455999031944
44,3,803.9405255148445,564.0434766079854
45,3,806.0152166031224,566.713464249631
46,3,805.3723547023875,566.9265435972773
47,3,809.6874579556584,558.1491299678124
48,3,814.1476484745517,560.7868475697331
49,3,816.1479616030109,561.8766785766727
50,3,803.8899403632308,502.9308190569124
51,3,807.6369535851571,491.43431784356096
52,3,829.3388352316949,516.1064021789877
53,3,841.363804431281,540.8888007962365
54,3,845.1403866728682,531.5404518045606
55,3,847.1093786731612,527.4990331126045
56,3,849.3872487526908,529.2841176468047
57,3,836.0425422786349,530.6080336041917
58,3,806.5811035361297,489.9658821389173
59,3,795.0290213323698,497.48767792835133
60,3,791.0155449019611,498.09120404558996
61,3,784.2928311876547,499.47443130468974
62,3,783.3525110168073,503.53720678861157
63,3,780.6922566837701,493.47463664841774
64,3,750.2159306180041,463.645521494886
65,3,727.0821181781617,445.0856768247107
66,3,719.3808218577916,447.90150708996134
67,3,709.8828592738665,456.8299082042989
68,3,702.3501993091362,454.62156014310534
69,3,646.2857129214684,420.96956933481977
70,3,640.8667479798019,426.1168380464576
71,3,633.2071224418272,449.21362008238276
72,3,616.2901240619502,460.1709583836726
73,3,609.0878544346203,470.9363481308409
74,3,603.1982236435667,470.5724064321807
75,3,589.4620005153403,489.03593780347865
76,3,522.3056921998946,426.0879083395498
77,3,495.3525922108345,428.25794925460957
78,3,488.6693554386305,439.7703345776818
79,3,459.95648404825835,440.99698144789687
80,3,431.2436126578862,442.223628318112
81,3,402.5307412675141,443.45027518832705
82,3,392.939387073089,450.58588437478676
83,3,377.52512728580587,453.94772584487123
84,3,385.7933840463111,468.0198794631418
85,3,359.468327619764,479.8537267168566
86,3,349.8170902544956,477.1748622129955
87,3,360.77642018645275,534.3233686652251
88,3,354.79525619553374,537.2299053020013
89,3,346.8989657802221,540.0666550645708
90,3,345.030709056784,544.0896865324133
91,3,298.61364899653796,516.9989565967472
92,3,287.9193584084428,510.2995519018357
93,3,270.2615272620071,503.15140675620285
94,3,273.1295509947815,508.1856899860713
95,3,269.8234347719906,524.6476043508711
96,3,277.92555523880117,540.9723046032727
97,3,270.28242805123676,557.9178119600525
98,3,269.21748930178774,561.4968703123642
99,3,260.84548047344623,564.6600029145397
100,3,261.09566382541476,567.4360041495444
101,3,257.8139772533586,565.4895532255811
102,3,255.86805424178507,564.5188221177403
103,3,252.14885309112165,555.6083122190171
104,3,247.38646958715148,553.6977975970059
105,3,240.7660169223941,529.3179470254182
106,3,242.77822283966518,522.7222463049698
107,3,275.6775832292945,538.7123452693078
108,3,282.87734240251393,544.0552482383528
109,3,282.77117577722026,543.514456518331
110,3,288.755146435601,549.1019490021346
111,3,291.8055478790056,546.7880617402226
112,3,291.88329320733624,544.3794410489486
113,3,289.4512224132009,536.0860743387503
114,3,293.5531713848001,538.64019009414
115,3,296.28082759350383,541.0066547869769
116,3,304.56396577974573,550.1399975842054
117,3,312.8972989594028,558.2638446204745
118,3,312.57193459552025,557.6477377212963
119,3,317.61727862244015,559.8640880293984
120,3,321.5823108361265,557.4109294979395
121,3,309.51993231211975,551.9292518490942
122,3,258.1314014323678,512.9327201257852
123,3,286.43733538052163,544.8492945935395
124,3,305.7340081658513,564.8764268005549
125,3,297.7039969688339,567.2743272674757
126,3,300.1491621102263,569.5786157547226
127,3,297.71240451497863,566.8754027492863
128,3,297.78986611355606,566.8410625652585
129,3,297.153221192835,562.7281064842717
130,3,301.1100180215216,564.3783713280307
131,3,304.0471746908484,565.470967380021
132,3,305.30197099741747,565.4596937863301
133,3,303.3616972268175,559.8922315832417
134,3,301.8146406396307,558.3507323785004
135,3,297.61604705536695,553.7005561622055
136,3,297.6683086961885,551.6396625300646
137,3,292.0221526084807,538.9048905604379
138,3,291.6774565048833,538.4664479277466
139,3,285.577451477891,532.6222616402741
140,3,282.14248993607333,527.8057353943472
141,3,270.34916998921176,513.6630884914357
142,3,274.3171789905123,516.458401496859
143,3,273.6995883793186,516.5133354358278
144,3,280.3535286559596,520.3073951287761
145,3,275.34360228832196,520.3642885614871
146,3,266.6682526346788,515.3871145202594
147,3,265.6314508604193,525.9270072117129
148,3,266.57793269917545,528.645629052624
149,3,280.827310355238,530.1528525230884
150,3,283.6551709580439,532.3489640800204
151,3,259.6006811891115,520.5949507516095
152,3,257.76029351505593,522.1485100716294
153,3,257.9946035578877,522.5925502029614
154,3,257.6602344459918,522.6103534035923
155,3,267.413905511654,527.1674002404887
156,3,268.89111394144845,527.7741692008194
157,3,269.83912232941447,522.704684415859
158,3,274.7161815824172,524.5689759172108
159,3,279.59871727542367,521.8130767501485
160,3,294.3287898757258,532.2528589919882
161,3,294.950592343285,531.5539324797395
162,3,295.6784989130524,531.2472464558128
163,3,305.39812143444675,534.4465970563763
164,3,306.15005084075847,528.5575073955735
165,3,309.3304385585511,516.2502877474291
166,3,309.57146646318466,509.62192007870664
167,3,340.9373256661653,517.1550564647436
168,3,312.0186658763551,486.92113184445816
169,3,329.24161354710157,493.43586875700674
170,3,337.2916013787411,495.04670201108456
171,3,351.85576861834915,492.412536653398
172,3,355.31361150436305,490.31466315414184
173,3,360.11898619824024,491.3537416853257
174,3,362.9522309274843,492.66346114888
175,3,366.3950020960765,493.92760185026896
176,3,364.5845637578671,490.54099067247245
177,3,365.59103541201563,473.5106200098505
178,3,364.76032666711467,468.2443766029208
179,3,374.18699968018734,464.8295765606298
180,3,373.04304244425555,461.1049654626756
181,3,377.81675919820265,458.5654382558832
182,3,381.5739340397835,457.53074360991076
183,3,400.3679810775476,464.48548015970664
184,3,403.60340363655143,465.2618591101381
185,3,401.90506791758435,464.9242881993757
186,3,400.81336605944443,466.4845111214573
187,3,403.3015624945658,473.9016682430248
188,3,407.2925499998757,478.0064094934679
189,3,403.76406441301464,477.24330826912495
190,3,401.85795223998593,475.4268252974637
191,3,395.2523686397298,470.32672453593017
192,3,395.6878551611988,476.5729921005947
193,3,392.4875783677153,486.38995506019967
194,3,387.94193595768206,488.2383254660201
195,3,381.04890836479126,497.51206227311354
196,3,377.4808194819801,500.0024919703754
197,3,367.0702273417411,497.37634268336507
198,3,371.2827667636727,504.96821414728475
199,3,369.84267104168794,514.3243141943166
200,3,361.03163663684984,515.2192173953595
201,3,356.10785829695203,518.8007371122743
202,3,353.5938251549146,519.7060698481105
203,3,351.34550577239554,518.7014506676131
204,3,352.000584280815,522.5218337447008
205,3,350.5547118696487,525.4091141751884
206,3,349.2652966973949,527.1289392553357
207,3,344.08612126212756,531.4122402170119
208,3,343.8048088417989,533.8912424472596
209,3,349.6658764798133,548.4575630061777
210,3,348.39844177591283,552.6850729473512
211,3,335.04171936302623,548.8297153235964
212,3,335.388038396847,552.3394455934568
213,3,311.7952640806354,541.3485219536705
214,3,319.49774344751506,550.9129489614603
215,3,320.11537196905095,564.6357541874124
216,3,321.8911210277954,569.0363735573604
217,3,317.6306732857544,572.4429096929222
218,3,263.05637397468644,531.1489027986438
219,3,316.08244947130424,582.5048601423857
220,3,305.0466513143749,577.5857512969403
221,3,309.66941332170313,584.6444299216669
222,3,308.224997871361,586.8059594210997
223,3,293.38754020197933,589.1382860563936
224,3,291.80385689530743,589.1790810623133
1,4,571.7675389523796,1164.6591483966288
2,4,571.7675389523796,1164.6591483966288
3,4,571.7305864394166,1164.4738258347927
4,4,571.9203204862652,1164.507370228288
5,4,571.5117062236933,1163.9907761458583
6,4,570.8632452188494,1163.736326364876
7,4,571.3644410484237,1164.640423083614
8,4,570.7260064046535,1164.714778871001
9,4,569.3550450028242,1166.1414320092042
10,4,566.8997881411689,1166.2138696487282
11,4,564.7965019492046,1166.1649711781156
12,4,562.7004506299611,1165.1465683533393
13,4,563.5748701047487,1164.4778907874734
14,4,559.0212753287473,1161.7794017235199
15,4,549.1833075497896,1155.6285432800814
16,4,547.1939374876198,1153.3464822588014
17,4,547.3756775107174,1151.6441605466014
18,4,547.4758982335412,1150.7245549538488
19,4,548.0101727147832,1149.9016369100577
20,4,547.9787894019194,1148.710557769089
21,4,550.651966238891,1148.8351980330738
22,4,551.2588882739514,1148.5248036559888
23,4,551.9809414460848,1146.955374387084
24,4,552.5320049679956,1146.7167239121268
25,4,552.8310052767085,1146.531488954723
26,4,552.8289249092592,1146.3515240306522
27,4,552.2177484176316,1145.1388321385366
28,4,551.8111893602812,1144.9291774641752
29,4,551.1500105843315,1144.6007271363133
30,4,546.0869664817045,1141.713533359772
31,4,536.9476605634699,1135.9690259346805
32,4,533.3278377105576,1133.0899791777047
33,4,528.4569287995024,1127.9302995826315
34,4,522.9333604571165,1123.6719855456479
35,4,524.0062361859705,1123.8996743533116
36,4,523.2589399299144,1122.7457351401974
37,4,525.5106683907206,1121.4859435370076
38,4,525.5926417259324,1120.8326592602666
39,4,520.1642166731008,1116.336951914197
40,4,516.5429256626344,1114.7023093197977
41,4,506.7130349341681,1108.0371296315286
42,4,504.5108775289049,1106.7721060513384
43,4,504.90752115656096,1106.108891844962
44,4,507.0906783351266,1106.3177422904887
45,4,507.83712147964445,1105.4148529002748
46,4,509.8537439415714,1105.223184441495
47,4,514.4661021990854,1104.913211260108
48,4,515.8831247058378,1102.9398323556366
49,4,513.791757926918,1102.1727075399658
50,4,516.1115239262097,1098.4986239398427
51,4,515.2531509002357,1092.4466862678883
52,4,512.4989493518797,1086.5929991385801
53,4,475.49619077895426,1059.8064152270367
54,4,464.31247584524345,1038.7755323273493
55,4,466.0425614812888,1032.6443376822565
56,4,465.86738232558224,1034.379633457319
57,4,464.65538686024905,1020.6271060765388
58,4,458.93051990729515,1013.6260592211281
59,4,447.5814300523361,993.4286775349088
60,4,437.6873882808624,982.4540968944631
61,4,444.8138705495795,974.2694353759399
62,4,439.2371483352114,968.3148466818914
63,4,450.20247536361785,957.1168623846488
64,4,449.7573957583972,952.2993284633066
65,4,453.4762937892556,946.2220205759224
66,4,450.76389018529915,942.0970384109353
67,4,448.81562825662706,934.0660432619193
68,4,448.52209538801543,931.7950685487604
69,4,438.02987063674203,918.0337432238007
70,4,419.9579539232724,902.1540125238106
71,4,421.1725767759742,896.8389233405884
72,4,417.76878875828055,891.2145693960407
73,4,400.5082598964957,865.5672678293064
74,4,401.6696542344462,863.8160963534752
75,4,398.06252515987114,858.6382954182848
76,4,396.4880507020546,857.7490845377529
77,4,395.14335023731707,853.7287499564832
78,4,394.6530326894984,853.2424096505677
79,4,384.1301005752183,847.8030050905402
80,4,378.5109069719361,845.798193164978
81,4,377.0596847285094,846.8030212811711
82,4,376.11293186822894,847.3658667915205
83,4,378.30565917262663,840.4537193813356
84,4,376.89536459122314,839.5981786520241
85,4,376.86547215922013,843.0809678869823
86,4,367.37854306752564,842.6000490074418
87,4,340.485267910004,831.6790573850593
88,4,325.2452739646474,825.1654543814068
89,4,369.00700253984405,860.4035325591187
90,4,364.25787828226345,855.6879788694735
91,4,376.000451451173,874.7172650793884
92,4,387.74302462008256,893.7465512893035
93,4,399.4855977889921,912.7758374992185
94,4,293.9939714950683,835.0827485439362
95,4,303.86797644296627,848.3670755990602
96,4,317.79869462163896,856.1979335382923
97,4,373.732193066381,904.1714245282926
98,4,366.82441169564737,898.0567788132648
99,4,360.2573891121884,908.9780147032411
100,4,378.16271520087736,907.0724228508088
101,4,389.49084404623034,910.0443801879426
102,4,403.6095998096569,916.6939494262936
103,4,416.4767274615207,924.1061652454418
104,4,418.4325706426435,925.1506626829434
105,4,419.9030454531777,924.6368629501765
106,4,420.47458268371645,924.6767052464169
107,4,434.57300359432327,910.1119904305026
108,4,439.00120363631663,908.226535150209
109,4,442.63578640442574,903.6006524966367
110,4,450.1226081335815,902.4782645546243
111,4,465.451345443392,897.5971347341225
112,4,470.99194892632687,897.0976237399525
113,4,479.72134620884435,881.158901382858
114,4,483.4910832076352,876.6637315485943
115,4,502.1486427152783,848.1537103113126
116,4,507.2916851247436,851.2220036760416
117,4,513.2595013835065,840.3358383611674
118,4,520.4498162341887,831.5239130536634
119,4,570.1839259027195,849.6933200830042
120,4,586.4879619241057,825.1141284111341
121,4,602.1607307520976,802.9632140826185
122,4,604.9826606158204,802.2614225637093
123,4,632.510836817043,798.8921228303403
124,4,634.8161203086398,787.6562378917722
125,4,666.3110381808366,778.3468889510937
126,4,691.7745366924062,797.1340918682077
127,4,702.5746516815661,785.4410804609014
128,4,705.9854487016655,787.7426791762111
129,4,719.5471916718551,785.7699866506821
130,4,721.9478153363311,784.1721955001195
131,4,722.8353602879806,784.4606316538693
132,4,724.9347602948244,781.5749082830635
133,4,726.7943591900286,781.3891637053324
134,4,724.6122104855913,780.3119522357852
135,4,712.7304727075502,770.5531409663254
136,4,715.3961621570786,768.4819139840666
137,4,701.4174107202305,765.6245937146975
138,4,700.4785677677706,764.1288946237302
139,4,702.4596026723557,767.5004109988606
140,4,697.819683725453,762.6262249423693
141,4,676.7090281315961,751.4593381397257
142,4,671.7610005707486,756.2800683848343
143,4,665.822159857969,774.7865703131075
144,4,656.4809880802799,782.7992804182452
145,4,653.995674587954,807.5003775249073
146,4,643.3773936070033,810.855684730799
147,4,583.5838509639225,764.2639165282633
148,4,649.6426466720362,827.6650672027218
149,4,634.3194284844703,838.423855382197
150,4,632.2509184303393,846.2117555217633
151,4,619.2699663928892,867.7051482318344
152,4,622.8339177919288,879.5649621799483
153,4,581.3620888536165,862.3070133485836
154,4,566.0680359685808,861.2187904660649
155,4,562.368238576355,869.0800027668242
156,4,558.6684411841292,876.9412150675837
157,4,554.9686437919033,884.802427368343
158,4,541.2278215354645,879.9629517612462
159,4,537.1637273160419,891.7773593559634
160,4,598.0627848969433,946.5168590133961
161,4,604.1640859630262,958.6561639567053
162,4,603.3464903442795,961.6263137695792
163,4,603.0162195192324,963.0409952898526
164,4,601.4243484622011,975.5150379042243
165,4,620.3599799840258,1006.7833238529246
166,4,631.528959247457,1011.8021039982062
167,4,638.5537930556902,1022.9544383865494
168,4,639.692061789914,1022.1786727304681
169,4,634.6598850720752,1031.8090823624914
170,4,632.9586553818792,1033.3102730625694
171,4,634.593671576507,1030.902392359639
172,4,631.9564848698436,1031.9318301158717
173,4,625.2968862555196,1030.7725873913516
174,4,594.5267725216119,1007.6602495663312
175,4,589.6767552247313,1022.9120333835031
176,4,547.1095327793299,996.7597305719356
177,4,573.4741072538916,1011.7623382568057
178,4,574.661889086015,1008.9658307129674
179,4,576.9253810511565,1006.0513969030501
180,4,603.9232046647738,1036.6115141009277
181,4,500.1901102374982,960.0512764231515
182,4,536.086669411898,982.8721421337876
183,4,509.79636756544517,955.3824049306994
184,4,526.4178506964104,965.2298686771819
185,4,518.6032013442396,948.0745564907062
186,4,511.3647361658117,941.3835062818088
187,4,542.34296310752,949.1994925198816
188,4,538.0794511356777,957.0069852990456
189,4,543.2027756178511,952.4796935277568
190,4,548.0637932652136,949.7511053520808
191,4,550.6378284449005,943.6669069383112
192,4,551.5974872568918,939.9976993939028
193,4,561.1067870116552,927.2648407572426
194,4,562.6071094188293,923.5027371299944
195,4,559.4148214030103,913.0598138152881
196,4,566.6955244496849,914.6547195508318
197,4,564.7436843857829,905.6661809266593
198,4,580.0260113139924,915.1285235818729
199,4,616.5400257822115,927.5232617543572
200,4,602.7010184030951,913.642647650902
201,4,633.5372950365086,927.1327692775362
202,4,641.1018579267494,930.1441244473327
203,4,617.6077252107249,908.526233640605
204,4,689.2649121601789,961.5274116616309
205,4,699.6396113922395,953.5896538938592
206,4,696.2521718700236,950.8705467375025
207,4,677.2927783286597,944.2001384179529
208,4,681.1829079452732,945.640208421644
209,4,689.7031919744969,949.4292468595058
210,4,695.4374752513071,942.162710228019
211,4,697.7522505206474,943.1563544926906
212,4,693.4587730847475,938.1293313829226
213,4,696.8038150008977,942.0153468780229
214,4,690.1208047350057,939.9049403182063
215,4,698.3503149671595,946.4567913888229
216,4,698.5818910093661,947.5820596022971
217,4,693.8469232711736,949.682137562447
218,4,695.728609619077,950.2200898813891
219,4,695.3766937544821,951.1862403075069
220,4,695.6952914556144,952.1592765305857
221,4,698.4462960780952,952.8746603732792
222,4,697.7510374357624,951.3884387556711
223,4,699.9072300167343,949.7261526272418
224,4,701.5621709898023,946.2974389022141
1,5,535.9984580922516,248.34226393748176
2,5,535.9984580922516,248.34226393748176
3,5,537.033090512556,254.4208062851746
4,5,534.0216684692928,252.68359547752175
5,5,532.7378709303307,252.11057107786502
6,5,533.3388756298075,253.299938672457
7,5,539.2611278659804,261.07451594708886
8,5,538.3653250415484,261.10353921991697
9,5,537.8210770315154,261.8725358024984
10,5,537.0095064536008,262.98494297016134
11,5,531.2588042673973,263.7075375375685
12,5,534.0915726719226,270.4519468241298
13,5,528.2507161149287,264.92069206530886
14,5,528.5908475506477,266.2310107245385
15,5,529.3119731989044,270.4524107437324
16,5,532.0202179667432,274.23024268875554
17,5,536.6324969052201,276.2039199383572
18,5,535.4187611592265,276.8262087547594
19,5,541.2545531362111,286.80303092749165
20,5,545.7919546203609,289.69795647861235
21,5,549.6994859409989,287.4525599516366
22,5,555.7636883782538,290.10382951974185
23,5,564.1285565417941,273.9892234430078
24,5,561.3061103836715,277.0157948639545
25,5,559.4267434996361,268.7533635098738
26,5,567.9232643928242,274.1817694653989
27,5,602.8635807222348,319.1758887064828
28,5,609.0159525222374,325.3873550445149
29,5,631.9267087695915,351.4610309076792
30,5,632.0609210508337,351.5698912353295
31,5,632.9712527701355,350.48081861132863
32,5,629.9020959552932,351.81157154973346
33,5,624.4651855509206,339.1303041895149
34,5,627.733413453607,342.7684499699668
35,5,660.6667736299312,389.4342082778193
36,5,669.252058692108,402.8531931948377
37,5,680.0097945120862,414.0725024267145
38,5,686.9224330393588,413.6453442013025
39,5,688.1898652202466,437.6845309854816
40,5,684.7013269387994,435.27092619769917
41,5,685.5482497497862,441.2773396177549
42,5,687.1605138525209,445.57892206905063
43,5,684.8433794292206,451.09041314099983
44,5,685.8370784472467,456.0763582898742
45,5,690.8640255614446,473.8473470748202
46,5,693.8089596082958,479.6360583265653
47,5,687.4852225578812,486.30415436282675
48,5,685.9427449914187,487.9819428446644
49,5,683.2301907332122,491.24437034324677
50,5,679.9724582154836,490.8943394199182
51,5,677.988808912183,493.3725290187984
52,5,677.6348669937755,496.4048569975538
53,5,675.215840290613,499.0625484019933
54,5,673.4075228090253,501.1756705104128
55,5,668.6910024478808,507.7059844962304
56,5,664.0368013580539,508.1671543240887
57,5,637.1219657740737,489.2739833434093
58,5,635.1978715801333,493.6481996522532
59,5,632.3703355741113,500.2311386145677
60,5,629.09660492382,503.98228549080983
61,5,625.1148608452228,511.9309262852667
62,5,622.1807607012149,520.5917575301829
63,5,600.0678217885517,505.84966282337496
64,5,598.672196671927,516.2738872270405
65,5,557.2918118237023,482.3179618686493
66,5,522.6832651580631,451.39281421595444
67,5,542.0831817134367,488.86299978459937
68,5,531.2382539995909,491.7864543159595
69,5,520.3933262857452,494.7099088473196
70,5,509.54839857189944,497.6333633786797
71,5,498.7034708580537,500.55681791003985
72,5,487.85854314420794,503.48027244139996
73,5,477.01361543036217,506.40372697276007
74,5,466.16868771651644,509.3271815041202
75,5,445.39358141803626,518.0466837641275
76,5,435.6496032157035,518.7179625308244
77,5,426.93946264754794,540.8260095077308
78,5,428.6640438802345,554.8139211398294
79,5,408.69050192760216,542.0359582359092
80,5,381.04092580354506,527.3032376869996
81,5,354.72059978042455,531.4393529308047
82,5,351.59865971916014,541.0982586323796
83,5,334.9394890592653,550.6623854194705
84,5,307.06399586075236,539.6846842080569
85,5,277.87318422292446,550.140773372229
86,5,265.9073338872216,551.0076109460556
87,5,288.79208584366705,594.2367915066852
88,5,284.5101054590859,596.8999902129167
89,5,257.06904989818963,586.3418935821015
90,5,261.75090548513043,613.4800531587188
91,5,170.2652776343674,564.0332697164969
92,5,177.7002104894956,584.9919220276257
93,5,198.50250982803098,615.6972674418018
94,5,223.0905373445521,641.0183990395901
95,5,204.3328136074534,643.626515768917
96,5,238.18119307109853,696.9958843692534
97,5,232.4519302460518,700.9682606033826
98,5,178.95450119963576,670.5271420866003
99,5,225.02675530405043,717.3525021405444
100,5,211.66429574442304,726.2109004443025
101,5,213.54990423807513,747.0445891209852
102,5,217.80593460831605,756.3722666841294
103,5,212.01350484556602,738.3843429154132
104,5,212.64433858998922,757.3854987107325
105,5,221.59808694252877,784.9691326035911
106,5,230.5518352950683,812.5527664964499
107,5,225.79575907463584,804.980202438164
108,5,232.62337552170177,823.0079963088451
109,5,253.09860528803767,857.7611782065493
110,5,260.3126158091616,871.5116241199355
111,5,260.14646972275983,896.3468657385074
112,5,262.4156120409218,905.7396119338904
113,5,264.69653801606,904.3491968451294
114,5,266.2369168848553,914.8251272655782
115,5,251.84167336913646,922.4598889890391
116,5,245.86176911163142,936.1459981396301
117,5,227.5258797620326,929.7602043311391
118,5,220.81664117964706,937.1471230817482
119,5,261.4311852539022,975.9498170767405
120,5,264.8995325877843,985.8682314839299
121,5,233.61716385573993,989.5193376208615
122,5,238.35541420907924,996.2925043901058
123,5,285.56705981681216,1025.6193597379593
124,5,288.5216401527894,1033.472675094272
125,5,290.6151332240731,1046.359296311722
126,5,288.167162986288,1047.7307109976887
127,5,272.43287267177857,1053.414876139979
128,5,278.0428525450927,1059.2892239129983
129,5,285.6055441831367,1071.5551374740883
130,5,288.5509712358888,1081.5076334315888
131,5,319.11851836061044,1103.3402510611827
132,5,321.244319208739,1104.941285852604
133,5,333.8699386577163,1108.913169684465
134,5,344.26876953187,1111.1841521497881
135,5,354.24195410101726,1117.5128230088494
136,5,355.8894043844316,1121.772098235559
137,5,365.3168638903665,1118.699716328585
138,5,366.89085759035567,1118.5110800013979
139,5,370.8020306768197,1115.6356655727336
140,5,385.88695214974734,1121.3556602043448
141,5,397.2511212170221,1124.54580450663
142,5,444.13168847293997,1143.6999949628012
143,5,449.381087088277,1137.4416742043732
144,5,447.81702458163085,1142.4796958798554
145,5,463.6741984867278,1134.0470320209504
146,5,466.56516424396426,1136.0659931993544
147,5,473.846173994885,1147.4076435331312
148,5,480.2459729316674,1147.5894617856086
149,5,482.08743373743044,1151.7816329199768
150,5,491.3989318962936,1158.2011285385745
151,5,500.1763590144031,1164.573841536736
152,5,494.3630074153734,1163.4389771422352
153,5,548.1209560185442,1190.633047277855
154,5,554.2402483364597,1194.6549835294898
155,5,553.6594357542988,1193.9849230193881
156,5,553.1379103786473,1193.8668216782603
157,5,553.9797121533641,1198.1190442317716
158,5,556.3061567898949,1196.694367828128
159,5,565.2002219511834,1181.9419168733627
160,5,561.8836821358227,1181.7369872168479
161,5,572.3290975647459,1172.5459906239303
162,5,569.9079107529902,1171.2163372929995
163,5,587.355637069463,1175.635163827981
164,5,588.9254587412762,1175.62648103132
165,5,598.5147631926818,1167.8601987521768
166,5,603.3001456398606,1161.7914348037866
167,5,598.0052299198917,1133.927753356772
168,5,600.0793796438163,1133.4915487435119
169,5,584.8396845756891,1113.2627849249461
170,5,610.2390066617829,1129.4844285512904
171,5,613.247317245006,1084.5963580140897
172,5,572.9818067830337,1052.7673142803303
173,5,630.5586700386652,1100.483312739527
174,5,624.3538212619407,1099.5951872156188
175,5,610.7503105870187,1092.825738951233
176,5,617.1196048379811,1099.6484446011423
177,5,610.4478089201805,1091.2928695982405
178,5,611.4109179556438,1089.5001848838428
179,5,618.8832647739486,1076.5498551003927
180,5,618.5642538022082,1075.183158899521
181,5,620.7875974317805,1077.2269840151862
182,5,619.558049798006,1076.4793318963298
183,5,609.6851515276921,1074.9742356618856
184,5,600.4777744395409,1082.6785899635822
185,5,577.7917352286432,1055.9365954603422
186,5,580.660412379262,1059.133742952752
187,5,583.4111930746084,1069.5519458353233
188,5,595.4915359667528,1077.740827947096
189,5,587.6673703610185,1077.1609738344146
190,5,580.2230461119666,1074.2944150146952
191,5,570.7965335579352,1070.3903470324635
192,5,571.3734159228707,1077.6314402398712
193,5,569.5381147163336,1086.5843447297657
194,5,566.3674512490338,1087.333387759795
195,5,562.123724623474,1097.8995124848122
196,5,562.153214187745,1101.382391733441
197,5,559.1211283673852,1117.3622845406535
198,5,560.6134391914389,1122.2918072961402
199,5,563.7210870434262,1134.3449166290138
200,5,565.9804660487516,1139.1170746377682
201,5,568.4643159970102,1144.0338703112757
202,5,568.7157702582462,1147.8962260404405
203,5,566.0008895721751,1154.536125214245
204,5,564.6048890380608,1158.6943645273639
205,5,556.635240560705,1170.7963411799187
206,5,558.3745872865627,1176.4623377292583
207,5,548.8918655443365,1181.7818320655579
208,5,543.2249768703864,1183.7839898769223
209,5,546.5761813297853,1196.6918431153824
210,5,571.7748959084549,1210.7675130869518
211,5,558.068719443942,1210.3611803599847
212,5,555.1148077507459,1211.3359153331971
213,5,560.9285712171461,1222.216780035569
214,5,561.4891957606294,1227.3394988091068
215,5,557.815430743011,1235.183540838266
216,5,555.5368316427437,1240.0319242329547
217,5,553.1582110443644,1253.2209474236781
218,5,552.1664542806573,1255.764739541657
219,5,550.7916034087742,1264.0326216614358
220,5,546.963333364542,1267.7711197073477
221,5,544.6617231617447,1277.877886345777
222,5,547.4523604152566,1280.4736811036423
223,5,550.7183741344503,1285.452982222757
224,5,549.2478645866225,1287.1065899850587
1,7,590.6879076010944,129.74026236707414
2,7,590.6879076010944,129.74026236707414
3,7,590.0314401645069,133.70912315405675
4,7,580.292014371165,122.2632793801077
5,7,571.8552939591683,113.87514884084284
6,7,577.0112910550027,124.87266935753186
7,7,572.8765034367246,131.93195095804847
8,7,575.2007513228474,136.17634099387527
9,7,550.4889799639126,110.96755582923441
10,7,523.8503480352567,79.56112878351442
11,7,574.1305923481049,155.98862415342322
12,7,576.6326764805912,161.2882399768136
13,7,582.0805033872908,176.84080654189995
14,7,583.6087055930085,178.17216368038777
15,7,590.2857005703612,177.67047750787606
16,7,606.1710613891855,195.5873696870032
17,7,606.1930844432941,193.55792766044175
18,7,606.712115034535,192.905984529293
19,7,606.9332732796223,192.52441870979982
20,7,609.5970179128526,194.1926442429869
21,7,608.9291971198361,192.36946685462266
22,7,610.3843533190345,195.38929544718908
23,7,632.418055857666,223.85211199132195
24,7,671.4018305189738,276.60519866618995
25,7,672.8219574657478,275.23669822535294
26,7,678.5071311195218,284.5105364888331
27,7,686.3801637651035,292.10800303798845
28,7,697.7924871064436,309.29736139826923
29,7,710.7507967312243,329.6015765214898
30,7,720.0359409051731,344.28484989201155
31,7,759.9135846456937,401.4789689631984
32,7,767.1144326369039,411.9541954972329
33,7,774.2904144665747,431.05515407606947
34,7,776.5616492639566,434.2867058134745
35,7,771.9121702493866,427.6892355828864
36,7,771.5033990114084,431.94892246543463
37,7,776.3654256919755,451.74852593679674
38,7,788.80417213972,467.4997754678137
39,7,801.6412653030794,481.43706460733006
40,7,800.6865627762563,480.21556024526336
41,7,800.0173322793671,485.3570329247345
42,7,800.632888947839,487.5272734012704
43,7,802.3330688162249,493.06417400104414
44,7,797.96515737351,494.36513763396584
45,7,797.8525305712413,495.4372984481576
46,7,800.2690364576215,498.59383470236736
47,7,771.9663793378186,471.9664883498655
48,7,780.0436440946713,481.05145094510107
49,7,780.9211659705206,493.08541623804456
50,7,781.79868784637,505.1193815309881
51,7,765.5231892161971,499.3924322345993
52,7,761.5239723163116,495.01972400459334
53,7,764.8090983318816,497.2960613201857
54,7,770.4681226901876,499.77400738461586
55,7,765.0124475983498,503.6304365764986
56,7,764.9425174303727,506.7284140025503
57,7,759.7687516385649,517.6871946949398
58,7,754.7704655482639,526.9599032367663
59,7,752.4892975206011,535.0969785209833
60,7,748.605096272295,548.2142358288368
61,7,741.122684513525,558.5877992261205
62,7,736.0669229600435,564.7850657446995
63,7,732.1209048988742,569.4834714036141
64,7,726.6951069893231,569.5567248370509
65,7,700.5446155919417,575.2264229780359
66,7,694.2026390696558,590.6769820822096
67,7,678.4701600400228,616.447414671627
68,7,674.3031200055806,623.279570529916
69,7,662.7257500378269,632.6790894611778
70,7,662.4298043613753,636.6228227552385
71,7,598.7609718991969,601.3125949556317
72,7,586.4271718102335,596.3054896003524
73,7,572.4694664517657,633.7968416991822
74,7,573.2679366573552,643.365056313131
75,7,559.9470084405177,658.7947946980925
76,7,555.9494037402882,664.0118211863253
77,7,520.6648673619155,672.9768662291489
78,7,521.890633582858,693.6882900694699
79,7,505.2020469380919,721.5479336710315
80,7,500.6825731183311,729.5091487086733
81,7,491.0786209733695,745.1168859520119
82,7,486.2476922045201,750.6269101545672
83,7,483.9819388789642,779.5950014289982
84,7,445.93974223583416,767.7937263159566
85,7,460.25062244736404,824.8422074154283
86,7,446.0174310965865,822.8231455400427
87,7,443.8663014922456,844.9013680193485
88,7,447.73820752810394,867.5275028009855
89,7,424.7371050082328,864.4620860442712
90,7,420.8691435493622,879.9124054411557
91,7,425.9698163336875,902.634721873792
92,7,434.5613412267882,919.5174460208049
93,7,421.2290030488713,933.2500093261887
94,7,407.89666487095434,946.9825726315725
95,7,394.5643266930374,960.7151359369562
96,7,368.81308077487324,956.4979412313503
97,7,395.8359192679296,993.4742054876343
98,7,398.20755168385153,1004.1839381037491
99,7,371.7986874001485,1019.6317408114974
100,7,370.9101078878545,1040.1254991710218
101,7,365.55647453204307,1063.7057723322162
102,7,358.97943381001306,1060.7699288504118
103,7,382.6735368388198,1095.1072329671142
104,7,380.8572255361209,1107.3246716670105
105,7,365.8707615340579,1135.5640146450858
106,7,364.59965836722887,1149.8832356659843
107,7,353.12906208449374,1158.8364260916646
108,7,347.4200482741701,1170.4632499328532
109,7,348.8575330707088,1189.8269556196005
110,7,364.9825034388927,1212.6175820608435
111,7,372.65343432610996,1238.848033679878
112,7,363.8653609038759,1244.8960440346332
113,7,352.46120089516216,1259.73330948285
114,7,345.2282665659895,1270.2907324487944
115,7,330.09746198215686,1294.7710071620647
116,7,327.7455990928271,1310.4661352094327
117,7,322.4712113070144,1338.214522729098
118,7,321.8779493128796,1342.9075673510772
119,7,297.09674773293,1350.652694079554
120,7,321.90268401209056,1361.8743029961304
121,7,293.5231286807925,1366.2718001387273
122,7,278.2240900971157,1367.4877298792003
123,7,334.8681512368267,1396.7795658343837
124,7,350.7261694147431,1412.36565913061
125,7,321.2206748653738,1421.7400678427746
126,7,333.28726040521053,1428.3841668996613
127,7,378.2923028937386,1442.001531374117
128,7,377.5183389029559,1443.4874250020393
129,7,381.2969265646343,1447.3731205219217
130,7,377.1815269096981,1446.646889580444
131,7,385.22892075719795,1447.180147613649
132,7,384.65883730885236,1447.0570502012504
133,7,387.7538997816637,1446.2872352354882
134,7,392.85538181005023,1445.4165279525137
135,7,420.5856075188363,1443.9992053680521
136,7,427.04705931846297,1442.5025465159301
137,7,434.93589136060575,1434.2193633390755
138,7,440.9140302094006,1428.8768185038396
139,7,460.5370326185717,1405.91984428971
140,7,501.2639549206765,1408.8260386229929
141,7,488.30427581733693,1387.3233422970288
142,7,474.075035292399,1379.2515801962106
143,7,548.2722572486151,1396.7681961235178
144,7,571.1114634570379,1399.9209272454632
145,7,575.5762476790463,1392.9054627242658
146,7,582.0248245847885,1391.4753581217644
147,7,593.9191189789838,1379.2685387513095
148,7,594.1416952009691,1379.2456540639148
149,7,614.0957988406248,1382.0786627801976
150,7,616.037664878473,1382.658828068735
151,7,624.7103612380956,1372.9011441355774
152,7,625.4081448161611,1367.4208551532795
153,7,631.5056203537945,1364.066833017358
154,7,633.8951620269906,1361.990204963857
155,7,637.5462655929065,1356.5196928408343
156,7,640.2664125225702,1352.1302574158756
157,7,640.4808926083406,1334.616850508448
158,7,654.2513728396078,1330.5001406047684
159,7,665.0762618249503,1313.171337002503
160,7,677.997990464328,1313.2917450536963
161,7,677.6468821165831,1303.7806276514902
162,7,672.791809596211,1291.9396418827596
163,7,673.1177379601779,1275.4351219149507
164,7,682.29325025545,1274.3406780906505
165,7,686.9122188914174,1265.364288208258
166,7,691.7244603972857,1258.5991986425224
167,7,710.7187226663953,1231.6406752083458
168,7,715.0286857806659,1219.3201428048908
169,7,624.7346891803302,1144.6357719485534
170,7,698.0360823532898,1175.9742714962
171,7,711.4866184829123,1155.4966849521986
172,7,738.8331164961305,1153.528754028698
173,7,744.7210037218422,1134.9983032464604
174,7,757.8168709364829,1136.3745878120847
175,7,762.7739581578028,1128.1012232106116
176,7,766.4667633722531,1116.933973659913
177,7,781.7798807934217,1090.0732662165015
178,7,793.0222963617503,1083.6355970805207
179,7,800.2428861608499,1073.1513786930425
180,7,807.3472839019754,1074.539287385786
181,7,819.5151090866145,1055.3539176319737
182,7,826.1354016787992,1048.9084934301304
183,7,831.5571516601958,1039.186926212667
184,7,826.5784094083289,1032.7824445689628
185,7,827.0203755991461,1028.41383511883
186,7,825.9699663117308,1022.8668096126427
187,7,825.6191924286585,1013.095307243847
188,7,825.5134958115838,1011.5779291135607
189,7,825.1770143539493,1011.2535833138196
190,7,825.1249805570293,1011.0709941497843
191,7,825.6383041833234,1011.7175721053086
192,7,826.1769994541572,1011.8306348962078
193,7,824.5158602486867,1012.7841650520454
194,7,827.5725285617541,1005.1175767564227
195,7,824.416750688755,1002.2600734923207
196,7,818.7807535234474,1006.1329327510254
197,7,776.8172746231232,970.8557556803784
198,7,773.3818833178057,967.960238364609
199,7,755.7774207893895,953.7993387017705
200,7,756.1619743365968,955.2925611722684
201,7,756.3301597514077,956.1632915672996
202,7,762.5606414678424,962.1583088552999
203,7,774.1460339665972,974.6842958517635
204,7,790.0586106144877,988.3712411533638
205,7,791.5426017668171,989.6076539292168
206,7,788.8886069991374,987.3833192383363
207,7,782.45787771548,979.7661581867545
208,7,780.3774894075472,978.9033147516393
209,7,784.2269660037529,968.4181023176304
210,7,780.3243198372647,969.2592903562978
211,7,778.0999668179085,966.0025445706374
212,7,780.0337415670223,964.4608409304182
213,7,783.071751122558,964.1412811386258
214,7,783.4230571514037,963.4342900361339
215,7,782.6814042780368,962.7566959023278
216,7,782.8767393828088,962.3926778934848
217,7,783.5115642051072,957.1230080707993
218,7,784.6943877750231,955.7479777451155
219,7,787.9817226474042,949.5479674687434
220,7,793.809971895877,946.1115044301772
221,7,803.7996613033403,942.2934664844618
222,7,810.7214442672039,944.8089171827487
223,7,799.6156926080108,934.4425365048929
224,7,803.4973261810574,937.9333414455579
