1,1,1036.7470458984374,472.764990234375,112.52658691406259,246.23500976562502,0.9244897708306752,-1,-1,-1
1,2,241.08870849609374,379.6668731689453,49.109765624999994,104.79147033691407,0.9215298848114202,-1,-1,-1
1,3,1031.5943481445313,368.62987060546874,53.9857177734375,147.01173706054686,0.9202417466686654,-1,-1,-1
1,4,341.3003356933594,359.745556640625,48.692395019531205,105.27736816406247,0.9171415839084816,-1,-1,-1
1,5,782.1071411132812,354.6499328613281,54.86000976562502,127.76704101562495,0.91678449970507,-1,-1,-1
1,6,417.43089294433594,324.1173889160156,35.601470947265625,68.88350830078122,0.8757118587133448,-1,-1,-1
1,7,374.33897094726564,312.5666931152344,38.16210937499994,80.04281616210932,0.858567385871261,-1,-1,-1
1,8,732.1228637695312,316.09267272949216,43.33370361328116,51.70122070312499,0.7368075392569828,-1,-1,-1
2,8,732.1228637695312,316.09267272949216,43.33370361328116,51.70122070312499,0.7368075392569828,-1,-1,-1
2,7,374.33897094726564,312.5666931152344,38.16210937499994,80.04281616210932,0.858567385871261,-1,-1,-1
2,5,782.1071411132812,354.6499328613281,54.86000976562502,127.76704101562495,0.91678449970507,-1,-1,-1
2,6,417.43089294433594,324.1173889160156,35.601470947265625,68.88350830078122,0.8757118587133448,-1,-1,-1
2,3,1031.5943481445313,368.62987060546874,53.9857177734375,147.01173706054686,0.9202417466686654,-1,-1,-1
2,2,241.08870849609374,379.6668731689453,49.109765624999994,104.79147033691407,0.9215298848114202,-1,-1,-1
2,1,1036.7470458984374,472.764990234375,112.52658691406259,246.23500976562502,0.9244897708306752,-1,-1,-1
2,4,341.3003356933594,359.745556640625,48.692395019531205,105.27736816406247,0.9171415839084816,-1,-1,-1
3,1,1036.7312255859374,472.71088256835935,112.49692382812509,246.28911743164065,0.9262253241452356,-1,-1,-1
3,2,241.047509765625,379.6569030761719,49.15222778320313,104.77073364257808,0.9210396935957021,-1,-1,-1
3,3,1031.6212646484375,368.61358337402345,53.905957031249955,147.04862365722653,0.9206043214313056,-1,-1,-1
3,4,341.12958068847655,359.7965057373047,48.87180175781248,105.23031921386718,0.9176449067368573,-1,-1,-1
3,5,781.9524536132812,354.6328216552734,55.078747558593705,127.8718231201172,0.9174302954506324,-1,-1,-1
3,6,417.407876586914,324.16990356445314,35.73786621093751,68.87807006835936,0.8747099302099031,-1,-1,-1
3,7,374.3210906982422,312.60484313964844,38.206878662109375,80.04133300781245,0.8584495741165625,-1,-1,-1
3,8,732.1395629882812,316.14650573730466,43.273937988281205,50.29546508789065,0.7381683466716566,-1,-1,-1
4,6,418.5854187011719,323.3669403076172,35.63217773437498,69.97456054687495,0.8875972078469907,-1,-1,-1
4,8,732.1142395019531,316.0812744140625,43.35699462890625,51.83783569335941,0.7301787902202008,-1,-1,-1
4,7,375.8890045166016,313.4363708496094,39.7083801269531,79.78227539062499,0.8655126665361905,-1,-1,-1
4,3,1035.087561035156,367.8878265380859,51.99960937500009,147.39425354003907,0.913070316773883,-1,-1,-1
4,5,781.1635803222656,354.28925170898435,57.42839355468743,127.99627075195315,0.9207631772948588,-1,-1,-1
4,2,239.90861206054686,379.82386779785156,50.09919433593748,104.77488098144528,0.9186555487714649,-1,-1,-1
4,1,1036.7823120117187,472.71857299804685,112.48154296875009,246.28142700195315,0.9273790695999011,-1,-1,-1
4,4,340.7007843017578,360.0262023925781,49.391070556640614,104.94041748046874,0.9174300991400841,-1,-1,-1
5,1,1036.6324584960937,472.55657958984375,112.44001464843745,246.44342041015625,0.9258759275313224,-1,-1,-1
5,2,238.29570922851562,380.3230041503906,51.56669311523436,103.88353271484374,0.9195544806062941,-1,-1,-1
5,4,339.78282165527344,360.4624969482422,50.248443603515625,104.57597351074219,0.9182844841437543,-1,-1,-1
5,3,1040.112707519531,366.5067626953125,52.17561035156268,149.48953857421878,0.910160970195566,-1,-1,-1
5,5,780.6075622558593,351.6240509033203,59.69608154296873,129.96235656738276,0.9083690354097556,-1,-1,-1
5,6,420.88186340332027,321.1438842773437,35.24238281250001,71.13746337890626,0.8817245818861039,-1,-1,-1
5,7,378.15012817382814,313.06365966796875,46.251177978515614,84.01173706054686,0.8731734646135436,-1,-1,-1
5,8,732.1290161132812,316.09291992187497,43.4674072265625,54.502294921875034,0.7267633916942984,-1,-1,-1
6,8,732.2384948730469,316.1430999755859,43.25987548828118,51.557904052734386,0.7321257194128066,-1,-1,-1
6,6,419.56605834960936,318.5883819580078,37.3957580566406,74.74031982421872,0.8763089416515868,-1,-1,-1
6,7,381.44435119628906,316.43536376953125,45.32953491210935,80.81894531249998,0.8793424610644323,-1,-1,-1
6,5,778.4313354492188,349.8985107421875,61.61824951171866,130.59794311523433,0.9115276903766514,-1,-1,-1
6,1,1036.6213623046874,472.379150390625,112.78916015625009,246.620849609375,0.9246873346596729,-1,-1,-1
6,3,1041.4721557617188,367.3272766113281,53.19975585937482,148.58646240234373,0.9151116235505796,-1,-1,-1
6,4,339.5383758544922,360.51479187011716,50.44268188476559,104.44985046386716,0.9218453021824047,-1,-1,-1
6,2,238.59132385253906,380.61158752441406,51.698693847656216,103.51205749511718,0.9135483171430181,-1,-1,-1
7,2,237.56204223632812,379.5264404296875,57.029644775390636,104.22833862304685,0.9047403464405015,-1,-1,-1
7,8,732.483544921875,316.19965209960935,42.81833496093748,53.575598144531284,0.7059030839576934,-1,-1,-1
7,6,421.77766113281245,317.6879150390625,39.007727050781284,76.71566162109372,0.884271326596533,-1,-1,-1
7,7,384.19054870605464,318.72821044921875,44.08417968750001,78.89760131835936,0.9071969524917023,-1,-1,-1
7,4,338.55455017089844,361.2111328125,51.15086059570308,103.87941284179686,0.9238316169176812,-1,-1,-1
7,3,1043.6999633789062,368.608804321289,55.2711181640625,146.46876525878912,0.9183278754863409,-1,-1,-1
7,1,1036.7550659179688,472.778173828125,112.49978027343741,246.22182617187502,0.9271479979749131,-1,-1,-1
7,5,777.0052001953125,348.95126953125,63.163256835937545,128.36431274414065,0.9104074062092948,-1,-1,-1
8,1,1036.7255126953125,472.5919555664062,112.63601074218741,246.40804443359377,0.9259678737610102,-1,-1,-1
8,6,422.87426147460934,317.7405670166016,38.494281005859364,76.5224670410156,0.8775586251503675,-1,-1,-1
8,7,384.67213439941406,318.96046142578126,43.641815185546875,78.21480102539061,0.9012918152587446,-1,-1,-1
8,2,236.9885284423828,378.69386901855466,54.8135925292969,104.99537658691406,0.9101619336950222,-1,-1,-1
8,8,732.3620910644531,316.19492797851564,43.062451171874955,52.721575927734364,0.719588157796764,-1,-1,-1
8,5,775.8714660644531,347.3704467773437,63.65061035156248,127.67244873046877,0.9166241402199837,-1,-1,-1
8,4,338.4686645507812,362.2599426269531,50.869281005859364,102.72557373046874,0.9254381687429465,-1,-1,-1
8,3,1044.00263671875,367.87807617187497,56.806347656249955,146.87578125,0.9163117481869598,-1,-1,-1
9,1,1036.6324584960937,473.06370849609374,112.18798828125,245.93629150390626,0.9317881193478641,-1,-1,-1
9,5,775.8115905761719,344.72900390625,58.765759277343705,124.29865722656245,0.919130544401412,-1,-1,-1
9,4,338.34759521484375,364.01899108886715,49.830413818359375,101.77418518066406,0.918735554121529,-1,-1,-1
9,2,233.20384826660154,375.3231262207031,56.98767700195316,107.65843505859374,0.9157457016945436,-1,-1,-1
9,3,1045.1468627929687,366.27517089843747,59.19631347656241,146.66000976562503,0.9146219279133803,-1,-1,-1
9,6,422.32472534179686,318.5127685546875,41.755902099609386,75.78039550781244,0.8966393261504777,-1,-1,-1
9,8,731.9309326171875,316.5472869873047,43.54398193359373,46.0343078613281,0.7511677497547993,-1,-1,-1
9,7,383.89589538574216,317.63811950683595,44.97286376953127,79.86417846679683,0.9310403350086034,-1,-1,-1
10,8,731.9005554199218,316.5369873046875,43.610888671875045,46.42717895507809,0.7456718791598327,-1,-1,-1
10,7,383.4342498779297,317.3083099365234,45.626220703125,80.19514160156251,0.9295237628277953,-1,-1,-1
10,1,1036.5858764648438,473.07612304687495,112.18864746093755,245.92387695312505,0.9317503607292821,-1,-1,-1
10,6,423.96251220703124,318.54624938964844,41.61939697265626,75.57456665039058,0.8918749133477455,-1,-1,-1
10,3,1045.44140625,366.521923828125,60.82558593749991,145.20624389648435,0.9148012346445498,-1,-1,-1
10,4,338.54035034179685,364.60862731933594,48.94744262695315,101.44756164550779,0.9156652572204251,-1,-1,-1
10,2,232.002685546875,374.33787231445314,53.29248046875,107.5863098144531,0.918070889667959,-1,-1,-1
10,5,775.271173095703,343.50034790039064,57.56989746093757,124.13677368164059,0.9124155143044383,-1,-1,-1
11,6,427.22619323730464,318.7541931152344,40.69898986816406,75.90140991210933,0.8870507403584931,-1,-1,-1
11,7,383.34523315429686,317.64429931640626,43.378253173828114,80.4973205566406,0.9037683014269149,-1,-1,-1
11,3,1051.17626953125,364.40546264648435,57.786328124999955,141.8477783203125,0.9074455474430465,-1,-1,-1
11,8,732.0661193847656,316.4498657226562,43.22482910156248,48.17839965820315,0.7329105407904457,-1,-1,-1
11,2,226.9960235595703,370.26776733398435,55.5859313964844,110.32547607421873,0.9155762363555837,-1,-1,-1
11,5,773.1786071777343,344.4484405517578,54.13282470703132,121.6556488037109,0.9228314568408926,-1,-1,-1
11,1,1036.6718994140624,473.0089965820312,111.99638671875005,245.99100341796878,0.9323197127194902,-1,-1,-1
11,4,338.528759765625,365.9519805908203,47.73784790039059,99.66925964355465,0.9122871934512062,-1,-1,-1
12,1,1036.8308715820312,472.9195129394531,111.70415039062505,246.0804870605469,0.9333954006326621,-1,-1,-1
12,5,771.3703674316406,345.1430236816406,53.42288818359373,121.11317138671876,0.9204048321512843,-1,-1,-1
12,4,338.22740478515624,366.0845031738281,47.535974121093716,99.39347534179683,0.9170344952199123,-1,-1,-1
12,2,224.31964416503905,367.8721435546875,55.476177978515636,111.5139221191406,0.9107856643534404,-1,-1,-1
12,7,383.34479370117185,317.72889404296876,43.29217529296875,80.30637817382808,0.8940133848349774,-1,-1,-1
12,3,1053.9336181640624,364.15346374511716,56.142993164062545,139.18724670410154,0.893149172127778,-1,-1,-1
12,6,428.6115417480469,318.87767944335934,39.427734375,75.65328369140627,0.8891303696387638,-1,-1,-1
12,8,731.9734497070312,316.43915405273435,43.35809326171875,48.95447387695316,0.7415792520575515,-1,-1,-1
13,3,1061.6975463867186,360.25400390625,52.980249023437636,138.67108154296875,0.9051447743594565,-1,-1,-1
13,8,731.783935546875,316.58458557128904,43.65582275390625,47.05323486328126,0.7615724331649183,-1,-1,-1
13,6,429.6098693847656,317.98045349121094,40.16162109375,76.8542541503906,0.8910478740864036,-1,-1,-1
13,2,222.31273040771484,363.81879272460935,54.17499847412111,113.94261474609374,0.9086875334190836,-1,-1,-1
13,5,766.8958007812499,343.5550872802734,54.57601318359377,122.84272155761715,0.9152859249281065,-1,-1,-1
13,4,337.7841064453125,365.4789642333984,47.8135986328125,99.44750061035154,0.9145794590416543,-1,-1,-1
13,7,382.56138610839844,319.8014923095703,49.952911376953125,78.17398681640628,0.9209586927104354,-1,-1,-1
13,1,1036.670361328125,472.991748046875,111.98847656249995,246.008251953125,0.9329361282407369,-1,-1,-1
14,4,337.7807281494141,364.8152801513672,47.70340576171873,99.91831970214844,0.9161056568685808,-1,-1,-1
14,7,382.5821502685547,320.9367370605469,50.47036743164057,78.69550781249995,0.9258633930636151,-1,-1,-1
14,1,1036.789013671875,473.18461303710933,111.81818847656245,245.81538696289067,0.9347579904840586,-1,-1,-1
14,5,765.4563720703125,343.4344848632812,55.40866699218748,123.47177124023438,0.9122906286712151,-1,-1,-1
14,6,430.23122863769527,317.08372192382814,40.39593200683595,78.6648010253906,0.8896057416995902,-1,-1,-1
14,3,1063.8293334960938,358.8564880371094,53.5166015625,139.07697143554685,0.8966576645290019,-1,-1,-1
14,2,221.5573516845703,363.21385803222654,54.54223022460937,115.38558654785157,0.9029863544156314,-1,-1,-1
14,8,731.7283447265625,316.5553344726562,43.74294433593752,46.717382812500034,0.7698233873062073,-1,-1,-1
15,7,380.13013916015626,324.1015960693359,54.58452758789059,78.26978759765626,0.9370168121865774,-1,-1,-1
15,1,1036.7682495117188,473.6892150878906,111.87202148437495,245.3107849121094,0.9353068351314455,-1,-1,-1
15,2,220.4486114501953,363.01231384277344,54.709716796875,115.43101501464844,0.9175814567608427,-1,-1,-1
15,4,337.23322448730465,362.759326171875,47.582501220703136,101.21396484374998,0.9129480911271273,-1,-1,-1
15,5,762.1403137207031,343.0938812255859,55.144116210937455,120.56778259277343,0.909456455376187,-1,-1,-1
15,3,1065.1094604492187,355.50238952636715,54.65610351562509,145.88198547363282,0.9043987217070892,-1,-1,-1
15,6,431.1756408691406,315.14133911132814,42.83107910156252,79.6458801269531,0.8781386719372009,-1,-1,-1
15,8,731.7349914550781,316.69557495117186,43.847973632812455,46.17070312499999,0.7878318521937082,-1,-1,-1
16,6,432.2378265380859,316.31163024902344,44.79551696777344,79.66499633789061,0.8895135824568712,-1,-1,-1
16,8,731.6760498046875,316.69530029296874,43.99815673828118,45.66796875,0.7998012933170351,-1,-1,-1
16,3,1066.7715820312499,354.2312438964844,55.26145019531259,143.09725341796872,0.9100645987335128,-1,-1,-1
16,5,759.6850341796875,341.3863586425781,55.96292724609373,118.95545654296876,0.9133428279903981,-1,-1,-1
16,2,220.70062408447265,363.86183166503906,54.57303314208983,114.92196350097652,0.9195877822371372,-1,-1,-1
16,1,1036.8756958007812,473.35671386718747,111.81269531249995,245.64328613281253,0.9342160601662819,-1,-1,-1
16,7,380.5281188964844,327.8932800292969,55.13510742187498,75.23415527343747,0.935530588522056,-1,-1,-1
16,4,336.9726287841797,360.9119201660156,48.37933959960935,100.80862426757812,0.9133702463334252,-1,-1,-1
17,8,731.6448486328125,316.73682861328126,44.18063964843748,45.07322387695308,0.7799901746758451,-1,-1,-1
17,5,758.430615234375,339.02833557128906,55.609936523437455,116.12285156249999,0.9129932234640847,-1,-1,-1
17,3,1069.237353515625,354.3533020019531,59.725415039062455,140.43680419921873,0.9213213811210323,-1,-1,-1
17,6,429.74978027343747,319.5124969482422,50.114520263671864,77.01416015625,0.8963823561318343,-1,-1,-1
17,2,222.55923614501953,366.77708129882814,52.719502258300764,111.95947265624994,0.9304419117714069,-1,-1,-1
17,7,382.3801666259765,329.2697296142578,53.279516601562534,74.27400512695311,0.9313409221671662,-1,-1,-1
17,1,1036.8024169921875,473.05036010742185,112.02143554687495,245.94963989257815,0.9329506224165982,-1,-1,-1
17,4,337.33600158691405,358.46389160156247,48.727825927734386,101.24582519531253,0.926003465801891,-1,-1,-1
18,8,731.805908203125,316.5857391357422,44.00991210937491,45.16314697265625,0.791761675415696,-1,-1,-1
18,1,1036.7162841796874,472.63007812499995,112.16887207031255,246.36992187500005,0.9324417416550688,-1,-1,-1
18,2,223.54759368896484,367.7974914550781,51.8201889038086,110.6076599121094,0.9307515046613055,-1,-1,-1
18,7,381.0830932617187,329.1825805664062,54.775854492187534,74.18562011718751,0.9236375385173687,-1,-1,-1
18,3,1072.664208984375,353.9364807128906,59.30441894531259,138.96298828124998,0.9204820890774599,-1,-1,-1
18,4,337.50502624511716,357.45400085449216,48.84609375000002,101.15815429687501,0.9198187028564462,-1,-1,-1
18,5,758.5265808105469,336.6215057373047,54.70345458984366,117.95229492187497,0.9137684933280639,-1,-1,-1
18,6,429.36635742187497,320.4931640625,52.66230468750001,77.19873046875,0.872851135335182,-1,-1,-1
19,6,438.1754699707031,322.7834564208984,48.10319824218749,76.44226684570316,0.8437867603861378,-1,-1,-1
19,7,374.04884948730466,326.72362060546874,60.09576416015625,76.08647460937499,0.8933974911938307,-1,-1,-1
19,8,731.7041748046875,316.4370666503906,44.38278808593748,45.260046386718784,0.8025971722027805,-1,-1,-1
19,5,757.1976196289062,335.6782745361328,53.08143310546882,115.09969482421877,0.9176516096447074,-1,-1,-1
19,3,1078.351721191406,353.0160461425781,59.6458740234375,137.278564453125,0.9219702343737097,-1,-1,-1
19,4,337.76103515625,356.32798461914064,50.07777099609376,98.0495727539062,0.9283876182367123,-1,-1,-1
19,2,229.4328872680664,368.35938720703126,45.62159271240233,109.99363403320308,0.9294976552452532,-1,-1,-1
19,1,1036.9413940429688,472.6282104492187,112.05637207031236,246.37178955078127,0.9300163796355392,-1,-1,-1
20,1,1036.9367797851562,473.101611328125,112.01506347656255,245.898388671875,0.9310907597351061,-1,-1,-1
20,2,229.87882232666016,368.41387939453125,45.078208923339844,109.21750488281248,0.9291861618659141,-1,-1,-1
20,4,338.0387420654297,356.17626342773434,50.43438720703125,98.24699707031249,0.9233150689091296,-1,-1,-1
20,5,757.2634826660156,335.5183410644531,51.538403320312455,114.05061035156245,0.9129391757026539,-1,-1,-1
20,3,1081.1876220703125,352.2476348876953,59.407910156249955,132.8557708740234,0.9109604816302905,-1,-1,-1
20,8,731.8034362792969,316.4487396240234,42.95522460937491,45.16896972656252,0.8021687521958754,-1,-1,-1
20,7,373.052197265625,329.0625,57.53320312499994,72.34271850585935,0.7905365298011802,-1,-1,-1
20,6,442.1878967285156,326.72557067871094,43.453564453124955,68.00553588867183,0.7418908766849697,-1,-1,-1
21,7,367.16599731445314,331.3751495361328,36.81210937499998,67.52312622070309,0.7374288271587233,-1,-1,-1
21,8,731.6386413574219,316.332861328125,43.42379150390616,45.34711303710941,0.7948590083580989,-1,-1,-1
21,6,446.2785186767578,328.41205444335935,44.71855773925779,71.07572021484373,0.8795049139315338,-1,-1,-1
21,3,1083.004541015625,349.95489807128905,58.462207031250045,133.17948303222653,0.9015362381496743,-1,-1,-1
21,1,1037.11201171875,472.7040710449219,111.80830078124995,246.29592895507812,0.9311723349721888,-1,-1,-1
21,4,339.0954345703125,357.31153564453126,49.9949890136719,97.37155151367182,0.9099445804656625,-1,-1,-1
21,2,230.99529418945312,367.7085845947266,43.02240600585938,108.96358337402341,0.9208859633139639,-1,-1,-1
21,5,756.0616882324218,334.89618530273435,50.334521484375045,113.78968505859376,0.9065523413073002,-1,-1,-1
22,2,234.51075439453123,367.8079833984375,39.58884887695311,109.74935302734372,0.8684594769773781,-1,-1,-1
22,8,731.725927734375,316.3724670410156,42.986645507812455,45.287457275390636,0.7977216297039114,-1,-1,-1
22,7,359.5621124267578,321.0998565673828,47.13519287109375,78.52911987304685,0.8085053956787753,-1,-1,-1
22,6,445.53889160156245,329.8042419433594,45.618750000000034,70.44933471679684,0.8701425869961383,-1,-1,-1
22,3,1084.5254882812499,348.4602081298828,59.044702148437636,133.05495300292966,0.9007944397622438,-1,-1,-1
22,5,754.8387451171875,336.15343322753904,50.51085205078118,111.88833618164062,0.9014817403037618,-1,-1,-1
22,4,340.10016174316405,358.00592651367185,49.23912963867184,96.65700073242186,0.9197748291865508,-1,-1,-1
22,1,1036.9632568359375,472.8144287109375,111.9320068359375,246.18557128906252,0.9307157647103033,-1,-1,-1
23,8,731.4342407226562,316.8310913085937,47.885998535156205,44.791644287109364,0.7756581604184092,-1,-1,-1
23,6,445.59324645996094,332.6786224365234,45.51418762207027,67.69319458007811,0.8738106038429123,-1,-1,-1
23,2,236.60917053222656,367.06854858398435,45.97465209960936,108.10563354492189,0.8824621823608325,-1,-1,-1
23,7,347.6814697265625,327.04571228027345,54.81414184570309,71.02749023437497,0.6942322868992967,-1,-1,-1
23,5,750.6284545898437,338.7601043701172,50.05876464843743,109.78110351562498,0.9075436072039338,-1,-1,-1
23,4,342.3497772216797,359.6504425048828,48.45377197265623,94.95109863281249,0.9158237874121617,-1,-1,-1
23,1,1036.982373046875,471.9876525878906,111.97968749999995,247.01234741210942,0.9291160920256019,-1,-1,-1
23,3,1085.896142578125,348.1212524414062,59.702563476562545,131.43488159179685,0.8985276516414231,-1,-1,-1
24,7,345.45640869140624,322.53986206054685,57.93958740234376,74.62880859375002,0.5462296413856329,-1,-1,-1
24,1,1036.967431640625,472.018359375,111.9803466796875,246.981640625,0.9303478611524696,-1,-1,-1
24,5,748.6566833496094,338.3967041015625,50.42142333984373,109.80247192382814,0.9040188807646174,-1,-1,-1
24,4,342.9685821533203,360.2131072998047,48.92058105468749,94.5703125,0.9005496405650035,-1,-1,-1
24,6,443.30199279785154,330.4500457763672,47.4189422607422,69.56158447265625,0.8982525465869315,-1,-1,-1
24,2,238.40579223632812,365.6919342041015,45.78392944335934,108.54604797363282,0.8876651793564783,-1,-1,-1
24,3,1086.04775390625,348.3270263671875,59.25937500000009,129.746337890625,0.879730098963023,-1,-1,-1
24,8,732.0332153320312,316.40984802246095,46.02260742187502,52.658459472656205,0.6704795910062415,-1,-1,-1
24,9,345.3113067626953,322.9229278564453,43.462298583984364,52.899169921875,0.6342967685367285,-1,-1,-1
25,8,731.4758239746094,316.1298889160156,52.108593749999955,78.71193237304686,0.7756827728845366,-1,-1,-1
25,3,1094.2912353515624,348.35589294433595,47.925439453125136,126.14867248535154,0.8600099540048767,-1,-1,-1
25,7,338.3813232421875,316.7294677734375,40.126849365234364,72.84583740234376,0.7649350764595226,-1,-1,-1
25,5,745.7568420410156,336.0368957519531,51.06423339843752,111.31874999999997,0.8975396630846291,-1,-1,-1
25,6,432.42165527343747,331.1352905273437,58.06175537109374,69.50104980468751,0.9051183315425142,-1,-1,-1
25,2,240.15780944824218,359.24729919433594,43.84039306640625,107.36073303222656,0.8983547975098816,-1,-1,-1
25,4,346.1253387451172,359.87124023437497,46.65695800781248,94.77641601562499,0.9114159939141899,-1,-1,-1
25,1,1036.9807250976562,472.61260986328125,112.06076660156259,246.38739013671875,0.930461594296343,-1,-1,-1
26,1,1037.0252197265625,472.3956848144531,112.07395019531259,246.6043151855469,0.9289133751767338,-1,-1,-1
26,6,429.887548828125,329.61566162109375,60.705120849609386,71.00392456054686,0.921787567884536,-1,-1,-1
26,5,744.1436645507812,333.69708251953125,52.86928710937502,113.29222412109374,0.8833382302759638,-1,-1,-1
26,3,1088.5958129882813,347.8844970703125,56.4400634765625,124.75233764648436,0.8816355758023207,-1,-1,-1
26,2,240.62049865722656,355.55581054687497,43.471527099609375,108.97954101562499,0.8720406966547074,-1,-1,-1
26,4,342.2448028564453,358.3215637207031,51.137127685546886,96.21892089843749,0.8510099244510023,-1,-1,-1
26,8,731.9961364746093,315.9226593017578,63.380786132812545,83.77558593750001,0.8425967081012118,-1,-1,-1
26,7,335.43336181640626,317.05015869140624,40.04736328125,83.56607666015623,0.8250183717361814,-1,-1,-1
27,8,732.2860107421875,315.9194732666015,61.297119140625,84.30270996093753,0.8488833648056016,-1,-1,-1
27,5,735.4836364746094,330.2610260009765,57.95364990234373,112.67226562500002,0.8498730857598957,-1,-1,-1
27,4,346.08457946777344,348.98203125,48.684155273437455,105.25539550781252,0.8573451503156448,-1,-1,-1
27,7,330.8727996826172,319.7250549316406,42.56784667968748,83.44896240234374,0.8596827533847033,-1,-1,-1
27,1,1037.2335205078125,473.11583862304684,111.7540283203125,245.88416137695316,0.9329323456352867,-1,-1,-1
27,6,428.20433349609374,335.8880310058594,61.48888549804684,64.17729492187499,0.897813091520959,-1,-1,-1
27,2,241.15638427734373,350.9825866699219,44.633935546874994,112.36964721679686,0.9024897467471114,-1,-1,-1
27,3,1094.70498046875,347.59423828125,49.146240234375,124.45444335937498,0.8939762949875671,-1,-1,-1
28,8,732.4659118652344,316.10577392578125,58.78817138671866,83.76476440429684,0.8266337825690258,-1,-1,-1
28,9,1115.520666503906,349.793701171875,30.8089599609375,87.81959838867186,0.514766598753404,-1,-1,-1
28,4,352.64940490722654,351.6482482910156,43.42104492187502,102.76254272460938,0.8258433724620815,-1,-1,-1
28,5,737.2220581054687,328.4825866699219,53.022875976562545,112.9305541992187,0.8519574614711907,-1,-1,-1
28,7,328.7185455322265,318.6274108886719,46.626800537109375,84.66476440429688,0.853726090366763,-1,-1,-1
28,6,426.9465362548828,335.4664031982422,63.12054748535155,64.32566528320314,0.8581059419152126,-1,-1,-1
28,3,1098.0305419921874,346.7023132324219,45.08151855468759,124.55282592773432,0.8834902411996381,-1,-1,-1
28,2,243.15661010742187,350.3863861083984,44.42546997070312,110.66201477050782,0.8901344904008006,-1,-1,-1
28,1,1037.223303222656,473.21279296874997,111.67822265625,245.78720703125003,0.9340582918160933,-1,-1,-1
29,5,734.8908142089844,326.5200164794922,48.11418457031243,109.59735717773435,0.8273698563765919,-1,-1,-1
29,4,355.8865264892578,350.8418518066406,43.350787353515614,99.91889648437501,0.8853125889105051,-1,-1,-1
29,7,324.9640777587891,318.4218292236328,37.01475219726558,85.15546874999995,0.8865832729633993,-1,-1,-1
29,8,732.8326354980469,317.23558044433594,43.74492187499993,78.96934204101558,0.7499697400235661,-1,-1,-1
29,2,252.3656799316406,349.57545776367186,38.78712158203126,109.56983642578126,0.9068383408657397,-1,-1,-1
29,3,1101.9399169921874,342.42604980468747,44.0408935546875,129.60928344726562,0.9151461415255042,-1,-1,-1
29,1,1037.0739990234374,473.1880737304687,111.838623046875,245.81192626953128,0.9352356706974376,-1,-1,-1
29,6,420.747802734375,324.09409790039064,58.489947509765614,75.54276123046873,0.8938119709770938,-1,-1,-1
30,1,1037.1057495117186,473.1110595703125,111.77182617187509,245.88894042968752,0.9342990911541733,-1,-1,-1
30,3,1102.7801513671875,342.5253662109375,44.39882812499991,128.81920166015624,0.9195771910937012,-1,-1,-1
30,2,256.30589904785154,350.7543731689453,37.81153564453126,108.75728759765627,0.9023875104922467,-1,-1,-1
30,4,355.8142364501953,347.7230529785156,42.88348388671869,101.55168457031249,0.8849378072104841,-1,-1,-1
30,7,324.3684814453125,318.2018280029297,37.11615600585935,84.31891479492185,0.8833602432747938,-1,-1,-1
30,6,417.1752685546875,326.17078857421876,50.1268249511719,73.26688842773433,0.8488255604980566,-1,-1,-1
30,5,734.2070800781249,324.47109374999997,42.541259765625,110.32371826171874,0.8263483008560257,-1,-1,-1
30,8,733.356298828125,317.60419921875,44.44442138671877,80.14010009765622,0.7067278770600467,-1,-1,-1
31,6,410.86562805175777,325.90252990722655,42.416235351562534,72.5432189941406,0.8643473180077876,-1,-1,-1
31,8,734.4928344726562,316.88011779785154,40.6790771484375,83.01593627929685,0.7312397084503353,-1,-1,-1
31,5,733.7186828613281,325.11220092773436,37.481945800781205,107.45112304687501,0.8518076230387663,-1,-1,-1
31,2,259.1531158447265,354.4325958251953,42.192004394531295,102.9869384765625,0.8938504798795748,-1,-1,-1
31,4,357.5950927734375,345.0278869628906,44.728417968749966,100.03837280273439,0.9017829509840887,-1,-1,-1
31,7,313.55035400390625,318.2732940673828,47.10333251953125,82.85256958007812,0.9101118171914564,-1,-1,-1
31,3,1101.9378295898437,341.48023681640626,47.041040039062636,129.6704223632812,0.9259830916768337,-1,-1,-1
31,1,1037.102453613281,473.2699768066406,111.82500000000005,245.7300231933594,0.9351916089638124,-1,-1,-1
32,5,731.6657775878906,325.9307373046875,36.995251464843705,105.31450195312499,0.8605202047286298,-1,-1,-1
32,6,404.8319091796875,323.01073608398434,43.942950439453114,75.70859985351564,0.8657501536966521,-1,-1,-1
32,2,258.13320007324216,355.8476898193359,46.83416748046875,103.22885742187498,0.8913139882529677,-1,-1,-1
32,8,734.9693115234375,316.76915588378904,40.32125244140627,82.32626953124998,0.7143689537905686,-1,-1,-1
32,7,312.3937133789062,319.346109008789,48.07188720703124,81.16386108398439,0.9050004847319109,-1,-1,-1
32,3,1103.1343505859375,341.5433807373047,47.21901855468741,129.41490783691404,0.923864239363823,-1,-1,-1
32,1,1037.1804565429686,473.2524536132812,111.81203613281264,245.7475463867188,0.93578977794796,-1,-1,-1
32,4,358.3004150390625,342.82814941406247,45.732019042968716,99.758056640625,0.900441316468175,-1,-1,-1
33,1,1036.8931640624999,473.39692382812495,112.12119140625009,245.60307617187505,0.9359174167956432,-1,-1,-1
33,3,1105.41181640625,342.17633056640625,49.695556640625,128.14974975585938,0.9274455958134311,-1,-1,-1
33,7,311.14739685058595,321.9664581298828,56.401611328125,77.74541015624999,0.9112873689665903,-1,-1,-1
33,2,259.67059936523435,356.53851013183595,49.89528808593752,101.91291503906245,0.9071864204999613,-1,-1,-1
33,4,361.1674072265625,341.2562805175781,47.54668579101559,96.10081787109374,0.9020198432612574,-1,-1,-1
33,6,403.71476440429683,326.51279296875,41.130285644531284,75.2075134277344,0.8643702315267063,-1,-1,-1
33,5,728.5623046874999,327.3831573486328,38.99520263671877,104.14132690429688,0.8611044473991676,-1,-1,-1
33,8,734.7488159179687,317.1949035644531,39.59494628906248,79.65917358398434,0.7889495660338213,-1,-1,-1
34,6,402.3468017578125,324.0457855224609,40.45995483398434,72.59309692382811,0.8294703193093014,-1,-1,-1
34,8,733.8214050292969,317.2986694335937,40.524609374999955,79.06547241210939,0.782135262286765,-1,-1,-1
34,5,726.4626525878906,329.3544616699219,41.07436523437502,101.30476684570311,0.8532104447430768,-1,-1,-1
34,4,363.4466857910156,341.3289001464844,46.847790527343705,95.1366027832031,0.8960848023697743,-1,-1,-1
34,7,308.7528991699219,323.2742980957031,60.89556884765625,76.07625732421877,0.9083349993965264,-1,-1,-1
34,3,1106.7973022460938,341.94850158691406,49.18359375,128.1492279052734,0.9272185564061175,-1,-1,-1
34,1,1036.9669921875,473.4143920898437,111.97858886718745,245.58560791015628,0.9353032342303038,-1,-1,-1
34,2,261.83754272460936,355.9526641845703,49.22764892578124,103.01374511718745,0.9068720459008546,-1,-1,-1
35,6,399.0973205566406,327.04950256347655,38.59172973632809,71.25430297851562,0.808062058500596,-1,-1,-1
35,5,718.0493774414062,329.899658203125,48.48046875,102.35533447265624,0.8838861184704037,-1,-1,-1
35,7,310.71044311523434,323.9868438720703,59.113037109375,75.32737426757808,0.8860319614254273,-1,-1,-1
35,8,733.631671142578,316.5483856201172,42.19277343750002,77.94096679687499,0.8323178481884668,-1,-1,-1
35,2,265.9832336425781,353.474560546875,54.77805175781248,102.56044921874997,0.9031492298804054,-1,-1,-1
35,3,1109.631994628906,340.7878509521484,49.230615234375136,125.24186096191409,0.9062363816447352,-1,-1,-1
35,1,1036.9100830078125,472.95307617187495,112.0693359375,246.04692382812505,0.9353950939055196,-1,-1,-1
35,4,366.61626892089845,343.6157592773437,46.35302124023434,92.08284301757811,0.9019134983576009,-1,-1,-1
36,6,398.3579956054687,329.2235595703125,37.46788330078124,66.35286254882811,0.8284534978334506,-1,-1,-1
36,1,1036.8484497070312,473.1546752929687,112.13371582031255,245.8453247070313,0.9343285665695902,-1,-1,-1
36,4,368.8561065673828,345.364453125,46.346209716796864,90.3125610351562,0.9197136131513375,-1,-1,-1
36,3,1111.2298461914063,339.6239868164062,49.839697265624864,126.58606567382816,0.9080137313930265,-1,-1,-1
36,7,311.04437255859375,323.10650939941405,60.6142639160156,76.09097900390623,0.8985835127911912,-1,-1,-1
36,5,711.9024719238281,330.50681762695314,53.09307861328125,100.63141479492185,0.8932658798094053,-1,-1,-1
36,2,275.0293487548828,353.0637268066406,48.484588623046875,99.59567871093748,0.8840779246563741,-1,-1,-1
36,8,733.7769104003906,316.3296203613281,41.987988281249955,78.01265258789061,0.835541610315147,-1,-1,-1
37,6,397.0074462890625,330.4763580322265,36.29630126953123,61.81303710937499,0.8363273938637406,-1,-1,-1
37,2,285.5843536376953,350.9532531738281,41.17368164062498,94.17365112304685,0.8703678435607074,-1,-1,-1
37,8,734.1168823242188,316.40721130371094,41.79638671875,70.86555175781245,0.8015768906917913,-1,-1,-1
37,7,315.4272857666015,322.05283813476564,53.87343750000002,75.76924438476561,0.8959981731170501,-1,-1,-1
37,5,710.7222106933593,326.43690490722656,53.01914062499998,104.59484252929684,0.8979074698781098,-1,-1,-1
37,4,373.3572052001953,346.6595489501953,46.10714721679682,89.17036743164061,0.900323499568529,-1,-1,-1
37,3,1113.397119140625,336.36656799316404,49.456933593750136,124.66782531738284,0.9098140205179703,-1,-1,-1
37,1,1036.77978515625,472.94489135742185,112.172607421875,246.05510864257815,0.9321844784407247,-1,-1,-1
38,1,1036.818017578125,473.145556640625,112.13261718750005,245.854443359375,0.9326534580265715,-1,-1,-1
38,3,1113.7830688476563,335.3446472167969,49.13723144531241,125.51226196289059,0.9122835645114513,-1,-1,-1
38,5,710.5916381835938,325.6385833740234,53.76555175781243,105.47600097656249,0.9007972855875579,-1,-1,-1
38,7,317.83062744140625,320.3638000488281,51.277203369140636,76.26972656249995,0.8961143259651827,-1,-1,-1
38,4,375.51247558593747,346.8693603515625,46.16070556640625,88.7976013183594,0.8925226442739316,-1,-1,-1
38,2,294.04198608398434,349.03737487792966,36.74212646484375,94.97246704101565,0.8656897387117155,-1,-1,-1
38,6,395.1459777832031,329.6320861816406,38.501696777343795,62.018756103515614,0.8363266821727393,-1,-1,-1
38,8,732.6387817382812,316.4263549804687,43.32985839843752,73.19256591796875,0.7967153659400701,-1,-1,-1
39,8,733.4089233398437,316.3785919189453,42.29538574218748,46.860260009765625,0.7329393445309904,-1,-1,-1
39,6,396.3365936279297,328.85609436035156,37.38554077148433,66.39840087890622,0.8306615517087437,-1,-1,-1
39,7,323.99928588867186,317.4082580566406,46.55313720703123,74.74531860351561,0.8792183393379247,-1,-1,-1
39,2,294.70709838867185,344.2553283691406,47.00291748046874,99.12546386718748,0.891504713599538,-1,-1,-1
39,1,1036.5540161132812,473.2956298828125,112.28400878906245,245.70437011718752,0.9346746080580637,-1,-1,-1
39,4,379.4913665771484,345.80755920410155,49.64727172851559,88.76244506835934,0.9079019652514972,-1,-1,-1
39,3,1113.7228637695312,334.62322998046875,49.944726562500136,125.36087036132812,0.9208147765844572,-1,-1,-1
39,5,708.6032775878906,324.3723541259765,51.07785644531248,102.974853515625,0.9013783490697946,-1,-1,-1
40,7,330.5109375,317.03917236328124,40.361901855468716,74.90989379882814,0.8733815458340288,-1,-1,-1
40,8,734.0585998535156,316.4316009521484,41.74705810546868,46.682171630859386,0.7426418034511748,-1,-1,-1
40,6,395.6588470458984,328.35467834472655,38.015057373046886,70.36040039062499,0.8049539825912468,-1,-1,-1
40,5,707.3407287597656,324.3234100341797,50.36802978515618,101.82376098632812,0.8896169970519985,-1,-1,-1
40,2,296.5851287841797,342.42275390624997,49.514996337890636,100.33582763671876,0.8988870144330576,-1,-1,-1
40,4,381.4084259033203,345.0839172363281,47.38447265625001,89.00700073242189,0.9133932195859771,-1,-1,-1
40,3,1113.9603881835938,334.5465454101562,49.330810546875,125.41679077148439,0.9203418425947056,-1,-1,-1
40,1,1036.571923828125,473.40263671875,112.29741210937505,245.59736328125,0.9351297256376228,-1,-1,-1
41,6,395.59850463867184,324.84605712890624,39.170489501953114,71.89936523437501,0.8031957993903305,-1,-1,-1
41,7,334.1740264892578,312.41700439453126,41.718218994140614,79.12144775390624,0.8622745045488003,-1,-1,-1
41,5,704.6872009277344,320.9614288330078,41.68839111328123,100.55072021484375,0.8857639084794755,-1,-1,-1
41,8,734.8002319335938,316.84270935058595,40.65732421874998,52.93773193359374,0.6799214046610729,-1,-1,-1
41,4,386.4447784423828,342.5553863525391,43.316180419921864,90.62759399414057,0.8916077261358168,-1,-1,-1
41,3,1114.2615234375,334.5157012939453,47.37260742187482,124.69394531249998,0.9186495641013224,-1,-1,-1
41,1,1036.57939453125,473.3118896484375,112.19963378906232,245.6881103515625,0.934327713037284,-1,-1,-1
41,2,298.4960083007812,340.4838592529297,63.42495117187502,100.36851196289064,0.8870590862678966,-1,-1,-1
42,1,1036.6098266601562,473.3373779296875,112.12910156249995,245.66262207031252,0.9354150410848838,-1,-1,-1
42,3,1114.4899291992188,334.4832366943359,46.1458740234375,124.85780639648436,0.9200539175097724,-1,-1,-1
42,2,307.152685546875,340.9611877441406,57.38532714843751,94.19304199218749,0.9099472358230756,-1,-1,-1
42,4,389.96026611328125,340.82325439453126,41.3096923828125,89.76626586914057,0.8839274274368272,-1,-1,-1
42,5,704.279443359375,319.2289123535156,37.92117919921873,100.53869018554684,0.8758344802425135,-1,-1,-1
42,7,340.2154083251953,313.27654724121095,36.95679931640626,77.78204956054685,0.875663972138625,-1,-1,-1
42,6,396.5837036132812,323.2349945068359,39.584509277343784,76.95708618164065,0.7905487322141695,-1,-1,-1
42,8,733.7705932617188,316.8597381591797,41.54622802734366,51.298791503906216,0.6681455603698012,-1,-1,-1
43,7,343.79840698242185,313.7207794189453,36.78436889648441,68.4002746582031,0.8670744551818643,-1,-1,-1
43,8,731.9541687011719,316.5735168457031,43.605175781249955,46.170977783203114,0.7314936112342139,-1,-1,-1
43,5,701.0151306152344,318.08136291503905,36.790356445312455,98.65338134765625,0.872854813638746,-1,-1,-1
43,2,318.1493682861328,341.56115112304684,49.498077392578125,91.35736083984375,0.8905295763183432,-1,-1,-1
43,4,395.31159667968745,324.5849670410156,43.342437744140625,103.7564758300781,0.8913481508184375,-1,-1,-1
43,3,1114.8365478515625,334.69977722167965,43.953222656249864,123.45875244140626,0.9134143181912258,-1,-1,-1
43,1,1036.4570068359374,473.19005126953124,112.343994140625,245.80994873046876,0.9326261824842597,-1,-1,-1
44,8,731.1784240722656,316.59949951171876,44.47792968750002,46.03787841796873,0.7479880776009118,-1,-1,-1
44,7,345.203530883789,312.7658752441406,36.33826904296876,69.47770385742189,0.8374160051654194,-1,-1,-1
44,2,328.18743896484375,341.17149353027344,43.038775634765614,91.12890014648434,0.8531164494700008,-1,-1,-1
44,6,398.72655944824214,322.90334472656247,40.05714111328126,75.64691162109375,0.42674767209643605,-1,-1,-1
44,4,398.1887512207031,330.19469604492184,40.94890136718749,97.52810668945312,0.8724444090969996,-1,-1,-1
44,3,1114.0632202148438,333.8907440185547,43.676586914062455,124.29794311523432,0.9135996287289849,-1,-1,-1
44,1,1036.4529418945312,473.1010070800781,112.414306640625,245.8989929199219,0.9320782602951709,-1,-1,-1
44,5,699.9000183105469,317.81667480468747,36.31168212890623,98.43519287109376,0.8704271503205518,-1,-1,-1
45,1,1036.5458862304688,473.21136474609375,112.21875,245.78863525390625,0.9341481194232344,-1,-1,-1
45,3,1113.0196289062499,333.2545257568359,43.461694335937636,119.26115112304689,0.9031879419211464,-1,-1,-1
45,2,343.77703857421875,340.26344604492186,32.52562866210934,91.17377929687501,0.8787674020201024,-1,-1,-1
45,5,697.022314453125,319.88702087402345,37.093249511718795,95.99957885742185,0.8635025946359782,-1,-1,-1
45,4,401.642138671875,326.4951599121094,41.105126953124966,95.33952026367183,0.8633782410110982,-1,-1,-1
45,7,348.1396545410156,312.08063049316405,36.4708190917969,66.27183837890624,0.8497109107018943,-1,-1,-1
45,8,730.7719299316406,316.5853820800781,44.73072509765632,46.9374938964844,0.7308796467791581,-1,-1,-1
45,6,401.4942352294922,323.46955261230465,39.98485107421874,71.6973815917969,0.4751756067227575,-1,-1,-1
46,7,348.48432312011715,310.3013122558594,38.434295654296875,68.9127319335937,0.8394543080576398,-1,-1,-1
46,8,730.5116638183594,316.7046661376953,44.998242187499955,45.387432861328136,0.7562692502474349,-1,-1,-1
46,2,347.0406097412109,336.2190765380859,33.206945800781284,95.45075683593751,0.8730891980597804,-1,-1,-1
46,4,403.06354980468745,328.2851898193359,43.85621337890626,93.75194091796874,0.8645844357494781,-1,-1,-1
46,3,1112.9601928710938,333.60089721679685,43.68581542968741,117.70169677734373,0.9009972881333539,-1,-1,-1
46,1,1036.5788452148438,472.8149230957031,112.21281738281232,246.18507690429692,0.9322724159166995,-1,-1,-1
46,5,695.5110900878906,322.6459625244141,37.601806640625,95.05541381835934,0.8787433462750123,-1,-1,-1
47,3,1112.979638671875,331.6886993408203,43.613305664062636,117.90675659179686,0.9069455985652262,-1,-1,-1
47,5,693.1948974609375,322.84547424316406,39.00563964843752,94.22341918945312,0.8951472545736507,-1,-1,-1
47,4,410.1221282958984,330.5757843017578,41.21087036132815,88.28536376953127,0.8643091739218889,-1,-1,-1
47,2,352.7940948486328,334.83356323242185,42.747637939453114,90.64385375976565,0.8597986277555911,-1,-1,-1
47,7,351.77601928710936,312.4655090332031,37.77451171874998,63.278063964843795,0.8500127814399114,-1,-1,-1
47,8,730.1753173828125,316.56643066406247,45.48482666015616,45.724218750000034,0.7603023784431429,-1,-1,-1
47,1,1036.5593994140625,472.6427124023437,112.31235351562509,246.3572875976563,0.9311890457322818,-1,-1,-1
48,8,729.6815368652343,316.56898498535156,46.05952148437507,45.829852294921864,0.7663128855220123,-1,-1,-1
48,7,354.67852478027345,315.5366271972656,35.70128173828124,56.642980957031284,0.8331626128421732,-1,-1,-1
48,2,355.7764984130859,335.89508972167965,44.207501220703136,86.59270019531249,0.8640057676349144,-1,-1,-1
48,3,1112.8174804687499,331.56908569335934,43.45905761718768,117.35084838867186,0.9092387665083024,-1,-1,-1
48,5,692.4147033691406,323.2618835449219,39.63669433593748,93.41647338867182,0.8942513223569648,-1,-1,-1
48,1,1036.6428955078125,472.61749877929685,112.19545898437491,246.38250122070315,0.9304452611545919,-1,-1,-1
48,4,412.26564331054686,331.13136291503906,41.81110839843751,87.7796630859375,0.8800594956181129,-1,-1,-1
49,2,363.5552581787109,331.5245910644531,44.51143798828127,88.24680175781253,0.8742354322060635,-1,-1,-1
49,4,414.12568359374995,332.6067169189453,44.6649169921875,86.18334960937494,0.8889196354932452,-1,-1,-1
49,8,731.1091003417969,316.5130920410156,44.51802978515616,45.484222412109375,0.7929422973788434,-1,-1,-1
49,3,1111.8760620117187,330.1726409912109,45.27597656250009,119.48703002929688,0.9112753554205568,-1,-1,-1
49,1,1036.6196044921874,472.8579895019531,112.21809082031268,246.1420104980469,0.9292544289302143,-1,-1,-1
49,5,691.9744262695312,321.501626586914,39.12253417968748,94.55751342773436,0.9012335117571872,-1,-1,-1
49,6,359.359716796875,322.35987854003906,33.275115966796875,68.8221496582031,0.6410381699752712,-1,-1,-1
50,5,691.7175109863281,321.3351837158203,40.11811523437507,94.15920410156252,0.9020034810932742,-1,-1,-1
50,3,1111.6255737304687,330.0823059082031,46.099072265624955,119.687255859375,0.9092185067749483,-1,-1,-1
50,4,416.1691955566406,332.11510620117184,43.932513427734364,87.07395629882814,0.8882407253682985,-1,-1,-1
50,8,731.1459045410156,316.51960144042965,44.47056884765618,45.40155029296875,0.7869824044698603,-1,-1,-1
50,2,363.0880645751953,331.2490539550781,47.53300781249999,87.46221313476559,0.8730759907957264,-1,-1,-1
50,1,1036.656408691406,472.79531249999997,112.24665527343768,246.20468750000003,0.9285480139085536,-1,-1,-1
51,1,1036.5224853515624,472.9030334472656,112.31125488281259,246.0969665527344,0.9292202331748278,-1,-1,-1
51,3,1111.8113525390625,330.00498962402344,45.64511718750009,119.24049682617186,0.9086620039630198,-1,-1,-1
51,5,692.3702087402344,320.396923828125,43.33249511718748,93.93283081054682,0.902828866590653,-1,-1,-1
51,4,423.8868713378906,331.77540893554686,42.4984130859375,86.96299438476564,0.852605671659596,-1,-1,-1
51,2,372.8485931396484,332.9119445800781,38.2000671386719,84.8885559082031,0.8411485022446712,-1,-1,-1
51,8,730.9372192382813,316.4965850830078,44.653381347656136,45.42396240234376,0.7929339576951477,-1,-1,-1
52,6,408.53004455566406,328.785205078125,40.632824707031205,64.23640136718751,0.5144654513027263,-1,-1,-1
52,8,731.2061645507812,316.5151794433594,44.334338378906295,45.426159667968705,0.7912711774423116,-1,-1,-1
52,2,377.0807739257812,330.99754943847654,36.643798828125,86.05277709960939,0.839624198555061,-1,-1,-1
52,1,1036.4427246093749,472.83436889648436,112.3560791015625,246.16563110351564,0.9301334470626728,-1,-1,-1
52,3,1112.6427978515624,329.9016906738281,45.565356445312545,119.20880126953125,0.8981800564492914,-1,-1,-1
52,5,692.3577392578125,319.50791015625,43.71921386718748,94.57794799804685,0.9051614553383303,-1,-1,-1
52,4,428.1785430908203,330.3888793945312,43.38943176269527,87.9110046386719,0.855308925518937,-1,-1,-1
53,2,382.7186279296875,326.30556335449216,43.05267333984375,89.06984252929686,0.7551640632463688,-1,-1,-1
53,6,407.29339599609375,324.472412109375,40.60783081054683,69.31961059570312,0.5577375250378935,-1,-1,-1
53,8,730.6854675292968,316.48765869140624,44.843005371093795,45.495867919921864,0.7992980158336067,-1,-1,-1
53,9,364.00292358398434,327.84557189941404,59.868017578125034,89.64431762695312,0.5679618884196103,-1,-1,-1
53,5,692.7244079589843,319.66273498535156,44.19173583984377,93.9143188476562,0.9083294284888694,-1,-1,-1
53,3,1112.0065795898438,330.1047729492187,44.47573242187491,119.03054809570312,0.9142058212856767,-1,-1,-1
53,1,1036.4209716796875,472.87111816406247,112.46110839843755,246.12888183593753,0.929461194700707,-1,-1,-1
53,4,432.4040222167969,328.2196838378906,44.36949462890624,88.70938110351562,0.8684743183687793,-1,-1,-1
54,1,1036.461181640625,472.94472656249997,112.33388671874991,246.05527343750003,0.9300149105495805,-1,-1,-1
54,5,692.6380004882812,319.84019165039064,44.29171142578127,93.65971069335933,0.9082096022620867,-1,-1,-1
54,3,1112.3366088867188,330.16234130859374,44.434643554687455,118.44338378906247,0.9079132497744062,-1,-1,-1
54,4,430.79930419921874,325.4103698730469,46.09489746093749,90.88363037109372,0.8469899492272859,-1,-1,-1
54,8,730.9149719238281,316.4904876708984,44.642834472656205,45.5092712402344,0.8025552188779841,-1,-1,-1
54,2,382.6349670410156,327.2948822021484,44.6961730957031,87.84409790039064,0.7808151490416009,-1,-1,-1
54,6,398.0349151611328,320.8005340576172,49.787567138671875,72.78370971679686,0.7153529244647068,-1,-1,-1
55,8,730.8547668457031,316.5137512207031,44.73380126953123,45.468402099609364,0.7894822087135722,-1,-1,-1
55,4,431.1720977783203,324.9286193847656,45.693154907226585,88.63225708007809,0.8293303286510927,-1,-1,-1
55,2,391.34934997558594,327.59967041015625,39.45816650390623,84.97221679687499,0.8669046009053645,-1,-1,-1
55,5,692.9994506835938,319.5084320068359,44.64591064453123,93.93662109375003,0.9077590520868597,-1,-1,-1
55,1,1036.4882080078125,473.04728393554683,112.23984374999986,245.95271606445317,0.9315612060036074,-1,-1,-1
55,3,1115.0347412109375,330.282421875,43.58364257812491,117.10986328124994,0.9070649992083268,-1,-1,-1
56,1,1036.5937866210936,473.0100402832031,112.14008789062518,245.98995971679688,0.9307184944205034,-1,-1,-1
56,5,692.9156799316406,319.4233154296875,44.807080078124955,94.06642456054686,0.9074274111501879,-1,-1,-1
56,3,1115.7642333984375,330.0867553710937,43.535961914062455,117.20269775390625,0.900736913109565,-1,-1,-1
56,2,393.448974609375,327.1931213378906,36.59721679687499,84.78358154296876,0.8710491751783174,-1,-1,-1
56,4,429.6499969482422,322.1941223144531,48.5009857177734,89.4709533691406,0.8285962108375315,-1,-1,-1
56,8,730.8497680664062,316.5176788330078,44.72786865234377,45.520477294921875,0.7858151251936363,-1,-1,-1
56,6,411.28835449218747,326.1984191894531,38.58321533203127,67.43106079101562,0.5261284305476082,-1,-1,-1
57,8,730.7109008789063,316.52061767578124,44.871459960937386,45.54305419921877,0.8009174587861878,-1,-1,-1
57,2,397.4281951904297,325.9845703125,35.54741821289059,82.30528564453124,0.8592815983806616,-1,-1,-1
57,4,436.5441650390625,319.9124542236328,45.39561767578124,86.68119506835939,0.7664407437394516,-1,-1,-1
57,5,692.560382080078,319.7902862548828,45.69785156250009,93.69025268554685,0.9100743226873682,-1,-1,-1
57,3,1117.915686035156,329.6404083251953,42.10444335937518,116.18448486328123,0.8981104149861494,-1,-1,-1
57,1,1036.5251220703124,473.0590393066406,112.2418212890625,245.9409606933594,0.9299222067580786,-1,-1,-1
58,1,1036.5520385742186,473.00108642578124,112.20468750000009,245.99891357421876,0.9300042860544764,-1,-1,-1
58,5,693.2970703125,319.9259399414062,46.009753417968795,93.77314453125001,0.9102123973861254,-1,-1,-1
58,3,1118.2676879882813,329.61796875,42.27297363281241,116.28270263671874,0.9002581000991761,-1,-1,-1
58,2,397.5888427734375,325.4307495117187,36.75580444335935,81.14177856445315,0.8501685182583074,-1,-1,-1
58,4,440.5782073974609,320.1442932128906,42.506735229492165,86.48569335937498,0.8173619785100215,-1,-1,-1
58,8,730.2143188476563,316.48106689453124,45.417919921874955,45.81123046875001,0.7979209072778843,-1,-1,-1
59,4,433.4495910644531,320.0069366455078,61.82204589843752,82.83894653320311,0.8537719377436872,-1,-1,-1
59,6,409.51073913574214,320.644692993164,53.87989196777346,56.41248779296876,0.430872450897013,-1,-1,-1
59,2,398.3678283691406,322.602099609375,47.372387695312455,82.56324462890626,0.74159210022097,-1,-1,-1
59,8,730.0699584960937,316.62743225097654,45.64566650390623,45.371008300781284,0.8097120305234142,-1,-1,-1
59,3,1118.4377563476562,328.6685852050781,42.616625976562545,117.34925537109376,0.9077309880146203,-1,-1,-1
59,5,693.8399047851562,320.2477294921875,47.81173095703127,93.44119262695312,0.9168058647778565,-1,-1,-1
59,1,1036.5897216796875,473.04975585937495,112.21831054687505,245.95024414062505,0.9335480922385315,-1,-1,-1
60,1,1036.5853271484375,472.94736328125,112.27280273437486,246.05263671875002,0.9332128922637111,-1,-1,-1
60,5,693.8001342773438,319.847607421875,48.931896972656205,93.73337402343748,0.9158383198248856,-1,-1,-1
60,3,1118.5014770507812,328.91083374023435,42.514233398437455,117.18116455078126,0.9069800647946913,-1,-1,-1
60,4,440.6187744140625,320.46234741210935,59.873071289062466,82.74929809570312,0.8494846318433105,-1,-1,-1
60,8,729.9835510253906,316.5788177490234,45.74278564453118,45.597930908203125,0.8191510657381684,-1,-1,-1
60,2,399.084521484375,321.7192932128906,43.571557617187466,82.73023681640626,0.7856982195924047,-1,-1,-1
61,2,402.0253692626953,322.8091094970703,37.699420166015614,81.2180786132812,0.8892580330397664,-1,-1,-1
61,8,731.5298217773437,316.6886535644531,44.28500976562498,45.34980468750001,0.7812830491852196,-1,-1,-1
61,3,1118.221875,329.0828521728516,42.800097656250045,118.13516235351557,0.9037441330583853,-1,-1,-1
61,5,692.4969360351562,320.06513671875,51.734179687500045,94.06406249999998,0.920193378454627,-1,-1,-1
61,1,1036.5454467773436,472.925830078125,112.37651367187505,246.074169921875,0.9330871021986411,-1,-1,-1
61,4,445.8002288818359,321.7974060058594,60.81122131347661,80.3215393066406,0.9109273892795606,-1,-1,-1
62,1,1036.4701904296874,473.0179504394531,112.48505859375018,245.9820495605469,0.9340194312155425,-1,-1,-1
62,4,451.1780090332031,322.78021545410155,60.21112060546875,79.07552490234372,0.9171946567959424,-1,-1,-1
62,5,693.1422180175781,320.2627807617187,52.02850341796875,93.93837890625002,0.9132350333156865,-1,-1,-1
62,3,1118.3394287109375,329.00388793945314,42.46303710937491,118.42717895507809,0.9030656080960817,-1,-1,-1
62,2,403.3764404296875,325.1488952636719,36.19302978515623,77.08859252929688,0.9026540962942704,-1,-1,-1
62,8,732.6497131347656,316.7956604003906,43.07486572265623,44.99390258789066,0.7705857200687234,-1,-1,-1
62,6,421.85253295898434,317.438882446289,52.00867309570316,79.61627197265625,0.7305395041789176,-1,-1,-1
63,6,422.7386077880859,314.36180419921874,58.45893859863281,77.72898559570314,0.7721492911867642,-1,-1,-1
63,8,730.6669006347656,316.56956176757814,45.12722167968741,45.45428466796875,0.777358852059379,-1,-1,-1
63,4,454.4116973876953,321.7322570800781,57.64474182128902,79.69581298828126,0.87973100160184,-1,-1,-1
63,2,408.13849182128905,327.12209472656247,33.67084350585935,73.69590454101564,0.8916979902080584,-1,-1,-1
63,3,1118.3751342773437,329.4211486816406,42.17343750000009,118.15444335937502,0.9051776114516983,-1,-1,-1
63,1,1036.6020263671874,472.9161071777344,112.34860839843759,246.08389282226562,0.9324621874670811,-1,-1,-1
63,5,698.7231628417968,321.30406494140624,46.39844970703132,92.92181396484375,0.9034428326172801,-1,-1,-1
64,1,1036.5313842773437,472.8122314453125,112.44858398437509,246.18776855468752,0.9316326007589204,-1,-1,-1
64,5,699.2000244140625,321.4745178222656,46.31912841796873,92.98009643554684,0.9065433503543829,-1,-1,-1
64,3,1117.9738037109375,329.3758575439453,42.8082275390625,118.21810913085938,0.904331846521842,-1,-1,-1
64,2,410.453530883789,326.8483154296875,32.86186523437499,74.31866455078125,0.8873442240289364,-1,-1,-1
64,4,455.9028717041015,323.17377319335935,58.0240447998047,78.51725463867189,0.8703193006770675,-1,-1,-1
64,8,730.35703125,316.5875793457031,45.488232421874955,45.746685791015636,0.8086181491435873,-1,-1,-1
64,6,430.6816131591797,315.5377532958984,64.2296173095703,74.76146850585934,0.7255529675635444,-1,-1,-1
65,8,730.7605590820312,316.67994689941406,44.93001708984366,45.239501953125,0.8083164889734462,-1,-1,-1
65,6,445.8457397460937,320.3740997314453,35.44310302734374,69.05401611328125,0.7632981396053964,-1,-1,-1
65,5,705.5483093261719,322.85302734375,39.82829589843743,91.3287414550781,0.8951475543307659,-1,-1,-1
65,4,456.9333618164062,323.2723754882812,56.27790527343757,78.03819580078124,0.8781049895863191,-1,-1,-1
65,3,1117.42119140625,329.54381103515624,43.08903808593732,117.87753295898438,0.9047262237575637,-1,-1,-1
65,1,1036.6135620117186,472.79794921875,112.42683105468768,246.20205078125002,0.9311289253200883,-1,-1,-1
65,2,413.66799316406247,327.1920501708984,31.91264648437499,72.84017944335938,0.8969059848029985,-1,-1,-1
66,1,1036.52490234375,472.8539794921875,112.56745605468745,246.14602050781252,0.9300290470258687,-1,-1,-1
66,3,1117.2551879882812,329.9042724609375,42.755932617187455,117.38968505859373,0.9049812948764888,-1,-1,-1
66,5,705.4135070800781,322.2257354736328,40.733349609374955,92.3026245117187,0.8959653046903462,-1,-1,-1
66,2,414.3571105957031,327.56899108886716,33.416400146484364,73.53544921874999,0.8923262577789828,-1,-1,-1
66,4,459.23486022949214,323.720068359375,54.80115051269536,76.95164794921874,0.8844308755399624,-1,-1,-1
66,8,730.5755493164062,316.65489807128904,45.18929443359377,45.45856933593751,0.8234133190105304,-1,-1,-1
66,6,448.5056671142578,323.5617004394531,35.134359741210915,66.64883422851562,0.7779581430307303,-1,-1,-1
67,5,706.2491821289062,322.0970031738281,39.7913818359375,92.60760498046875,0.8641249761571537,-1,-1,-1
67,9,491.1838439941406,312.7821075439453,32.040637207031295,60.50017089843749,0.40449974028527436,-1,-1,-1
67,6,452.2026763916015,320.36407470703125,36.917276000976585,70.69894409179688,0.8059438356707638,-1,-1,-1
67,8,730.9530944824219,316.5958740234375,44.85410156249998,45.53591308593752,0.8181842364320744,-1,-1,-1
67,1,1036.5671997070312,472.7881713867187,112.59624023437505,246.21182861328128,0.9300862357098012,-1,-1,-1
67,2,415.5435516357422,328.0845520019531,35.512536621093716,73.5556640625,0.8965842707675122,-1,-1,-1
67,3,1113.3890991210938,330.6084411621094,46.460522460937455,116.97808227539059,0.9038878763338047,-1,-1,-1
67,4,458.01469116210933,318.0608459472656,55.784289550781295,81.87890625,0.8709068358378147,-1,-1,-1
68,6,453.2194610595703,319.5265319824219,39.0341766357422,74.42286987304686,0.7800036646396791,-1,-1,-1
68,9,499.228857421875,311.9195983886719,46.3271484375,57.865924072265614,0.5734150887530483,-1,-1,-1
68,8,731.1312927246094,316.51951904296874,44.63558349609377,45.49993286132815,0.7982744400458728,-1,-1,-1
68,4,465.5140686035156,319.14404296875,48.90574951171868,81.17111206054688,0.8662775912086751,-1,-1,-1
68,2,416.6477600097656,328.04530334472656,35.84783935546875,75.97067871093748,0.8933070876139482,-1,-1,-1
68,3,1111.174365234375,330.93157653808595,48.26579589843732,116.81141967773436,0.9104665309701474,-1,-1,-1
68,1,1036.5340209960937,472.70473022460936,112.64479980468764,246.29526977539064,0.9309034174963813,-1,-1,-1
68,5,705.8716918945312,320.2150451660156,39.90168457031257,94.42781982421872,0.8773184046960978,-1,-1,-1
69,8,733.7631225585938,316.4407470703125,42.291760253906205,45.52805786132808,0.775433025636687,-1,-1,-1
69,5,689.6408203125,315.7980743408203,60.52016601562502,98.80872802734376,0.825170186928915,-1,-1,-1
69,4,470.5781066894531,318.6002471923828,42.97071533203132,81.43912353515623,0.8463415200256321,-1,-1,-1
69,1,1036.9205200195313,472.65798339843747,112.16755371093745,246.34201660156253,0.9294373617874641,-1,-1,-1
69,3,1104.4341430664062,331.3565002441406,54.210498046875045,116.97890625000002,0.9180595649954526,-1,-1,-1
69,2,418.919677734375,330.2561096191406,36.44571533203123,75.19768066406249,0.8972689028660348,-1,-1,-1
70,1,1036.938427734375,472.716650390625,112.15810546874991,246.28334960937502,0.9300033970195898,-1,-1,-1
70,3,1102.9022094726563,331.1002990722656,55.539624023437455,117.51168823242188,0.9133569247762807,-1,-1,-1
70,2,419.5293365478515,329.98049011230466,36.70757446289065,75.3349548339844,0.8934450132944107,-1,-1,-1
70,4,467.7460510253906,319.86620178222654,45.665441894531284,80.91584472656251,0.8290839584363319,-1,-1,-1
70,5,689.8957580566406,314.7712921142578,69.82470703125,99.64747924804686,0.8118915192688121,-1,-1,-1
70,8,734.839013671875,316.51377868652344,41.178845214843705,45.522674560546875,0.7639223393376255,-1,-1,-1
71,1,1036.9201904296874,472.7240112304687,112.15239257812505,246.2759887695313,0.930962007554605,-1,-1,-1
71,3,1098.834521484375,331.85280761718747,58.78740234374982,117.17737426757816,0.9076767983257668,-1,-1,-1
71,2,420.4783081054687,330.1152648925781,36.28333740234376,75.07694091796873,0.8932449603989028,-1,-1,-1
71,5,702.3431030273438,315.0389739990234,40.20073242187493,95.26821899414062,0.8757352934229203,-1,-1,-1
71,4,465.44062499999995,320.5351318359375,48.62713623046875,81.06086425781251,0.8657303922249184,-1,-1,-1
71,8,734.9155883789062,316.6161437988281,40.79311523437491,45.45368041992191,0.7621667780416637,-1,-1,-1
72,8,733.4297973632812,316.66437377929685,42.25177001953125,45.03949584960941,0.7743623488745186,-1,-1,-1
72,4,463.9353881835937,320.01064453124997,50.962060546874966,80.27567138671878,0.884852382848198,-1,-1,-1
72,5,703.5386901855469,314.55516357421874,38.36711425781243,93.54342041015622,0.8709249123213851,-1,-1,-1
72,3,1096.159130859375,332.3819091796875,62.96484375,116.7005676269531,0.8982510293570556,-1,-1,-1
72,1,1036.7500122070312,472.60590820312495,112.55339355468755,246.39409179687505,0.9282805512054928,-1,-1,-1
72,2,420.43853759765625,329.328369140625,36.563983154296864,75.04107055664059,0.8939310164137453,-1,-1,-1
73,9,549.9916809082031,312.886148071289,33.475451660156295,61.40577392578126,0.7477343472515052,-1,-1,-1
73,8,732.9566711425781,316.7054901123047,42.65364990234377,44.90925292968751,0.8083306461631174,-1,-1,-1
73,2,420.65150756835936,327.5198547363281,36.193743896484364,76.81239624023436,0.8847773627979336,-1,-1,-1
73,1,1036.7836303710938,472.6710021972656,112.55075683593736,246.32899780273442,0.9298728125052094,-1,-1,-1
73,5,703.7682495117188,313.2898406982422,38.16837158203123,89.06940307617185,0.8866305796055869,-1,-1,-1
73,3,1093.1461303710937,332.49957275390625,64.67563476562509,116.6131713867187,0.9274990415145083,-1,-1,-1
73,4,460.3516204833984,322.5725189208984,55.91395568847656,78.30977783203127,0.8866127207046866,-1,-1,-1
74,3,1092.3766479492188,332.9213653564453,65.20539550781245,116.51835937499999,0.9292905680213437,-1,-1,-1
74,1,1036.79384765625,472.74730224609374,112.717529296875,246.25269775390626,0.9280764434623983,-1,-1,-1
74,5,702.2520263671875,312.2738525390625,40.369372558593795,90.50284423828123,0.8954769003798972,-1,-1,-1
74,2,421.3285675048828,327.9391754150391,35.33054809570308,76.09432983398432,0.8833533332015122,-1,-1,-1
74,4,463.9380249023437,323.5032531738281,53.76082763671877,77.54501953124998,0.8829034386480643,-1,-1,-1
74,8,732.9955627441406,316.7405090332031,42.55323486328132,44.821087646484386,0.8096534203265229,-1,-1,-1
74,9,550.6850280761719,307.63970947265625,37.02337646484375,66.60516357421875,0.7872310885554512,-1,-1,-1
74,6,505.4478881835937,319.53729858398435,38.25351562499998,53.456011962890614,0.438146536683103,-1,-1,-1
75,9,558.810626220703,307.0534240722656,37.26112060546882,66.45986938476562,0.5676079017724689,-1,-1,-1
75,6,520.3300231933594,320.9663452148437,38.01027832031252,64.90085449218748,0.7605770964060881,-1,-1,-1
75,8,731.1616149902344,316.6143035888672,44.59658203124991,45.197589111328114,0.8264544112321346,-1,-1,-1
75,2,421.072915649414,325.3609588623047,35.402508544921886,78.97170410156247,0.8736462078102534,-1,-1,-1
75,3,1090.6913452148438,332.69199829101564,67.22226562499986,116.25446777343745,0.9320444238607237,-1,-1,-1
75,4,466.0671203613281,323.11301879882814,57.1453857421875,78.82426757812499,0.9040767162188246,-1,-1,-1
75,1,1036.7470458984374,472.5317504882812,112.80893554687509,246.4682495117188,0.928188749311385,-1,-1,-1
75,5,691.2064270019531,310.1528594970703,51.616406249999955,91.26776733398435,0.8830607338531458,-1,-1,-1
76,9,571.247314453125,306.4317352294922,30.75567626953125,53.587078857421886,0.5299314103272508,-1,-1,-1
76,6,526.582177734375,325.8335906982422,33.000622558593705,60.72769775390623,0.8151963460910174,-1,-1,-1
76,8,731.1585388183594,316.65270080566404,44.614270019531205,45.18610839843751,0.8291426394390555,-1,-1,-1
76,2,421.4761962890625,325.0722381591797,33.723413085937466,79.31502685546872,0.8844059294359852,-1,-1,-1
76,5,685.3908142089844,309.1780700683594,56.9619140625,91.36730346679684,0.908612612178942,-1,-1,-1
76,1,1036.8040649414063,472.6211242675781,112.67600097656236,246.37887573242188,0.9285929263790926,-1,-1,-1
76,3,1090.4486572265625,332.7717041015625,67.17414550781245,116.43629150390626,0.93113715857287,-1,-1,-1
76,4,469.477880859375,324.9694885253906,53.857067871093705,76.71478271484375,0.9064093926564283,-1,-1,-1
77,9,586.0162902832031,309.8027801513672,25.473339843749955,52.710589599609364,0.4129430044507032,-1,-1,-1
77,8,731.1145385742187,316.5436614990234,44.80169677734375,45.37309570312499,0.8087734545791925,-1,-1,-1
77,2,421.5450531005859,324.9407043457031,33.030670166015625,79.49443359374999,0.8906955231478513,-1,-1,-1
77,6,537.4193664550781,325.0557861328125,29.302624511718705,61.68339843749999,0.7873981887528636,-1,-1,-1
77,4,475.8822509765625,324.55824279785156,46.25573730468744,75.66152343749997,0.9069065591904781,-1,-1,-1
77,1,1036.814611816406,472.63881225585936,112.6131591796875,246.36118774414064,0.9284918819008467,-1,-1,-1
77,3,1089.8750610351562,332.69672241210935,67.94011230468755,116.59954833984375,0.9320064973336528,-1,-1,-1
77,5,679.5635009765625,309.533120727539,60.03424072265625,84.18301391601562,0.8950455516089377,-1,-1,-1
78,1,1036.77275390625,472.6372192382812,112.89418945312491,246.3627807617188,0.9280764064775013,-1,-1,-1
78,4,476.97973022460934,324.10533142089844,44.11406249999999,75.90492553710936,0.9008009744024292,-1,-1,-1
78,5,676.2668884277343,309.3842559814453,62.50924072265627,87.13932495117189,0.8922802842894129,-1,-1,-1
78,2,421.27305908203124,325.1559265136719,33.155255126953136,79.08739013671874,0.8846442934774785,-1,-1,-1
78,8,731.1672180175781,316.5109497070312,44.716662597656295,45.472631835937534,0.8108977885047253,-1,-1,-1
78,6,538.4369750976563,327.22899169921874,33.45281982421875,59.897790527343716,0.7968617864510179,-1,-1,-1
78,9,593.3370300292969,308.63067626953125,26.730944824218682,66.83455810546872,0.6878990848637621,-1,-1,-1
78,3,1089.8474853515625,332.653271484375,67.94538574218745,117.12458496093745,0.9308074340672334,-1,-1,-1
79,9,603.4640625,307.49537658691406,27.47186279296875,63.66917724609374,0.6698242410452124,-1,-1,-1
79,8,731.8553466796875,316.50391845703126,43.95882568359366,45.46658935546873,0.8215116932314395,-1,-1,-1
79,6,543.7753967285156,315.70013122558595,46.20322265624998,70.24460449218748,0.8185009354209782,-1,-1,-1
79,2,421.60512084960936,322.86659545898436,32.82940063476559,80.49012451171876,0.8924144113332417,-1,-1,-1
79,1,1036.9043701171875,472.45473632812497,112.78256835937509,246.54526367187503,0.9251265188001305,-1,-1,-1
79,5,671.2630004882812,310.2009246826172,59.76694335937498,82.75764770507811,0.9082567398863475,-1,-1,-1
79,4,480.74018554687495,324.1182952880859,40.92791748046875,76.46753540039066,0.8945758450111896,-1,-1,-1
79,3,1089.4057250976562,333.3649658203125,67.82497558593764,117.85891113281252,0.9382803303579657,-1,-1,-1
80,3,1088.8851928710938,333.44700622558594,68.09721679687505,118.42564086914058,0.9372628757008599,-1,-1,-1
80,1,1036.9000854492188,472.35761718749995,112.86848144531245,246.64238281250005,0.9235864651030923,-1,-1,-1
80,5,671.1384155273437,310.24701232910155,59.632800292968795,82.676513671875,0.9083500209449973,-1,-1,-1
80,4,481.73878784179686,323.7078186035156,40.29455566406244,77.32402954101565,0.8958798802770502,-1,-1,-1
80,2,421.1741271972656,322.80380859375,33.464630126953125,80.72380371093749,0.8853273277375706,-1,-1,-1
80,6,546.8470642089843,313.22276916503904,48.49639892578125,74.29872436523436,0.828340871959881,-1,-1,-1
80,8,731.9237915039063,316.3789489746094,43.93443603515618,45.53014526367184,0.8210774238458782,-1,-1,-1
80,9,607.6509521484375,310.6769348144531,27.945043945312477,59.3784118652344,0.6486677113851194,-1,-1,-1
81,9,622.8745971679688,308.7598205566406,30.561437988281227,57.02459106445315,0.6060854741951616,-1,-1,-1
81,6,571.08779296875,316.3843048095703,31.75323486328125,71.37152709960935,0.6382242918530068,-1,-1,-1
81,8,731.7773986816406,316.323193359375,44.13559570312498,45.6113342285156,0.8322138435538164,-1,-1,-1
81,2,420.6986663818359,321.323648071289,34.1488037109375,81.78898315429689,0.8809014940588895,-1,-1,-1
81,1,1036.885693359375,472.3570678710937,112.94362792968741,246.6429321289063,0.9228080457406378,-1,-1,-1
81,5,671.9208068847656,310.9857604980469,52.00224609374993,81.80386962890623,0.9119308980530789,-1,-1,-1
81,3,1088.8104858398438,333.4256927490234,67.60854492187491,119.28532104492189,0.9312711722508382,-1,-1,-1
81,4,484.7726623535156,325.2952056884765,40.59107666015626,79.38226318359375,0.8870128241326789,-1,-1,-1
82,8,731.8387573242187,316.35472412109374,44.08835449218748,45.58359374999998,0.8270498622673372,-1,-1,-1
82,9,629.2550720214844,307.6225982666015,30.566491699218773,58.400299072265625,0.4625913293739359,-1,-1,-1
82,7,627.7347290039062,307.7523742675781,39.411914062500045,74.19918823242188,0.6798353917136737,-1,-1,-1
82,4,486.6280883789062,326.60301818847654,40.23885498046877,80.5902099609375,0.8422147681949355,-1,-1,-1
82,6,575.9278198242188,318.34813842773434,32.25498046874998,69.6638122558594,0.8245838858743504,-1,-1,-1
82,5,671.9617309570312,307.89549865722654,51.32625732421877,85.05131835937499,0.908941294352843,-1,-1,-1
82,2,419.66872558593747,320.8669189453125,32.84428710937499,82.14158935546874,0.8866729245943326,-1,-1,-1
82,1,1036.7615478515625,472.4183166503906,113.01987304687509,246.58168334960942,0.9236228579500683,-1,-1,-1
82,3,1088.9744018554686,333.24730224609374,67.32158203125005,119.03510742187501,0.9331999097587769,-1,-1,-1
83,6,581.2142761230468,323.2972045898437,30.540014648437477,67.77597656250003,0.631380552027494,-1,-1,-1
83,8,731.485107421875,316.4020202636719,44.462109374999955,45.68356933593748,0.8303885445488177,-1,-1,-1
83,7,638.1410339355468,305.422036743164,30.958703613281273,76.46077880859377,0.8551259477750222,-1,-1,-1
83,4,499.4408935546875,330.1903564453125,31.984716796874977,77.76491088867186,0.8634575012679306,-1,-1,-1
83,9,581.8276428222656,316.412759399414,48.63680419921877,75.79451293945311,0.5667140373787483,-1,-1,-1
83,5,673.7556884765625,305.8431427001953,50.12105712890627,86.76557006835935,0.9126500559191371,-1,-1,-1
83,1,1036.8067016601562,472.45336303710934,112.90297851562491,246.54663696289066,0.9253297013608375,-1,-1,-1
83,3,1087.8954345703125,333.4103118896484,68.8128662109375,119.17293090820311,0.9316598068061737,-1,-1,-1
83,2,419.04283447265624,319.72247314453125,27.27399902343751,82.64470825195309,0.8935442951109565,-1,-1,-1
84,3,1088.538244628906,333.87742309570314,67.79729003906255,119.00725708007809,0.9281374191344298,-1,-1,-1
84,1,1036.7666015625,472.4372680664062,112.9251708984375,246.5627319335938,0.9245416676087679,-1,-1,-1
84,2,418.71206359863277,319.3384185791015,27.04559326171875,82.53061523437503,0.8956992089849898,-1,-1,-1
84,5,677.3842529296875,304.2553436279297,46.99929199218752,88.13682861328124,0.8844272107591422,-1,-1,-1
84,4,499.10949096679684,332.11318359374997,36.18676757812506,74.41704711914065,0.8514253616581762,-1,-1,-1
84,7,641.8723205566406,303.1022186279297,29.799755859374955,78.70638427734372,0.8305019427953653,-1,-1,-1
84,8,731.634521484375,316.39806518554684,44.090222167968705,45.472576904296886,0.8059548614070202,-1,-1,-1
84,6,584.0575378417968,312.6320892333984,44.129992675781295,80.23870239257815,0.790785813671647,-1,-1,-1
85,8,731.4504455566406,316.3927368164062,44.69512939453125,46.16229858398441,0.8171011688810239,-1,-1,-1
85,6,589.5514709472656,311.3508087158203,45.2032470703125,82.16444091796876,0.5371054966055304,-1,-1,-1
85,7,647.360430908203,302.7284362792969,33.11356201171884,79.84808349609375,0.7486493949683037,-1,-1,-1
85,5,681.9905456542969,302.3645965576172,42.750659179687545,87.48588867187499,0.8473302923145312,-1,-1,-1
85,2,418.55479431152344,318.5703918457031,27.05553588867184,83.94642333984376,0.8893309629959134,-1,-1,-1
85,4,498.86180419921874,331.89406127929686,45.37792968749994,75.42581176757812,0.8960956805597462,-1,-1,-1
85,3,1088.4904541015624,333.42047424316405,69.46479492187518,119.19045410156247,0.9102922500293218,-1,-1,-1
85,1,1036.8799804687499,472.52395019531247,112.82124023437518,246.47604980468753,0.924922201724371,-1,-1,-1
86,1,1036.9369995117188,472.6209045410156,112.7076416015625,246.3790954589844,0.9257722864631752,-1,-1,-1
86,3,1088.8257568359375,333.0898406982422,73.97314453125,119.6739624023437,0.9179606311602839,-1,-1,-1
86,4,499.53306884765624,329.9730194091797,49.53581542968749,77.87005004882809,0.8913843652814535,-1,-1,-1
86,2,418.57465209960935,318.02220153808594,26.928533935546852,84.51018676757809,0.8907428187702493,-1,-1,-1
86,5,692.2339233398437,302.5225524902344,33.92633056640625,85.17936401367183,0.8310225936818938,-1,-1,-1
86,6,592.4268676757812,319.1864501953125,53.09549560546884,80.95468139648438,0.8122820689806183,-1,-1,-1
86,8,731.7121398925781,316.4908447265625,44.342578125000045,46.89684448242184,0.8090838123883302,-1,-1,-1
86,7,651.5503417968749,302.9585723876953,33.564990234375045,80.25759887695312,0.8081649387393242,-1,-1,-1
87,7,660.6310913085937,305.8189727783203,30.834118652343818,81.14128417968749,0.8185869269242474,-1,-1,-1
87,8,732.3247375488281,316.6739868164062,43.5234375,45.87555541992191,0.8212966405788791,-1,-1,-1
87,6,619.0866760253906,323.9483642578125,34.49454345703123,76.49763793945311,0.8433002492671235,-1,-1,-1
87,5,698.3525939941406,301.8985290527344,30.528698730468705,87.53829345703122,0.8474335254973901,-1,-1,-1
87,1,1036.9286499023438,472.49467163085933,112.93439941406245,246.50532836914067,0.9252536546656245,-1,-1,-1
87,3,1089.0466918945312,338.67759704589844,74.42446289062491,114.23128051757811,0.9174605698371465,-1,-1,-1
87,4,501.87139892578125,329.4345245361328,62.00738525390625,76.9031982421875,0.9193885306318208,-1,-1,-1
87,2,418.69533691406247,318.5489135742187,26.983575439453148,83.81178588867186,0.8885449025679861,-1,-1,-1
88,7,664.4644409179688,306.1296112060547,28.58258056640625,80.76593627929685,0.8055345241769984,-1,-1,-1
88,9,699.3431762695312,303.32496643066406,32.24355468750002,60.87733154296876,0.4706015342083596,-1,-1,-1
88,6,620.9182617187499,322.81787109375,52.63604736328125,78.7823547363281,0.5819768891173602,-1,-1,-1
88,5,698.5423828125,302.74876098632814,33.24034423828118,85.71824340820308,0.8203692886341116,-1,-1,-1
88,8,732.0349731445312,316.6020263671875,43.90817871093748,45.75305786132816,0.8223926864197608,-1,-1,-1
88,2,418.9398651123047,318.37368164062497,26.71660766601559,83.89259033203126,0.8810085614129548,-1,-1,-1
88,4,502.91032104492183,330.1009826660156,62.53802490234375,77.28535766601561,0.8994394791219875,-1,-1,-1
88,3,1088.7254516601563,339.9075439453125,74.61738281249995,112.85551757812499,0.912856745160795,-1,-1,-1
88,1,1036.861083984375,472.5958557128906,112.9669189453125,246.40414428710938,0.9266449637110057,-1,-1,-1
89,8,731.8841857910156,316.6003784179687,44.15427246093748,46.259417724609364,0.8130385408069003,-1,-1,-1
89,6,621.8096923828125,319.3060363769531,60.838879394531205,83.14524536132814,0.8241881417433916,-1,-1,-1
89,5,696.4162536621094,304.6267639160156,39.05980224609368,83.47318725585939,0.8359368613888449,-1,-1,-1
89,9,671.2632751464844,306.90980529785156,27.986901855468773,59.00009765624998,0.6574871651298473,-1,-1,-1
89,2,419.2321838378906,317.3850494384765,26.94023437499999,84.68239746093752,0.8850186811501999,-1,-1,-1
89,3,1088.5106689453125,340.7453887939453,75.62834472656232,112.67501220703122,0.9060227366590823,-1,-1,-1
89,1,1037.0225830078125,472.5370239257812,113.0042724609375,246.46297607421877,0.9244289790806732,-1,-1,-1
89,4,511.6562622070312,330.8207244873047,67.29587402343748,83.0290649414062,0.8707503804990466,-1,-1,-1
90,1,1036.9628173828125,472.510107421875,113.08183593749982,246.48989257812502,0.924545766416049,-1,-1,-1
90,3,1089.06416015625,340.798013305664,73.42756347656245,112.322021484375,0.9089568985237904,-1,-1,-1
90,2,419.2678344726562,317.0896270751953,26.909143066406273,85.04093627929683,0.8841144478494982,-1,-1,-1
90,4,516.5163940429687,333.0244445800781,63.391003417968705,79.70152587890624,0.862971055742122,-1,-1,-1
90,5,697.3257568359375,305.4367309570312,41.72662353515625,82.4046569824219,0.862491995955903,-1,-1,-1
90,8,731.9627380371094,316.7881622314453,43.896862792968705,45.246478271484364,0.8364943581269664,-1,-1,-1
90,6,624.6731689453125,319.8606262207031,63.24224853515625,82.6143859863281,0.8212639140816975,-1,-1,-1
90,9,674.3925109863281,307.5427276611328,27.898571777343705,54.9459228515625,0.638215035607903,-1,-1,-1
91,5,698.7781494140625,305.29429321289064,42.62058105468748,84.92135009765622,0.8394502831146085,-1,-1,-1
91,6,656.0831359863281,316.4029266357422,46.18048095703125,91.9483703613281,0.7247756736194049,-1,-1,-1
91,8,731.8608947753906,316.7198547363281,44.04056396484373,46.15900268554691,0.8185495226645223,-1,-1,-1
91,9,683.2801208496094,307.98264770507814,22.573168945312432,59.784576416015625,0.44318108425201785,-1,-1,-1
91,4,549.86044921875,331.5373901367187,34.82962646484373,81.93795776367188,0.8762619879609339,-1,-1,-1
91,3,1089.4936157226562,341.9594055175781,72.81584472656255,111.22130126953124,0.8991538137715764,-1,-1,-1
91,1,1036.9921508789062,472.49318847656247,113.21784667968745,246.50681152343753,0.9251016889844337,-1,-1,-1
91,2,420.1709106445312,317.70892639160155,25.93586425781251,84.46453857421875,0.8832851559439021,-1,-1,-1
92,3,1089.3187133789063,340.8458038330078,76.15546874999995,111.56912841796878,0.9271582714815452,-1,-1,-1
92,1,1037.0267578125,472.7083557128906,113.16379394531259,246.29164428710942,0.9238083708689828,-1,-1,-1
92,2,419.914517211914,318.5541595458984,26.0628662109375,83.56184692382811,0.878651459021242,-1,-1,-1
92,4,546.9054016113281,331.2766845703125,41.939208984375,83.06433105468744,0.8709811142966828,-1,-1,-1
92,5,701.0854980468749,305.1734161376953,46.10291748046882,83.54805908203122,0.7995332226209797,-1,-1,-1
92,8,733.204248046875,316.5115539550781,42.29802246093743,48.0613952636719,0.75063164900914,-1,-1,-1
92,6,657.123046875,328.9576080322266,41.13248291015623,80.28209838867184,0.7220846699708403,-1,-1,-1
92,9,685.3395080566406,307.06468505859374,23.947668457031227,62.8917297363281,0.6663102158605554,-1,-1,-1
93,6,676.5094116210937,318.1981750488281,37.108081054687545,93.71986083984376,0.51818514762207,-1,-1,-1
93,7,729.585791015625,316.2210479736328,46.701123046874955,67.177001953125,0.6075506100417236,-1,-1,-1
93,8,733.4012878417968,316.2587860107422,41.70662841796877,50.111828613281205,0.6734304720296507,-1,-1,-1
93,9,688.7009399414062,306.0147766113281,26.872338867187523,73.49117431640627,0.6943446775606539,-1,-1,-1
93,3,1089.539208984375,341.8716247558594,74.04367675781259,108.65703735351559,0.9286197189102907,-1,-1,-1
93,2,419.9225372314453,317.4464904785156,26.4287109375,84.74974365234374,0.8784001295458133,-1,-1,-1
93,4,554.4740478515624,326.59263610839844,41.39846191406252,88.53436889648435,0.8850365166841456,-1,-1,-1
93,1,1037.00830078125,472.64622802734374,113.27761230468741,246.35377197265626,0.9234167198524368,-1,-1,-1
93,5,705.2072937011718,305.4075897216797,38.30581054687502,81.09250488281248,0.7956789990952942,-1,-1,-1
94,9,693.5788696289062,306.1191741943359,23.697729492187477,67.96653442382814,0.7102305431963885,-1,-1,-1
94,7,726.3164794921875,316.07770385742185,50.00174560546873,69.48006591796877,0.5381026138029199,-1,-1,-1
94,8,734.027783203125,316.39674682617186,41.64862060546875,48.12346801757815,0.6632655720338576,-1,-1,-1
94,5,713.017529296875,305.9372131347656,28.31781005859375,77.4266418457031,0.8093468712547427,-1,-1,-1
94,2,420.12026367187497,317.168618774414,26.255895996093784,84.98380737304689,0.8762695393327782,-1,-1,-1
94,4,557.1195556640624,326.23151550292965,42.35438232421882,89.67744140625001,0.8692224312974872,-1,-1,-1
94,3,1090.9052490234374,342.03131103515625,73.92282714843759,107.94429931640622,0.9157614850351123,-1,-1,-1
94,1,1036.9130493164062,472.5903625488281,113.26860351562505,246.40963745117188,0.9233928941727072,-1,-1,-1
94,6,677.0594970703124,318.8276641845703,54.588427734375045,93.36835327148435,0.8410249828797589,-1,-1,-1
95,8,741.3760986328125,317.83290710449216,34.73876953125,44.448706054687534,0.5133850029617122,-1,-1,-1
95,9,697.4033203125,304.86217346191404,25.47235107421875,53.888873291015614,0.7735244676375501,-1,-1,-1
95,6,685.2230529785156,306.1412841796875,68.65422363281243,103.82590942382814,0.7891834528018506,-1,-1,-1
95,7,715.8477172851562,304.3180755615234,37.04458007812502,82.30336303710936,0.7117517643500548,-1,-1,-1
95,4,562.8964965820312,323.2907775878906,47.303942871093795,91.36669921875,0.8707695653424139,-1,-1,-1
95,3,1093.908251953125,342.71295776367185,71.52231445312486,106.12886352539061,0.916470805394269,-1,-1,-1
95,1,1037.0589477539063,472.7721313476562,113.1767578125,246.22786865234377,0.9258855076292036,-1,-1,-1
95,2,420.96266784667966,317.4809875488281,25.704217529296898,84.79978637695308,0.8706144865865646,-1,-1,-1
96,1,1036.8403198242188,472.7721313476562,113.48701171874995,246.22786865234377,0.9245391964536545,-1,-1,-1
96,4,570.2817810058593,322.75780334472654,47.54476318359377,93.02470092773439,0.9161838908856978,-1,-1,-1
96,3,1091.3873291015625,344.1392028808594,74.76767578124986,104.30463867187495,0.9137420169208212,-1,-1,-1
96,2,421.1865692138672,317.67420959472656,26.10362548828124,84.84829101562497,0.8672767993152561,-1,-1,-1
96,5,718.1533081054687,305.24999084472654,37.19575195312507,85.10855712890623,0.7422998137206243,-1,-1,-1
96,9,698.7034973144531,303.92344665527344,28.327368164062477,54.57952880859375,0.6903917357190537,-1,-1,-1
97,9,702.7871704101562,302.9893341064453,28.440966796874932,76.79937744140625,0.8233666948668912,-1,-1,-1
97,1,1036.8774536132812,472.6729797363281,113.49492187500005,246.3270202636719,0.9238598537194775,-1,-1,-1
97,5,716.163409423828,304.7669769287109,42.64376220703127,86.91289672851565,0.8250932125492909,-1,-1,-1
97,6,741.3900512695312,324.6606079101562,37.550061035156205,91.68563232421877,0.7655056103005791,-1,-1,-1
97,4,579.8541137695312,321.9594818115234,45.98404541015634,96.07796630859377,0.8965553928148537,-1,-1,-1
97,3,1091.203527832031,348.22174987792965,74.61408691406268,100.487548828125,0.9005231425874598,-1,-1,-1
97,2,422.4641418457031,318.60703125,25.73822021484375,84.36626586914065,0.8591322139139734,-1,-1,-1
98,1,1036.839111328125,472.7259338378906,113.5107421875,246.27406616210942,0.9243236677694284,-1,-1,-1
98,3,1091.9442260742187,353.4069396972656,73.9940185546875,94.49664916992185,0.9156501789861622,-1,-1,-1
98,4,582.7782897949219,323.4426361083984,43.78787841796873,94.51521606445311,0.8937103888678415,-1,-1,-1
98,2,422.75739440917965,319.30092773437497,26.334997558593784,84.12176513671875,0.8682041835428684,-1,-1,-1
98,5,723.3164978027344,304.69493408203124,36.818920898437455,87.19535522460939,0.8184205438112073,-1,-1,-1
98,9,704.3502502441406,303.1907135009765,29.670996093749977,79.78353881835938,0.7937657028082192,-1,-1,-1
98,6,748.8552062988281,326.9742462158203,34.212084960937545,89.08027954101561,0.610677477332974,-1,-1,-1
99,6,754.7959533691406,327.4020263671875,48.51188964843743,89.94221191406251,0.6962206340875099,-1,-1,-1
99,9,707.4340026855468,305.84630126953124,29.96795654296875,76.4939025878906,0.8322799095433098,-1,-1,-1
99,5,728.0168334960937,304.25685424804686,38.75943603515634,86.02421264648439,0.8499290671999873,-1,-1,-1
99,2,423.6273193359375,321.0523681640625,31.585089111328102,81.68367919921872,0.8656438097217745,-1,-1,-1
99,4,597.6762451171875,323.8511627197266,30.859277343750023,94.10487670898436,0.871390057594823,-1,-1,-1
99,3,1094.3980224609375,354.0650207519531,71.81169433593755,93.57061157226559,0.9230583801917724,-1,-1,-1
99,1,1036.5951049804687,472.39288330078125,114.1380615234375,246.60711669921875,0.9255777203124751,-1,-1,-1
100,1,1036.601477050781,472.3248779296875,114.13674316406264,246.6751220703125,0.925446168202555,-1,-1,-1
100,3,1095.7219848632812,357.4146697998047,70.64736328124991,90.21286010742182,0.9131258916710152,-1,-1,-1
100,2,423.4507690429687,323.8179565429687,31.350805664062534,79.11979980468749,0.8624575962413985,-1,-1,-1
100,4,601.9226257324218,319.3187255859375,30.10638427734375,98.16355590820308,0.8591554863527193,-1,-1,-1
100,5,727.6649963378906,305.15748596191406,45.61358642578125,84.79731445312495,0.856140298727933,-1,-1,-1
100,9,708.6579895019531,306.0846496582031,29.579809570312477,76.61689453125001,0.8211152870326153,-1,-1,-1
100,6,757.9764404296875,320.0243225097656,59.41604003906241,97.63840942382808,0.4814218465121307,-1,-1,-1
101,9,709.7986999511719,306.93922119140626,41.661145019531205,78.12158203124994,0.7603055952774724,-1,-1,-1
101,4,606.893389892578,318.78220825195314,32.643237304687545,98.94182739257809,0.8186691175573912,-1,-1,-1
101,2,425.5444061279297,328.0700225830078,28.4952392578125,75.24689941406245,0.8288156609220998,-1,-1,-1
101,1,1036.593017578125,472.3763488769531,114.20573730468755,246.6236511230469,0.9277034658617573,-1,-1,-1
101,3,1097.3373046875,363.2813690185547,69.38239746093745,83.86325683593748,0.8879268884238662,-1,-1,-1
101,5,729.1009643554687,303.91380615234374,44.748522949218795,88.20670166015623,0.8348141664716877,-1,-1,-1
102,1,1036.823291015625,472.279833984375,114.01215820312495,246.720166015625,0.9270218284065024,-1,-1,-1
102,3,1098.0056030273438,365.4167816162109,69.1710205078125,81.25263061523435,0.910727852532915,-1,-1,-1
102,5,729.003076171875,303.02660522460934,45.46450195312491,90.21758422851565,0.8644434796548879,-1,-1,-1
102,2,426.7002777099609,328.95192260742186,27.564532470703114,76.08900146484376,0.859259853194601,-1,-1,-1
102,4,609.4650146484374,316.72191467285154,35.45595703125002,100.33489379882815,0.8364641737503469,-1,-1,-1
102,9,710.3270874023438,307.3427490234375,39.029919433593705,75.31248779296874,0.8356851172493833,-1,-1,-1
103,6,823.8111328125,327.04274597167966,62.80235595703118,93.79132690429685,0.7156590143829042,-1,-1,-1
103,5,737.7661010742187,301.66094970703125,39.01168212890627,90.29014892578124,0.8390912604879226,-1,-1,-1
103,9,711.7569030761719,307.4557708740234,38.761303710937455,76.8817199707031,0.8523825791240469,-1,-1,-1
103,4,614.855126953125,315.28663330078126,48.88619384765616,101.64248657226557,0.878562879896819,-1,-1,-1
103,3,1101.230419921875,366.4314788818359,65.48554687499995,80.58515625000001,0.9169820289453838,-1,-1,-1
103,1,1036.7351806640625,472.18150634765624,114.05698242187509,246.81849365234376,0.9275931657042378,-1,-1,-1
103,2,426.49420166015625,328.3763214111328,28.721887207031216,77.03041992187502,0.8652982450495585,-1,-1,-1
104,5,738.4572509765625,302.0714538574219,39.620434570312455,90.24746704101557,0.8295239856041903,-1,-1,-1
104,1,1036.6660766601562,472.3238891601562,114.13872070312505,246.67611083984377,0.9269206407637043,-1,-1,-1
104,3,1100.6176025390625,365.5261505126953,65.87973632812486,81.97520141601558,0.9029461324838586,-1,-1,-1
104,4,617.4626770019531,316.8964599609375,50.89174804687502,100.546875,0.8990368055112299,-1,-1,-1
104,2,425.51932983398433,327.9624389648437,29.30542602539066,76.77713012695312,0.8732565708389757,-1,-1,-1
104,9,711.6726928710938,307.8259552001953,38.83260498046866,76.41914062499995,0.8405907978154765,-1,-1,-1
104,6,830.0737792968749,332.6317932128906,61.89027099609382,88.20626220703122,0.4574514325838308,-1,-1,-1
