1,1,644.8566694177886,1377.1493827985798,O_right
2,1,644.8566694177886,1377.1493827985798,O_right
3,1,644.9039998560428,1377.131281400552,O_right
4,1,647.4535189948432,1370.0056160709537,O_right
5,1,650.6947838996522,1364.3890164288102,O_right
6,1,659.7960993372313,1348.4500874462778,O_right
7,1,661.536549910639,1338.05451800543,O_right
8,1,684.8069240208973,1305.1274185163727,O_right
9,1,690.492223564731,1292.1922785414322,O_right
10,1,692.3167001230122,1291.2198081291342,O_right
11,1,709.9964748353319,1290.5122684410046,O_right
12,1,691.2846051715767,1265.5998190757375,O_right
13,1,727.6637371929945,1267.6342383726435,O_right
14,1,751.1263826382528,1258.488333483007,O_right
15,1,753.9922184734687,1244.3289463047483,O_right
16,1,754.6346941426526,1207.783019345135,O_right
17,1,777.6837898699873,1228.1613370826344,O_right
18,1,783.8779953800776,1207.2429829524417,O_right
19,1,788.5311737336866,1201.3618000429456,O_right
20,1,755.4575208847502,1163.8837224257545,O_right
21,1,753.2697529493423,1139.930964181836,O_right
22,1,760.721864000123,1140.4218665259289,O_right
23,1,765.675665913994,1126.933600979212,O_right
24,1,772.1942576976928,1114.5018953274318,O_right
25,1,790.0735657390481,1118.432031188829,O_right
26,1,750.2894744809889,1069.0543748508833,O_right
27,1,807.9338015793875,1092.761917803379,O_right
28,1,796.3385735705294,1067.371334115397,O_right
29,1,800.2466736017818,1063.5786960797827,O_right
30,1,824.0297173323319,1061.671178718012,O_right
31,1,823.5067866213635,1058.183876585969,O_right
32,1,771.4626562178421,1016.7192099177134,O_right
33,1,780.391802398075,1020.0778218898027,O_right
34,1,767.3459514868955,1017.8252062550328,O_right
35,1,777.8704522947842,1018.8265668232276,O_right
36,1,774.423674116447,1010.3379704452964,O_right
37,1,824.689361906693,1048.700178798812,O_right
38,1,767.0740238331791,1013.6305854927126,O_right
39,1,766.8389087274384,1016.3816280011498,O_right
40,1,820.9182057081173,1057.8210157958906,O_right
41,1,817.4317845703326,1058.723748229962,O_right
42,1,810.2098285146878,1059.3749738764234,O_right
43,1,799.4757916749038,1056.127215123012,O_right
44,1,754.2787556904697,1019.5626932131756,O_right
45,1,723.7644360442863,1005.7431321326007,O_right
46,1,855.5138902371093,1067.7466940865345,O_right
47,1,809.9690601463728,1048.7044834234348,O_right
48,1,764.4242300556364,1029.662272760335,O_right
49,1,812.5831633003374,1068.94860558921,O_right
50,1,722.256504710282,994.0339939185936,O_right
51,1,754.1603471050169,1020.1432092859694,O_right
52,1,756.332065695859,1014.5199545957852,O_right
53,1,756.7519579461917,1012.1046855625408,O_right
54,1,756.0710664672457,1014.7224554950208,O_right
55,1,755.5913336800384,1014.6070188274832,O_right
56,1,734.0080827721795,991.7469356478258,O_right
57,1,709.2306777907461,965.4522961463972,O_right
58,1,691.2628354897878,948.1579075161123,O_right
59,1,691.2503681867796,948.7390374334816,O_right
60,1,689.9019422242392,949.7587534813338,O_right
61,1,683.5179897891293,945.4961715774205,O_right
62,1,615.1130204750452,893.2350185876448,O_right
63,1,619.3637314443182,897.1331876477975,O_right
64,1,608.8764570788927,891.1200881942108,O_right
65,1,606.4186238152978,888.2834084922156,O_right
66,1,597.0355450904173,881.5263828095113,O_right
67,1,555.7179471659126,850.6932260192468,O_right
68,1,531.8897564868472,835.5065852803483,O_right
69,1,530.9514589175873,835.864378399732,O_right
70,1,508.2757148916878,823.3764888350063,O_right
71,1,505.1104682755608,822.6309081898771,O_right
72,1,485.5231531575304,809.910158305717,O_right
73,1,482.86674183992494,808.2912977610948,O_right
74,1,421.6901629291809,762.4399114554323,O_right
75,1,414.9699451811773,760.1318274262244,O_right
76,1,409.504697104428,764.1112912087839,O_right
77,1,405.7606991696833,765.7432894431495,O_right
78,1,401.5574957049674,765.0972293291013,O_right
79,1,400.51588842220497,764.6800625649545,O_right
80,1,371.4329049693063,749.5542844229955,O_right
81,1,315.57846173528844,711.4693471994835,O_right
82,1,301.83175792230014,704.3920129227234,O_right
83,1,301.5396726437443,707.3038558268065,O_right
84,1,300.94414440936254,713.7518875065788,O_right
85,1,301.5395254126272,715.8160456040688,O_right
86,1,297.6806106439507,708.6658608855897,O_right
87,1,291.7189433473188,703.8935371850446,O_right
88,1,238.78538306605972,664.0775743806919,O_right
89,1,256.6801571540281,674.7656714873506,O_right
90,1,236.61073471065896,654.5785919472086,O_right
91,1,226.67747677713737,644.7849459401682,O_right
92,1,235.06526083141128,631.1044531143223,O_right
93,1,227.072037569745,619.2139329554082,O_right
94,1,184.705983706976,575.6747950954559,O_right
95,1,182.35689486258747,571.7536528252778,O_right
96,1,186.14685460973251,562.3347908003874,O_right
97,1,182.91435739346463,551.101493241228,O_right
98,1,197.9465741746826,548.3720577846419,O_right
99,1,196.3634241822998,507.9603819810984,O_right
100,1,195.98667161009112,489.58469117441126,O_right
101,1,200.0667099116576,485.7566789586592,O_right
102,1,197.0431425308388,467.8786134585686,O_right
103,1,198.5395423924281,460.67193121186136,O_right
104,1,207.31391957097,443.5424606310072,O_right
105,1,213.2156111853059,399.0373766920765,O_right
106,1,226.09859346966124,392.7897856227768,O_right
107,1,231.46020805924067,389.0050685755437,O_right
108,1,241.4663247812828,377.8192521080965,O_right
109,1,243.1602274991073,365.825705888746,O_right
110,1,236.5620759371762,327.60821309437983,O_right
111,1,229.96392437524503,289.3907203000137,O_right
112,1,245.9112304881833,276.27263265829004,O_right
113,1,247.8260473331086,271.0687915074355,O_right
114,1,263.6532761112675,264.3008595217858,O_right
115,1,263.3750761100197,254.08088891380964,O_right
116,1,260.1271312569277,219.4459989246384,O_right
117,1,267.14289313497176,214.0681944571714,O_right
118,1,266.7947434832693,184.0896122557101,O_right
119,1,266.4465938315669,154.11103005424883,O_right
120,1,202.81544546352885,64.57751282444349,O_right
121,1,287.46353123202164,146.09798720529702,O_right
122,1,297.5382242894764,138.2513295771811,O_right
123,1,304.2468908368347,136.20637054451444,O_right
124,1,310.5260202319695,124.93823503999924,O_right
125,1,315.75998451808886,128.84229728292755,O_right
126,1,306.2674806775195,113.58166805882168,O_right
127,1,303.4607904385469,109.67728522679091,O_right
128,1,289.7010680458675,96.10295226808395,O_right
129,1,287.10722548690944,96.14217086959194,O_right
130,1,228.56491101500384,33.45191911034954,O_right
131,1,244.07490161813087,53.24989892755416,O_right
132,1,277.5474029438248,95.925760465381,O_right
133,1,260.54361618368324,83.43620436322936,O_right
134,1,238.69496971148027,71.00774472532127,O_right
135,1,247.59504954165917,85.39429373151812,O_right
136,1,238.4102586409124,86.95977967298076,O_right
137,1,235.51111337268628,90.8057635539805,O_right
138,1,239.11055619158597,103.97503543049945,O_right
139,1,228.75265218986016,97.2603717523707,O_right
140,1,238.46537454921412,117.25496604828253,O_right
141,1,236.02023795180628,118.60237325078089,O_right
142,1,266.1611351992865,162.86903054652916,O_right
143,1,268.6994957647917,172.6269187405731,O_right
144,1,281.48509029365835,184.1282544618168,O_right
145,1,258.0073467687967,147.83419742105926,O_right
146,1,249.3605644242581,136.20413757616646,O_right
147,1,251.15879320571773,138.61410455562103,O_right
148,1,244.85896467267835,133.65773526170275,O_right
149,1,242.8574066276807,133.74042351982396,O_right
150,1,244.02355724224856,139.55984606004108,O_right
151,1,235.96454777417063,131.98822372636053,O_right
152,1,241.7715644510892,143.33751038500617,O_right
153,1,234.52879249426744,136.5881004534361,O_right
154,1,247.21461532633023,157.92497667981525,O_right
155,1,241.72278388690603,159.12882788557715,O_right
156,1,239.01967330318035,197.7873637857408,O_right
157,1,236.31656271945465,236.4458996859044,O_right
158,1,233.6134521357289,275.10443558606806,O_right
159,1,244.56761705998932,300.9311418534616,O_right
160,1,130.67388114603384,202.4803113588218,O_right
161,1,111.6022096873702,177.7137645951473,O_right
162,1,98.97549464779355,184.87656713229995,O_right
163,1,104.58133836503428,203.7928203959561,O_right
164,1,180.78121284373248,327.41435373694765,O_right
165,1,168.65812759346412,323.7971362381935,O_right
166,1,158.37302578371305,343.5495496951487,O_right
167,1,153.17502218407185,359.8980375610002,O_right
168,1,147.97701858443065,376.2465254268516,O_right
169,1,142.77901498478946,392.59501329270313,O_right
170,1,137.58101138514823,408.9435011585546,O_right
171,1,132.38300778550703,425.2919890244061,O_right
172,1,127.18500418586584,441.6404768902576,O_right
173,1,121.98700058622464,457.98896475610906,O_right
174,1,112.84483516690852,467.3829989137108,O_right
175,1,103.7026697475924,476.7770330713126,O_right
176,1,94.14551187738452,478.9690776689273,O_right
177,1,96.85109917705203,507.7155894252674,O_right
178,1,99.55668647671958,536.4621011816075,O_right
179,1,116.32751471249898,545.4850344262012,O_right
180,1,115.89287113263195,551.8654122855418,O_right
181,1,122.05160714351832,575.3281825775255,O_right
182,1,113.75442735200774,578.461594907234,O_right
183,1,105.45724756049718,581.5950072369427,O_right
184,1,97.1600677689866,584.7284195666513,O_right
185,1,88.86288797747605,587.86183189636,O_right
186,1,80.56570818596548,590.9952442260685,O_right
187,1,90.686390099182,612.5704945961286,O_right
188,1,100.8070720123985,634.1457449661887,O_right
189,1,109.39319657075993,635.3027086268308,O_right
190,1,104.95320364024369,648.368852205511,O_right
191,1,113.43347637256498,656.635147863521,O_right
192,1,113.57232366856086,658.6339500802703,O_right
193,1,114.76539940038982,661.5879400796334,O_right
194,1,117.21712713481789,665.9147228895779,O_right
195,1,82.25728143153168,647.6040319324611,O_right
196,1,97.60551244673876,666.5170862801283,O_right
197,1,92.10311817880184,668.8532108390423,O_right
198,1,92.783169096967,680.2966165914005,O_right
199,1,105.4867018965458,691.9424588463287,O_right
200,1,118.19023469612462,703.5883011012569,O_right
201,1,130.8937674957034,715.2341433561852,O_right
202,1,143.59730029528222,726.8799856111134,O_right
203,1,156.30083309486102,738.5258278660416,O_right
204,1,130.17533410672632,723.629725224272,O_right
205,1,129.89446132184017,719.61309576423,O_right
206,1,147.40199835360758,722.5167579554972,O_right
207,1,144.82759023854817,721.6532592985548,O_right
208,1,140.59821358586638,723.3461034291201,O_right
209,1,129.08737295701715,716.4186296393389,O_right
210,1,117.19477812352076,715.6227375912414,O_right
211,1,117.92506871780914,719.4915825105949,O_right
212,1,119.04583266930548,728.1753919701156,O_right
213,1,118.88139244027865,731.3708070512621,O_right
214,1,123.29037986277297,736.1223962008194,O_right
1,2,630.1128809696946,1266.24261898232,D_right
2,2,630.1128809696946,1266.24261898232,D_right
3,2,630.1305912450583,1266.252734303896,D_right
4,2,643.5071777479689,1266.5124703986835,D_right
5,2,653.6560576944296,1267.514894905021,D_right
6,2,664.9990192079684,1262.2624788549588,D_right
7,2,664.9534599423114,1260.566150689951,D_right
8,2,672.2073844636376,1258.431077819242,D_right
9,2,673.2257635412977,1255.9849096382611,D_right
10,2,674.2441426189578,1253.5387414572804,D_right
11,2,663.4426399998613,1239.1487791489728,D_right
12,2,661.750607752645,1231.0829372868052,D_right
13,2,660.0585755054287,1223.017095424637,D_right
14,2,684.9578903314347,1208.2078531607212,D_right
15,2,673.2005764688006,1217.4899798507415,D_right
16,2,683.1144261514166,1213.266510950264,D_right
17,2,694.4649206487858,1204.414635825166,D_right
18,2,691.9955274215774,1186.9994930239282,D_right
19,2,699.0183254470592,1167.9766955214088,D_right
20,2,624.140054332946,1099.187965731993,D_right
21,2,705.6932688599514,1141.5335886971502,D_right
22,2,712.8832444560336,1131.5580605815342,D_right
23,2,724.3603011395312,1129.792291329422,D_right
24,2,747.2358956301999,1123.296477546153,D_right
25,2,751.1853706481828,1119.9701240028862,D_right
26,2,752.7519602861156,1116.7688209436317,D_right
27,2,753.6166507503418,1114.053760044363,D_right
28,2,739.5571885975553,1093.5131946156296,D_right
29,2,723.9809031404565,1080.0768965292357,D_right
30,2,715.3732084960689,1067.438492849977,D_right
31,2,714.627901857683,1061.1719616150085,D_right
32,2,719.1189940167862,1055.083008374443,D_right
33,2,720.2225511048578,1052.7106618100215,D_right
34,2,718.0868622823335,1054.954184372648,D_right
35,2,715.9587848445987,1052.3995280444378,D_right
36,2,707.6672158743908,1044.8461003360776,D_right
37,2,702.0313850829353,1042.8305757454975,D_right
38,2,684.6944614547062,1039.120936363794,D_right
39,2,684.1471874272382,1039.1389238864888,D_right
40,2,686.2004241652753,1041.8170733941784,D_right
41,2,685.1343688544608,1040.4974259219491,D_right
42,2,681.1424404340828,1041.6901922242098,D_right
43,2,682.3198031242547,1044.7903329604453,D_right
44,2,663.3488688102382,1034.8176074217706,D_right
45,2,661.67477727192,1035.4545576634375,D_right
46,2,648.3366426472618,1018.9903253358992,D_right
47,2,616.4964057894535,1006.3472362852384,D_right
48,2,680.8402037493853,1062.498126970935,D_right
49,2,695.5095019406727,1076.5682051744486,D_right
50,2,617.5773401717909,1022.4237490067396,D_right
51,2,614.1619957037791,1020.8993339694543,D_right
52,2,524.8604126830868,974.0277011051284,D_right
53,2,585.5482047402144,1013.603793183931,D_right
54,2,607.0542270403678,1033.2651495379796,D_right
55,2,628.5602493405212,1052.926505892028,D_right
56,2,581.560273892396,1035.2634681542645,D_right
57,2,574.2639669058987,1043.4320585230726,D_right
58,2,561.0035675971633,1036.263269925145,D_right
59,2,549.8064694683155,1032.870488900246,D_right
60,2,551.6781244430771,1039.7005208704545,D_right
61,2,560.4062917610653,1046.6451921870191,D_right
62,2,560.8006023607959,1050.646569152667,D_right
63,2,557.3750869365984,1052.2907601305694,D_right
64,2,550.753276237861,1048.2331331320934,D_right
65,2,528.1016710785103,1054.4011073175266,D_right
66,2,482.0121975734593,1030.782268919244,D_right
67,2,485.165042679837,1011.2372853279104,D_right
68,2,458.75444629219857,999.9449314992426,D_right
69,2,448.4512480857726,997.2199334963124,D_right
70,2,407.6001507437876,980.3143677982176,D_right
71,2,421.34575643433146,997.2534216419376,D_right
72,2,415.9366880003732,997.1328127697486,D_right
73,2,395.78444553146034,987.1902646297704,D_right
74,2,316.4792450163361,971.6111536403048,D_right
75,2,298.90452517803914,959.03884572465,D_right
76,2,319.0001082734902,974.7759812163652,D_right
77,2,325.6317178839039,980.8596557794518,D_right
78,2,317.1910249816001,983.6585015382336,D_right
79,2,311.0566151970098,977.8147791036828,D_right
80,2,231.38272934733584,1042.1869059302603,D_right
81,2,186.62411510390663,1024.848693978787,D_right
82,2,157.20096558672216,1017.2437974377486,D_right
83,2,158.24306273214646,1013.3294145498876,D_right
84,2,144.41037406475797,997.7775735300044,D_right
85,2,146.5913483215066,989.9089282152588,D_right
86,2,47.602079100886655,938.5847429942704,D_right
87,2,131.47557525191692,979.2286882190432,D_right
88,2,100.2577930118568,967.3705071123068,D_right
89,2,102.60904794226872,970.6159470063752,D_right
90,2,98.9261675665521,951.1147317695508,D_right
91,2,109.11149951136863,952.8561889066448,D_right
92,2,118.79730185825412,959.4500227591378,D_right
93,2,113.85011844854536,959.479052403236,D_right
94,2,107.01737501185188,963.4540725968972,D_right
95,2,95.3540904824703,963.4869363627948,D_right
96,2,71.24720102164387,956.410617779818,D_right
97,2,35.13023445264299,965.453009735648,D_right
98,2,60.23640118714158,982.306949092412,D_right
99,2,59.13822362319746,982.8570751445352,D_right
100,2,61.01461493319884,994.7636331171892,D_right
101,2,56.19792417755274,991.7385535366152,D_right
102,2,57.21721224928762,996.8651443379692,D_right
103,2,54.494501730832496,1005.5579142081156,D_right
104,2,51.49342010857361,995.0596180469512,D_right
105,2,51.19096102119945,992.9742331646764,D_right
106,2,19.565837033767707,964.2883870379786,D_right
107,2,24.53125073743264,967.0851683301972,D_right
108,2,41.57138467326399,976.2020183398042,D_right
109,2,39.23180484821018,975.8644646189888,D_right
110,2,48.71942407712218,977.5327327714272,D_right
111,2,30.550958477841107,960.4490802597968,D_right
112,2,36.37251253117899,931.4186739452912,D_right
113,2,41.9351541523106,926.1660138948196,D_right
114,2,48.99152345118132,913.3294447833732,D_right
115,2,57.902978324406725,902.9758109434488,D_right
116,2,-106.780187728182,797.5560881227988,D_right
117,2,-81.32295618244075,793.8215523631819,D_right
118,2,-92.66827083685206,786.719579046276,D_right
119,2,-83.0010926031811,774.7226814111881,D_right
120,2,66.21813786153749,844.2273324053211,D_right
121,2,29.35110169509866,819.2334583430321,D_right
122,2,90.04794854999277,838.9873910820572,D_right
123,2,83.55275294489358,831.2290411144764,D_right
124,2,74.66644264711223,806.0353231845406,D_right
125,2,94.4593929191124,812.8262936598175,D_right
126,2,141.78309265830802,832.1971398898457,D_right
127,2,144.52173467986017,833.517572099484,D_right
128,2,159.1784308993391,837.2869167625938,D_right
129,2,155.6200648059318,834.3010653516213,D_right
130,2,159.01369354296168,824.157454080964,D_right
131,2,165.02857043325625,819.7767672093851,D_right
132,2,168.44939320349334,814.6972092840532,D_right
133,2,166.52208828896994,815.9304842981264,D_right
134,2,171.89248858020915,810.435161889111,D_right
135,2,187.99725576693524,818.987881713893,D_right
136,2,207.27922868753328,825.0402627074609,D_right
137,2,213.2858452987024,827.645254044959,D_right
138,2,218.9515109860735,824.5903554078704,D_right
139,2,218.9170214307686,823.9282871822693,D_right
140,2,217.464947832972,821.4275614499991,D_right
141,2,217.93302619454525,820.7246159253177,D_right
142,2,228.2177051105268,824.9252237135016,D_right
143,2,246.3705187322036,836.4589741781107,D_right
144,2,260.21929728637343,846.2071787393728,D_right
145,2,263.5844427010662,847.657329704605,D_right
146,2,263.85901922728993,847.7147274873495,D_right
147,2,264.76612123995864,848.0562021169753,D_right
148,2,265.90154072361105,844.4392211761285,D_right
149,2,266.46842252903537,845.2844375671,D_right
150,2,265.6612233859779,846.4669457413029,D_right
151,2,261.5206636799592,845.0061137203173,D_right
152,2,264.0843851948753,846.7980329407133,D_right
153,2,273.5231480618418,852.0103350983392,D_right
154,2,276.08016607395075,846.9012621874872,D_right
155,2,285.60563666766467,839.6928672925301,D_right
156,2,291.10710895243653,840.5590866983914,D_right
157,2,291.2856220795172,840.6553540755145,D_right
158,2,294.61720354033935,841.8279823889875,D_right
159,2,296.0815529643696,842.8717221308881,D_right
160,2,294.2359320748721,842.7109997521767,D_right
161,2,289.53647631844666,849.2610251278181,D_right
162,2,294.92705414881385,841.7012708679584,D_right
163,2,298.47923108033063,842.8171947763649,D_right
164,2,298.47537728266104,840.6164266726786,D_right
165,2,292.44398700169006,841.6521536791605,D_right
166,2,292.4263349445619,836.4990860014717,D_right
167,2,290.1154982983359,834.7426339557265,D_right
168,2,285.84212774484274,839.6911322548495,D_right
169,2,282.8697669623504,836.8047782430073,D_right
170,2,282.40908842120496,839.8278367273814,D_right
171,2,286.9552735066188,843.1340018965773,D_right
172,2,275.46671696806106,858.809560355897,D_right
173,2,283.8800797500375,850.0025441007226,D_right
174,2,267.7449263743114,866.0995044678849,D_right
175,2,264.5379837071681,866.2178585975944,D_right
176,2,250.71745452761544,858.7053672595175,D_right
177,2,236.89692534806272,851.1928759214408,D_right
178,2,223.07639616851003,843.6803845833639,D_right
179,2,221.9512021248409,848.0336960212569,D_right
180,2,204.6621731892781,840.3440388665489,D_right
181,2,196.1271216700428,831.8888702708502,D_right
182,2,172.67966521069658,823.6346146652651,D_right
183,2,172.26774153410148,829.6792473630121,D_right
184,2,155.62398220638283,833.3936666551994,D_right
185,2,138.4499950776394,824.4447677304535,D_right
186,2,149.8363035299332,828.1689905533037,D_right
187,2,150.18123831813168,830.5785934088493,D_right
188,2,144.20076314825977,829.321310863661,D_right
189,2,143.89409219828138,830.2534123501991,D_right
190,2,167.51817954371305,850.1481023360337,D_right
191,2,177.00196734535524,853.812718997508,D_right
192,2,171.74861754056332,849.2681925561649,D_right
193,2,171.03945264173836,850.0742326077647,D_right
194,2,197.15960077781745,860.4107677982515,D_right
195,2,222.2866282948712,847.9665392111519,D_right
196,2,225.03946289409623,849.7538797872268,D_right
197,2,227.2000396631031,844.5695982541578,D_right
198,2,230.03195126413945,829.0429168609196,D_right
199,2,236.738046405632,824.2668301002805,D_right
200,2,217.15071991948605,800.1046889535403,D_right
201,2,197.56339343334017,775.9425478068,D_right
202,2,231.45902847760877,772.9193944174998,D_right
203,2,243.71197291178083,758.4635378295003,D_right
204,2,255.9649173459529,744.0076812415008,D_right
205,2,254.4715253358033,733.5931610580678,D_right
206,2,252.9781333256538,723.1786408746349,D_right
207,2,259.3446298055574,717.0066423650176,D_right
208,2,259.9352301943265,692.712977225764,D_right
209,2,248.0309228497714,681.2514371201554,D_right
210,2,241.30472910940065,655.3117859913407,D_right
211,2,268.049074736409,654.8539224010162,D_right
212,2,259.0223640028771,639.5251975062041,D_right
213,2,255.45550992917728,625.6980616775771,D_right
214,2,292.25382436300595,650.6619350200594,D_right
1,3,876.6683106613417,992.3357643332156,D_top
2,3,876.6683106613417,992.3357643332156,D_top
3,3,876.6723445902207,992.3298012176306,D_top
4,3,876.5921416999162,994.5816350914992,D_top
5,3,873.6190783579518,993.8100612107784,D_top
6,3,871.9823040997683,997.5144230691616,D_top
7,3,870.5928109721752,998.1576487068156,D_top
8,3,867.4950860864543,1000.895466845643,D_top
9,3,865.0638159045858,999.9757600295958,D_top
10,3,862.8542427732779,996.6995002733152,D_top
11,3,862.5381281857524,997.038499611051,D_top
12,3,862.5170295057104,997.4463898010968,D_top
13,3,862.4695079556798,997.1328210722526,D_top
14,3,862.1550660692559,995.473578729092,D_top
15,3,863.7414087866354,993.3953813230122,D_top
16,3,863.8108398788883,994.9223995745252,D_top
17,3,863.1782677146833,996.105701389404,D_top
18,3,863.4207577403402,992.7641053441693,D_top
19,3,863.8034650783096,991.6110638618532,D_top
20,3,859.4781356669386,991.6223888423348,D_top
21,3,854.053338561671,990.482787174134,D_top
22,3,844.6717503189248,991.29105934068,D_top
23,3,844.0563026589646,994.4106884837738,D_top
24,3,840.8861160162113,995.0046126316416,D_top
25,3,842.9346294848755,993.7772724525068,D_top
26,3,842.6003758244663,989.4434312377094,D_top
27,3,839.1280126056485,998.1044694923794,D_top
28,3,844.6598693257627,998.0097560219658,D_top
29,3,851.2179164290834,1006.9426867623248,D_top
30,3,846.9612625662415,1009.7823664765313,D_top
31,3,843.8755805295182,1013.6513111569792,D_top
32,3,843.1933998699243,1020.215554928683,D_top
33,3,823.2527427559336,1002.3873051023684,D_top
34,3,841.9420840506417,1030.980099570766,D_top
35,3,819.1353893458416,1015.988074725544,D_top
36,3,830.8902372835269,1034.021277714838,D_top
37,3,832.7230038143175,1036.1009865806752,D_top
38,3,834.555770345108,1038.1806954465126,D_top
39,3,836.427651363715,1042.728372716033,D_top
40,3,813.9102252773636,1006.7322261621256,D_top
41,3,822.794835865576,1016.9504448768446,D_top
42,3,845.8737507731956,1049.2672389233403,D_top
43,3,854.0157390601854,1061.858590474754,D_top
44,3,857.7758788871772,1063.6219901240622,D_top
45,3,859.0018982979277,1064.2501359620876,D_top
46,3,856.6595445734348,1066.2966403212863,D_top
47,3,854.3171908489419,1068.343144680485,D_top
48,3,847.81316535653,1068.3315738010915,D_top
49,3,826.4695568573477,1093.0621104417853,D_top
50,3,826.0183810230358,1101.0194494681443,D_top
51,3,820.8191888168377,1110.2910628591974,D_top
52,3,811.6829002976499,1120.8570483149997,D_top
53,3,805.3401096860773,1124.3870967157525,D_top
54,3,771.0259794166624,1105.5477869952067,D_top
55,3,762.3670806211502,1116.1707473870883,D_top
56,3,751.3535947058709,1134.1167477665692,D_top
57,3,747.9308110310681,1137.514352139233,D_top
58,3,733.0660556413203,1150.943930966115,D_top
59,3,730.7285967999275,1158.2025130589532,D_top
60,3,686.60965488185,1145.8715975645728,D_top
61,3,651.9166379708554,1144.1604026452649,D_top
62,3,642.0712980006836,1150.9690452717691,D_top
63,3,639.5497905220329,1153.6973210868225,D_top
64,3,610.5848658449567,1151.5356004944465,D_top
65,3,597.2540499435482,1150.6554750331322,D_top
66,3,565.0277210221146,1137.0454193823828,D_top
67,3,563.1704591047252,1138.790608309892,D_top
68,3,556.5123999506355,1137.9794795653802,D_top
69,3,553.3665417867041,1142.1051124628764,D_top
70,3,472.23108176489353,1097.1080696435383,D_top
71,3,453.9590012501744,1083.9731668340723,D_top
72,3,447.60145221642057,1086.0964933841676,D_top
73,3,447.2326368227627,1082.688927383663,D_top
74,3,439.39642135373066,1082.6928404439486,D_top
75,3,431.3933980531032,1077.6938222397816,D_top
76,3,362.3586649253967,1036.25758949053,D_top
77,3,342.8400352240677,1025.4509818385727,D_top
78,3,329.0096662021477,1020.4771493369888,D_top
79,3,330.4153177676764,1017.5574897987772,D_top
80,3,318.6303854215649,1013.912124823293,D_top
81,3,304.8535305952259,1004.5119430344788,D_top
82,3,288.10275816712374,1010.7231751051862,D_top
83,3,297.2700799537273,1011.9182679575044,D_top
84,3,276.6107562178506,1000.025242629722,D_top
85,3,261.8963552101784,1000.2669208485772,D_top
86,3,248.32881009475028,984.3139619449483,D_top
87,3,240.29604277312475,979.4004109430796,D_top
88,3,247.2396491287789,982.2926047479276,D_top
89,3,246.6562338468397,982.0339616803448,D_top
90,3,247.1246598667373,980.8542273091082,D_top
91,3,245.41664012263232,975.9355771397132,D_top
92,3,207.63890223328897,942.3753649985504,D_top
93,3,207.9575102603425,932.0673453436782,D_top
94,3,213.2271411906111,918.7371566668684,D_top
95,3,222.62281408315656,910.9111074850985,D_top
96,3,222.41577582835112,894.2999687611076,D_top
97,3,224.1571799113713,890.1166048215863,D_top
98,3,229.3189543458896,881.6142014321233,D_top
99,3,231.1121638243808,873.1351662076474,D_top
100,3,222.7807301962895,849.3374251615345,D_top
101,3,235.83583161413048,858.4981985979426,D_top
102,3,254.87748604640268,864.3499809055133,D_top
103,3,267.1910231816087,868.2841726881522,D_top
104,3,294.21314490696693,830.1100336213501,D_top
105,3,300.405875837129,818.90064946084,D_top
106,3,305.2440747752572,807.7442782503991,D_top
107,3,307.3983776205063,799.879403707964,D_top
108,3,306.5953958098782,777.3020604760699,D_top
109,3,304.85157533509874,767.0100952749754,D_top
110,3,315.2810119287992,716.4600776366475,D_top
111,3,333.62494142497377,714.8968205559951,D_top
112,3,337.1741055207204,706.8834428744066,D_top
113,3,337.1332880734728,697.482633632759,D_top
114,3,338.05554035987905,675.7087589487778,D_top
115,3,329.918700980608,651.5095889726759,D_top
116,3,343.7835567338514,609.258399682542,D_top
117,3,348.55022640111486,601.551803288423,D_top
118,3,352.3525837413094,582.5959971727838,D_top
119,3,355.86539817714294,578.162366800613,D_top
120,3,350.8511350868997,550.8244220990827,D_top
121,3,325.8822979494216,519.0740583846466,D_top
122,3,310.76330020255955,475.8251385461325,D_top
123,3,310.4707592987983,459.6642025033037,D_top
124,3,317.0997812810784,441.7170618712531,D_top
125,3,326.32756790075166,431.0815628143028,D_top
126,3,321.0025362311467,396.4429967755014,D_top
127,3,310.8561569185562,382.5896500993661,D_top
128,3,287.3298097940123,339.6675721484568,D_top
129,3,284.93730609264804,331.55009562532484,D_top
130,3,294.18349000473256,317.3416556898516,D_top
131,3,298.2830781185341,316.5705751247197,D_top
132,3,295.4298875522331,283.9757387979854,D_top
133,3,283.9865557041549,274.00368356055554,D_top
134,3,296.38175185510323,275.44306608948426,D_top
135,3,302.1166818738941,274.1902110868315,D_top
136,3,301.9190836849389,265.6872445571527,D_top
137,3,299.53934906225555,258.9926671008216,D_top
138,3,287.4968938993532,252.56433586017505,D_top
139,3,285.7398746747194,254.055409196298,D_top
140,3,269.4111302568935,244.8823226774404,D_top
141,3,262.0674558155635,242.07447081550623,D_top
142,3,248.6531676312568,233.54833467670383,D_top
143,3,234.95297893763984,229.9855655103809,D_top
144,3,221.2527902440229,226.422796344058,D_top
145,3,207.5526015504059,222.86002717773505,D_top
146,3,217.4004406192932,239.89307115451228,D_top
147,3,219.04003422617416,242.83263873508116,D_top
148,3,217.9310222092456,238.85462687273196,D_top
149,3,217.4582306272104,236.30868318862636,D_top
150,3,209.75122724556127,232.6900945531178,D_top
151,3,223.301693436918,239.1418445600333,D_top
152,3,227.1881120484552,245.42581964046505,D_top
153,3,221.89969964353568,245.08222918261927,D_top
154,3,240.80214721752515,262.8023795776241,D_top
155,3,239.97431963078083,261.855158687915,D_top
156,3,242.4741836790425,262.2118898004337,D_top
157,3,228.1136174635209,262.1436064990951,D_top
158,3,213.7530512479993,262.07532319775646,D_top
159,3,199.39248503247777,262.0070398964179,D_top
160,3,185.0319188169562,261.93875659507927,D_top
161,3,170.67135260143462,261.87047329374064,D_top
162,3,156.31078638591305,261.8021899924021,D_top
163,3,141.95022017039145,261.73390669106345,D_top
164,3,127.58965395486987,261.66562338972483,D_top
165,3,134.38929933988,287.7634406043978,D_top
166,3,141.18894472489012,313.8612578190708,D_top
167,3,147.98859010990026,339.9590750337437,D_top
168,3,147.95726262415684,369.7064255570132,D_top
169,3,115.5716767900932,356.67977650043804,D_top
170,3,126.2257338840867,381.5114850109301,D_top
171,3,128.4229176345089,397.4213366405644,D_top
172,3,130.62010138493116,413.3311882701987,D_top
173,3,132.8172851353534,429.24103989983297,D_top
174,3,135.0144688857756,445.1508915294673,D_top
175,3,137.21165263619784,461.0607431591016,D_top
176,3,139.40883638662007,476.9705947887359,D_top
177,3,141.6060201370423,492.8804464183701,D_top
178,3,143.80320388746452,508.7902980480045,D_top
179,3,146.00038763788675,524.7001496776387,D_top
180,3,148.197571388309,540.610001307273,D_top
181,3,150.39475513873123,556.5198529369072,D_top
182,3,152.59193888915345,572.4297045665415,D_top
183,3,154.78912263957568,588.3395561961759,D_top
184,3,156.9863063899979,604.2494078258102,D_top
185,3,159.18349014042013,620.1592594554445,D_top
186,3,161.3806738908424,636.0691110850787,D_top
187,3,163.5778576412646,651.978962714713,D_top
188,3,165.77504139168684,667.8888143443473,D_top
189,3,167.97222514210907,683.7986659739815,D_top
190,3,170.1694088925313,699.7085176036159,D_top
191,3,172.36659264295352,715.6183692332502,D_top
192,3,174.56377639337575,731.5282208628844,D_top
193,3,176.760960143798,747.4380724925188,D_top
194,3,178.9581438942202,763.347924122153,D_top
195,3,181.15532764464243,779.2577757517873,D_top
196,3,183.35251139506468,795.1676273814217,D_top
197,3,185.5496951454869,811.0774790110559,D_top
198,3,187.74687889590916,826.9873306406902,D_top
199,3,144.1502472926779,802.0707701844502,D_top
200,3,229.43843468798292,855.077258632194,D_top
201,3,-33.64798697325011,697.4418802873163,D_top
202,3,-2.9420543605696143,717.743421670925,D_top
203,3,63.36121283482598,759.6184656144197,D_top
204,3,22.04031944213972,733.9400897124309,D_top
205,3,-31.93265529844985,697.4638672684351,D_top
206,3,-31.93265529844985,697.4638672684351,D_top
207,3,-31.93265529844985,697.4638672684351,D_top
208,3,-31.93265529844985,697.4638672684351,D_top
209,3,-31.93265529844985,697.4638672684351,D_top
210,3,-31.93265529844985,697.4638672684351,D_top
211,3,-31.93265529844985,697.4638672684351,D_top
212,3,-31.93265529844985,697.4638672684351,D_top
213,3,-31.93265529844985,697.4638672684351,D_top
214,3,-31.93265529844985,697.4638672684351,D_top
1,5,604.3129419147654,466.14640575627766,D_left
2,5,604.3129419147654,466.14640575627766,D_left
3,5,604.3880283972807,466.1311171864177,D_left
4,5,601.8793816404245,466.931985609603,D_left
5,5,600.9649412271557,468.41536429390607,D_left
6,5,590.8470721758902,471.4341078061776,D_left
7,5,588.6816551615086,472.9982523097231,D_left
8,5,587.3174515648137,483.0126549543273,D_left
9,5,581.0884394847659,478.2257487324216,D_left
10,5,575.5897245051242,475.5984854899072,D_left
11,5,592.319722983232,501.2514332087917,D_left
12,5,572.6541086852507,481.17640725248566,D_left
13,5,563.0098651865115,470.7807489104067,D_left
14,5,569.6767352013646,483.2446606949521,D_left
15,5,577.8005270981226,494.3199833165211,D_left
16,5,578.3319982028955,495.5272009126922,D_left
17,5,575.7354450678579,493.9580206924377,D_left
18,5,566.9311127591795,492.65857165822246,D_left
19,5,569.3117178840531,495.2977043049706,D_left
20,5,569.4884481269993,495.844695316736,D_left
21,5,568.8934241596152,496.5556839510912,D_left
22,5,569.2732788009887,499.529955432017,D_left
23,5,570.2788082713757,500.16147320848506,D_left
24,5,581.5171765463206,513.3124114344135,D_left
25,5,586.7715044726684,519.5916508875423,D_left
26,5,588.9802202635448,521.5286392791598,D_left
27,5,593.9731156919545,526.8453847938797,D_left
28,5,596.2535005963348,529.4361938324114,D_left
29,5,598.6540797002117,531.9294402333379,D_left
30,5,601.1449734226585,534.128856494335,D_left
31,5,597.9539860979482,530.9739064222259,D_left
32,5,596.502787062672,530.955992901269,D_left
33,5,596.6154432683752,530.237822345975,D_left
34,5,600.6569600998296,534.0901018441465,D_left
35,5,600.9546533611925,533.5058491298566,D_left
36,5,602.3844782048396,536.3616157620968,D_left
37,5,597.4267683011741,531.141607274411,D_left
38,5,598.156063571287,534.9176992287606,D_left
39,5,596.6209733578397,533.5137401527229,D_left
40,5,594.4264063957877,540.0109801645614,D_left
41,5,594.9374222415765,546.1310231199556,D_left
42,5,590.5389095328857,549.4217815904265,D_left
43,5,591.3586935113791,552.2034575192614,D_left
44,5,592.1538678355931,556.3099608513146,D_left
45,5,593.2443516664677,558.332187599257,D_left
46,5,590.948342810923,558.9279650791948,D_left
47,5,589.3098323932902,559.532265275129,D_left
48,5,589.346047321489,566.0974857335392,D_left
49,5,585.5386257348641,566.8526376097907,D_left
50,5,585.3722496270134,571.7488166805732,D_left
51,5,584.480243030282,576.4760799323551,D_left
52,5,575.6165329975208,580.3418656203759,D_left
53,5,574.9979512192062,582.8469039366646,D_left
54,5,568.0470123904616,600.062907251874,D_left
55,5,560.7378488372165,602.4416315361952,D_left
56,5,552.0635664408392,602.141025075528,D_left
57,5,553.6608984257855,606.663391632013,D_left
58,5,555.1857817482502,607.2357799423597,D_left
59,5,552.9945048530803,608.1256878489272,D_left
60,5,523.7937622353112,595.5528988517759,D_left
61,5,519.0511793563926,596.4224189754547,D_left
62,5,507.8082985424531,605.3663142899732,D_left
63,5,493.1088834861408,605.0582772217714,D_left
64,5,492.1006240832235,623.8581371102304,D_left
65,5,500.3138683834985,641.3261322012543,D_left
66,5,482.9863629844738,652.2047433813005,D_left
67,5,471.1904227737106,652.4497153999617,D_left
68,5,476.7585225036073,666.0553869879502,D_left
69,5,471.2080533514993,662.6626239591665,D_left
70,5,455.848222836795,656.7022339744631,D_left
71,5,429.8516967813744,640.0888612109999,D_left
72,5,427.5234331991488,645.1629163992573,D_left
73,5,423.0129542356895,646.2761207310697,D_left
74,5,426.6293016583157,659.9744431844915,D_left
75,5,421.21828359115153,664.4901087064777,D_left
76,5,414.1047454228199,669.504406479982,D_left
77,5,414.2190055613815,672.3908602029554,D_left
78,5,414.2988565873711,669.4708491697974,D_left
79,5,414.322043284176,669.4330341833436,D_left
80,5,413.9371742277547,670.1535641921812,D_left
81,5,414.7875594650151,673.6239558941824,D_left
82,5,453.65964330971264,710.5384127382788,D_left
83,5,465.9414276411048,725.6192962057021,D_left
84,5,479.0599428361086,742.3719197523963,D_left
85,5,483.17986493782894,747.1768147106897,D_left
86,5,481.8221760202322,745.2152482343995,D_left
87,5,482.82346539639656,750.0783150684455,D_left
88,5,492.74598295390985,756.2969219692867,D_left
89,5,492.9810280216382,756.4339957959936,D_left
90,5,505.2698088468012,770.5192038051264,D_left
91,5,522.1033457293428,782.2827976436843,D_left
92,5,536.5894214496079,792.6899296271093,D_left
93,5,538.4948945588638,791.4874401393323,D_left
94,5,556.5554462984256,792.9921859876158,D_left
95,5,569.3558075448785,800.3402685363792,D_left
96,5,585.669495186177,806.5959655315434,D_left
97,5,589.3619728240205,806.1384237409475,D_left
98,5,615.1817745933021,777.31956176574,D_left
99,5,631.5355844401196,758.4003163357561,D_left
100,5,647.8077402426716,759.1271168978872,D_left
101,5,671.4259002521387,775.5337294897093,D_left
102,5,689.4509990364223,776.3684906976258,D_left
103,5,691.4315173821783,770.6344061630068,D_left
104,5,695.3590962012621,764.323521554051,D_left
105,5,698.2237130736191,757.6536284454468,D_left
106,5,701.5590096918019,745.0502171784848,D_left
107,5,700.6413210932315,740.0489953213499,D_left
108,5,685.4529078792882,695.1661881865688,D_left
109,5,681.1516605222355,686.0736363486644,D_left
110,5,686.4859457615161,667.2298083686626,D_left
111,5,686.6867373042436,662.4619567233407,D_left
112,5,687.221642595749,656.6084589805165,D_left
113,5,692.3829503556312,651.1008331723705,D_left
114,5,692.058896586136,634.6414562786326,D_left
115,5,683.6789169635284,619.9214510534929,D_left
116,5,678.021336158567,603.2241130600677,D_left
117,5,676.4519043931075,589.762168924737,D_left
118,5,675.036046597546,569.592198535312,D_left
119,5,689.0068617337688,564.2435685796657,D_left
120,5,695.1940727484043,544.9506039554317,D_left
121,5,683.9320912835336,526.1972000120685,D_left
122,5,692.3603815072294,509.7306705011775,D_left
123,5,700.5659224589024,509.904337895592,D_left
124,5,708.8011461421993,513.3350031469355,D_left
125,5,707.0399859233024,510.1355862726948,D_left
126,5,704.3372086804146,504.8984098108653,D_left
127,5,703.0389457910392,505.3256238264962,D_left
128,5,690.4826941496262,496.36174003198215,D_left
129,5,684.9036995155923,491.1997244682202,D_left
130,5,642.6749894105551,454.7713330380852,D_left
131,5,651.4320995791661,468.2965873544125,D_left
132,5,637.2380694486129,457.42398105515423,D_left
133,5,623.5705914462428,446.2784897451122,D_left
134,5,599.8651523501239,436.49235078854247,D_left
135,5,600.377520580342,440.85618698553503,D_left
136,5,582.4890017608681,439.0367748699253,D_left
137,5,580.1524343185733,439.48606414824775,D_left
138,5,577.4641926359586,440.3420651468821,D_left
139,5,575.6715744153131,440.0569777016802,D_left
140,5,568.9935182880296,445.5854536691524,D_left
141,5,564.3788464359634,451.190083061582,D_left
142,5,541.8651039173559,451.0913162003494,D_left
143,5,591.6643870281139,511.2185827939608,D_left
144,5,596.8712100650056,526.3212150562513,D_left
145,5,520.7833710053611,451.2521479248782,D_left
146,5,530.194455616828,489.48994101227584,D_left
147,5,514.1255315024831,474.1524610132991,D_left
148,5,520.0114069230914,509.93135783579856,D_left
149,5,521.7252455507039,517.5338492165279,D_left
150,5,511.1732604370893,516.8415409762148,D_left
151,5,522.2651651622452,528.7828615174354,D_left
152,5,517.3833813886195,530.7842351796211,D_left
153,5,518.749082479515,533.4691222927237,D_left
154,5,515.2237245303905,531.8787817224812,D_left
155,5,514.0348145837481,530.5624047429312,D_left
156,5,520.5133316840793,535.644728030622,D_left
157,5,522.954550299352,538.0125720651615,D_left
158,5,523.1745203756384,536.966286963079,D_left
159,5,509.28319769380704,524.0833469265464,D_left
160,5,539.4541624260639,556.3368033101992,D_left
161,5,548.9139514486862,564.060713740791,D_left
162,5,553.04174323215,566.4160415612314,D_left
163,5,552.1771080760343,564.8008813260302,D_left
164,5,553.9161101122312,564.7973008683896,D_left
165,5,556.717865629779,564.7989179380562,D_left
166,5,553.8124554226976,564.8432758851533,D_left
167,5,554.2182556485044,565.6055768149919,D_left
168,5,564.1352919648732,570.7675835492498,D_left
169,5,566.1983597351868,571.0638248944367,D_left
170,5,568.0140860706911,574.1379068858026,D_left
171,5,568.1868272460936,572.2191881114369,D_left
172,5,556.6792330580727,572.8661758088493,D_left
173,5,552.3273686255498,572.5573271883853,D_left
174,5,550.1478802576415,569.7776718955386,D_left
175,5,547.2603458003267,572.7585027255972,D_left
176,5,542.9512475410448,577.0091708357947,D_left
177,5,539.9115586220878,575.377603050165,D_left
178,5,535.8544316838055,574.980760366343,D_left
179,5,535.9319500433862,575.6985320640389,D_left
180,5,536.513552154946,578.4575133393698,D_left
181,5,536.2096236600773,579.9869453574037,D_left
182,5,535.0654937605372,581.3757481908754,D_left
183,5,535.4298344293095,583.4687458970188,D_left
184,5,531.5556477831102,582.2143803866539,D_left
185,5,529.5290651532641,580.0537055336252,D_left
186,5,524.9693899824199,577.766388822243,D_left
187,5,516.1753348518472,571.0788255035634,D_left
188,5,484.95332528767307,551.9548332506014,D_left
189,5,484.7770414578677,551.703334582844,D_left
190,5,478.8231050899094,551.0300391825378,D_left
191,5,478.6433842741761,558.8739561642117,D_left
192,5,475.18474969461954,561.2952124201538,D_left
193,5,474.4041430072793,563.2346623701529,D_left
194,5,468.5326210747276,571.2612059327929,D_left
195,5,461.1471770907674,570.1504218650583,D_left
196,5,459.51524345549393,572.1823162716056,D_left
197,5,456.4048421536126,568.3865077798635,D_left
198,5,448.5613351312449,569.3702556734354,D_left
199,5,446.2672195899248,570.602297043668,D_left
200,5,436.3335166635702,572.4420264256072,D_left
201,5,432.2940775346305,573.5346863111911,D_left
202,5,432.47492166654985,586.741954990117,D_left
203,5,423.6255018312682,590.2908235132979,D_left
204,5,422.0821622060112,598.3375046243925,D_left
205,5,419.1805557054989,598.7407378884608,D_left
206,5,408.9618662809151,607.1653005654134,D_left
207,5,404.3741876449428,609.2061056966413,D_left
208,5,403.8309271743983,613.740726472978,D_left
209,5,400.5195169497434,612.8610423336376,D_left
210,5,390.2809388175476,609.9395717129157,D_left
211,5,379.99776004024056,604.8026968866751,D_left
212,5,385.5014821326013,620.0522203069675,D_left
213,5,382.2533292917362,619.4205419830128,D_left
214,5,359.90586027494294,611.7590102845414,D_left
1,7,992.8417545657855,1019.6330884617662,O_top
2,7,992.8417545657855,1019.6330884617662,O_top
3,7,992.8595794729886,1019.6577933567172,O_top
4,7,992.2364113244282,1020.1293599377384,O_top
5,7,992.150965374998,1020.1229993966218,O_top
6,7,990.8493935522424,1020.402467656622,O_top
7,7,990.3869346467748,1020.514545962222,O_top
8,7,990.229098518952,1020.2771866840022,O_top
9,7,990.0136131473594,1020.2650459652664,O_top
10,7,990.1712255353892,1020.1091800470736,O_top
11,7,990.4063544988124,1019.8098031265188,O_top
12,7,990.153774887272,1019.048959995206,O_top
13,7,990.1742516686576,1018.8187228704262,O_top
14,7,989.3887838448928,1018.5780143695598,O_top
15,7,989.286732515553,1018.304058546691,O_top
16,7,990.7062777714982,1017.757695689618,O_top
17,7,992.493573693995,1017.6845171928152,O_top
18,7,990.6764902613926,1015.4281660976822,O_top
19,7,990.8256862346232,1016.19959674286,O_top
20,7,989.702882678044,1015.7539636067562,O_top
21,7,989.6925680492384,1016.2565471668796,O_top
22,7,988.2166193337124,1016.4063070627564,O_top
23,7,987.8658217060344,1017.1097041458618,O_top
24,7,986.6920962445269,1019.4341640014696,O_top
25,7,985.6767941502018,1021.5540917590814,O_top
26,7,982.0999950854268,1028.1620955273015,O_top
27,7,979.6779734012762,1032.314149082291,O_top
28,7,971.5612508403688,1038.6883119746617,O_top
29,7,968.9515722542886,1038.9460956645632,O_top
30,7,964.7145602382544,1043.0401334548064,O_top
31,7,962.6867038956703,1040.7370786156234,O_top
32,7,933.185552227153,1018.1452792782792,O_top
33,7,929.3993787651336,1018.6297938174991,O_top
34,7,955.5627076691616,1053.6621114691447,O_top
35,7,955.7560253206436,1053.818237159267,O_top
36,7,949.6192848764014,1058.8794452222182,O_top
37,7,946.9124126362472,1064.7232557508992,O_top
38,7,935.5144712146898,1084.046224217477,O_top
39,7,934.794011185767,1087.867095860321,O_top
40,7,926.5144480109244,1097.836421251185,O_top
41,7,921.7714893032938,1100.841371474779,O_top
42,7,916.3897995700504,1116.9136745729832,O_top
43,7,913.8685105178728,1122.5756870085004,O_top
44,7,907.8913254863968,1130.9081579685794,O_top
45,7,906.779350562548,1134.9208695109928,O_top
46,7,895.8203890017743,1153.6133596068432,O_top
47,7,884.1529467085045,1157.6385108562724,O_top
48,7,872.7017787089305,1176.5989097816798,O_top
49,7,871.4849796554123,1171.003762212917,O_top
50,7,838.0360694404686,1183.812016622751,O_top
51,7,817.5909569038192,1182.5616489449412,O_top
52,7,788.617833063765,1184.3848894755545,O_top
53,7,786.3589565555209,1186.8242020889518,O_top
54,7,766.6945410589177,1204.6018456560323,O_top
55,7,758.2729258428109,1208.9195895653863,O_top
56,7,736.1951822758975,1208.3212487686972,O_top
57,7,712.3437174947007,1207.8435288245666,O_top
58,7,710.8967320278671,1214.268624121631,O_top
59,7,706.7343982150146,1225.2498297477537,O_top
60,7,691.3409648416546,1223.5465846582688,O_top
61,7,659.0265220544507,1217.3605879842694,O_top
62,7,613.3698177889224,1206.065735015638,O_top
63,7,608.8972985851052,1208.8095671824774,O_top
64,7,588.3711658260014,1219.5068024550208,O_top
65,7,589.9859078829727,1217.0405024842823,O_top
66,7,501.52065788734,1177.2709935389605,O_top
67,7,497.1303124736408,1176.4203010550634,O_top
68,7,478.9104655762521,1173.0478663834938,O_top
69,7,476.9402711657601,1168.9824100582791,O_top
70,7,450.89361191174834,1157.3983782896391,O_top
71,7,420.67530878756605,1139.8363623147943,O_top
72,7,376.9238815150091,1121.5933354883705,O_top
73,7,384.8043527163428,1113.7007891058568,O_top
74,7,365.90343663488886,1110.393765001493,O_top
75,7,362.18549583523816,1106.8518320250464,O_top
76,7,350.7980379311687,1099.5051471055972,O_top
77,7,339.6352825702534,1094.1151568008115,O_top
78,7,279.8446320290151,1063.9953090523393,O_top
79,7,265.83718799873947,1057.5359606108273,O_top
80,7,279.39000084570426,980.2549695982366,O_top
81,7,264.2929427182694,979.9355490225672,O_top
82,7,201.3128781782453,960.7782719872688,O_top
83,7,185.396408011161,955.3845840311676,O_top
84,7,169.47993784407663,949.9908960750662,O_top
85,7,153.59264532001026,945.0675544693348,O_top
86,7,137.7053527959439,940.1442128636036,O_top
87,7,121.81806027187751,935.2208712578724,O_top
88,7,129.09430012672783,943.7885779515786,O_top
89,7,136.37053998157816,952.356284645285,O_top
90,7,108.51598746883582,960.1061171472606,O_top
91,7,80.66143495609349,967.8559496492362,O_top
92,7,58.11673006745207,962.2027359418312,O_top
93,7,36.35885072925316,955.6782568515382,O_top
94,7,26.34583360514708,956.6458329089392,O_top
95,7,27.517671045873783,965.9861672373618,O_top
96,7,34.518986389759256,966.4991966039212,O_top
97,7,35.15274376183364,974.6034027929646,O_top
98,7,35.786501133908025,982.7076089820082,O_top
99,7,36.42025850598241,990.8118151710516,O_top
100,7,48.29237530295823,977.6044453712788,O_top
101,7,36.322785749582586,984.0835438728454,O_top
102,7,24.35319619620694,990.562642374412,O_top
103,7,-126.93566294845104,893.3166481955715,O_top
104,7,-21.87491037147109,975.8033694957415,O_top
105,7,18.581613416233704,998.6624066296248,O_top
106,7,-40.89963503214626,983.5220661996042,O_top
107,7,-25.798702019332485,994.398774301044,O_top
108,7,-63.72452069753865,986.3237598429412,O_top
109,7,-62.258300184393455,989.6674413087966,O_top
110,7,-57.028112596976605,996.4933574706776,O_top
111,7,-50.01712597626831,1000.3172901655812,O_top
112,7,-63.161497979456215,999.8056951601486,O_top
113,7,-62.91700065825766,1000.2857374572346,O_top
114,7,-67.37116490108606,1002.4669109863266,O_top
115,7,-78.3622513892757,1007.330590554594,O_top
116,7,-81.64760820971716,1010.5768012672664,O_top
117,7,-52.79730748847105,1013.0651863439912,O_top
118,7,-22.97136715068411,1039.492673526015,O_top
119,7,-21.86830407532185,1040.8391602692027,O_top
120,7,-28.68958255988888,1040.4720487539528,O_top
121,7,-18.791101183503866,1045.2544666554927,O_top
122,7,-19.73611705656088,1046.5094846783188,O_top
123,7,-15.44985323026548,1049.010323259129,O_top
124,7,-16.572148280120583,1049.6219905859946,O_top
125,7,-0.8127812724389574,1056.8890683007924,O_top
126,7,24.7702053650373,1066.6019803100633,O_top
127,7,35.10078585273604,1071.155259625579,O_top
128,7,52.044492604419645,1077.202823415521,O_top
129,7,56.6287607156406,1078.382730497989,O_top
130,7,62.498805519240655,1078.9942072743725,O_top
131,7,59.181739496803154,1076.1755561100108,O_top
132,7,68.1229855587828,1076.948884571201,O_top
133,7,66.92498567939307,1075.5259484561775,O_top
134,7,118.7377646070152,1092.6611015518592,O_top
135,7,125.60194061505916,1093.1094289333778,O_top
136,7,130.70727218415496,1090.1046249847068,O_top
137,7,132.51518435788324,1088.6548433161022,O_top
138,7,149.88271324724442,1097.4864499122282,O_top
139,7,156.08658935573982,1100.145885145084,O_top
140,7,155.77400409293048,1081.80270806013,O_top
141,7,211.5424129051433,1104.1635134251335,O_top
142,7,213.77190790298613,1101.154903710304,O_top
143,7,215.6236996530377,1098.5482167738626,O_top
144,7,222.02656748803403,1094.3463914478618,O_top
145,7,221.16577432429344,1090.3516038236307,O_top
146,7,224.0950888792539,1084.562597106889,O_top
147,7,230.36021780536453,1085.629735159293,O_top
148,7,215.0649279471692,1070.2941059806326,O_top
149,7,243.2418584267028,1081.9686456985344,O_top
150,7,271.8664783026001,1084.708826464214,O_top
151,7,277.94296827825525,1083.4685474697326,O_top
152,7,281.1255418349488,1083.567181894573,O_top
153,7,282.16149755751155,1082.6933083742647,O_top
154,7,282.3940400133744,1080.2030209110785,O_top
155,7,280.97466373937607,1077.312552186848,O_top
156,7,279.9506906436277,1075.5151434209438,O_top
157,7,279.65212480899675,1074.3801286302833,O_top
158,7,279.7701472729418,1073.0773025971398,O_top
159,7,280.0837356402531,1071.2251930900968,O_top
160,7,283.81817162959584,1071.1612308711303,O_top
161,7,285.05311269144806,1072.4838396822386,O_top
162,7,291.43140598401754,1070.8078859273558,O_top
163,7,293.0148099184733,1074.4582049834082,O_top
164,7,290.0225738542567,1071.67060782531,O_top
165,7,294.9695091488843,1072.062206255567,O_top
166,7,304.9787102536829,1064.1812793260085,O_top
167,7,305.4228353714978,1069.0450580346974,O_top
168,7,315.0120227844614,1057.3818975584743,O_top
169,7,325.30734350154233,1032.7899864003296,O_top
170,7,330.1546340262826,1028.1247867201728,O_top
171,7,340.3579269307052,1021.5772433151114,O_top
172,7,339.2443998519386,1004.9101435172134,O_top
173,7,347.5108335858172,996.0641312503124,O_top
174,7,384.6726106858099,964.2424192098084,O_top
175,7,381.8902515274125,952.7043348883186,O_top
176,7,393.92140018920026,944.6045065332688,O_top
177,7,391.96811806654006,935.2767538511612,O_top
178,7,388.8333656977565,897.7227897989745,O_top
179,7,380.1325680510207,885.8050141185248,O_top
180,7,393.0344632097712,861.0051789048991,O_top
181,7,396.61290566925663,854.9802933944095,O_top
182,7,398.7721056386303,842.9669160897594,O_top
183,7,399.52489346483713,836.3256602481929,O_top
184,7,360.20194657099563,792.6397368614678,O_top
185,7,342.96526244374684,773.6895765649685,O_top
186,7,344.7914562507152,763.7593971548993,O_top
187,7,338.2238050706427,753.5719450683818,O_top
188,7,332.393857729892,736.3292092134842,O_top
189,7,329.21776709295807,730.4002817785329,O_top
190,7,317.5048953061031,710.5047364870417,O_top
191,7,315.86732031667987,702.0757951214244,O_top
192,7,326.8268115931421,697.316775599581,O_top
193,7,335.220420803226,695.9842451656373,O_top
194,7,330.15697339951765,681.735901799507,O_top
195,7,328.20254658773405,679.4340525254725,O_top
196,7,293.2365245580577,641.0128115758781,O_top
197,7,289.96400917621423,636.5670336306508,O_top
198,7,286.1136571944456,633.1944771624751,O_top
199,7,274.6776946968078,618.655536418646,O_top
200,7,264.57661294371303,614.4197665682861,O_top
201,7,262.8685426068867,603.9440082967556,O_top
202,7,215.49924509942628,564.030105016274,O_top
203,7,211.131923284567,559.7479292966378,O_top
204,7,213.0325050207612,558.229861071686,O_top
205,7,234.46758311685625,573.7296206768302,O_top
206,7,240.3750436330661,575.2158145726685,O_top
207,7,240.5223446210724,575.0874381440306,O_top
208,7,241.8431884678237,572.1385718644541,O_top
209,7,237.8311361384947,565.2220166919428,O_top
210,7,228.85723643827745,546.231146860338,O_top
211,7,226.74675970463488,534.9516408449413,O_top
212,7,232.1323516824802,531.847628534389,O_top
213,7,233.1618595970552,530.4314509918092,O_top
214,7,219.06750215203968,516.2449856546011,O_top
1,8,606.2813326172222,87.76881276690915,O_left
2,8,606.2813326172222,87.76881276690915,O_left
3,8,606.1777358811111,87.48474268389833,O_left
4,8,605.4098194876397,86.97520495348144,O_left
5,8,605.842588640174,88.74071386958133,O_left
6,8,606.119210569118,91.18408691613492,O_left
7,8,606.6720355137812,92.41606839355148,O_left
8,8,608.8087055131907,94.01087056731254,O_left
9,8,608.5145358804851,94.08396002711518,O_left
10,8,612.4633465335083,100.47503140200456,O_left
11,8,615.2013523002249,104.16212107575222,O_left
12,8,621.7633027440058,115.08514288915504,O_left
13,8,623.5159116686805,118.29044365287685,O_left
14,8,631.0460087850834,128.95177250091402,O_left
15,8,632.28772048071,133.16743510922,O_left
16,8,633.9926512067375,135.09077008908253,O_left
17,8,633.7261491656916,133.72103669107048,O_left
18,8,638.5825076511101,139.069343301743,O_left
19,8,639.7459228265906,140.31884715191063,O_left
20,8,634.6864970158787,133.36477297530078,O_left
21,8,637.8655140053911,138.41532246585325,O_left
22,8,648.1987305194821,156.48293080204087,O_left
23,8,649.6194799836966,159.354821125273,O_left
24,8,653.9853978028618,168.84776711888483,O_left
25,8,661.4503565831483,182.5729679919476,O_left
26,8,663.2961042748152,187.572560909178,O_left
27,8,666.1952611389793,193.1269252388592,O_left
28,8,660.3059922213946,189.83742714539747,O_left
29,8,662.9509533447132,194.76457509578077,O_left
30,8,662.1048328492337,194.7584749117493,O_left
31,8,666.1984121566015,201.66005456386804,O_left
32,8,684.6835254472735,229.75682619351616,O_left
33,8,688.4174018973173,235.21616935616495,O_left
34,8,697.2479701369535,248.93580501485212,O_left
35,8,698.611006336512,251.7395986654737,O_left
36,8,701.3266339106907,256.5176360987147,O_left
37,8,702.7329892089082,259.2153978006852,O_left
38,8,704.0834588852548,260.91792482312434,O_left
39,8,704.2638365251356,261.61304993412085,O_left
40,8,702.3503946131226,260.17500388458933,O_left
41,8,702.9771631921368,262.6503054523611,O_left
42,8,701.8361038613332,264.0440928339177,O_left
43,8,705.7593742805697,272.1815241843801,O_left
44,8,714.3333207768371,286.4736407482212,O_left
45,8,714.9651257563337,288.661557853261,O_left
46,8,712.670983045831,289.85464759781536,O_left
47,8,711.0868046674165,289.5040088683757,O_left
48,8,714.4412538090648,296.383814977519,O_left
49,8,714.7876883211612,298.01985680962014,O_left
50,8,719.9114535597806,308.8145659305869,O_left
51,8,729.0159747627715,322.7337443013197,O_left
52,8,735.2686828391288,332.7927534210971,O_left
53,8,736.5192067982429,335.9724872287792,O_left
54,8,741.0712514708009,341.9420937969308,O_left
55,8,748.1894241921934,352.13499716723874,O_left
56,8,747.7196909771214,350.59689253980247,O_left
57,8,751.6755709053267,354.5029932573328,O_left
58,8,750.1050598991195,349.3037627918944,O_left
59,8,750.6691512850554,349.83441988471503,O_left
60,8,750.5708183602563,351.90150452179654,O_left
61,8,751.114762243705,352.93283832455535,O_left
62,8,756.1095950035773,362.7081193808965,O_left
63,8,763.244143532858,372.83480394427033,O_left
64,8,783.7339338922991,404.161847458866,O_left
65,8,792.6094548839694,413.29863149853895,O_left
66,8,810.4882251794395,430.9728288602664,O_left
67,8,814.4572946617594,435.7389374521183,O_left
68,8,822.2330013405169,443.3108237274608,O_left
69,8,823.6230403081142,445.6680220338295,O_left
70,8,820.9890160953997,445.739686684634,O_left
71,8,820.9947536195463,448.3363402496078,O_left
72,8,828.7255822487571,459.85133019091126,O_left
73,8,837.1895587760314,470.61963498735344,O_left
74,8,852.2937352366132,495.9296163539025,O_left
75,8,853.0148926635882,503.6108363571519,O_left
76,8,857.2675973054766,514.9274482230917,O_left
77,8,857.8705642439711,521.0446551658711,O_left
78,8,876.3260967470691,559.3742266226883,O_left
79,8,880.0723806879863,566.9497891060934,O_left
80,8,884.2191014754422,581.8076952208718,O_left
81,8,886.5121070760481,584.4581080941906,O_left
82,8,882.2862809014584,593.1764536391119,O_left
83,8,880.2838741839411,597.2480003934752,O_left
84,8,874.5118753450896,605.3716245205162,O_left
85,8,874.9518506844038,614.740054540304,O_left
86,8,886.3551652563556,640.5703446981908,O_left
87,8,886.5585424854964,650.9597247938185,O_left
88,8,893.4265481003384,670.4727176617627,O_left
89,8,894.5131516071011,671.1417090925977,O_left
90,8,892.9086488119194,669.4259673620453,O_left
91,8,893.662945536303,670.8904716908568,O_left
92,8,894.65907172631,672.4218709452358,O_left
93,8,893.3441002969266,672.1654952516044,O_left
94,8,889.4816398887841,666.4491552758827,O_left
95,8,884.9024830545667,659.2048208899907,O_left
96,8,877.6680182312493,636.9239351171993,O_left
97,8,878.3077781431151,622.3217160499755,O_left
98,8,873.3401002213237,621.0011689036802,O_left
99,8,869.9802150983888,613.1076375969938,O_left
100,8,852.5846101074135,579.4706870805586,O_left
101,8,853.8018040401228,567.9613536134901,O_left
102,8,858.7062478512098,545.2601903128202,O_left
103,8,860.4082352912156,540.996663529582,O_left
104,8,856.9411856931977,533.9421864532927,O_left
105,8,848.5547881189641,522.2714860870697,O_left
106,8,854.4488991632675,506.6340132005039,O_left
107,8,856.492871209342,501.4493887928194,O_left
108,8,851.261933595194,491.85200403164384,O_left
109,8,849.7626540056159,486.0407047447954,O_left
110,8,850.0876768102496,467.139801718372,O_left
111,8,855.397954319383,468.41853010488825,O_left
112,8,861.5431351538534,465.9554625433563,O_left
113,8,862.2810314384964,464.04451869359775,O_left
114,8,850.3345205875594,441.3944700647122,O_left
115,8,827.4804323045778,404.3675239534209,O_left
116,8,827.3089507628132,400.4826245487356,O_left
117,8,827.5081861853805,402.0477376703713,O_left
118,8,825.5101055841757,398.44338902074537,O_left
119,8,824.6260125345678,397.0959202277217,O_left
120,8,818.7623525439727,397.5877932970236,O_left
121,8,813.1784008879754,396.9141336584754,O_left
122,8,793.2769959404998,373.25687897396216,O_left
123,8,767.6380117464216,340.26785759514115,O_left
124,8,757.0866394370884,330.4260231748872,O_left
125,8,749.4676416102228,327.55815413076084,O_left
126,8,750.2857244527924,334.8168993659358,O_left
127,8,733.096256499557,314.9837524372201,O_left
128,8,738.6671382660419,336.45231814340264,O_left
129,8,734.6813910357452,337.67474212217536,O_left
130,8,727.554783691811,333.7055722396938,O_left
131,8,724.0316077221422,329.503469497095,O_left
132,8,739.7319898899236,358.8738836662476,O_left
133,8,742.9571679364266,365.2836873646917,O_left
134,8,741.9080907832055,376.9700033873437,O_left
135,8,738.3562733557743,373.5325908259314,O_left
136,8,736.5831555754787,372.84343965864207,O_left
137,8,737.4484511283994,374.3390698152894,O_left
138,8,735.3082933160247,371.1845792444352,O_left
139,8,739.6400034772008,375.274559403233,O_left
140,8,749.5616155553017,390.6645219106673,O_left
141,8,755.0706158369735,395.36872609898126,O_left
142,8,763.1477163506947,404.2494866832344,O_left
143,8,766.68303161832,409.364655617753,O_left
144,8,778.7249798861621,420.9549297526162,O_left
145,8,784.6606976266204,426.3846278548619,O_left
146,8,788.1471335525844,425.1119078234522,O_left
147,8,793.2678390279111,430.7208395968645,O_left
148,8,797.4667631198087,429.8000586343314,O_left
149,8,798.769797457612,428.2780754881383,O_left
150,8,799.6483104770232,426.42681754799617,O_left
151,8,799.8988044359494,427.6897172483872,O_left
152,8,799.8874781810882,422.3285854892953,O_left
153,8,801.543420068172,422.9262201944285,O_left
154,8,803.9570136867613,421.0811201596629,O_left
155,8,805.0907619007141,418.9736059252491,O_left
156,8,808.8023693277937,416.2861118260718,O_left
157,8,810.0580405114712,416.956794915538,O_left
158,8,812.7867666446666,419.7532109951818,O_left
159,8,815.5726819032751,422.8441821534588,O_left
160,8,818.990908390507,425.88132020769314,O_left
161,8,822.4357771197874,429.1252779131408,O_left
162,8,825.1336187061164,433.205874896436,O_left
163,8,826.9504286287248,434.1217953211278,O_left
164,8,827.739269966567,434.7106140134865,O_left
165,8,825.4506164751873,435.8690868361417,O_left
166,8,825.359069681676,432.9795523668237,O_left
167,8,827.4165884605529,436.2763754937918,O_left
168,8,831.3011454942734,446.2119621350786,O_left
169,8,829.5703935441627,445.6551303686833,O_left
170,8,828.6618642593675,446.5558250158809,O_left
171,8,828.2895279835706,446.187609807315,O_left
172,8,824.8374955265456,448.04740547629945,O_left
173,8,824.1214681236033,448.7808529224294,O_left
174,8,821.3175684956783,455.028988020006,O_left
175,8,820.4425847091345,455.2988465114985,O_left
176,8,820.6843701458578,454.7450098954002,O_left
177,8,820.4605898553463,454.2572561026463,O_left
178,8,817.429009803733,449.41085477270576,O_left
179,8,813.8729088177031,445.2088170632762,O_left
180,8,808.2519747376025,439.9732506653492,O_left
181,8,800.4960392597126,429.64087487870745,O_left
182,8,788.0442174178204,418.02730020131935,O_left
183,8,781.2407746495958,408.5968138013636,O_left
184,8,780.9436821789875,412.3089431865304,O_left
185,8,782.1091054439463,418.5769117908842,O_left
186,8,781.7523848366146,419.5213289645605,O_left
187,8,780.6248480754163,418.34110761327895,O_left
188,8,779.4971291761211,416.3144306707407,O_left
189,8,779.1023505678546,415.5209499530703,O_left
190,8,779.1939673318009,415.0055499742068,O_left
191,8,778.6439986258462,415.91441902565504,O_left
192,8,778.4606800377741,414.82943838425336,O_left
193,8,781.6605077555824,418.0680961197066,O_left
194,8,790.4021583033241,428.60375911890696,O_left
195,8,789.87880693993,425.9612903316685,O_left
196,8,793.3618162133392,431.336226216953,O_left
197,8,795.6547039290932,432.6535512136304,O_left
198,8,797.9669257091188,429.8013025533704,O_left
199,8,800.2587065093691,432.07777885563394,O_left
200,8,803.805085856787,423.641686266621,O_left
201,8,803.471310304018,424.8091626055056,O_left
202,8,806.4537225680247,423.2088672841624,O_left
203,8,808.9878197682715,422.0030991963014,O_left
204,8,811.7739744506986,420.63909127728175,O_left
205,8,811.8939605289015,417.7101642489009,O_left
206,8,811.9777662239024,417.1410618733413,O_left
207,8,811.7366071449937,415.6315781490365,O_left
208,8,809.8656136386395,411.4656211388578,O_left
209,8,810.0039227618411,411.40695623147786,O_left
210,8,810.2113269049944,410.8094337539212,O_left
211,8,810.5774843475147,411.0243585351882,O_left
212,8,810.6392823373985,410.6955784294525,O_left
213,8,810.6482128005489,410.2673498780147,O_left
214,8,810.3790509900581,410.2981005894838,O_left
