1,2,652.0167707180163,1348.1410499057422,O_right
2,2,652.0167707180163,1348.1410499057422,O_right
3,2,653.7060555808355,1343.8852748648712,O_right
4,2,651.6464090365156,1341.0942228643903,O_right
5,2,619.3068250674489,1322.2736067247624,O_right
6,2,647.379481417524,1330.9254897128362,O_right
7,2,653.5821125593818,1324.8629517122642,O_right
8,2,649.9189606433657,1317.7046451710085,O_right
9,2,667.4019519267364,1328.1882623877527,O_right
10,2,669.5208205780349,1328.2290759308066,O_right
11,2,671.5457729961986,1327.3504238377843,O_right
12,2,672.0343565460622,1326.5787288971403,O_right
13,2,669.651840235655,1324.6987612999117,O_right
14,2,664.8870525993719,1323.068492706661,O_right
15,2,658.3826237151175,1321.441342036844,O_right
16,2,656.77651752951,1321.63527736448,O_right
17,2,653.0393938591778,1330.397478804956,O_right
18,2,658.485418179035,1332.035552292008,O_right
19,2,665.0600462227915,1336.781457064611,O_right
20,2,666.5497399030722,1338.1997970534635,O_right
21,2,661.3650015669831,1344.013045900109,O_right
22,2,659.2807553219707,1346.2083249843392,O_right
23,2,663.6265366237419,1349.581846696864,O_right
24,2,661.9676524801511,1349.3224381439852,O_right
25,2,668.5170561994568,1365.3404934352611,O_right
26,2,692.1772765322091,1360.3291625544027,O_right
27,2,722.9921226049862,1381.3788246057932,O_right
28,2,725.7127304788717,1401.550337761239,O_right
29,2,730.6758423042838,1405.6385189188125,O_right
30,2,733.0486692523391,1401.2056810974686,O_right
31,2,731.3195587713785,1405.2296393269132,O_right
32,2,728.9257797619017,1405.7473419012913,O_right
33,2,729.8660649221144,1408.9416068922417,O_right
34,2,726.4830253550979,1412.841319932531,O_right
35,2,720.2887767196866,1421.29266536534,O_right
36,2,716.8844507646463,1424.0705535079835,O_right
37,2,715.7230252538096,1426.5677740352296,O_right
38,2,714.4632541418047,1427.8890818055372,O_right
39,2,709.7074520939077,1429.3142362617975,O_right
40,2,700.0303968434981,1427.1861327140596,O_right
41,2,679.9240892562987,1421.772042360711,O_right
42,2,670.3277574477894,1420.193834931369,O_right
43,2,648.189284539261,1413.3908093028574,O_right
44,2,639.5089940390382,1410.817054631494,O_right
45,2,611.7560438430816,1402.5183572469216,O_right
46,2,611.1437612372707,1403.463180615287,O_right
47,2,574.2551385606099,1393.0811592980886,O_right
48,2,576.1295636719309,1393.7533862144185,O_right
49,2,572.3999574299798,1393.0623954381565,O_right
50,2,573.6510213617968,1392.436845765683,O_right
51,2,572.6808721518371,1394.7603704264045,O_right
52,2,571.4247902037318,1397.606043068825,O_right
53,2,572.8859574062337,1398.8395323259947,O_right
54,2,572.628500675627,1398.881239415305,O_right
55,2,572.1491540649671,1398.991485190796,O_right
56,2,572.1460663558296,1398.9243906842653,O_right
57,2,571.5877997093289,1398.4826362880167,O_right
58,2,571.2304913800605,1398.3351096066488,O_right
59,2,571.7792530582898,1398.2056995743787,O_right
60,2,571.954410281165,1398.3117530861653,O_right
61,2,571.5998323088381,1398.9070251565834,O_right
62,2,571.8647254396567,1398.7324028626565,O_right
63,2,571.7230273752085,1399.1863860255194,O_right
64,2,571.866241907014,1399.267572905923,O_right
65,2,572.6735685992795,1399.4271011278004,O_right
66,2,572.8050227291682,1399.4429985121026,O_right
67,2,571.4133514291409,1399.5917704758142,O_right
68,2,571.2936994753198,1399.663347280347,O_right
69,2,571.5741376419103,1399.8761429076767,O_right
70,2,572.3257857869046,1397.3284882608868,O_right
71,2,574.940052227325,1395.6849744933722,O_right
72,2,572.8234700222052,1399.2984337745715,O_right
73,2,583.6843033646728,1382.2928269399365,O_right
74,2,573.2059497344478,1396.058758470302,O_right
75,2,572.3263777037204,1398.9635007905315,O_right
76,2,572.1369382675979,1397.902365633867,O_right
77,2,574.2991921826167,1395.216123543909,O_right
78,2,577.0421001565119,1393.978525249693,O_right
79,2,579.4649938005174,1392.028078757886,O_right
80,2,578.9331641355893,1391.5362584639408,O_right
81,2,570.9843538479789,1397.4064029982983,O_right
82,2,572.210998791404,1395.9496732987134,O_right
83,2,559.4511549836178,1392.5233242044496,O_right
84,2,555.9730960862506,1392.2169970020907,O_right
85,2,537.6756528827277,1390.734205370979,O_right
86,2,522.7581010250298,1390.0347831171414,O_right
87,2,507.7592347659095,1390.010917993873,O_right
88,2,508.03815104915,1390.6309114493677,O_right
89,2,502.9374511822585,1395.0287406946868,O_right
90,2,499.2850624093461,1397.136650546195,O_right
91,2,494.1349840001296,1396.396006832577,O_right
92,2,492.4210833624236,1396.962496358681,O_right
93,2,467.7657999425347,1393.5792519132642,O_right
94,2,462.96973408162967,1396.5798089130749,O_right
95,2,438.3684060247088,1400.6707591529084,O_right
96,2,450.15582220143136,1407.4921147422046,O_right
97,2,445.5995642455579,1411.173071360242,O_right
98,2,448.2669061343191,1413.850597809135,O_right
99,2,439.5436732892713,1413.9485214628146,O_right
100,2,437.7714612239316,1415.7567760116062,O_right
101,2,425.2433691308759,1417.4551986817785,O_right
102,2,424.7851301737155,1419.4139344799646,O_right
103,2,417.8022812890955,1422.5802401171677,O_right
104,2,416.89519155260297,1422.2460306217165,O_right
105,2,400.5447479804643,1422.761355657049,O_right
106,2,400.04873641087687,1424.4666132670404,O_right
107,2,386.7292150138724,1424.6911461554132,O_right
108,2,378.5769783883151,1426.14612053621,O_right
109,2,354.9650010267436,1425.1439307344583,O_right
110,2,351.7547066241662,1425.5365836642395,O_right
111,2,344.21069203252824,1430.36027725602,O_right
112,2,340.776091187608,1430.353768711936,O_right
113,2,344.5353161548876,1431.179941057506,O_right
114,2,343.73706952469126,1431.7131366150893,O_right
115,2,327.9678987447132,1432.4542547633396,O_right
116,2,327.4891785691031,1434.6026437656608,O_right
117,2,324.7711637663751,1440.4746787613867,O_right
118,2,327.7976267619036,1442.4716689155312,O_right
119,2,330.8606298275052,1445.8241867546765,O_right
120,2,332.1418991866892,1448.21319431381,O_right
121,2,326.8432474027042,1449.5971007419455,O_right
122,2,324.1734876545861,1451.3136167443868,O_right
123,2,314.8235706630137,1453.1959896561214,O_right
124,2,314.3030061000284,1453.8584507384192,O_right
125,2,311.0023979082065,1454.6006424825282,O_right
126,2,308.3189269766392,1453.903959171434,O_right
127,2,299.1601640354918,1453.9665919923789,O_right
128,2,295.6914306856415,1454.0499196887604,O_right
129,2,288.7290781058876,1454.713894708529,O_right
130,2,289.0316876025101,1455.6749517423236,O_right
131,2,291.0807609491471,1455.6509885381,O_right
132,2,290.72775849160735,1455.996543203691,O_right
133,2,290.8686613359115,1456.1735000750975,O_right
134,2,290.57434139690577,1456.173582646771,O_right
135,2,290.6788203542854,1456.060135603993,O_right
136,2,290.5171294616069,1456.2212601157707,O_right
137,2,290.3685988725795,1456.4907830322627,O_right
138,2,290.1840822985502,1456.5602291523426,O_right
139,2,290.4640320674327,1456.4851669989246,O_right
140,2,290.3807903278959,1456.403783217225,O_right
141,2,290.5074882203725,1456.5275075190918,O_right
142,2,290.52278914685803,1456.489343159733,O_right
143,2,289.61501555720605,1455.975459103244,O_right
144,2,289.98545537983347,1456.0402600338384,O_right
145,2,289.8825466040436,1455.6080513289564,O_right
146,2,290.40498177444545,1455.7752007600825,O_right
147,2,290.9803242125346,1455.846522739692,O_right
148,2,290.90866027253475,1455.7815662193343,O_right
149,2,292.027004567729,1456.443428083472,O_right
150,2,291.152070543941,1456.2595747156108,O_right
151,2,290.2267584338432,1456.4475445402502,O_right
152,2,289.5229034543796,1456.3792726027546,O_right
153,2,288.95723093276166,1456.7567286324772,O_right
154,2,286.1416303505103,1456.6614836478648,O_right
155,2,286.0704026850973,1457.4061009968273,O_right
156,2,285.68056208354056,1457.7542723366262,O_right
157,2,284.7205837984628,1457.489995538695,O_right
158,2,284.7461462835424,1457.5543393695762,O_right
159,2,285.0264582726272,1457.649374963877,O_right
160,2,283.49238094094125,1457.4429286754576,O_right
161,2,283.4089474967939,1457.4935692230636,O_right
162,2,283.7889704192533,1457.60414194444,O_right
163,2,285.17709793195047,1457.693014939762,O_right
164,2,285.41406312410817,1457.6278300118313,O_right
165,2,284.5992811955499,1457.2912346808737,O_right
166,2,284.93874218010944,1457.186934708487,O_right
167,2,285.0145311603231,1457.257629218396,O_right
168,2,285.8252696489188,1457.1715141553495,O_right
169,2,285.4333204419736,1457.306178541849,O_right
170,2,285.0500999660651,1456.8592964332,O_right
171,2,285.1760653764362,1456.7633407144256,O_right
172,2,285.34812863912776,1456.6227682518754,O_right
173,2,284.99146656669745,1456.7141837040624,O_right
174,2,285.01903620023074,1456.725952799706,O_right
175,2,284.4338325224274,1456.5260025031446,O_right
176,2,283.92628782861584,1456.5561801338572,O_right
177,2,283.34525098056275,1456.6647671204016,O_right
178,2,283.2134475513136,1456.4688183551068,O_right
179,2,281.8001592364124,1455.996775488928,O_right
180,2,280.3942633397025,1455.147503570459,O_right
181,2,283.8782505248253,1455.2742815502686,O_right
182,2,282.82917313830603,1455.0783084523266,O_right
183,2,282.9232218918073,1454.917890524227,O_right
184,2,283.5847915826747,1454.9216135843012,O_right
185,2,287.80854577054663,1454.8872381685867,O_right
186,2,292.0034575642303,1455.9448318564362,O_right
187,2,298.6254354363379,1456.642634543919,O_right
188,2,303.2324387574086,1457.6668302588057,O_right
189,2,321.11827545581275,1460.512831215771,O_right
190,2,324.8018607666255,1460.5199061375365,O_right
191,2,327.8794001961876,1457.5629748180806,O_right
192,2,283.0700965285108,1447.5588732663557,O_right
193,2,330.93068932386154,1452.288555170058,O_right
194,2,331.99570017988265,1449.6547302860338,O_right
195,2,343.8786854220244,1446.490944285366,O_right
196,2,339.99436775810125,1446.9361811846222,O_right
197,2,352.1375189689613,1433.557266467959,O_right
198,2,351.369526671376,1431.0904754457413,O_right
199,2,400.5921595602953,1433.2070149025371,O_right
200,2,412.7168937632583,1420.269311049275,O_right
201,2,419.1095375319234,1417.64697572583,O_right
202,2,424.5083737182512,1415.0942110019632,O_right
203,2,465.8354585889184,1418.1223174172903,O_right
204,2,481.3991999247472,1420.0057311036496,O_right
205,2,506.9245659427549,1418.43374962418,O_right
206,2,516.2013415321643,1412.5226898500837,O_right
207,2,534.5172305758888,1385.8111598847822,O_right
208,2,472.7290947574394,1368.518227862934,O_right
209,2,511.6226660346381,1365.0436540992966,O_right
210,2,534.705898041134,1362.3172025577928,O_right
211,2,590.4983904083983,1362.431895522672,O_right
212,2,601.0805637200463,1359.1514455729596,O_right
213,2,608.7414452157709,1352.005365150081,O_right
214,2,609.6022454938767,1350.4325202570517,O_right
215,2,609.779704401061,1347.408680133978,O_right
216,2,610.010235788836,1346.77301864575,O_right
217,2,612.705449099218,1342.0573412376334,O_right
218,2,618.8064638046025,1333.3759383111385,O_right
219,2,617.2537689682871,1337.750996375721,O_right
220,2,615.6059575624894,1339.5908690668289,O_right
221,2,614.3248276065493,1341.5816916090491,O_right
222,2,611.212229335832,1341.3729493432068,O_right
223,2,601.3738184985538,1339.2776742687863,O_right
224,2,598.996550160052,1338.4204682667605,O_right
225,2,585.6658657670521,1333.8049209940257,O_right
226,2,581.2649301887911,1331.9298676416663,O_right
227,2,583.2184276185731,1332.729605816337,O_right
228,2,588.012207926039,1335.6775885626532,O_right
229,2,590.874481491908,1336.5518212964037,O_right
230,2,588.871781853216,1336.0066301403106,O_right
231,2,583.6584429076863,1335.7153103649816,O_right
232,2,583.1199234261252,1334.8468300988447,O_right
233,2,555.7076522337807,1316.18931198082,O_right
234,2,540.8560936571532,1313.0277970309814,O_right
235,2,499.28514105078256,1295.3766133441466,O_right
236,2,512.2680475426914,1298.9626855743195,O_right
237,2,492.3815656467685,1289.483115456845,O_right
238,2,492.505464901678,1289.0477514882089,O_right
239,2,501.39030649551074,1289.9016666286025,O_right
240,2,506.8556504601743,1290.8404751419057,O_right
241,2,548.9116130769004,1306.6667698303002,O_right
242,2,549.52054657568,1306.7739290728866,O_right
243,2,554.660923542969,1303.1387111295203,O_right
244,2,555.4576063260287,1302.5622707073258,O_right
245,2,542.1669796660308,1297.1596368378712,O_right
246,2,532.3576904712075,1293.1375402673823,O_right
247,2,527.9920415760818,1291.1902201459309,O_right
248,2,541.9164604858819,1290.7566662854986,O_right
249,2,535.7424525951839,1293.2954506112555,O_right
250,2,543.1417913681703,1297.6680023385586,O_right
251,2,532.1041868612174,1295.2151307431152,O_right
252,2,526.7417587693549,1294.2520148506624,O_right
253,2,526.0737408019841,1293.1909971269083,O_right
254,2,527.0149114537817,1293.603376825317,O_right
255,2,527.7186602664692,1291.3544349301633,O_right
256,2,535.7845816453281,1295.1737407776152,O_right
257,2,543.1174317441227,1297.3657122763511,O_right
258,2,550.3167047952384,1300.4812256298844,O_right
259,2,529.6479323726509,1292.9785935103523,O_right
260,2,525.2751195536433,1291.1149812845756,O_right
261,2,529.5361303193118,1293.1534224704048,O_right
262,2,529.8710388826237,1293.5201291505898,O_right
1,3,834.7565639970876,999.7447554739916,D_top
2,3,834.7565639970876,999.7447554739916,D_top
3,3,834.351857820607,999.93807912228,D_top
4,3,834.3522242238955,1000.2386013422746,D_top
5,3,833.1446698940944,999.4161830655288,D_top
6,3,833.4488157478884,1000.350860319773,D_top
7,3,833.144448793699,1000.4805956416858,D_top
8,3,832.805424305966,1000.5744535396224,D_top
9,3,829.3546832942097,996.2568463497612,D_top
10,3,830.404341647999,995.8545616073174,D_top
11,3,827.0655930908574,995.5839595013036,D_top
12,3,824.5439247356642,995.720189486166,D_top
13,3,823.1708332760768,997.6819455834112,D_top
14,3,821.8275521154561,998.5285540352166,D_top
15,3,822.7706199944299,997.0597700598493,D_top
16,3,822.101854919732,997.6874706793176,D_top
17,3,821.8147470644631,998.022101760816,D_top
18,3,821.6989826039159,998.4627971512696,D_top
19,3,821.3816176962923,999.6074419056346,D_top
20,3,821.858474054085,998.6327599888187,D_top
21,3,822.5182447677082,998.2817009558242,D_top
22,3,820.8610005828832,999.8364082661154,D_top
23,3,822.6094271461658,1000.2565846171304,D_top
24,3,826.8775102825731,996.6075523804344,D_top
25,3,824.3970996137924,997.0116695016924,D_top
26,3,824.3254704139711,996.3382353832272,D_top
27,3,825.5842421477626,996.5352516868646,D_top
28,3,825.2194855909294,996.2371600473074,D_top
29,3,824.0885854763344,995.420709442299,D_top
30,3,823.1565012392987,996.5258227854364,D_top
31,3,823.159845418818,996.3310032261642,D_top
32,3,818.3728945777239,998.1763105679722,D_top
33,3,815.9851159796867,1001.8776709661818,D_top
34,3,816.7074079127652,1002.2650482172544,D_top
35,3,814.7466453008554,1004.5145186460858,D_top
36,3,814.446872235407,1006.3073847358588,D_top
37,3,814.3000901505918,1007.4328898188036,D_top
38,3,813.3231233345605,1006.0248181775638,D_top
39,3,813.7042074899438,1003.6471504543532,D_top
40,3,810.2001180300255,998.85523745853,D_top
41,3,786.1962120507491,970.7620881292504,D_top
42,3,780.8042342424361,961.2273299293594,D_top
43,3,766.8367652023175,944.0813537828724,D_top
44,3,756.3911891246947,936.0411940253964,D_top
45,3,737.7745518942734,914.6563948121996,D_top
46,3,732.165454373208,912.4998383654798,D_top
47,3,730.457257911266,911.4864002080858,D_top
48,3,733.5331760833488,912.4176765497708,D_top
49,3,729.133926284197,911.2505816412652,D_top
50,3,726.1964898211829,910.8501270656656,D_top
51,3,699.4418369152495,893.2150886339927,D_top
52,3,698.2910894478296,886.1604190292448,D_top
53,3,649.9448456688599,856.4208630595704,D_top
54,3,642.924325717015,853.1213851987529,D_top
55,3,619.4930184208077,837.406066705244,D_top
56,3,616.0152012129984,836.4985436921548,D_top
57,3,611.4120718900422,839.2717462550394,D_top
58,3,608.4603506947406,839.9398390106406,D_top
59,3,601.0337608367863,837.1599340339981,D_top
60,3,581.5201845310316,828.1386087043593,D_top
61,3,572.8315433567775,840.6936974259347,D_top
62,3,563.2994662235114,844.5042554207218,D_top
63,3,519.1076559391747,831.5834574965958,D_top
64,3,517.0611790678762,837.9143723660073,D_top
65,3,500.7281114676471,852.5215707445265,D_top
66,3,467.7693448663974,836.1337287147637,D_top
67,3,487.5477029443405,865.3237324109253,D_top
68,3,492.9652093743445,868.7245304850868,D_top
69,3,479.7972317147935,863.8731510673261,D_top
70,3,478.6056688138463,866.1857976738482,D_top
71,3,475.4608215240804,862.5621803775172,D_top
72,3,480.5737422291969,858.4285233283375,D_top
73,3,473.49843566699855,850.5648087477298,D_top
74,3,475.57284788197416,852.0134099067387,D_top
75,3,468.73537329357646,842.6385546130566,D_top
76,3,463.0756677518393,850.8808074711534,D_top
77,3,468.13501743007583,850.3616298846161,D_top
78,3,468.8122004645824,852.5898493771265,D_top
79,3,468.9119721592866,853.9988083609173,D_top
80,3,463.5721290031555,850.6080533364845,D_top
81,3,467.3103740621859,847.1717444699259,D_top
82,3,472.3959571160768,852.0076255057112,D_top
83,3,480.7303200164983,848.0687132938999,D_top
84,3,481.31056039470695,846.2641998353722,D_top
85,3,478.6864576170743,843.5726005339008,D_top
86,3,479.1563472350837,843.3833097111926,D_top
87,3,485.4188342587081,839.111212902326,D_top
88,3,491.42687103515175,839.679322352398,D_top
89,3,508.4537254197461,844.417386290603,D_top
90,3,507.25513598237137,837.2820957688821,D_top
91,3,511.4318994642903,833.0316322484563,D_top
92,3,509.66679392955547,834.911249098746,D_top
93,3,517.4275591212973,827.2495189844559,D_top
94,3,522.8857874926755,829.1387166027089,D_top
95,3,519.7235601712781,816.4443221502888,D_top
96,3,533.3021145471668,784.1729161242121,D_top
97,3,531.34251757848,789.0813742603893,D_top
98,3,536.2642713568988,780.0987876835419,D_top
99,3,579.735653272045,782.9584540275654,D_top
100,3,588.0173108190224,783.1567995184059,D_top
101,3,606.074224811998,775.2476849668367,D_top
102,3,609.1209705125993,772.9768513657658,D_top
103,3,618.6393870097477,762.3715680889725,D_top
104,3,617.1592192098268,756.0694184393335,D_top
105,3,642.8907765125095,758.2256589335518,D_top
106,3,648.2535588430129,762.1217081545014,D_top
107,3,653.3041235331707,758.6506518796854,D_top
108,3,653.623572275267,759.2768571911444,D_top
109,3,653.5226879058204,760.4810223598316,D_top
110,3,653.4218035363738,761.6851875285189,D_top
111,3,653.3209191669273,762.8893526972062,D_top
112,3,653.2200347974807,764.0935178658934,D_top
113,3,625.9989480204079,719.9112576378142,D_top
114,3,598.777861243335,675.7289974097349,D_top
115,3,571.5567744662621,631.5467371816557,D_top
116,3,544.3356876891893,587.3644769535764,D_top
117,3,603.0895323340393,638.5919090680303,D_top
118,3,608.4664726431239,637.5880349955138,D_top
119,3,605.0443041834034,646.2640906333742,D_top
120,3,604.0745640478615,642.7383734287556,D_top
121,3,583.877010874912,619.2889648012363,D_top
122,3,586.366736149574,621.6754378639823,D_top
123,3,551.8247654715032,588.071317330519,D_top
124,3,549.0404423918618,592.7064630504342,D_top
125,3,514.2017602085567,561.706439334681,D_top
126,3,516.396126611775,563.2957128594647,D_top
127,3,521.5185116530382,566.5327406560682,D_top
128,3,518.4198189944909,569.377166786768,D_top
129,3,499.8409121566685,565.3878226490328,D_top
130,3,491.7407906377896,556.9072439246592,D_top
131,3,458.4464863418744,538.0031986760957,D_top
132,3,452.6202902914198,531.1170186601751,D_top
133,3,425.9415900142167,512.7515538855782,D_top
134,3,417.48058226243126,513.2365780758663,D_top
135,3,428.6962729563158,528.5532376453307,D_top
136,3,429.5898409155859,549.6019747128719,D_top
137,3,419.408861444502,540.3907314084804,D_top
138,3,408.5713563044652,533.263998516022,D_top
139,3,397.1617995470025,528.168385457848,D_top
140,3,387.6574412570861,519.7952847601267,D_top
141,3,395.7113088590127,530.8662090689871,D_top
142,3,378.7390746440348,518.2543926390059,D_top
143,3,349.5711139555905,498.3820842824484,D_top
144,3,344.48033008854657,495.8022062371584,D_top
145,3,348.64373531576257,511.9094988424984,D_top
146,3,339.178727923382,503.92437259347935,D_top
147,3,369.37909605064056,532.9761244587602,D_top
148,3,355.0144045706502,521.6560811139351,D_top
149,3,344.15274958848164,513.0536472951293,D_top
150,3,340.8041887751111,508.6227169800071,D_top
151,3,340.5903535290955,506.0015516349018,D_top
152,3,340.64757172920605,504.9500190571927,D_top
153,3,339.82758750113214,502.0362250259125,D_top
154,3,336.2252454290256,498.42028491294974,D_top
155,3,329.16142206996926,491.8293686521525,D_top
156,3,332.3527689904177,489.1958833095773,D_top
157,3,333.46284484690875,480.5740606238528,D_top
158,3,341.6802970826944,486.465450467763,D_top
159,3,347.3916187228044,472.8869575221177,D_top
160,3,365.9538696677326,451.3643216537391,D_top
161,3,373.6685119123034,428.5699591345812,D_top
162,3,380.5420028982656,428.5403773918871,D_top
163,3,310.84335624302213,339.7487396221163,D_top
164,3,330.2598719750099,350.39543532980565,D_top
165,3,388.4172267282819,386.7011624290028,D_top
166,3,397.7872504066394,394.9001337870662,D_top
167,3,402.7897213490235,397.28088636779256,D_top
168,3,400.592762867453,393.6219558197066,D_top
169,3,404.3469886538,390.9013019784782,D_top
170,3,399.4164442733556,394.7115004876226,D_top
171,3,399.20294092256216,389.8478743092125,D_top
172,3,391.9497707678746,392.3653524724821,D_top
173,3,389.2339775401747,405.09436325612194,D_top
174,3,387.50394890755626,409.3872125605969,D_top
175,3,387.4898541568995,416.6074879828081,D_top
176,3,384.4482672693084,418.02351375365294,D_top
177,3,375.9387353245796,415.40317199723495,D_top
178,3,375.5946632086819,420.61669705604527,D_top
179,3,362.821550582174,418.3859123962061,D_top
180,3,363.4969865363728,420.5586617553956,D_top
181,3,361.916773933516,420.0698496686934,D_top
182,3,363.2367239065409,422.3325032655257,D_top
183,3,361.999244230119,423.130509345082,D_top
184,3,360.02637961855976,421.2190547412337,D_top
185,3,356.8746039223392,417.426731313325,D_top
186,3,349.6713150078313,413.9842805113504,D_top
187,3,348.16858169739584,417.0524636174404,D_top
188,3,345.20089697938573,413.6744786119031,D_top
189,3,345.4495719108596,411.4093348634767,D_top
190,3,353.0525941207156,416.3293192799742,D_top
191,3,360.0236072157382,420.7201251899153,D_top
192,3,369.38773492957154,424.99459806609264,D_top
193,3,377.0431364303127,432.7158845574952,D_top
194,3,379.8241316677914,435.71874233418936,D_top
195,3,374.50421630674543,440.6414007397482,D_top
196,3,373.4894955224576,444.2315697347928,D_top
197,3,375.9371497699056,454.9565011290759,D_top
198,3,385.5891330484321,467.8963150012957,D_top
199,3,432.1206945070878,510.2528807661657,D_top
200,3,437.35821219506056,524.5307903164295,D_top
201,3,444.30968954546427,536.7128425899198,D_top
202,3,442.98615913968325,533.8638416601576,D_top
203,3,435.124448577362,528.4356541735598,D_top
204,3,435.878954919718,529.8377625222075,D_top
205,3,440.9965349963558,546.1298093255524,D_top
206,3,472.33875714197205,582.1359623240664,D_top
207,3,478.8138541196794,618.9929317975631,D_top
208,3,479.967640093712,627.8720685114996,D_top
209,3,474.0413594087739,627.11418584817,D_top
210,3,466.3231984288925,640.1199835999827,D_top
211,3,489.5135902034321,686.5084921171085,D_top
212,3,512.159699224377,707.7789107787577,D_top
213,3,519.7321814357146,750.4581755769944,D_top
214,3,522.7572389655111,748.4975367336982,D_top
215,3,519.5582328347268,762.8648046388283,D_top
216,3,515.821644488052,762.987632297624,D_top
217,3,531.0053632366196,798.4050051763179,D_top
218,3,536.0766775130696,822.8443502860533,D_top
219,3,560.6121801097258,867.8475430977667,D_top
220,3,553.3222302807626,881.0498140377479,D_top
221,3,540.6810346391651,898.665924490324,D_top
222,3,538.4450214597531,908.668233184782,D_top
223,3,529.5638169349742,930.0157380292784,D_top
224,3,530.8103928855437,943.8188500204012,D_top
225,3,588.147317131184,1021.9840108054674,D_top
226,3,583.3399376838416,1032.460555495565,D_top
227,3,570.1275565771776,1050.8995241943278,D_top
228,3,569.9613969751327,1063.023487061531,D_top
229,3,561.4537914178421,1088.3252806207718,D_top
230,3,571.725360084948,1107.9472705232868,D_top
231,3,574.2948725470818,1127.5851676908678,D_top
232,3,572.1047454281269,1134.228231026364,D_top
233,3,564.602265169189,1154.4336707457703,D_top
234,3,574.1216739579419,1165.5727424931636,D_top
235,3,564.9460426862406,1173.5853149029826,D_top
236,3,557.149222998969,1172.1985677037228,D_top
237,3,560.755489669283,1179.759943008954,D_top
238,3,566.0304024085887,1189.7476837064953,D_top
239,3,598.4133239358057,1206.5854840227732,D_top
240,3,611.4763489190793,1220.3191030192586,D_top
241,3,612.7719202505053,1257.5608165138583,D_top
242,3,610.0144592265138,1258.4411352019908,D_top
243,3,617.1570466617726,1260.6156610761468,D_top
244,3,610.0928164494879,1267.097434363416,D_top
245,3,629.1948584057212,1293.7340848576907,D_top
246,3,606.6917136540038,1290.6736250794609,D_top
247,3,671.0625547884404,1325.5142159794368,D_top
248,3,671.6368999982365,1328.3828421678304,D_top
249,3,670.9067445430607,1329.2367457617213,D_top
250,3,670.0438971310742,1332.494408734069,D_top
251,3,666.1288633844506,1335.7062961784775,D_top
252,3,666.2622674557234,1338.947985560647,D_top
253,3,680.5115180283137,1340.6009001527807,D_top
254,3,700.4629558919522,1348.4676314541955,D_top
255,3,720.1994376206109,1343.4810518831946,D_top
256,3,721.166797791487,1347.2947714858867,D_top
257,3,727.9989322043716,1343.2226727579202,D_top
258,3,726.0354842789892,1345.2872913771562,D_top
259,3,718.9153767254631,1359.5979785212871,D_top
260,3,716.4290112922625,1359.0652988611348,D_top
261,3,717.4844781281465,1361.0576748370115,D_top
262,3,717.3331053319421,1360.807254870167,D_top
1,4,961.9237330745756,1029.921269067258,O_top
2,4,961.9237330745756,1029.921269067258,O_top
3,4,961.7960341807244,1029.4240362007674,O_top
4,4,961.7128418497437,1028.8232047668591,O_top
5,4,961.3050268678288,1029.0597994282484,O_top
6,4,959.9219150879755,1028.287312417988,O_top
7,4,959.553985444002,1029.1679647013802,O_top
8,4,958.1640241721708,1028.7587076761113,O_top
9,4,959.051903821194,1034.060968891503,O_top
10,4,956.698766635773,1035.1459872996545,O_top
11,4,956.9515799307088,1039.6760724542482,O_top
12,4,956.7494086503792,1039.6795900484062,O_top
13,4,955.5821296178816,1039.2695980830188,O_top
14,4,956.611095955216,1039.147720037508,O_top
15,4,953.785226807964,1042.4218708188469,O_top
16,4,952.9245804972048,1042.9083815854226,O_top
17,4,953.5263600711316,1044.7121424231757,O_top
18,4,952.9336733406892,1044.1712503535227,O_top
19,4,952.2001827869378,1043.934268643046,O_top
20,4,952.0715639463732,1044.9775477160929,O_top
21,4,954.3144561533804,1044.2250240428946,O_top
22,4,953.8457890549732,1043.5296559773271,O_top
23,4,948.909525141522,1048.7122894257618,O_top
24,4,948.4506261373076,1049.066748274295,O_top
25,4,949.228917562962,1050.458644913558,O_top
26,4,952.6641166062524,1048.9645033454583,O_top
27,4,959.8198309159964,1034.9822928544966,O_top
28,4,962.3570979694596,1036.0748267448575,O_top
29,4,970.0750986514818,1039.146913329074,O_top
30,4,972.4699420719425,1039.9404722116944,O_top
31,4,974.471275633438,1037.8178529247075,O_top
32,4,973.6736849450164,1036.9363814270598,O_top
33,4,952.8505577855186,1009.2567588619344,O_top
34,4,954.9912365295452,1009.6433489411784,O_top
35,4,938.1533372074256,994.9143827780352,O_top
36,4,930.3587318898597,982.9733948440928,O_top
37,4,924.4457365293846,990.022342522682,O_top
38,4,930.1143006866278,973.3604927297952,O_top
39,4,907.6354896739108,943.2463706351688,O_top
40,4,901.201865582118,942.3583170385446,O_top
41,4,877.403726133664,903.7686171048206,O_top
42,4,875.6291550611548,903.0234669406592,O_top
43,4,874.5948965069953,885.3541233483771,O_top
44,4,850.511429756988,861.0439672867079,O_top
45,4,810.7451418912289,842.7722213817506,O_top
46,4,805.6043075779769,814.0676961778634,O_top
47,4,786.5202896703297,822.2218176323651,O_top
48,4,784.1448079766199,821.4124292320433,O_top
49,4,773.1535247783962,815.4214847915459,O_top
50,4,756.7505594412229,804.5707889865681,O_top
51,4,722.7293862001138,781.0500457725805,O_top
52,4,709.1182103945744,772.7129577385405,O_top
53,4,695.1833369452547,765.2971399855404,O_top
54,4,695.4299673244608,768.5755479889356,O_top
55,4,659.7661785524649,741.8998752932695,O_top
56,4,638.2999812381149,726.9238083763034,O_top
57,4,627.4509192217357,728.4071541018957,O_top
58,4,625.4049521520325,730.3328447862228,O_top
59,4,618.6394130399881,737.9559293564035,O_top
60,4,616.6090386711439,737.935292481901,O_top
61,4,611.6169552206588,735.8060100370989,O_top
62,4,605.4861185161506,735.3327252029022,O_top
63,4,592.6897604030526,745.7594314251861,O_top
64,4,586.1820530416918,750.9508871860933,O_top
65,4,575.8719200207514,759.0240873232343,O_top
66,4,573.5533642544362,765.6718506885007,O_top
67,4,548.2738701851247,759.9284610840508,O_top
68,4,538.5439612233247,771.0382895390327,O_top
69,4,545.7378298118618,777.3583658761087,O_top
70,4,556.0443942921848,785.3803120688983,O_top
71,4,548.2105212490825,777.8169037547021,O_top
72,4,546.1567182622172,773.5286609407012,O_top
73,4,570.6765056232354,788.83377394523,O_top
74,4,572.5371239874429,793.1292074753616,O_top
75,4,572.7974479306555,796.6354281556193,O_top
76,4,569.7335240628513,795.553534321945,O_top
77,4,570.1338869924282,803.3742108675481,O_top
78,4,569.6265613820873,802.5219959046116,O_top
79,4,557.4429690973792,830.5975276413341,O_top
80,4,559.3700051119738,834.2202128222087,O_top
81,4,579.7457231033442,844.9860956342088,O_top
82,4,568.6085965206646,839.2549000804904,O_top
83,4,552.3180930301531,835.4427987534676,O_top
84,4,550.0515495434792,832.1007012294474,O_top
85,4,531.1359175821365,795.8521392697829,O_top
86,4,556.5381611531484,828.5505275627306,O_top
87,4,501.2150465778431,782.2800472538655,O_top
88,4,545.3360191431649,816.0988286494232,O_top
89,4,564.9649812769127,827.5193331582484,O_top
90,4,569.648887918858,827.9216067027586,O_top
91,4,576.7797995081299,817.5928286876125,O_top
92,4,570.6736567548456,805.1030689299018,O_top
93,4,598.3782400791127,794.8195283662947,O_top
94,4,603.3055203962156,787.5701270382386,O_top
95,4,603.6120982543002,779.5689262872374,O_top
96,4,606.5998480823669,773.7862042206253,O_top
97,4,594.8262942781131,737.749618710477,O_top
98,4,579.3248286212836,710.8677246976185,O_top
99,4,652.2081306374313,757.7563402075855,O_top
100,4,662.0716798084253,764.9487039282528,O_top
101,4,657.6778585188811,747.3922303925757,O_top
102,4,659.1744307801835,743.127681649147,O_top
103,4,661.2264746943398,735.7609552327835,O_top
104,4,656.8440430521953,730.7237416652666,O_top
105,4,660.6640947312727,731.0446991975367,O_top
106,4,654.4507416855574,732.8451099591473,O_top
107,4,653.0292436300115,739.2424057823625,O_top
108,4,651.6077455744654,745.6397016055778,O_top
109,4,650.1862475189195,752.036997428793,O_top
110,4,646.4705047655607,752.3538806570402,O_top
111,4,649.1116407456713,757.1628455585253,O_top
112,4,664.215682829533,776.1400631694255,O_top
113,4,679.3197249133947,795.1172807803258,O_top
114,4,682.5132878413996,797.4744247560658,O_top
115,4,676.3539485398102,813.2011076108757,O_top
116,4,671.3786022620383,818.3553496972025,O_top
117,4,633.8695670782752,798.4867687167676,O_top
118,4,631.1746504525048,801.6268683033774,O_top
119,4,621.734547950007,823.3006692147649,O_top
120,4,617.7657798196567,826.816179492256,O_top
121,4,619.5147859033752,836.9343517033041,O_top
122,4,616.1334879607585,833.8619666933972,O_top
123,4,612.3069669173232,833.2014180564695,O_top
124,4,610.8120571392609,831.6116563657123,O_top
125,4,649.8958326500485,852.881599192026,O_top
126,4,650.4600110325625,847.9299607940644,O_top
127,4,671.189517131311,834.9264604593798,O_top
128,4,671.2022628266333,831.7862710341523,O_top
129,4,675.2432300499258,824.0147551646924,O_top
130,4,678.5018551834992,818.6637549315309,O_top
131,4,691.8811979652714,806.6911805321739,O_top
132,4,706.3229274599671,805.1228990528266,O_top
133,4,724.2759778768178,789.6689048386789,O_top
134,4,726.0811737720805,783.5006404075659,O_top
135,4,745.2991938563047,769.2019212302633,O_top
136,4,756.5193416903477,770.9807410615629,O_top
137,4,761.6536432607832,768.1097748601222,O_top
138,4,763.2286412828944,767.0843180100251,O_top
139,4,764.4747959858197,768.0623517900297,O_top
140,4,757.0937374859182,765.5371030191559,O_top
141,4,738.2790459558033,751.6806541918355,O_top
142,4,728.0999631031034,746.1895235952196,O_top
143,4,726.7408863887621,763.2766144499737,O_top
144,4,725.8483956592539,763.2873642875961,O_top
145,4,716.7093893749224,754.6416473983984,O_top
146,4,710.8700745667107,751.5630575544545,O_top
147,4,707.3264828094462,745.8658637792413,O_top
148,4,706.7369587228286,745.7386179009221,O_top
149,4,689.6486437391401,738.7059102391345,O_top
150,4,672.2903713596919,711.790648062531,O_top
151,4,663.248437272291,694.3658096256804,O_top
152,4,661.1283462862102,693.3842998281576,O_top
153,4,658.9261264300895,691.5156316060251,O_top
154,4,654.8711243828108,687.2488825145615,O_top
155,4,643.2167038979157,672.2864565912529,O_top
156,4,607.8720965639956,639.6430299992269,O_top
157,4,592.7453155221689,626.7103379923087,O_top
158,4,586.437626541008,625.7641356192004,O_top
159,4,586.5457536045006,609.4683002802016,O_top
160,4,567.040718731519,591.7511416067961,O_top
161,4,557.094106149437,582.4232845013316,O_top
162,4,560.1176640352883,585.438008029526,O_top
163,4,547.4529137112119,578.9046378090796,O_top
164,4,549.3150828059388,584.4461982121123,O_top
165,4,527.601325307886,568.9455237029015,O_top
166,4,513.4942974963155,568.0256839358202,O_top
167,4,460.0566542211319,537.6450240290947,O_top
168,4,462.37293520116265,532.6885079814804,O_top
169,4,463.3307697658743,546.888755414663,O_top
170,4,461.2269982124351,540.8864533458805,O_top
171,4,444.71262145622615,527.1318187565608,O_top
172,4,418.2983376181472,508.8107911956456,O_top
173,4,370.62369730269927,496.096158325349,O_top
174,4,374.8849531590966,503.8699134243213,O_top
175,4,356.6916486274736,509.4834756126557,O_top
176,4,349.673168472543,513.0979501633817,O_top
177,4,336.6381228354479,523.91710111636,O_top
178,4,315.03198021866933,530.2733676240548,O_top
179,4,293.4258376018907,536.6296341317496,O_top
180,4,271.81969498511205,542.9859006394444,O_top
181,4,250.21355236833347,549.3421671471392,O_top
182,4,228.60740975155483,555.698433654834,O_top
183,4,207.00126713477624,562.0547001625289,O_top
184,4,185.39512451799763,568.4109666702236,O_top
185,4,163.78898190121902,574.7672331779185,O_top
186,4,142.1828392844404,581.1234996856133,O_top
187,4,67.18315873687702,570.5978576686756,O_top
188,4,100.6380087494522,601.3783133752239,O_top
189,4,76.37100282046637,618.8855803445005,O_top
190,4,61.902178484200746,628.911357702785,O_top
191,4,83.97577792952323,646.6090857683208,O_top
192,4,45.58481021780011,640.2365492009208,O_top
193,4,69.84365964984929,676.895412974553,O_top
194,4,72.69134602277481,687.8396545737778,O_top
195,4,88.15704268010292,703.9722720570448,O_top
196,4,74.19848862831114,713.6459508907325,O_top
197,4,75.49754496186162,728.0576507553862,O_top
198,4,76.79660129541212,742.4693506200401,O_top
199,4,81.56935834051563,761.719414516294,O_top
200,4,86.34211538561915,780.9694784125479,O_top
201,4,91.11487243072268,800.2195423088018,O_top
202,4,95.8876294758262,819.4696062050557,O_top
203,4,100.6603865209297,838.7196701013096,O_top
204,4,105.43314356603324,857.9697339975635,O_top
205,4,110.20590061113674,877.2197978938174,O_top
206,4,114.97865765624027,896.4698617900713,O_top
207,4,119.75141470134378,915.7199256863252,O_top
208,4,124.52417174644732,934.969989582579,O_top
209,4,129.2969287915508,954.2200534788328,O_top
210,4,134.06968583665434,973.4701173750868,O_top
211,4,138.84244288175785,992.7201812713408,O_top
212,4,143.61519992686138,1011.9702451675946,O_top
213,4,124.24982410907452,984.5066954482468,O_top
214,4,104.88444829128764,957.043145728899,O_top
215,4,85.51907247350078,929.5795960095512,O_top
216,4,66.15369665571392,902.1160462902036,O_top
217,4,46.788320837927046,874.6524965708556,O_top
218,4,27.42294502014019,847.1889468515079,O_top
219,4,8.057569202353307,819.7253971321602,O_top
220,4,-11.307806615433549,792.2618474128124,O_top
221,4,-30.673182433220404,764.7982976934645,O_top
222,4,-50.03855825100729,737.3347479741168,O_top
223,4,-69.40393406879414,709.8711982547691,O_top
224,4,-88.769309886581,682.4076485354212,O_top
225,4,-108.13468570436788,654.9440988160734,O_top
226,4,-127.50006152215477,627.4805490967257,O_top
227,4,198.06012801773207,826.5173191669608,O_top
228,4,108.36122223416372,773.3039736782553,O_top
229,4,-121.21505146591996,633.393613398681,O_top
230,4,-118.90950145794478,634.9683582253955,O_top
231,4,-119.0137685486726,634.0559631102948,O_top
232,4,-115.7215081628778,635.4618524589481,O_top
233,4,-116.29718776666498,635.2359135376457,O_top
234,4,-116.29775516719415,635.3517375568317,O_top
235,4,-118.73253542308592,634.0131808191097,O_top
236,4,-121.87119755280052,631.7604970627268,O_top
237,4,-122.6616095579781,631.3597880043075,O_top
238,4,-121.7284809831796,632.1280244048579,O_top
239,4,-118.75056568660509,633.759460548481,O_top
240,4,-117.08852241240064,634.2206298883472,O_top
241,4,-120.5464821075737,632.2184596552411,O_top
242,4,-119.0326339485346,633.578895102677,O_top
243,4,-119.2180427160146,633.5793235097635,O_top
244,4,-119.519448704213,633.4864036552535,O_top
245,4,-122.49673826821596,631.5837794706108,O_top
246,4,-120.8874242818229,632.6177271548828,O_top
247,4,-118.55697500166794,633.9778530261468,O_top
248,4,-116.99381327973327,634.6534826110416,O_top
249,4,-116.06328358709092,634.8260775206659,O_top
250,4,-120.31947348822762,632.9346327630142,O_top
251,4,-119.6334785484236,632.6883224166414,O_top
252,4,-118.75699905098354,633.9029434754024,O_top
253,4,-121.75512867660392,630.7109743092143,O_top
254,4,-120.90997449923326,631.3824443195159,O_top
255,4,-113.48318952668482,636.0867529702012,O_top
256,4,-116.25700335469936,634.6147545802842,O_top
257,4,-17.75620970637371,694.4812064120115,O_top
258,4,80.74458394195194,754.3476582437388,O_top
259,4,179.24537759027757,814.2141100754661,O_top
260,4,172.90461757989306,810.3706612486515,O_top
261,4,172.90461757989306,810.3706612486515,O_top
262,4,172.90461757989306,810.3706612486515,O_top
1,5,628.6032236757217,1251.3959181827142,D_right
2,5,628.6032236757217,1251.3959181827142,D_right
3,5,643.9236635472821,1251.2673068373094,D_right
4,5,644.2676692053608,1254.74928727638,D_right
5,5,645.9851622269459,1254.9989412566088,D_right
6,5,646.9858836248659,1254.5982097364329,D_right
7,5,645.6983578100834,1252.5552312357963,D_right
8,5,645.235010424465,1252.8009107224143,D_right
9,5,645.9219818776254,1254.738268465101,D_right
10,5,646.9811907355236,1252.6725740886632,D_right
11,5,647.7716320148128,1253.631846336111,D_right
12,5,647.6539001661423,1254.1953944228046,D_right
13,5,648.109455104663,1252.7968803314989,D_right
14,5,647.5592643527644,1253.840747498804,D_right
15,5,649.8894705170667,1253.366872540505,D_right
16,5,650.1188585586061,1253.0761520518631,D_right
17,5,648.8991160995778,1252.7793945046549,D_right
18,5,646.4628135028711,1253.0369512429932,D_right
19,5,629.8121922852132,1246.362316244478,D_right
20,5,610.5901407258641,1248.6241875024275,D_right
21,5,592.3690807049342,1242.1259331397878,D_right
22,5,588.9579949689597,1236.7162318446417,D_right
23,5,585.8331008282133,1236.2657108251865,D_right
24,5,584.0720946967407,1237.1020110069371,D_right
25,5,580.8718904489382,1234.9840081995155,D_right
26,5,580.0399046069533,1230.326782331592,D_right
27,5,571.1405308571894,1217.4035508879083,D_right
28,5,566.0583715274136,1213.871044385348,D_right
29,5,568.299265069982,1205.663436244827,D_right
30,5,571.4271751203636,1206.9783001534784,D_right
31,5,570.9920697303065,1204.708054432105,D_right
32,5,570.5308179434098,1203.3175831619876,D_right
33,5,574.2513464616333,1205.8273053874125,D_right
34,5,579.7298204566634,1210.2811581912397,D_right
35,5,587.6719512050967,1217.2609514437852,D_right
36,5,591.1235113092014,1219.646443408623,D_right
37,5,594.8586153856654,1223.942249322294,D_right
38,5,592.8078226427997,1232.3465292702556,D_right
39,5,604.4126592172488,1247.7610719068898,D_right
40,5,615.6817334034508,1255.2529254644382,D_right
41,5,615.6830853675747,1263.596747876828,D_right
42,5,615.0559209595872,1264.7979824038005,D_right
43,5,613.0030057284795,1265.5086783683855,D_right
44,5,614.130803503756,1267.1416064769332,D_right
45,5,610.4864585726151,1271.756437957049,D_right
46,5,603.3027975280226,1273.1183760328126,D_right
47,5,554.2898812407677,1258.9697785151457,D_right
48,5,550.0203969879003,1259.9159997279987,D_right
49,5,563.499399296997,1266.5408288532035,D_right
50,5,565.4110346668385,1268.9280306612695,D_right
51,5,564.6501535214393,1271.3109896585768,D_right
52,5,564.7217374999148,1271.8793260343914,D_right
53,5,565.6611230762759,1273.5202488524328,D_right
54,5,564.1989638565533,1273.4508372650523,D_right
55,5,548.6885171887723,1268.502829876233,D_right
56,5,540.9930272354791,1265.7207817251867,D_right
57,5,524.2276601022056,1254.1503501516686,D_right
58,5,521.7212918166039,1251.8995001897174,D_right
59,5,517.7849091106583,1252.703673579878,D_right
60,5,513.2529022265637,1256.041815937745,D_right
61,5,513.1302286142679,1255.893487892306,D_right
62,5,512.1228844020178,1252.7376726998089,D_right
63,5,515.2154084702993,1251.3136142432554,D_right
64,5,514.9426199218105,1250.896534572287,D_right
65,5,518.446602319837,1248.4928559831712,D_right
66,5,517.9999472375982,1248.4385716313066,D_right
67,5,518.7782271085523,1242.1032822177272,D_right
68,5,519.6586466256124,1240.4980308159168,D_right
69,5,518.1772592554615,1243.0759614933793,D_right
70,5,521.729809769377,1239.5401662043562,D_right
71,5,518.6860405738646,1244.5329777348186,D_right
72,5,522.230115120978,1243.2527175455948,D_right
73,5,532.2533433534517,1249.807113170846,D_right
74,5,539.9015097278876,1250.8384616818428,D_right
75,5,539.2049633042293,1249.3330195892654,D_right
76,5,539.4616098998031,1250.3813334527215,D_right
77,5,545.6172073179423,1237.167541515396,D_right
78,5,544.1658136313607,1234.029767198835,D_right
79,5,552.7291620858028,1231.7555763204632,D_right
80,5,551.8265660637371,1234.4864330343664,D_right
81,5,548.9086810656135,1235.5237543368132,D_right
82,5,548.1192281462615,1237.178060287098,D_right
83,5,547.7576126729064,1238.1930349523182,D_right
84,5,548.6651660600418,1235.7368516154922,D_right
85,5,539.5602658090578,1231.7657845476444,D_right
86,5,530.2892121676737,1225.5756111782478,D_right
87,5,510.18979341814224,1211.474699310689,D_right
88,5,508.1912045391801,1207.2684235471784,D_right
89,5,498.7509231158664,1196.5340099377345,D_right
90,5,498.6374547876992,1195.5100921364094,D_right
91,5,497.214736905484,1195.557319908608,D_right
92,5,495.7670452688417,1195.8894528088365,D_right
93,5,495.7745245362463,1194.2231668908094,D_right
94,5,492.6233225933877,1192.1123586998738,D_right
95,5,475.6810174723085,1189.2066322996773,D_right
96,5,464.0982439177972,1179.1356456473825,D_right
97,5,449.2290129290121,1172.41563793602,D_right
98,5,451.41695487159245,1173.5542603642425,D_right
99,5,446.1114163700551,1169.5221295624262,D_right
100,5,447.5928113318706,1167.7159008779042,D_right
101,5,442.8698605231879,1163.276478239113,D_right
102,5,437.8739813527652,1159.5379626823917,D_right
103,5,425.1894832914336,1147.8252224798666,D_right
104,5,420.8195861855144,1144.1341624050444,D_right
105,5,397.0899549987122,1128.9754232921389,D_right
106,5,393.5993533264031,1124.686661596245,D_right
107,5,399.0674520385524,1120.5331230846834,D_right
108,5,393.8009703205376,1114.8782582159313,D_right
109,5,394.0828519675717,1114.2452051433322,D_right
110,5,393.67119968013606,1115.0087599833266,D_right
111,5,392.7416910787093,1107.032452219211,D_right
112,5,382.88132502386327,1095.0361054529103,D_right
113,5,354.57391592518246,1075.6144367856712,D_right
114,5,340.50476898128204,1062.87637095662,D_right
115,5,323.4700686602469,1053.4008138829563,D_right
116,5,322.6738844172901,1052.2419341637185,D_right
117,5,324.11969970495244,1049.2149855505568,D_right
118,5,325.9269544512687,1048.5962372498575,D_right
119,5,330.61173368338905,1044.0173608236853,D_right
120,5,329.4131528917629,1035.433693851424,D_right
121,5,313.5680117163185,1008.386391972504,D_right
122,5,288.4173674732444,985.4908095370396,D_right
123,5,220.97709373743857,919.201335223764,D_right
124,5,230.45117119700285,916.2772508676408,D_right
125,5,253.67686953264985,914.624057300699,D_right
126,5,256.5464124183408,905.5695853952014,D_right
127,5,255.63977475733932,879.2121717872033,D_right
128,5,256.17191761774745,876.5867318757452,D_right
129,5,247.4625073276696,861.0830624502036,D_right
130,5,268.1480896581322,863.977138343203,D_right
131,5,333.9467416820427,876.9949993256297,D_right
132,5,332.2680907973456,870.9221020743307,D_right
133,5,344.0829578441855,869.0822794226053,D_right
134,5,344.3558226574666,865.71790621667,D_right
135,5,372.5276536182542,859.2358565968276,D_right
136,5,384.6347407622776,861.9214487814232,D_right
137,5,392.2979188617088,861.7727283784035,D_right
138,5,391.2418369125755,860.5659164279525,D_right
139,5,391.501820654235,862.8651196024215,D_right
140,5,390.03667437882297,863.7914072370156,D_right
141,5,387.9701438642539,873.5165066760381,D_right
142,5,389.534167926876,876.6876371978154,D_right
143,5,386.8309966119662,884.1611123649313,D_right
144,5,385.1700872028318,886.5878946504605,D_right
145,5,392.94663702240666,897.4180030735047,D_right
146,5,391.9060733616301,897.6437817535586,D_right
147,5,398.04857239463,915.6270334692896,D_right
148,5,396.8383452774135,915.4352937450668,D_right
149,5,391.5605434518225,915.862327808919,D_right
150,5,386.9759574836304,925.3702224780716,D_right
151,5,375.8702465241557,939.9793798064768,D_right
152,5,376.65554020488906,944.8988822136864,D_right
153,5,367.49674352517167,956.9657399594288,D_right
154,5,379.0137268297496,968.7707772586448,D_right
155,5,386.6439044982398,974.7115938259834,D_right
156,5,381.6310278789485,973.8882335124176,D_right
157,5,377.71869935052615,984.3021965385044,D_right
158,5,378.28634743165975,987.3532822389344,D_right
159,5,366.3166387809695,992.7163782325756,D_right
160,5,370.4274045167848,1000.1631885832744,D_right
161,5,359.9167235783053,1007.4945698416576,D_right
162,5,361.050355342613,1013.6267697999764,D_right
163,5,347.9529246024517,1025.3242189523176,D_right
164,5,330.91114274738976,1019.019982998502,D_right
165,5,342.58061090787226,1037.720109784996,D_right
166,5,334.4898312986911,1039.6553485271902,D_right
167,5,331.3967743815029,1048.617449867872,D_right
168,5,331.32475319574377,1049.2721794073689,D_right
169,5,322.6548734202614,1054.1023321913735,D_right
170,5,320.7018938782673,1058.847551046687,D_right
171,5,318.6932791316144,1062.4267062495478,D_right
172,5,319.37336749574894,1067.6835665621545,D_right
173,5,322.076368314411,1072.0542638103227,D_right
174,5,322.2199643280658,1074.5240323243688,D_right
175,5,316.1369674907057,1074.9362920393544,D_right
176,5,317.7524521960581,1074.2696396623132,D_right
177,5,322.0531224857291,1070.7208445095907,D_right
178,5,321.06310187646744,1067.3628938942616,D_right
179,5,308.0741987531064,1067.1082452928654,D_right
180,5,304.52866171803663,1057.2417517105869,D_right
181,5,294.9152703670438,1048.774280562891,D_right
182,5,295.09195335129857,1049.5503428280006,D_right
183,5,292.5096356019232,1048.4377707088024,D_right
184,5,292.15196762421976,1048.4558617400423,D_right
185,5,291.21989087134153,1047.1418581086275,D_right
186,5,288.8023180067306,1045.7307931869518,D_right
187,5,289.05805153522715,1040.9564668082314,D_right
188,5,285.1535080696869,1034.7815118837125,D_right
189,5,239.2810049571232,999.32152738872,D_right
190,5,235.9661294372109,994.8807301382802,D_right
191,5,237.38164352327317,989.9151878632848,D_right
192,5,237.2674054355774,988.495684071778,D_right
193,5,232.96633707891067,981.7283345039413,D_right
194,5,233.62545182913863,979.860150870708,D_right
195,5,217.6443948388132,960.8579695147688,D_right
196,5,229.97966872397984,963.9749933451168,D_right
197,5,228.3590134695904,963.36585991021,D_right
198,5,228.1567391919811,963.5487573917712,D_right
199,5,225.2527944690282,962.8193131751476,D_right
200,5,225.03163508649752,955.3723957251372,D_right
201,5,215.9325600822861,955.2915318774708,D_right
202,5,210.05733190138832,957.5226471200344,D_right
203,5,196.5454413422062,970.1507268168964,D_right
204,5,189.5634939400279,968.218218609834,D_right
205,5,119.84527518424233,950.598262766235,D_right
206,5,120.179440183161,955.8318847142492,D_right
207,5,98.62282679171074,951.6458193662962,D_right
208,5,91.33404991569692,951.722422340766,D_right
209,5,126.6073864950857,974.941100940424,D_right
210,5,105.30098204684148,968.8948872447096,D_right
211,5,104.34118534552432,974.774623133381,D_right
212,5,123.83852575108274,988.4729600224384,D_right
213,5,112.2501945971988,996.0709484185504,D_right
214,5,112.56864925430216,998.0705849541806,D_right
215,5,162.8628043594538,1023.4279086775988,D_right
216,5,200.5767627889328,1039.293876549775,D_right
217,5,205.0695452574897,1038.6677265436451,D_right
218,5,206.4159012665701,1038.1128028045362,D_right
219,5,208.3167382219097,1040.557437596164,D_right
220,5,212.11274649883424,1036.6253719344163,D_right
221,5,235.0112638252785,1041.8294423364732,D_right
222,5,218.24328362475248,1032.7351937491487,D_right
223,5,303.3278472352324,1068.886229548837,D_right
224,5,310.3238417746647,1071.11077525347,D_right
225,5,318.9200388586392,1076.0776767670295,D_right
226,5,310.22816480711657,1070.2969050803274,D_right
227,5,363.84255621295847,1096.958212449961,D_right
228,5,386.9694541046038,1110.4880401283367,D_right
229,5,397.3571897624967,1128.7916229248474,D_right
230,5,396.19065127302986,1125.4289822386845,D_right
231,5,394.6535113974465,1123.9762490144335,D_right
232,5,394.943301198135,1128.5771215827438,D_right
233,5,465.7301664304565,1168.5976385063082,D_right
234,5,444.0304052079498,1166.302789761294,D_right
235,5,508.1733377262457,1204.5633694504652,D_right
236,5,540.0226626215018,1220.182949811899,D_right
237,5,537.0666149744045,1243.5304367204496,D_right
238,5,538.2678975383867,1242.7550514006157,D_right
239,5,538.9264785023552,1247.965400060085,D_right
240,5,533.2355353050629,1246.202349138301,D_right
241,5,546.1055458210407,1258.638817181455,D_right
242,5,544.28793691065,1262.272334414731,D_right
243,5,559.4429421193154,1271.2309036731715,D_right
244,5,558.675467232442,1269.2822444254634,D_right
245,5,560.2182730948914,1270.1746111238103,D_right
246,5,561.7610789573408,1271.066977822157,D_right
247,5,563.3038848197903,1271.959344520504,D_right
248,5,564.8466906822398,1272.8517112188508,D_right
249,5,566.3894965446892,1273.7440779171975,D_right
250,5,567.9323024071386,1274.6364446155444,D_right
251,5,569.3025095614058,1272.130707400136,D_right
252,5,569.1167325479055,1270.7123156905232,D_right
253,5,569.18190558413,1268.4962248533416,D_right
254,5,568.3746145117339,1269.55153470714,D_right
255,5,584.5302197280869,1270.4295775968153,D_right
256,5,573.8436968266955,1266.334411534489,D_right
257,5,573.4603531958957,1267.6382691312945,D_right
258,5,579.7843889019123,1268.041644144338,D_right
259,5,567.6863011327631,1274.684593171272,D_right
260,5,555.2740769673111,1271.4930153782286,D_right
261,5,575.8979504496576,1280.2117706996207,D_right
262,5,577.0052769040848,1282.3698852213176,D_right
1,6,610.7648327203696,450.0433478639709,D_left
2,6,610.7648327203696,450.0433478639709,D_left
3,6,610.2063248895254,453.63999233829605,D_left
4,6,609.323506306645,454.2036472152292,D_left
5,6,607.5917921866261,457.2296202767294,D_left
6,6,606.7979756021792,458.11761563834943,D_left
7,6,605.5077063861033,462.8521897879277,D_left
8,6,606.5726154204831,464.8072919226231,D_left
9,6,605.2447611839528,467.3838118561264,D_left
10,6,605.9429052296451,468.6819453940952,D_left
11,6,603.2635944747209,467.20292133721546,D_left
12,6,602.5966141299136,469.0022007602336,D_left
13,6,597.3892015009925,468.6439391881856,D_left
14,6,593.8915080849735,466.4483004239213,D_left
15,6,593.7013684030246,473.2753048239855,D_left
16,6,587.2271606912344,473.1362998181077,D_left
17,6,584.8096864066664,478.6520558663304,D_left
18,6,581.7331363089062,480.4796221104064,D_left
19,6,598.5520457631717,502.7336453325024,D_left
20,6,599.6201411762632,509.35891507398,D_left
21,6,603.5454943091065,514.4980269147401,D_left
22,6,599.8316861133535,512.142215984929,D_left
23,6,591.8572499745281,510.16463456460747,D_left
24,6,594.4443627609849,517.6310590667501,D_left
25,6,583.1852355692455,516.2528890686714,D_left
26,6,561.2378062370152,498.80477006998007,D_left
27,6,548.8471913169938,508.8363602892604,D_left
28,6,549.1354736269783,498.0155833079833,D_left
29,6,542.209558527083,521.1102315042559,D_left
30,6,539.1514120601475,520.9659384607833,D_left
31,6,536.1854778511373,519.3514601953462,D_left
32,6,529.1233526779398,522.9945266094255,D_left
33,6,522.4420744094018,541.1623197568185,D_left
34,6,513.2785732586757,540.2978873989306,D_left
35,6,508.4664927347477,548.4015813762027,D_left
36,6,495.97614056038447,547.142813033771,D_left
37,6,486.1952932090714,549.183587827384,D_left
38,6,482.4234072917701,555.5673769607149,D_left
39,6,467.8897445032573,558.3203710861991,D_left
40,6,467.039210180621,581.9222658925751,D_left
41,6,458.75977125436606,585.1990564714665,D_left
42,6,457.3475399248695,588.0756700522919,D_left
43,6,452.3223894073429,593.8201851199713,D_left
44,6,417.8511144522991,567.1575492997486,D_left
45,6,446.39098221538393,599.9061590424537,D_left
46,6,453.1162266344993,615.5348030885517,D_left
47,6,457.1715960491301,626.770287674223,D_left
48,6,451.9165171963174,625.4231706367876,D_left
49,6,430.4100585700112,612.0869522895471,D_left
50,6,410.6616518424344,599.4512163256005,D_left
51,6,426.475073684521,625.0411891229652,D_left
52,6,447.0427813673605,646.1516738438802,D_left
53,6,416.4709706338872,635.0709633101594,D_left
54,6,441.323873445249,651.3947268332785,D_left
55,6,414.5728773849965,633.7155484543377,D_left
56,6,399.12604185145096,623.3762334488025,D_left
57,6,405.50096668129896,645.8445310751545,D_left
58,6,364.2043147867415,612.5038613013627,D_left
59,6,435.9198395650446,672.0811532691138,D_left
60,6,441.6461043876113,686.1641596938443,D_left
61,6,490.4218475060189,733.5947662911257,D_left
62,6,502.6719205515787,746.6581228093571,D_left
63,6,516.9271448177669,760.3806187615771,D_left
64,6,520.8637454162478,764.5803110365539,D_left
65,6,531.7761442724354,776.2781632201622,D_left
66,6,529.153135311629,775.6125906039341,D_left
67,6,540.969180828147,784.5179906638248,D_left
68,6,513.4199878754708,761.2449729879581,D_left
69,6,502.7322803905973,754.6376489751251,D_left
70,6,522.8669333194761,776.808707170543,D_left
71,6,523.0611905085335,788.6040465919349,D_left
72,6,524.7060716077233,797.9557578741269,D_left
73,6,521.0095394401156,802.6806793661855,D_left
74,6,506.1322184604519,790.5071766535807,D_left
75,6,551.0010146322657,838.7075517524214,D_left
76,6,556.374032165647,846.7231253792585,D_left
77,6,555.800137836309,848.2809285192369,D_left
78,6,562.0229558469998,858.366139706895,D_left
79,6,530.9750023331735,841.1919318379489,D_left
80,6,575.352649232903,877.2407393000714,D_left
81,6,581.4466503090491,886.0059676225641,D_left
82,6,578.9789066202889,883.389098313074,D_left
83,6,607.4461004386014,901.395867170256,D_left
84,6,621.914087530452,909.084048695207,D_left
85,6,597.590783526156,887.0130509322872,D_left
86,6,614.2306447033297,892.2371410552129,D_left
87,6,656.1514654534462,889.7055259685088,D_left
88,6,645.0220279573234,876.6781682379249,D_left
89,6,665.5371309795358,882.4512121625858,D_left
90,6,666.5920875376504,881.4048882207701,D_left
91,6,688.4638390757007,883.0087921902698,D_left
92,6,691.2009043762849,878.630642957265,D_left
93,6,700.3610036470108,865.7108527099978,D_left
94,6,717.3385222827152,832.3224758957671,D_left
95,6,755.9160814548005,867.5711489767374,D_left
96,6,772.2792665630606,877.636288954735,D_left
97,6,787.4280751833935,871.8036696612281,D_left
98,6,795.0394743903652,873.3625864078485,D_left
99,6,796.9598570316818,860.5794186614055,D_left
100,6,794.7463632862674,863.8402135089049,D_left
101,6,796.8501654925766,860.1472560615302,D_left
102,6,797.0059032706968,856.3277856375569,D_left
103,6,798.746254365174,848.2703260135648,D_left
104,6,792.979487027569,844.4983327112099,D_left
105,6,776.5987036565285,821.9789242551249,D_left
106,6,756.1924071135674,804.2140084515798,D_left
107,6,753.9929567126957,799.8412403336588,D_left
108,6,751.6518408948045,799.3112398261239,D_left
109,6,715.6234270957965,765.2233619925394,D_left
110,6,721.6318113458552,769.6754244142496,D_left
111,6,715.0595184655448,763.4636328387198,D_left
112,6,713.6548581647099,764.1809715039024,D_left
113,6,710.0610108083613,760.3161038131767,D_left
114,6,709.2622167090079,759.4714939127543,D_left
115,6,708.5452773123359,759.6856666657895,D_left
116,6,706.5743278657849,759.8105252175742,D_left
117,6,695.3123086724293,751.0606137730814,D_left
118,6,697.0417583010535,753.3860832165035,D_left
119,6,680.3340709444174,753.1374296105837,D_left
120,6,676.2931183747235,756.7979240134323,D_left
121,6,672.7243109546401,761.7765122501131,D_left
122,6,666.3505896807554,776.985614534772,D_left
123,6,616.7910200471191,751.7544530202013,D_left
124,6,601.4447699383295,748.8809549500501,D_left
125,6,590.3767461687484,772.7812374295332,D_left
126,6,588.6130027177761,771.8683596416328,D_left
127,6,591.123155900578,788.6793419966807,D_left
128,6,540.9604421988267,744.1832895847054,D_left
129,6,540.648908573422,766.967972789784,D_left
130,6,546.9449692170729,772.1934917535467,D_left
131,6,539.6429003300257,768.1964415776447,D_left
132,6,539.3555409833666,768.9701241584191,D_left
133,6,519.6579139848914,775.5111785364876,D_left
134,6,518.0888951028585,777.6036141369206,D_left
135,6,502.91848887006,778.971022039894,D_left
136,6,501.8334277084468,779.6797214120994,D_left
137,6,504.6934515863271,784.5758358163063,D_left
138,6,503.8368661623229,784.2969014827579,D_left
139,6,501.290072840361,779.2976832465674,D_left
140,6,503.1365871275,779.2255960543438,D_left
141,6,508.1310316634279,782.8140982906651,D_left
142,6,509.5628736389656,780.8039630092082,D_left
143,6,502.8428053965444,766.7321229120246,D_left
144,6,509.8316590620421,752.2031191023755,D_left
145,6,511.2494088474758,752.1150509175164,D_left
146,6,542.3396328182694,771.4639960370837,D_left
147,6,549.8603271122785,774.685342483545,D_left
148,6,549.1817434950959,772.6343939980338,D_left
149,6,549.7787846176224,766.2948669875384,D_left
150,6,550.1128351498744,767.4608993903983,D_left
151,6,549.410765835515,768.6791765400238,D_left
152,6,547.5192516096063,770.3938204944334,D_left
153,6,543.4293125966326,762.9045779985925,D_left
154,6,538.0245223821809,758.6598610610259,D_left
155,6,518.1018180793868,742.1632133468054,D_left
156,6,503.1468368687401,730.916927878227,D_left
157,6,484.623862491488,715.9024004777621,D_left
158,6,470.36096597781415,704.9140253424363,D_left
159,6,460.7474570824265,702.6198606130819,D_left
160,6,456.8828898105756,697.698418263464,D_left
161,6,462.3353064086111,699.0738399407994,D_left
162,6,462.2335806304216,697.7737238968676,D_left
163,6,459.834826411915,687.7391776331747,D_left
164,6,456.4026147035824,681.4398742904013,D_left
165,6,431.416566178233,650.1686292025489,D_left
166,6,424.23255820411725,635.56743950607,D_left
167,6,423.8635438119466,628.7278316855952,D_left
168,6,424.3332229172861,628.9121080428158,D_left
169,6,421.4484418586717,630.1018428307231,D_left
170,6,419.39783058802914,630.2793090464181,D_left
171,6,414.3441723802541,622.6185094893341,D_left
172,6,398.1490089116083,612.7316778732114,D_left
173,6,356.37274149689125,583.1710199559301,D_left
174,6,353.1589909379641,584.0710927455278,D_left
175,6,327.62741106383345,570.515320932592,D_left
176,6,314.02359731272946,564.5025380965202,D_left
177,6,306.84386883962827,560.8167230995783,D_left
178,6,302.4433496623268,563.4401901003885,D_left
179,6,306.13744604493,585.6945778020639,D_left
180,6,294.90761184011785,580.8811773971671,D_left
181,6,276.6427989133919,570.6882371388405,D_left
182,6,287.2638946921467,576.3487139060154,D_left
183,6,215.7363198775892,554.7578564832095,D_left
184,6,224.8877171355633,573.1173507004604,D_left
185,6,189.88086200534272,561.5046692875555,D_left
186,6,193.43536392575328,581.9334105102663,D_left
187,6,189.5931648229485,592.5883657244726,D_left
188,6,186.9401753076857,594.916024546282,D_left
189,6,167.79634572833467,606.8597521682985,D_left
190,6,163.32140154979058,613.1656441128749,D_left
191,6,154.52195953795697,649.0699916652212,D_left
192,6,147.8808433469003,657.3838959943224,D_left
193,6,146.63809723497036,664.8329813586108,D_left
194,6,148.78669805858686,678.1717636196922,D_left
195,6,144.49582468550403,690.6245974479746,D_left
196,6,141.47651927004398,688.6001778499939,D_left
197,6,40.552910794889854,645.7021178260958,D_left
198,6,-7.394362507804195,622.7624919098104,D_left
199,6,131.59874236574262,744.6261454567513,D_left
200,6,121.24235975626118,749.1860459329358,D_left
201,6,124.76998839607752,766.4397415156316,D_left
202,6,136.02824369881046,776.8766072011942,D_left
203,6,152.51912232731758,795.1661704605083,D_left
204,6,162.5099855675908,805.5121375859881,D_left
205,6,177.04559795285763,819.0127410898198,D_left
206,6,170.57714259151433,819.1579304826541,D_left
207,6,172.84320782757678,826.9132167212023,D_left
208,6,172.42818560892096,827.8861497002612,D_left
209,6,168.53188912901786,832.9744789616095,D_left
210,6,164.40809731785458,831.6710124155716,D_left
211,6,170.3798319147053,835.6918767138355,D_left
212,6,182.3338514004764,843.9809483891279,D_left
213,6,209.07904135621573,866.820705527613,D_left
214,6,220.33528625051923,874.2052677570314,D_left
215,6,226.78770519835732,876.7334438841664,D_left
216,6,238.1563227150672,882.426685860481,D_left
217,6,251.64690867749343,887.1604116774625,D_left
218,6,253.92525859316564,887.7726657688308,D_left
219,6,252.04002117546128,888.9225573443337,D_left
220,6,250.74820383857423,889.6984504224736,D_left
221,6,248.3097197069155,892.0966641384521,D_left
222,6,246.12207624921584,893.3427894901246,D_left
223,6,241.4558037294375,896.5123286292464,D_left
224,6,234.25353889978788,895.2597944020807,D_left
225,6,238.43960818129764,900.1689746940424,D_left
226,6,237.174345221013,900.0158693745652,D_left
227,6,238.69404787050533,901.901881489908,D_left
228,6,235.1715613779644,899.6601906254058,D_left
229,6,221.96403979092796,895.6486745152721,D_left
230,6,216.35775874592971,889.73673497758,D_left
231,6,242.0168306690603,907.2218077786544,D_left
232,6,243.00541579046936,907.6596841306545,D_left
233,6,236.5122233798222,903.8266129538362,D_left
234,6,235.94351691614597,904.3019241888718,D_left
235,6,236.0467463582212,905.3417764890792,D_left
236,6,236.0181217609021,906.226691553301,D_left
237,6,234.91381804537275,907.313917854478,D_left
238,6,235.2807043710549,907.6496065840046,D_left
239,6,235.147430424426,908.1018018573972,D_left
240,6,235.06163212349364,907.969075645896,D_left
241,6,233.99262345951325,906.775080058654,D_left
242,6,234.79162690505348,906.6460660988738,D_left
243,6,236.40351408704564,907.002731800634,D_left
244,6,236.2786314356449,906.696215843602,D_left
245,6,234.65803142301868,905.1048149750886,D_left
246,6,235.76005630006395,904.973343321247,D_left
247,6,237.5579161897768,904.2833135498432,D_left
248,6,238.0433633487561,903.7157520317916,D_left
249,6,237.64160173880512,903.0130923906236,D_left
250,6,241.33969050877784,905.0519787021808,D_left
251,6,236.7357061105949,901.3783898623147,D_left
252,6,237.551738294412,900.8194020778096,D_left
253,6,235.87871584114805,899.6348459753012,D_left
254,6,235.57602846396367,899.4380327246721,D_left
255,6,236.37791074253371,899.1161510756848,D_left
256,6,236.53802158897292,898.9908218498347,D_left
257,6,237.57882231696087,898.5204811487129,D_left
258,6,238.3046065179243,897.0157895847873,D_left
259,6,244.46481086215903,894.9919127016957,D_left
260,6,256.75603860939947,891.3644490311219,D_left
261,6,276.5555531407044,896.7551357902225,D_left
262,6,277.46741192848725,895.2090532601254,D_left
1,7,605.2145476087595,100.37542436492753,O_left
2,7,605.2145476087595,100.37542436492753,O_left
3,7,606.1154892476571,112.70332253784112,O_left
4,7,604.0855453466027,109.65267573042593,O_left
5,7,602.4479575666036,110.32370510747162,O_left
6,7,605.0591702853322,110.91386132813238,O_left
7,7,603.5835120148025,114.6221823044868,O_left
8,7,599.212039503419,119.40688015249108,O_left
9,7,599.7740688065363,121.67828980182163,O_left
10,7,594.7924526457869,117.516685635304,O_left
11,7,594.5281100610276,119.20201623562484,O_left
12,7,592.7119462406823,119.50340208006624,O_left
13,7,556.9751489455231,77.97737163507614,O_left
14,7,551.0443703688697,71.89585817100756,O_left
15,7,556.8869764626807,89.60552469859113,O_left
16,7,540.9028900835785,71.7997577045816,O_left
17,7,545.2309575526396,98.0701793317987,O_left
18,7,545.3881305122519,102.97249020884506,O_left
19,7,537.959129838845,102.77176494854278,O_left
20,7,536.9436054023255,112.25032231253708,O_left
21,7,537.206699998302,115.16886300781916,O_left
22,7,535.73618562114,115.17007803657906,O_left
23,7,527.1151028751774,109.67556814820756,O_left
24,7,528.1020442854887,113.4161052856682,O_left
25,7,523.5937255136939,106.30032928240024,O_left
26,7,517.91604697194,111.12953789042804,O_left
27,7,517.9999434005206,118.3799554831514,O_left
28,7,518.8942658943766,125.68014270549553,O_left
29,7,515.8871819217712,129.94017087553496,O_left
30,7,514.9720965618161,131.03957306582407,O_left
31,7,512.179215411426,129.7405937661267,O_left
32,7,512.7740716498829,130.94364083362962,O_left
33,7,512.1014942837435,133.34147615352032,O_left
34,7,511.2339270698556,133.1223899663687,O_left
35,7,511.4069437158876,134.39003154889906,O_left
36,7,515.2846244751939,140.71778971762876,O_left
37,7,513.4049293704081,142.45969006620732,O_left
38,7,515.57618775692,147.7323910551899,O_left
39,7,523.3045016228857,162.6705337807795,O_left
40,7,526.0460226020491,167.8643524560619,O_left
41,7,535.8098463458583,185.4017841571697,O_left
42,7,540.8995314859208,191.79454329455015,O_left
43,7,542.7890348485032,193.94373050996148,O_left
44,7,543.597494107623,193.2811103837864,O_left
45,7,550.0996965059486,196.94154582826263,O_left
46,7,551.9712833715678,196.1834673005664,O_left
47,7,553.8626404464607,194.3013894323904,O_left
48,7,553.8420399983327,194.8609995691824,O_left
49,7,562.2392625708331,203.76682586594427,O_left
50,7,567.7627326962414,210.49225590671412,O_left
51,7,571.9671019288526,213.70667478298677,O_left
52,7,578.9096650132553,223.2348242731601,O_left
53,7,609.2034063257403,265.0773041979662,O_left
54,7,607.2288333732532,260.5416992492301,O_left
55,7,619.7013655071651,272.17789467559146,O_left
56,7,620.2325639587804,268.1109826329347,O_left
57,7,653.8107768126993,306.6192528697813,O_left
58,7,665.2160896390022,320.9609149759109,O_left
59,7,683.5015414770302,342.66577239412817,O_left
60,7,688.175365233692,348.9331155081435,O_left
61,7,685.3599080521262,343.212879458791,O_left
62,7,689.3902586264232,345.10972535828427,O_left
63,7,731.0667553653105,402.1888629485072,O_left
64,7,747.973672843569,420.3755038344838,O_left
65,7,758.7966839055841,432.20082653498224,O_left
66,7,761.4454223965746,432.820422198606,O_left
67,7,764.5828118896903,432.0405217432615,O_left
68,7,771.6037196140923,439.2459018018503,O_left
69,7,805.6367298007674,483.8522754303256,O_left
70,7,828.9019716462522,514.4163526960991,O_left
71,7,839.9344106552888,532.7078362129874,O_left
72,7,841.9713348635039,536.9965507516214,O_left
73,7,849.8780999070583,550.4049172381159,O_left
74,7,852.273719314163,555.7334199545708,O_left
75,7,884.1717485499232,609.5622990610839,O_left
76,7,890.9328463135256,624.5875733753318,O_left
77,7,890.3516883975955,638.4320994857217,O_left
78,7,895.8978919856339,650.5274909769272,O_left
79,7,914.2270265654084,684.7987868821857,O_left
80,7,926.2490090806868,704.8897951060334,O_left
81,7,926.2800884230604,717.5433494762943,O_left
82,7,925.6211866992302,720.5970492750395,O_left
83,7,922.6578178033476,729.4606743966146,O_left
84,7,923.4132380349366,728.3598471154213,O_left
85,7,936.6612052139956,735.9346092508516,O_left
86,7,953.062626798658,762.6187946715163,O_left
87,7,961.2173322733188,782.5192309879798,O_left
88,7,959.9354541582524,795.3431314776358,O_left
89,7,959.1683728918172,800.1709661976728,O_left
90,7,959.182758965408,799.9836724365529,O_left
91,7,958.8431622189936,801.196316841871,O_left
92,7,958.2425212855702,802.8637267214654,O_left
93,7,957.0796952862678,805.5949239626816,O_left
94,7,956.467448395546,807.5421037399415,O_left
95,7,955.9665325242272,813.0316407668514,O_left
96,7,954.8325520679052,814.7463787959374,O_left
97,7,952.4163395150464,816.4220667370091,O_left
98,7,954.0018936244822,811.7114058514449,O_left
99,7,947.2954839554624,806.6604893862652,O_left
100,7,929.1518821691002,790.9452094450029,O_left
101,7,901.2420573814944,763.9628455545948,O_left
102,7,898.8775923825174,762.1165686523447,O_left
103,7,891.2614943823826,763.2238080938164,O_left
104,7,888.1794124692242,764.2805023314867,O_left
105,7,873.0347729971694,746.0735241368279,O_left
106,7,832.3826687948297,699.7067954290075,O_left
107,7,834.0880182713024,715.0688244585878,O_left
108,7,833.189212193055,713.6329098755392,O_left
109,7,831.4662118116025,712.0195205932432,O_left
110,7,820.5087701100963,704.9598364078429,O_left
111,7,764.1401389439186,651.3520419382537,O_left
112,7,786.5522159180265,682.3142851054663,O_left
113,7,756.3322934765879,659.774285975241,O_left
114,7,751.3145847898556,656.773127577662,O_left
115,7,714.0235957493497,620.8362797097536,O_left
116,7,707.646104863958,616.9945787063422,O_left
117,7,664.5618127025265,580.145731292686,O_left
118,7,656.8671749677417,580.9939347500157,O_left
119,7,651.5205120557534,582.9376170927483,O_left
120,7,643.7247213900322,576.461833616359,O_left
121,7,615.3173030121073,553.6840798302599,O_left
122,7,594.7863852055649,532.6445902022662,O_left
123,7,594.354425445437,543.6315097240165,O_left
124,7,589.6069430383407,542.6861670057701,O_left
125,7,583.2290403057674,544.1245833266828,O_left
126,7,504.7985875711602,462.9001293019261,O_left
127,7,463.8875117196011,422.3686189866525,O_left
128,7,422.3306394191606,381.0745393474779,O_left
129,7,433.7099366374756,398.6472135456176,O_left
130,7,435.2598122355539,396.8019655474062,O_left
131,7,481.2811891800616,449.5874169093552,O_left
132,7,462.6401612074683,428.8136473878976,O_left
133,7,465.1658593300276,435.9305396605584,O_left
134,7,468.93223655512656,442.6465911235214,O_left
135,7,477.9977133857586,453.94115634740587,O_left
136,7,482.7640182008572,462.5182824510055,O_left
137,7,472.1120893530867,449.1074317972012,O_left
138,7,475.87809334697874,450.8402098547989,O_left
139,7,466.37208595698513,436.382806748938,O_left
140,7,458.2563515591309,429.198574186376,O_left
141,7,445.3743542205456,416.6733411186704,O_left
142,7,444.5690529306442,413.1596029419435,O_left
143,7,424.2321549457851,390.22382454696367,O_left
144,7,422.271101794431,384.698535444177,O_left
145,7,421.4199461052066,372.7021436610335,O_left
146,7,426.1865625662183,374.2745345793269,O_left
147,7,420.5855857533899,360.70338254785634,O_left
148,7,410.4942171199542,346.3872264655908,O_left
149,7,418.3149663512257,353.567653431699,O_left
150,7,446.6685460670636,380.8115047368689,O_left
151,7,430.03934804843726,345.062833874029,O_left
152,7,434.4367836393168,343.8701204157075,O_left
153,7,451.6104325344277,341.2420379539806,O_left
154,7,456.03402685893815,332.0770371339784,O_left
155,7,451.7000598716293,318.07469110751543,O_left
156,7,444.7988661424205,305.48789773794016,O_left
157,7,454.9193174346961,295.4451542961772,O_left
158,7,446.0367262620171,282.06021951237534,O_left
159,7,459.830138241384,284.46732913342726,O_left
160,7,459.2349377514691,281.87392767596043,O_left
161,7,466.35788080969326,280.0629088399827,O_left
162,7,466.6086624628276,266.89781411667434,O_left
163,7,465.1042723796015,232.61827417640123,O_left
164,7,465.31025524458414,223.9926110596702,O_left
165,7,475.040237115524,210.99132260482537,O_left
166,7,479.79595330664114,207.4420564138131,O_left
167,7,478.67785087743454,180.39678361197883,O_left
168,7,485.0550152162087,177.7333358287736,O_left
169,7,495.8952313773952,164.09354059572186,O_left
170,7,527.0669814570357,193.5763039989168,O_left
171,7,548.0186892331469,205.42192034293765,O_left
172,7,548.8076032906598,205.7314350306474,O_left
173,7,552.0803117717471,189.73354582693935,O_left
174,7,551.9398758829121,178.30685333186256,O_left
175,7,561.5615835461995,181.263033472031,O_left
176,7,566.6450221672351,176.58111915008067,O_left
177,7,568.9684191084101,165.01689639589785,O_left
178,7,581.4052208501911,175.12114150850138,O_left
179,7,589.0189472989897,175.44584126476977,O_left
180,7,610.7275366219982,200.6602098250559,O_left
181,7,630.0897563313499,215.37202033087885,O_left
182,7,631.5612175800597,214.71938468417585,O_left
183,7,646.7324133879919,231.11615546370945,O_left
184,7,651.1734862255747,237.0673895895708,O_left
185,7,658.5370513024409,246.30004270808996,O_left
186,7,660.4396067770266,242.66003701381047,O_left
187,7,663.6757788683726,239.18959027860808,O_left
188,7,662.6871649871001,241.9581680981881,O_left
189,7,672.6178073625036,261.7041820768064,O_left
190,7,693.8766579295965,294.0554553563406,O_left
191,7,708.4432697442875,315.0329473277628,O_left
192,7,708.9822091081408,320.746664729388,O_left
193,7,709.6115313130832,340.5658661036369,O_left
194,7,705.7568581430596,346.03956626760333,O_left
195,7,708.7117666441662,363.2193249203513,O_left
196,7,726.6411497634498,394.66798208057793,O_left
197,7,731.2430227960451,420.6973088228515,O_left
198,7,727.7949685155507,437.1931581995669,O_left
199,7,720.4976832125299,456.3045013321263,O_left
200,7,710.9190116349083,455.98482671407584,O_left
201,7,702.6189716915381,483.0102074318065,O_left
202,7,696.6406763173947,491.9542723460068,O_left
203,7,691.6705036458916,502.08722128233353,O_left
204,7,701.5592433922424,517.4277908634236,O_left
205,7,697.4191638652684,536.3747564694291,O_left
206,7,683.6066815120258,525.5645578885495,O_left
207,7,717.8471024386571,574.114473660828,O_left
208,7,715.5940091544846,573.2992580054901,O_left
209,7,712.1480435777328,574.8652090869241,O_left
210,7,711.5886080508839,576.7781340659516,O_left
211,7,715.2034224119697,581.4162632939202,O_left
212,7,725.9882852146075,606.5268566425029,O_left
213,7,748.6153899736555,628.5702550193769,O_left
214,7,758.6799832641502,639.6995092191511,O_left
215,7,739.0590218228228,614.8903248541192,O_left
216,7,777.6669215549732,658.1905640370722,O_left
217,7,782.2390276504598,648.9242186479102,O_left
218,7,784.9317903461545,642.7226266937193,O_left
219,7,795.7134945157698,631.7454809697298,O_left
220,7,800.0912645183349,631.3039139716362,O_left
221,7,795.9605658322807,614.2515313600898,O_left
222,7,819.7282036913305,634.6715771781312,O_left
223,7,839.5663019728511,652.9494958607927,O_left
224,7,834.5281884875219,646.5678764424546,O_left
225,7,861.4412745102182,679.0041667853552,O_left
226,7,863.1290888677631,681.5650795166968,O_left
227,7,867.832009568761,678.4716441883769,O_left
228,7,868.7672619578636,677.1682860715343,O_left
229,7,868.5934393219496,673.7034841880358,O_left
230,7,869.056054709824,672.9676214451335,O_left
231,7,867.7206119502483,670.1138406769984,O_left
232,7,868.0700475549919,668.806832762467,O_left
233,7,870.661570368774,669.639396926008,O_left
234,7,870.9320500449256,670.5714876545331,O_left
235,7,872.8199551436728,663.5598255603649,O_left
236,7,874.6905484248815,660.180299571348,O_left
237,7,876.7062324477791,654.4676302579744,O_left
238,7,877.3432722654263,654.8196404847871,O_left
239,7,876.63051249607,653.8764283117214,O_left
240,7,876.8702883989603,653.6491464629916,O_left
241,7,876.7233169780691,652.3334461973225,O_left
242,7,876.0976363535408,650.1226528171686,O_left
243,7,878.1483470311101,643.155076327993,O_left
244,7,878.3385626782166,643.0183952026965,O_left
245,7,878.7557658635959,643.5911833465934,O_left
246,7,879.027068424525,644.316265773473,O_left
247,7,874.3325148918661,651.7362181806287,O_left
248,7,874.624967862956,652.5939639598964,O_left
249,7,877.0916542169432,658.0173156534721,O_left
250,7,875.0855967420827,661.4188870024032,O_left
251,7,871.6818372857242,662.3816599793191,O_left
252,7,868.204782866087,658.6684421043217,O_left
253,7,873.6354290565287,656.8302783656547,O_left
254,7,871.0976555034991,650.488770624278,O_left
255,7,876.0917482559954,656.5358423878973,O_left
256,7,875.259674973224,660.2761799083589,O_left
257,7,871.3119137531481,663.6921121798941,O_left
258,7,870.0590372541925,663.7938049207149,O_left
259,7,862.9047650654365,663.3144282804813,O_left
260,7,856.935777258965,664.1120080814632,O_left
261,7,835.7218800400482,650.4400384467361,O_left
262,7,831.8452945892602,657.7727488285622,O_left
