1,1,853.0273555576174,990.6283529621204,D_top
2,1,853.0273555576174,990.6283529621204,D_top
3,1,852.7788220686116,990.1899500257806,D_top
4,1,852.6604733659917,989.8987421053524,D_top
5,1,852.736279965237,988.764860055371,D_top
6,1,852.8812612280508,988.9811845543148,D_top
7,1,852.565494120455,988.1995539813552,D_top
8,1,852.244307350089,988.5602803671492,D_top
9,1,850.4812983837159,987.4135827083102,D_top
10,1,851.0957994973089,987.4818839037848,D_top
11,1,849.7714093280354,986.892493404778,D_top
12,1,849.9975869984579,987.3968595176372,D_top
13,1,847.8039033975422,986.1686901251514,D_top
14,1,844.9746596147543,983.4269628272652,D_top
15,1,839.6619656715517,979.364993936654,D_top
16,1,838.8930804923802,980.909830384972,D_top
17,1,839.870556325137,981.616497883717,D_top
18,1,840.8760946461744,983.7052172395036,D_top
19,1,841.1968809955146,984.1487346783316,D_top
20,1,841.5507509724187,983.174877107122,D_top
21,1,841.0502927006381,984.0143171307794,D_top
22,1,839.8522213235457,989.6004845157304,D_top
23,1,840.224878334833,1000.0264421923124,D_top
24,1,843.3540359279147,1005.5212697508668,D_top
25,1,842.0830243217881,1010.1194806320524,D_top
26,1,840.5677877298255,1011.693820253204,D_top
27,1,835.4185713176753,1016.752442321634,D_top
28,1,833.9258989647576,1018.0241310799192,D_top
29,1,832.2318275966397,1022.4570413467552,D_top
30,1,832.4919448080611,1022.7186861801584,D_top
31,1,829.6930655201442,1027.8504849504145,D_top
32,1,828.5342529384474,1031.1993326647937,D_top
33,1,820.5280396734003,1040.074176387183,D_top
34,1,823.8581129968541,1044.951909023857,D_top
35,1,822.9612063297451,1047.2683086554948,D_top
36,1,830.388390507391,1046.8539443613035,D_top
37,1,833.244728646952,1048.3795091283755,D_top
38,1,822.7117572444394,1055.8860829552248,D_top
39,1,816.8057384166405,1061.9177164203911,D_top
40,1,810.9818462779642,1063.3947100328646,D_top
41,1,810.0556977113874,1062.929266657858,D_top
42,1,802.497100165221,1056.0749744141867,D_top
43,1,804.3612957695317,1059.6515577306816,D_top
44,1,807.6192619996159,1063.0896766180902,D_top
45,1,801.0038374596749,1063.5233138602152,D_top
46,1,798.6073845918331,1068.5140438594387,D_top
47,1,789.7189223870611,1075.0469781508175,D_top
48,1,784.4468222445399,1074.001880432423,D_top
49,1,739.8309303836251,1059.4208421374751,D_top
50,1,731.420207114839,1055.0157503171265,D_top
51,1,739.2427311807046,1066.6671951319863,D_top
52,1,732.0796767312606,1066.465079476482,D_top
53,1,719.3380523356191,1056.9461221351107,D_top
54,1,703.2074591686426,1048.5451821698807,D_top
55,1,657.0872680051222,1018.7755899055428,D_top
56,1,674.5109316195771,1035.9447026844955,D_top
57,1,691.9345952340321,1053.1138154634484,D_top
58,1,709.3582588484871,1070.282928242401,D_top
59,1,681.3383737660893,1043.863991514546,D_top
60,1,683.308616367258,1040.1002757448557,D_top
61,1,681.8422899453911,1035.9569208366036,D_top
62,1,679.1421566616699,1034.220194195019,D_top
63,1,677.287285232419,1034.8057593820192,D_top
64,1,674.8327730009757,1036.2121373053767,D_top
65,1,671.2439404069464,1038.173169708146,D_top
66,1,677.9829187678375,1041.5949612825818,D_top
67,1,663.4747835894783,1023.9833251984982,D_top
68,1,656.0770864689902,1016.361410738354,D_top
69,1,661.7889024456824,1022.8795618827296,D_top
70,1,660.0891435862926,1026.3825851652168,D_top
71,1,678.7938979095748,1049.8735903772117,D_top
72,1,667.3537923267305,1049.7707472557977,D_top
73,1,653.9030159123166,1049.8502669093805,D_top
74,1,643.9668535248516,1049.4290439838237,D_top
75,1,622.2536546795558,1056.7313481722597,D_top
76,1,621.0823406663349,1065.393655816155,D_top
77,1,615.5813379456822,1074.7859747203834,D_top
78,1,611.4892342237878,1069.7522339829327,D_top
79,1,612.3351076074775,1070.9626884924885,D_top
80,1,609.7218672442815,1072.8798280478188,D_top
81,1,600.9066240897163,1079.3260989376772,D_top
82,1,596.2924490507216,1081.76655807252,D_top
83,1,583.0771455988004,1086.811127927009,D_top
84,1,584.0922490778922,1091.5823122833356,D_top
85,1,576.5907014050013,1092.6731370249836,D_top
86,1,577.325284545148,1093.5573827576104,D_top
87,1,574.5893659915317,1092.5550107069882,D_top
88,1,572.4058596103014,1092.4175912968792,D_top
89,1,502.0883521521071,1050.4617156249662,D_top
90,1,504.2223716194229,1051.0783827791306,D_top
91,1,525.9191982437882,1054.2535959165896,D_top
92,1,509.08241443945167,1046.120829611879,D_top
93,1,525.0781218559537,1053.7063152633204,D_top
94,1,534.7838072229911,1061.9090529246296,D_top
95,1,529.881584947635,1056.6213164928151,D_top
96,1,528.7952242408237,1052.9864343861084,D_top
97,1,529.6598770602303,1052.5012225087844,D_top
98,1,532.6743659068485,1050.7846012075158,D_top
99,1,541.796820741913,1037.412935378545,D_top
100,1,543.3733693214652,1033.5626023202242,D_top
101,1,510.6597947402591,983.0917367525076,D_top
102,1,504.3167160337328,971.354323948174,D_top
103,1,519.0703341785475,969.0236403480386,D_top
104,1,523.3591092845764,970.9281965403192,D_top
105,1,530.5483010393765,952.6301838225676,D_top
106,1,534.6152130793022,942.9221064811736,D_top
107,1,547.4382594402778,929.3870255007636,D_top
108,1,552.3129875140274,914.974420312036,D_top
109,1,562.7292339933133,889.8431855023384,D_top
110,1,567.8796943538042,882.5442316286387,D_top
111,1,574.6330505122521,867.6573218273659,D_top
112,1,564.0671703548727,837.7299923307752,D_top
113,1,602.8568147991815,849.8281367710329,D_top
114,1,603.8369154239731,841.4694724063794,D_top
115,1,618.5926614443067,825.022657585636,D_top
116,1,621.6421923017349,814.8521347448587,D_top
117,1,622.2075921223436,807.979299007222,D_top
118,1,621.1452802746747,805.5264630568748,D_top
119,1,618.5754096866625,802.3831033023214,D_top
120,1,612.0182802513526,799.8355507828513,D_top
121,1,605.1092877240402,803.4664090629523,D_top
122,1,608.4992633353467,813.4764344435789,D_top
123,1,603.4228519096398,820.5585585236084,D_top
124,1,602.7898380453623,819.8691265433727,D_top
125,1,586.2423571589894,831.8618869708756,D_top
126,1,583.981603319212,844.8448826651896,D_top
127,1,572.019548644899,847.8846853610715,D_top
128,1,567.6952462832821,847.8150843813163,D_top
129,1,546.4324188147009,848.5314053138426,D_top
130,1,562.3913798659868,869.8061650691646,D_top
131,1,566.3100332883383,894.135497125176,D_top
132,1,562.345625296751,890.145660440163,D_top
133,1,563.0462444823265,894.1895921161633,D_top
134,1,562.8924899168223,894.5674434837738,D_top
135,1,561.6411406272924,893.330642961224,D_top
136,1,558.9900069636489,892.3662156186772,D_top
137,1,556.6906936663819,890.0723608385174,D_top
138,1,559.8415517380232,886.764693458172,D_top
139,1,560.246644916837,882.952482445179,D_top
140,1,560.0325084059816,887.3450710352461,D_top
141,1,559.2469613446591,895.697838389015,D_top
142,1,559.5965622859624,892.9711302256321,D_top
143,1,558.3711812504904,891.6125742268111,D_top
144,1,558.6324431027239,890.4654666458551,D_top
145,1,558.3135844801803,893.7534732769034,D_top
146,1,548.1929437142012,892.8132372307524,D_top
147,1,547.0224259767832,891.7831569974508,D_top
148,1,552.9122759718921,897.9063070490012,D_top
149,1,537.5042959960516,911.0134448157664,D_top
150,1,542.8641757032973,920.4134014268446,D_top
151,1,531.1557728203181,918.310104893086,D_top
152,1,522.8634889607466,918.2421574616556,D_top
153,1,496.880200525544,912.2791582299824,D_top
154,1,523.2051873389322,935.5936588411644,D_top
155,1,547.6259450309519,969.5180308748552,D_top
156,1,530.4024817814252,974.594512407716,D_top
157,1,519.1410408373987,978.6324303123672,D_top
158,1,520.1972627988372,982.302627737502,D_top
159,1,512.9574928901507,979.1995317154258,D_top
160,1,519.5760139391358,982.6834230520788,D_top
161,1,523.9138852060636,988.4322252600866,D_top
162,1,520.0960083593883,989.098369821809,D_top
163,1,547.2027744161815,1004.8916670381076,D_top
164,1,562.3750237014453,1014.8025758972811,D_top
165,1,566.0369891832912,1007.4984887262312,D_top
166,1,562.2222287575746,1007.7483761724794,D_top
167,1,563.1874234453347,1007.2771844027268,D_top
168,1,567.2297973172277,1006.5771402056308,D_top
169,1,560.712472627346,998.2852516812226,D_top
170,1,534.822799245429,948.32506558123,D_top
171,1,531.3037974025559,948.9450096419476,D_top
172,1,536.5519468739384,941.4179065818636,D_top
173,1,536.7322199051523,933.0368534445648,D_top
174,1,536.1367888814459,928.2587570361192,D_top
175,1,537.513294878072,917.1400981112704,D_top
176,1,529.752402335676,906.4256417136622,D_top
177,1,478.3878356666012,858.8910253165243,D_top
178,1,474.5402500342387,834.6652832143426,D_top
179,1,486.058836801357,839.7643946940514,D_top
180,1,489.1058921800749,837.9155716825517,D_top
181,1,490.7128513034107,830.2883268823974,D_top
182,1,487.4764356233607,823.975795448127,D_top
183,1,485.5175291346212,817.2297298634141,D_top
184,1,475.8848582022988,809.5616945861993,D_top
185,1,443.0700450439724,792.7283492849003,D_top
186,1,428.8734357409183,784.6308421795358,D_top
187,1,379.7405369605631,748.739981251868,D_top
188,1,375.0847032937883,744.846219018037,D_top
189,1,366.9088010590996,731.0594724107887,D_top
190,1,368.702326577173,726.879223156524,D_top
191,1,366.3889216574988,725.0831411263431,D_top
192,1,367.7812202097769,717.8820637201013,D_top
193,1,369.3621355031316,715.7188028344285,D_top
194,1,364.7751054328196,708.2894857788391,D_top
195,1,315.07216836434225,659.9448187323248,D_top
196,1,325.2573051757984,660.4733638065861,D_top
197,1,314.83610729183977,646.4734352175827,D_top
198,1,303.8394142320608,632.474853937573,D_top
199,1,312.9444674007975,635.017306536854,D_top
200,1,315.2430876403369,633.811476396581,D_top
201,1,323.94761100000494,621.042431447477,D_top
202,1,325.8342025337316,620.8453283101645,D_top
203,1,320.48825081307024,618.9755758868365,D_top
204,1,323.0002008540378,619.6578022118032,D_top
205,1,320.3151557573724,616.7241282633494,D_top
206,1,321.25880821525215,623.6630505018242,D_top
207,1,323.14034205892506,617.0342316266385,D_top
208,1,326.89188852099574,621.9974861423691,D_top
209,1,340.70653780771846,618.7257098762786,D_top
210,1,347.0014093576435,622.9918465832103,D_top
211,1,349.1381393889357,624.2975696056109,D_top
212,1,347.8937667087785,622.886732204854,D_top
213,1,349.8362584269386,619.5063215722516,D_top
214,1,343.38477315051387,617.3327326233974,D_top
215,1,342.21105634221334,615.7273627351373,D_top
216,1,345.28791351798293,613.681078827263,D_top
217,1,344.9504055388968,613.2322006964806,D_top
218,1,343.0786806619256,611.2831657889358,D_top
219,1,342.5668834347624,611.9009343479231,D_top
220,1,343.81946188935405,612.3415347398926,D_top
221,1,339.62507633108874,608.5719377039741,D_top
222,1,341.9131856297404,608.2105685021756,D_top
223,1,336.7530549552633,599.9253480079628,D_top
224,1,336.09551847722463,597.1339715264271,D_top
225,1,320.9410155490591,581.258270930993,D_top
226,1,321.4602859768788,581.516576302288,D_top
227,1,311.046418683776,568.8162321838264,D_top
228,1,306.5523915713886,561.7950058239416,D_top
229,1,307.54129371113214,554.2359944102067,D_top
230,1,308.1280245426132,550.1820749510067,D_top
231,1,310.907527024028,547.1158285401839,D_top
232,1,307.18576529069315,540.1366961476696,D_top
233,1,313.4895862023214,518.6999342465658,D_top
234,1,317.3767891717357,518.3165186392935,D_top
235,1,316.2161733107926,506.8805643954391,D_top
236,1,312.67809562011564,503.9285960621087,D_top
237,1,311.2905596513355,507.6918705804581,D_top
238,1,310.13546809691496,508.9914387974409,D_top
239,1,325.19822921051724,527.7203560701627,D_top
240,1,327.5839655582721,532.0840930703558,D_top
241,1,317.8889421437436,531.4115283895159,D_top
242,1,310.93493222255705,544.0958304665273,D_top
243,1,298.7014963924189,557.2699439240686,D_top
244,1,297.76906923558994,568.3962385003088,D_top
245,1,280.7244739249116,568.076168672,D_top
246,1,283.62196900143084,573.781777355814,D_top
247,1,293.45220666201294,597.9138053502102,D_top
248,1,300.1326146601924,604.0100138063738,D_top
249,1,280.06256978697144,599.4409334304714,D_top
250,1,267.44951310138794,594.3013380234498,D_top
251,1,274.8242495633165,613.5327076059606,D_top
252,1,266.1510776799376,605.4404083181848,D_top
253,1,259.237606684488,602.6990381556623,D_top
254,1,256.40220717577967,601.4100308684402,D_top
255,1,266.9249002098612,615.6886017704235,D_top
256,1,275.8509365733046,626.6891243870366,D_top
257,1,263.3885796396728,621.6727807261467,D_top
258,1,261.38798208284896,621.7191014432406,D_top
259,1,259.1988586657061,621.9566072276813,D_top
260,1,260.408482822622,625.5903914044944,D_top
261,1,260.91358175531434,622.8584061468435,D_top
262,1,262.6140729524865,622.144894665285,D_top
263,1,264.08295824480723,624.8103712713807,D_top
264,1,264.51232155469864,627.1107252004373,D_top
265,1,261.9815569472264,627.5422020373518,D_top
266,1,261.6524899521998,628.8356826411263,D_top
267,1,261.4256780251795,637.5071206719554,D_top
268,1,264.3803284335231,641.2877806807772,D_top
269,1,265.20025666198023,643.6546590881069,D_top
270,1,264.4728219413102,642.8669133380442,D_top
271,1,266.9250993259544,647.7466583017471,D_top
272,1,267.8680214155901,649.0817829221118,D_top
273,1,264.6363750992488,652.6020240184099,D_top
274,1,264.9302685892822,655.3502765231469,D_top
275,1,263.29854539640195,671.2841138502979,D_top
276,1,257.95640015585906,675.9112185403362,D_top
277,1,274.8698565413291,695.0561465553388,D_top
278,1,276.127545835336,698.1008525573612,D_top
1,2,983.6589657508912,1019.5125611258176,O_top
2,2,983.6589657508912,1019.5125611258176,O_top
3,2,983.5326205525904,1019.874412356705,O_top
4,2,984.196166001184,1020.2455077443208,O_top
5,2,983.360608375476,1021.1704845050106,O_top
6,2,982.9391069106948,1021.51005653882,O_top
7,2,982.4557089841112,1023.38274892657,O_top
8,2,982.779605112062,1024.8975385800666,O_top
9,2,990.3906483966466,1032.1896304847608,O_top
10,2,990.6052271592156,1036.660441867997,O_top
11,2,998.0807441522774,1041.9296329203148,O_top
12,2,999.6861815696136,1045.9841997581625,O_top
13,2,1006.8525572405636,1054.1942327142267,O_top
14,2,1009.1756652921074,1057.957010796329,O_top
15,2,1008.046785054082,1071.3777333563492,O_top
16,2,1011.8356600410513,1067.3552930017804,O_top
17,2,1006.5824886892336,1073.4143794792965,O_top
18,2,1006.0727889258906,1074.1479881823043,O_top
19,2,1002.6024081754962,1075.6718204607698,O_top
20,2,1001.03135863076,1076.0469109456806,O_top
21,2,993.9133559007016,1075.209738679798,O_top
22,2,995.6491147167044,1078.0160955318488,O_top
23,2,994.5504193013868,1078.2761832484962,O_top
24,2,1001.888102974372,1073.9854046770324,O_top
25,2,994.7933778103094,1092.5990263262286,O_top
26,2,995.6071473286368,1094.895415148862,O_top
27,2,992.4611180523112,1097.3680488324896,O_top
28,2,992.2890232031572,1098.755544938312,O_top
29,2,989.0314954905851,1106.0253869629685,O_top
30,2,988.5433320401291,1106.9377587761978,O_top
31,2,986.0200757150864,1110.988812946594,O_top
32,2,977.7155579662348,1125.177443848415,O_top
33,2,973.398670358129,1130.471549802912,O_top
34,2,971.1468927351544,1130.5867552964187,O_top
35,2,969.9558493987444,1133.8627199458324,O_top
36,2,970.4637784882416,1136.7575469630583,O_top
37,2,966.0727964171592,1138.8797453582622,O_top
38,2,963.6914369000108,1140.3748305916588,O_top
39,2,926.7196409919136,1131.619899311812,O_top
40,2,923.9332647268642,1135.2388795217082,O_top
41,2,923.8856745138633,1139.2561423401664,O_top
42,2,916.0129207371012,1141.250673114202,O_top
43,2,903.6251699809848,1152.6683850673933,O_top
44,2,901.5214797078168,1153.9051158995626,O_top
45,2,898.7612796803627,1152.115146468825,O_top
46,2,894.8990846805378,1156.3068765775326,O_top
47,2,885.5685712801338,1157.0131823844183,O_top
48,2,884.2935310735777,1155.1388776949118,O_top
49,2,881.5027197832495,1146.811910301607,O_top
50,2,880.394843947253,1148.3225594783771,O_top
51,2,882.1054073164088,1150.6137807462626,O_top
52,2,880.0768141699954,1152.2500645521154,O_top
53,2,875.341904864042,1149.1589605421784,O_top
54,2,825.2200397937028,1107.8831822729835,O_top
55,2,827.0059616648165,1109.4154306915252,O_top
56,2,837.5677297838083,1119.090733695548,O_top
57,2,814.4370265519129,1098.3298585117686,O_top
58,2,811.977164487842,1098.4982296829328,O_top
59,2,802.1340311301874,1087.6160903853809,O_top
60,2,805.4667501975438,1090.4702139408791,O_top
61,2,785.35129176475,1078.9027633430517,O_top
62,2,783.2598290627219,1080.0045932505218,O_top
63,2,789.6190154704896,1084.6918777592473,O_top
64,2,788.8991680800644,1084.4240469503636,O_top
65,2,785.3678513005525,1083.6926709366169,O_top
66,2,771.506122137151,1076.9685269814054,O_top
67,2,761.5650076605377,1088.2946019728383,O_top
68,2,742.6025455614799,1085.4355056693669,O_top
69,2,721.6973617888278,1102.9878530374422,O_top
70,2,739.1787599829306,1118.7583383211463,O_top
71,2,726.26030766738,1128.9277185576773,O_top
72,2,720.8703267840255,1135.4274904589186,O_top
73,2,706.4119878217483,1146.1642106921504,O_top
74,2,687.9680896621951,1145.2679400749023,O_top
75,2,677.3482875497932,1147.00639408183,O_top
76,2,722.5499898688311,1199.714227510231,O_top
77,2,715.6283765257721,1206.331825978684,O_top
78,2,714.9252403911727,1211.9376745513457,O_top
79,2,715.6064563636971,1212.4697328493344,O_top
80,2,714.3993041061087,1213.949597175677,O_top
81,2,718.3375443549655,1219.4733297189655,O_top
82,2,716.0796249869951,1223.758065510576,O_top
83,2,717.9630182059275,1244.2911425137063,O_top
84,2,717.9067890862541,1248.9724807550992,O_top
85,2,717.8714154925405,1252.699320281224,O_top
86,2,721.0892008085374,1254.2074760503683,O_top
87,2,740.9545615759703,1261.5284902664966,O_top
88,2,742.6568138739456,1259.0875392513203,O_top
89,2,748.1565577340523,1252.3317559478132,O_top
90,2,752.6758710799446,1248.631046459219,O_top
91,2,764.2394238959978,1231.3757863948515,O_top
92,2,768.2536352197133,1224.3146405487723,O_top
93,2,775.72477418585,1214.6547718226589,O_top
94,2,783.9528797573118,1201.9948601499868,O_top
95,2,779.6399452716955,1180.6785876291412,O_top
96,2,784.8578798306643,1173.2572774467662,O_top
97,2,802.2708318073285,1152.4827840608002,O_top
98,2,806.1562375891867,1149.7214502523082,O_top
99,2,806.7867927929224,1138.441922731529,O_top
100,2,808.4874698788975,1130.1801547199022,O_top
101,2,807.6622784833255,1106.912447797353,O_top
102,2,803.3947942109021,1095.135423313171,O_top
103,2,816.7355756484988,1075.5482298429542,O_top
104,2,826.1259179770461,1054.7266978235175,O_top
105,2,831.4989733202475,1038.294852454496,O_top
106,2,824.647350910306,1022.8081445217464,O_top
107,2,811.6230515708244,992.7496859545562,O_top
108,2,808.1392257019744,981.341788331662,O_top
109,2,805.0091199452016,943.5856570047667,O_top
110,2,812.123185055227,941.8755832987036,O_top
111,2,815.5545962218339,923.4468062319064,O_top
112,2,822.077502841164,914.3347237559128,O_top
113,2,828.6828753998418,903.7686027916568,O_top
114,2,826.1451193199616,901.0459810763292,O_top
115,2,830.0673797437119,897.473061935518,O_top
116,2,829.6703096812331,898.489169119889,O_top
117,2,823.6012227120502,898.8105197248072,O_top
118,2,821.154936761016,901.2827271034156,O_top
119,2,836.1502628288464,924.3618881455604,O_top
120,2,844.8456389747505,934.6275993228224,O_top
121,2,845.6490676770226,937.2812192738006,O_top
122,2,843.7965778332774,939.3479913273592,O_top
123,2,842.4413005974997,939.3627064773434,O_top
124,2,841.271147213529,935.4966117008476,O_top
125,2,828.4652419184152,922.6199692492296,O_top
126,2,828.8365674181218,924.0801503130436,O_top
127,2,833.0523756942757,929.7570668309064,O_top
128,2,835.0939581048312,931.8995685134528,O_top
129,2,831.0297402113935,930.9964275756912,O_top
130,2,831.3162343537759,932.7817235379692,O_top
131,2,828.0572304493145,942.8485909776552,O_top
132,2,823.7428100115352,947.1255646734244,O_top
133,2,817.8259700075296,943.6675442734656,O_top
134,2,816.2975231452584,942.989746863594,O_top
135,2,800.0139523335084,928.5280787003404,O_top
136,2,796.7172421826328,926.1082129227444,O_top
137,2,778.1962587783763,909.7283434701772,O_top
138,2,771.6880553326193,907.8056416789456,O_top
139,2,765.0140696125878,908.0761216097552,O_top
140,2,767.4369381322115,906.3675326572812,O_top
141,2,764.7027334656492,904.5735768768994,O_top
142,2,747.8493161571384,894.3754988156329,O_top
143,2,738.0789708468545,900.4675080614039,O_top
144,2,737.8971210873119,909.4016648862312,O_top
145,2,729.1611836575389,916.5806831416108,O_top
146,2,726.509151768211,925.7350834878214,O_top
147,2,710.0450841838743,943.362492314291,O_top
148,2,697.6138003103257,963.9978415473782,O_top
149,2,694.3569476576074,989.0366619097,O_top
150,2,677.5695876780213,985.5351384212448,O_top
151,2,664.0245803954216,993.1005548967544,O_top
152,2,673.4905181536866,1012.834654522495,O_top
153,2,669.5434305627417,1033.7415238116748,O_top
154,2,671.4692558530127,1036.814271793624,O_top
155,2,675.510080953741,1051.199744171891,O_top
156,2,671.552965180922,1049.318675253669,O_top
157,2,646.9732651101741,1037.832667906264,O_top
158,2,645.7542253319502,1042.68933261707,O_top
159,2,643.1750771726054,1050.98809119773,O_top
160,2,642.518054233069,1052.010190168992,O_top
161,2,643.600603450772,1056.0230148063583,O_top
162,2,640.5195894109739,1053.999489358856,O_top
163,2,641.388618206994,1054.54934818595,O_top
164,2,640.5480208672285,1052.3509807907044,O_top
165,2,653.2169362241596,1039.6690901628308,O_top
166,2,644.550499001224,1015.6587965489542,O_top
167,2,656.2419139864173,995.6414627596522,O_top
168,2,659.3690819317941,992.6003497991018,O_top
169,2,665.4260993784974,983.8631532755116,O_top
170,2,662.958273768409,978.740974230344,O_top
171,2,620.7735167984897,928.9300855474067,O_top
172,2,621.126123645229,920.0452065204672,O_top
173,2,624.8604364033743,912.2042023659976,O_top
174,2,624.4171306204071,905.6722894203584,O_top
175,2,603.274041218646,889.6993824824771,O_top
176,2,577.8710194963604,859.5339616557827,O_top
177,2,557.3689551695535,838.5421897774528,O_top
178,2,560.2383243460736,833.794561356257,O_top
179,2,562.1045659316216,828.637877054091,O_top
180,2,560.3648250262052,825.6382049928815,O_top
181,2,555.2657876781399,818.1641095465341,O_top
182,2,522.873547642573,779.7942165494718,O_top
183,2,478.4974799465978,741.9338222941154,O_top
184,2,478.4150122381096,740.241695439219,O_top
185,2,477.335819278094,728.5814620161069,O_top
186,2,448.6770348429135,702.727714449957,O_top
187,2,431.98058233148464,684.5425749623596,O_top
188,2,432.968489549546,683.5691442751393,O_top
189,2,429.7693387413817,676.9585761149266,O_top
190,2,423.4016616680876,669.2726940959822,O_top
191,2,413.0009360811676,655.5175340102677,O_top
192,2,408.2320649727647,648.4733230672064,O_top
193,2,404.8019612754368,635.7341077628074,O_top
194,2,399.62387417568857,627.4553010948001,O_top
195,2,386.5798796166246,621.5736004457475,O_top
196,2,393.2755801552431,619.5505428465133,O_top
197,2,393.4509103113973,615.0834809855334,O_top
198,2,390.9014959283152,612.6390235933958,O_top
199,2,390.399403599671,617.0351787037804,O_top
200,2,387.7445064976645,616.1416564288571,O_top
201,2,377.76821568023456,607.6719732696752,O_top
202,2,374.0340028628472,604.6720183547396,O_top
203,2,362.23734711210415,589.4564181728357,O_top
204,2,361.2709115573092,587.0009418161668,O_top
205,2,353.8711407129043,575.6021165780961,O_top
206,2,359.64892418443065,576.0683183518115,O_top
207,2,357.9160352597761,575.8100179254009,O_top
208,2,357.7921632562981,581.1868706802674,O_top
209,2,357.9044020959769,574.607290495458,O_top
210,2,356.1338543883399,573.1047878764598,O_top
211,2,359.2341356976326,573.2371229786417,O_top
212,2,354.9967337517555,566.2750905638227,O_top
213,2,353.57653628320014,560.4233656958919,O_top
214,2,348.22873638400284,554.0116469429004,O_top
215,2,329.45949522660203,533.7503316056673,O_top
216,2,323.48360414211186,519.3724576581159,O_top
217,2,316.152832752354,501.8128016102553,O_top
218,2,314.6694713842964,497.3580166351999,O_top
219,2,300.60417193898263,475.48789500066806,O_top
220,2,297.4235845081801,477.1151211002243,O_top
221,2,315.0775213854347,482.38637354439146,O_top
222,2,314.2528039491299,476.34322224731415,O_top
223,2,314.1677428027988,470.784031249792,O_top
224,2,301.0289040256629,445.0914960241265,O_top
225,2,306.5329662438824,399.18068788039153,O_top
226,2,311.9492704143395,394.28295124915263,O_top
227,2,339.27726065917534,396.31235547070906,O_top
228,2,345.82637836606256,398.4730440463258,O_top
229,2,374.7804238271725,414.382718835723,O_top
230,2,385.1793571887975,415.31787389379,O_top
231,2,394.3545199006143,395.9656134593384,O_top
232,2,399.7538593652558,394.933460752074,O_top
233,2,406.1855048426236,383.44404575107785,O_top
234,2,409.94698231136806,380.0022153787813,O_top
235,2,384.13207901925256,321.39884510647295,O_top
236,2,372.8820354749008,294.0973801866718,O_top
237,2,430.6685051601872,344.2379100017664,O_top
238,2,428.4320930357992,338.57914225613774,O_top
239,2,441.78495155929465,331.7247369727568,O_top
240,2,446.8147633991949,328.40832572227816,O_top
241,2,451.4357378341581,315.4223181060577,O_top
242,2,449.2872230929279,305.2145777010355,O_top
243,2,460.80097678600487,295.43783727583224,O_top
244,2,461.3429036187932,294.5863518860318,O_top
245,2,464.6175834419484,273.97374152331827,O_top
246,2,468.368672468292,282.04579516308746,O_top
247,2,477.611042439754,260.6754411086823,O_top
248,2,483.558398925815,262.097364974902,O_top
249,2,490.029570789092,261.28129087869206,O_top
250,2,491.300156007656,260.96364258071054,O_top
251,2,490.36132202390286,254.66452795459955,O_top
252,2,487.4955202817068,253.35038803030457,O_top
253,2,477.66646329077577,246.6943793421158,O_top
254,2,478.9316055401802,247.0826919044025,O_top
255,2,473.60789714505256,242.97482864300224,O_top
256,2,475.3047840381915,247.22778201126116,O_top
257,2,467.852361438546,261.1490613033273,O_top
258,2,462.2145169733851,258.3268011474695,O_top
259,2,458.0387521193516,262.2232957871437,O_top
260,2,457.2192453746443,270.9629623803624,O_top
261,2,439.4308677096034,273.6933970721603,O_top
262,2,424.3853295843261,264.850304855183,O_top
263,2,408.48162667242985,280.5635142076296,O_top
264,2,407.4906728546409,285.3014502217945,O_top
265,2,406.51828206768425,292.63181061445795,O_top
266,2,400.24878717403374,295.5012233511828,O_top
267,2,400.8579098980248,312.90810021167977,O_top
268,2,400.691040797736,317.01357822741073,O_top
269,2,387.924919212198,319.4390151468062,O_top
270,2,384.5061450325337,322.3708769922166,O_top
271,2,379.955294847452,345.696218785585,O_top
272,2,378.65877872036407,356.56424954237247,O_top
273,2,375.6581475210105,367.0030723393639,O_top
274,2,376.2099673129296,375.8103091122947,O_top
275,2,367.7102746650911,374.6769021214091,O_top
276,2,361.0772765222122,375.2857615335072,O_top
277,2,348.85518595905853,385.8231120782062,O_top
278,2,346.2605248545897,390.8075166576675,O_top
1,3,595.6730293534355,450.63192769181074,D_left
2,3,595.6730293534355,450.63192769181074,D_left
3,3,595.4476398960737,454.6153364909488,D_left
4,3,592.9887976502071,453.1851183838526,D_left
5,3,590.7000144153787,457.972226249638,D_left
6,3,589.7481883005736,457.5315432493538,D_left
7,3,589.2328107218194,457.4760639420635,D_left
8,3,589.8439681529528,458.4874384094944,D_left
9,3,593.2508416084664,461.41179958697495,D_left
10,3,593.6288669999338,461.8190518223495,D_left
11,3,593.8144699950295,462.049485729017,D_left
12,3,594.4188222416009,462.4024332474208,D_left
13,3,594.2269256455203,462.6633821238584,D_left
14,3,594.2737577714634,462.6735664721922,D_left
15,3,594.3603036395634,463.8207838107596,D_left
16,3,594.6013206981862,463.6899022049965,D_left
17,3,593.9080816417148,463.2548957069984,D_left
18,3,594.025625376698,463.4624791384135,D_left
19,3,592.2983135789821,462.1499106600545,D_left
20,3,592.311732260854,463.44794475158335,D_left
21,3,591.7921952688228,462.89780541311393,D_left
22,3,591.0665253312661,462.46293098786384,D_left
23,3,590.4410698004607,464.6131199005927,D_left
24,3,590.5947538963376,467.2446620822212,D_left
25,3,587.0029763648295,464.6861855337959,D_left
26,3,587.2955372338795,465.3751174130948,D_left
27,3,589.8414487834076,469.6388719186175,D_left
28,3,590.4322751612946,471.57916002605566,D_left
29,3,586.3632551712768,474.2652967214525,D_left
30,3,586.2396121707206,480.0203325959168,D_left
31,3,579.4928749774322,477.9971617289336,D_left
32,3,590.2031685637378,494.27077988648335,D_left
33,3,591.9087889126275,505.1841534345687,D_left
34,3,598.620004578234,518.167857896008,D_left
35,3,573.4947153912068,497.0699414294608,D_left
36,3,567.805193258247,492.57701897836296,D_left
37,3,562.7459935166033,491.04382582971385,D_left
38,3,562.9130904756497,492.3604967623262,D_left
39,3,561.4469919321808,496.9184363516345,D_left
40,3,559.6728802917452,495.8001319576196,D_left
41,3,565.0436309164517,508.0413811809283,D_left
42,3,561.1191493010845,509.7925129263788,D_left
43,3,561.0890828760498,516.2802705737361,D_left
44,3,559.546348194736,518.1119843556512,D_left
45,3,551.6857216335106,517.3727222712461,D_left
46,3,551.9236791769212,519.5606407986297,D_left
47,3,552.4304675144211,524.1509684558456,D_left
48,3,550.8366662929723,523.9604220281045,D_left
49,3,534.6188447784276,513.3507623896234,D_left
50,3,533.909374378642,515.6454775601825,D_left
51,3,536.1934006703663,522.7049583696106,D_left
52,3,523.7244145876775,516.8775164325532,D_left
53,3,517.7100212905453,525.4222116620327,D_left
54,3,520.9886430570809,532.9422092671809,D_left
55,3,512.2682770339302,533.8428674848187,D_left
56,3,508.4102963452039,536.2169120711278,D_left
57,3,509.7813594808708,542.3895121322071,D_left
58,3,509.6481074400616,541.9495123227456,D_left
59,3,505.5788416257408,540.0062426783031,D_left
60,3,505.9504270329382,541.2544788089654,D_left
61,3,506.8216479201346,542.1354257647205,D_left
62,3,507.28453995601217,543.3673082607767,D_left
63,3,508.1533235071964,543.6217613692226,D_left
64,3,507.7845702124209,543.6714270619318,D_left
65,3,505.956105548266,540.0182339804755,D_left
66,3,505.5382705716543,538.395776839727,D_left
67,3,507.46906164702926,538.1590884294957,D_left
68,3,508.3772811632177,537.8196419284453,D_left
69,3,508.9534624429145,531.7842206199527,D_left
70,3,510.6792045566912,532.3463830659203,D_left
71,3,511.6555450856706,528.0296164786312,D_left
72,3,511.7558777647648,520.531562803007,D_left
73,3,510.7659008209818,515.8821099348904,D_left
74,3,511.54446263840543,511.8892875581266,D_left
75,3,501.5765414492256,500.7109214465424,D_left
76,3,506.6380575202828,504.326237477634,D_left
77,3,507.7271146829332,493.6223989730578,D_left
78,3,511.3757498470871,493.7696173166333,D_left
79,3,501.9968915220732,486.3361760662357,D_left
80,3,503.8700929383772,486.6284025865507,D_left
81,3,509.7710640832218,485.7382836058436,D_left
82,3,522.1575821408096,495.40520918673656,D_left
83,3,546.6968220686481,516.5482919643632,D_left
84,3,522.983484134411,491.5986615525657,D_left
85,3,509.1019838986147,477.6081525119855,D_left
86,3,522.777152382072,489.9850512851068,D_left
87,3,519.7937466095764,488.80935241594864,D_left
88,3,520.0705394302919,491.8647677728396,D_left
89,3,516.25638806049,488.1517308632062,D_left
90,3,520.5830686768849,491.425005251702,D_left
91,3,516.4484067627118,492.6746517907802,D_left
92,3,518.2100163192105,500.1320986086049,D_left
93,3,498.95196400269634,485.7093639804958,D_left
94,3,455.53879044635113,451.00965235630207,D_left
95,3,340.67497967555545,337.0322807852401,D_left
96,3,439.2135319280736,443.8455107922435,D_left
97,3,423.5262768691428,437.7805886251011,D_left
98,3,319.09497588134326,335.399947426432,D_left
99,3,242.11116998913087,273.9748423709055,D_left
100,3,255.44310390048167,280.0091592607655,D_left
101,3,455.5079730115202,493.63326114376895,D_left
102,3,422.45680212379136,466.4019551190235,D_left
103,3,417.436699800628,461.6284177967304,D_left
104,3,418.1389182505063,463.595242590028,D_left
105,3,424.1984139063422,463.84499963742974,D_left
106,3,423.1137306918246,458.4853462589115,D_left
107,3,427.412570175857,453.98575851455024,D_left
108,3,428.3661629412566,455.5399678149303,D_left
109,3,413.9464924840304,458.61212303141633,D_left
110,3,415.6445294026182,459.3267796454417,D_left
111,3,409.2573741708973,447.5615626872371,D_left
112,3,411.6208592097138,446.7477436609095,D_left
113,3,448.727904426345,475.8709908068036,D_left
114,3,464.0352825819047,482.8493909048767,D_left
115,3,479.3666941151477,486.6456688984733,D_left
116,3,480.98059153286425,484.4735469621891,D_left
117,3,492.7571463482752,484.0723173942917,D_left
118,3,491.4469782786545,480.754086844785,D_left
119,3,509.0733829904965,509.5218539711147,D_left
120,3,509.08927702510914,510.1422616285457,D_left
121,3,505.047513324876,511.2991489742925,D_left
122,3,475.9097676831879,487.9694494338234,D_left
123,3,480.1129878226087,503.4585596262368,D_left
124,3,510.2686719133081,533.2051924800517,D_left
125,3,517.5583500396918,555.4591484234935,D_left
126,3,562.5659190533466,614.2519067533892,D_left
127,3,486.4318060531512,570.0051527001493,D_left
128,3,482.3083809944055,567.6033937756732,D_left
129,3,-38.09347388217285,26.84144292597317,D_left
130,3,31.090806546023053,124.98391893980104,D_left
131,3,100.27508697421896,223.1263949536289,D_left
132,3,169.45936740241487,321.2688709674568,D_left
133,3,238.6436478306108,419.4113469812846,D_left
134,3,307.82792825880665,517.5538229951125,D_left
135,3,377.01220868700256,615.6962990089404,D_left
136,3,446.19648911519846,713.8387750227682,D_left
137,3,441.6921234778456,749.3117562290311,D_left
138,3,431.9450338469677,757.0331961699455,D_left
139,3,405.9935273107873,768.3816111672933,D_left
140,3,380.04202077460695,779.7300261646411,D_left
141,3,354.0905142384266,791.0784411619888,D_left
142,3,304.944723718632,768.3692541778029,D_left
143,3,241.6586813572554,746.7371330208749,D_left
144,3,305.9869525780798,802.4321422119792,D_left
145,3,206.9169520944287,756.9004381379626,D_left
146,3,219.80125572648063,783.6126607816586,D_left
147,3,232.68555935853263,810.3248834253546,D_left
148,3,245.56986299058465,837.0371060690507,D_left
149,3,258.4541666226366,863.7493287127467,D_left
150,3,260.8582559499236,870.0726812824743,D_left
151,3,260.8537086650876,892.2740708752242,D_left
152,3,252.9962059760179,890.1632115975382,D_left
153,3,238.1446425772439,885.1625527659496,D_left
154,3,233.92495586686164,883.9639595357672,D_left
155,3,235.190848796088,891.5015803319629,D_left
156,3,236.43584756392545,893.5382588752412,D_left
157,3,236.8499830559795,909.5524058225516,D_left
158,3,236.4501137934323,911.0947283277886,D_left
159,3,246.8536774816256,928.6549186318535,D_left
160,3,253.9322822189035,935.6999370985744,D_left
161,3,256.85897425480084,940.5592478078518,D_left
162,3,257.31154973481983,942.7430351753366,D_left
163,3,254.32272771068773,947.0630114394816,D_left
164,3,251.70671866770496,946.3152706760326,D_left
165,3,250.80134945858717,950.336075133978,D_left
166,3,251.44112152786985,950.6288303311924,D_left
167,3,251.1145087344747,953.5683684699732,D_left
168,3,253.1517396486103,954.553172527518,D_left
169,3,269.4755147400611,965.8637955967262,D_left
170,3,270.01225340022927,966.394776902733,D_left
171,3,272.1466154824581,967.8104797714446,D_left
172,3,272.20892838072666,967.3306102704722,D_left
173,3,271.86948726444507,966.7974967145416,D_left
174,3,272.49253450342906,968.3967208707612,D_left
175,3,271.68327398070187,969.3589087414229,D_left
176,3,278.32559231811564,972.4266798728262,D_left
177,3,280.5140582690419,973.0620313344248,D_left
178,3,278.31003708562366,972.1579115684004,D_left
179,3,273.65776603137846,967.4604821305036,D_left
180,3,274.8428054200475,967.9353257407366,D_left
181,3,278.2128275548169,967.742214578494,D_left
182,3,269.1990793592988,955.1969365636674,D_left
183,3,262.4479954026391,944.1595960858212,D_left
184,3,263.0560450606956,942.2886372787942,D_left
185,3,254.9998510247448,927.6913134427432,D_left
186,3,273.4966880946209,936.1410865882252,D_left
187,3,276.99098192281394,937.024116283796,D_left
188,3,276.314473877874,936.1035978338044,D_left
189,3,277.7126626813379,935.5312527219072,D_left
190,3,276.2382381422806,934.5033478879018,D_left
191,3,293.2211184953249,943.011375562998,D_left
192,3,295.39183743919693,943.5888219256684,D_left
193,3,301.80606154330826,945.1231484496076,D_left
194,3,300.8694366520493,945.0490066923144,D_left
195,3,303.6952303575044,947.3479034775246,D_left
196,3,302.15318445090026,946.6891292122308,D_left
197,3,305.34203912382753,949.4959699976166,D_left
198,3,304.30542236466454,950.2385184509792,D_left
199,3,304.53619099470245,953.4781190291482,D_left
200,3,301.2126974557,953.3915000654498,D_left
201,3,298.89410242981404,954.0677208654616,D_left
202,3,294.2661264184133,952.9659422067882,D_left
203,3,302.822239589354,961.5471077645174,D_left
204,3,309.4911649407396,966.015442642574,D_left
205,3,325.4015579516129,985.0643163890234,D_left
206,3,325.0570360391894,987.1256588891218,D_left
207,3,333.06037303556406,997.686684744304,D_left
208,3,332.67437552254484,1000.0158013200968,D_left
209,3,332.8595145188895,1001.1576801373116,D_left
210,3,332.2748683662051,1001.4373691190508,D_left
211,3,331.3367732366398,1002.9655976381506,D_left
212,3,327.23469872165714,1005.6324265194216,D_left
213,3,327.0491809474866,1013.1497774278736,D_left
214,3,326.6750725577984,1013.7678142080296,D_left
215,3,325.65719019048254,1013.4642318803805,D_left
216,3,324.83562393404634,1013.6872378875818,D_left
217,3,332.97236814420665,1019.1436638824782,D_left
218,3,336.8603843865852,1022.9206840682187,D_left
219,3,347.829965356441,1032.151128277653,D_left
220,3,353.9093535738339,1037.4292088348109,D_left
221,3,354.67919420604454,1041.0012510200206,D_left
222,3,354.8520628043534,1043.6929760884157,D_left
223,3,356.0976608320864,1046.7389737767476,D_left
224,3,356.6834012416285,1047.6655342567965,D_left
225,3,355.48194348348346,1048.4382471971878,D_left
226,3,353.7352001481398,1048.306405032214,D_left
227,3,353.3729150290029,1048.251410117998,D_left
228,3,352.51467071187983,1048.3876546536162,D_left
229,3,352.7881407736298,1049.230559404515,D_left
230,3,351.6594312813419,1048.5271529777622,D_left
231,3,350.88242596425806,1048.5326052462071,D_left
232,3,349.8965723946104,1048.036026194623,D_left
233,3,352.52484706082566,1051.6163847046398,D_left
234,3,349.5732970953969,1052.788415161853,D_left
235,3,348.58416306556506,1057.9834618972998,D_left
236,3,348.9641348779679,1062.2110374730933,D_left
237,3,342.92266163305044,1065.961459005698,D_left
238,3,343.2310055196944,1067.196045825714,D_left
239,3,340.36232327150066,1066.6869676739748,D_left
240,3,340.46882163214144,1067.3869780819073,D_left
241,3,337.0389652623846,1071.9188557266136,D_left
242,3,332.1701993349509,1077.16295118803,D_left
243,3,330.3764727112183,1085.231953058181,D_left
244,3,325.58754377192145,1087.1872007016057,D_left
245,3,308.89682328856986,1091.9396729763157,D_left
246,3,314.8515136204176,1100.7298671657238,D_left
247,3,323.73918678269547,1113.1065691273448,D_left
248,3,325.5195511428077,1113.675445761668,D_left
249,3,322.013574759749,1112.077720709281,D_left
250,3,321.83599656248185,1111.1084737409694,D_left
251,3,322.9367560501997,1109.8383434594698,D_left
252,3,326.0675275925487,1110.3183307790712,D_left
253,3,328.4945108957544,1111.6167264458222,D_left
254,3,326.3232566737968,1110.6330725384216,D_left
255,3,323.0623042623338,1105.1498442373293,D_left
256,3,309.12395348231485,1092.2765114329536,D_left
257,3,296.113662368053,1074.9875428341777,D_left
258,3,285.5322011619173,1062.045314184399,D_left
259,3,289.28232405567866,1044.7643677214985,D_left
260,3,291.2860892396292,1034.327114722875,D_left
261,3,292.09433195440755,1028.8355018569694,D_left
262,3,291.6068291279389,1023.709651173064,D_left
263,3,279.6223030871245,1007.1862906620933,D_left
264,3,288.02821608556,1007.0443257912332,D_left
265,3,286.40138101427146,991.5540058451572,D_left
266,3,280.1501188464144,982.9616161693482,D_left
267,3,278.60358819341246,969.0337508393576,D_left
268,3,281.95333560716153,957.7148611548612,D_left
269,3,248.3314338034476,933.0695606566449,D_left
270,3,117.48150120741492,856.830090752296,D_left
271,3,258.6328607040208,929.8900843157212,D_left
272,3,224.2468261031184,905.4980583264384,D_left
273,3,238.5352019163942,905.1044800712197,D_left
274,3,248.39005248307512,908.462324960008,D_left
275,3,242.0568321358752,897.2947168465981,D_left
276,3,248.01924906316765,897.8986459327356,D_left
277,3,255.08767172943465,893.5738381119506,D_left
278,3,251.7557539608333,890.9556122742706,D_left
1,4,579.1927880374808,1271.4821844687535,D_right
2,4,579.1927880374808,1271.4821844687535,D_right
3,4,578.5332453285907,1271.4428017612802,D_right
4,4,576.5773800732611,1270.3152412099785,D_right
5,4,573.7141144914633,1266.6453263136998,D_right
6,4,573.0995311871915,1265.7172629250854,D_right
7,4,574.5950828187206,1265.6625200841395,D_right
8,4,574.8188251925268,1265.6157936159532,D_right
9,4,574.3947719969158,1264.894711354527,D_right
10,4,574.4641822252228,1264.907459231706,D_right
11,4,574.5053512669177,1264.854687644691,D_right
12,4,574.6385690234582,1264.8819071579203,D_right
13,4,573.5833230863512,1266.2934578035113,D_right
14,4,572.709437387839,1266.6392157858018,D_right
15,4,570.5616195550635,1267.12092316936,D_right
16,4,570.6048393125872,1267.675357582573,D_right
17,4,570.8865578687626,1268.6271907000848,D_right
18,4,568.8388460689272,1266.896249950249,D_right
19,4,563.2782372373084,1263.9740509326298,D_right
20,4,561.0993125194626,1262.0829659147191,D_right
21,4,557.3638769504227,1254.3746719951705,D_right
22,4,558.0825508712867,1253.862405044802,D_right
23,4,557.5276856779634,1254.5140875343036,D_right
24,4,557.2705037369108,1252.3547576163617,D_right
25,4,558.1500155798288,1249.8105523852314,D_right
26,4,558.6595045051228,1246.5957941802676,D_right
27,4,562.2828960286441,1240.8402384075357,D_right
28,4,562.2798467094791,1238.4581278597311,D_right
29,4,552.2889846800177,1226.680205121433,D_right
30,4,556.6390988851591,1228.3630221976912,D_right
31,4,582.0478865209578,1232.429928781274,D_right
32,4,593.9602564595183,1231.3686905636791,D_right
33,4,594.6572533665428,1230.5668846434123,D_right
34,4,595.6718228923658,1228.7379237878513,D_right
35,4,597.8945219404072,1225.830815460586,D_right
36,4,601.8880987851851,1224.7838497817852,D_right
37,4,601.3118913557612,1219.8899778051232,D_right
38,4,604.0747530421406,1217.2039918309097,D_right
39,4,606.9762529700074,1215.2475961913854,D_right
40,4,604.9519331349009,1210.795162239118,D_right
41,4,598.9627033561422,1205.712480917951,D_right
42,4,588.4585954487113,1194.8556949911183,D_right
43,4,639.5853047350738,1203.1892911738228,D_right
44,4,653.9959413503484,1204.5364959965518,D_right
45,4,649.9136760046747,1193.4907775092818,D_right
46,4,653.6937572861465,1191.80279754689,D_right
47,4,652.6111080678747,1192.024953327635,D_right
48,4,648.8381689664993,1178.9422299530097,D_right
49,4,675.9708647322655,1164.3218874859083,D_right
50,4,691.3027867566313,1162.303564983709,D_right
51,4,717.288229900438,1153.464491688267,D_right
52,4,734.2318337746271,1152.7555554569549,D_right
53,4,755.0693521298731,1143.333013994331,D_right
54,4,760.0917830600628,1139.890779037621,D_right
55,4,762.1377111257891,1131.857757373372,D_right
56,4,778.6854848295233,1126.0882542558284,D_right
57,4,761.7356172527061,1108.2856793162475,D_right
58,4,764.7177807572905,1094.8673458662597,D_right
59,4,767.6999442618749,1081.4490124162714,D_right
60,4,770.6821077664592,1068.0306789662834,D_right
61,4,773.6642712710435,1054.6123455162954,D_right
62,4,776.6464347756279,1041.194012066307,D_right
63,4,779.6285982802123,1027.7756786163193,D_right
64,4,782.6107617847966,1014.3573451663312,D_right
65,4,787.2845491565414,1004.1595436910508,D_right
66,4,775.2524185718667,996.1931739892204,D_right
67,4,766.5687588632844,984.5777152773908,D_right
68,4,764.2841916515699,982.2026227617858,D_right
69,4,747.139109000171,959.7147413085518,D_right
70,4,744.692759540728,958.0900069198028,D_right
71,4,744.0230516694061,957.2806830785736,D_right
72,4,745.631796199085,959.3735150382146,D_right
73,4,745.1283963993067,955.1527140695588,D_right
74,4,744.2720194736327,952.7359767703326,D_right
75,4,746.103205202459,952.5892967515824,D_right
76,4,747.9383654221975,947.9006779345896,D_right
77,4,742.8185316752943,934.0568319586296,D_right
78,4,729.3494102392525,917.6848239630698,D_right
79,4,739.7252013261933,879.6564521069108,D_right
80,4,745.3253938814628,867.28694334356,D_right
81,4,736.2416109669882,871.9806288764762,D_right
82,4,722.4656701238473,860.9848123779689,D_right
83,4,717.1773859305129,840.7742022912199,D_right
84,4,721.0743719753191,831.469478644509,D_right
85,4,725.5830164281127,824.7820025171036,D_right
86,4,728.1951901009855,817.5680907799381,D_right
87,4,707.6793826406623,800.0257523788108,D_right
88,4,703.8881937618904,794.276019530833,D_right
89,4,657.5071321627915,742.9117072723783,D_right
90,4,650.6522853542019,742.9066501910778,D_right
91,4,640.1468149640073,735.435298947061,D_right
92,4,637.443097488593,734.1109837514193,D_right
93,4,609.3874195213357,709.5139268221591,D_right
94,4,603.9037150302661,704.3948296059767,D_right
95,4,566.9152304093985,678.6055112983585,D_right
96,4,557.7460074004681,674.6977891596889,D_right
97,4,502.2883119868495,642.3425489273976,D_right
98,4,491.86252360610985,624.850747256335,D_right
99,4,457.4818942493532,606.6586959584505,D_right
100,4,437.6307106061876,599.3469253286603,D_right
101,4,450.8718690507765,623.1826006078101,D_right
102,4,423.68702444384513,604.4604336521141,D_right
103,4,380.1138309746471,575.6494544910639,D_right
104,4,370.61622419889824,570.1432136134152,D_right
105,4,350.0926466186267,569.108909935585,D_right
106,4,355.5289127917786,578.7423758499185,D_right
107,4,345.8433724275966,578.4800660793406,D_right
108,4,348.44554611807206,581.7063437245924,D_right
109,4,291.8220320390353,549.1488711080237,D_right
110,4,289.2311167589611,547.950480138812,D_right
111,4,274.63875770206147,549.323860336679,D_right
112,4,227.00301934337085,512.9092474179216,D_right
113,4,246.40800168786853,541.5449673065714,D_right
114,4,221.59720334841109,515.3709901598828,D_right
115,4,249.30630922177144,543.2691740833959,D_right
116,4,259.7074680697508,558.3536981328283,D_right
117,4,263.73694023027554,565.6949242873542,D_right
118,4,264.6906943826663,566.2377899899928,D_right
119,4,243.63987266293367,552.8770015359536,D_right
120,4,233.46979489902105,546.0495418967333,D_right
121,4,227.7084496607336,550.9090971743422,D_right
122,4,220.15352731362125,549.0615722410861,D_right
123,4,216.6535004729261,552.55092701281,D_right
124,4,217.17182857474947,552.6073334473405,D_right
125,4,169.31482185197302,511.4370367930829,D_right
126,4,138.62322740240185,495.4813677055242,D_right
127,4,145.63284036836006,512.2448044112099,D_right
128,4,159.40339554582536,527.3076067890385,D_right
129,4,185.1468508508343,550.0622741082176,D_right
130,4,188.1292111530609,554.1131309699173,D_right
131,4,201.52378104392704,572.0044036770413,D_right
132,4,189.55091200465395,568.9569917201716,D_right
133,4,233.996474914018,605.4406245361251,D_right
134,4,173.51019969714417,560.5054725006,D_right
135,4,192.46239426659616,591.5844332484668,D_right
136,4,189.2140706447679,602.1606354429581,D_right
137,4,214.82186491955028,633.2354791789422,D_right
138,4,219.92452602524105,640.9296014501211,D_right
139,4,225.02718713093185,648.6237237212999,D_right
140,4,230.12984823662265,656.3178459924789,D_right
141,4,235.2325093423134,664.0119682636578,D_right
142,4,221.82415332442912,657.8989845295064,D_right
143,4,198.17035586613264,656.3032478223764,D_right
144,4,201.71771657793704,665.9361058958212,D_right
145,4,193.6828498826889,680.4276888202162,D_right
146,4,199.2778836456723,689.0703221232205,D_right
147,4,201.21945309034888,696.7794707990529,D_right
148,4,207.32909884877296,703.0755235950246,D_right
149,4,215.1242273444478,703.9233225427334,D_right
150,4,205.34472726817864,701.5756661132922,D_right
151,4,238.6894983373138,716.3143637267987,D_right
152,4,237.2823707720736,718.3403634321598,D_right
153,4,256.71087642639486,707.7018160564801,D_right
154,4,237.27275086808945,695.7415771586294,D_right
155,4,266.1447276338926,697.5669361868277,D_right
156,4,238.9367669902501,688.5122930837159,D_right
157,4,243.88395890316335,686.7505840008652,D_right
158,4,248.8838892787932,679.2256167798898,D_right
159,4,256.6242536591011,677.2245552078226,D_right
160,4,253.81786238616877,669.6627761683104,D_right
161,4,261.8133241154053,659.5184945012841,D_right
162,4,272.4662619462072,663.4189877606519,D_right
163,4,275.10826447174867,660.2008101475731,D_right
164,4,284.01128931122645,662.9000018346553,D_right
165,4,283.53387259793834,657.1005307783955,D_right
166,4,292.2791116139971,653.3430352491011,D_right
167,4,287.591962392062,623.4921136492765,D_right
168,4,283.48397323123834,615.6895897911168,D_right
169,4,294.7022471711087,603.0614000069419,D_right
170,4,320.273855907956,615.6857005139742,D_right
171,4,332.8427567338396,607.5809512428807,D_right
172,4,339.7141639412616,601.426806547333,D_right
173,4,346.9616722493202,583.1178555402931,D_right
174,4,345.5248103423715,582.2916784124756,D_right
175,4,367.5304105804285,597.1419381472862,D_right
176,4,357.5404336790328,577.1657753537731,D_right
177,4,347.3805638172717,540.2592760822664,D_right
178,4,348.91659433334263,538.7117454661377,D_right
179,4,370.1686586079029,518.4585258673251,D_right
180,4,365.7974429497345,511.7603159479708,D_right
181,4,394.4590735434152,526.0162740105745,D_right
182,4,395.1256351798209,524.4628547411979,D_right
183,4,395.78843598532967,506.1736170282444,D_right
184,4,397.95844034485873,507.0671646250081,D_right
185,4,393.5850307500647,499.6558276740266,D_right
186,4,387.53968146953775,489.1840712035944,D_right
187,4,361.0817173042929,458.1961102936951,D_right
188,4,362.1113446312541,454.4690942662343,D_right
189,4,347.15472462902096,431.5000678130952,D_right
190,4,340.8506569374392,418.8071000203497,D_right
191,4,348.0438384721744,411.316464892472,D_right
192,4,347.7526369749337,405.4691233546829,D_right
193,4,353.2906890552307,405.114395442246,D_right
194,4,355.78356614003604,402.11730640228745,D_right
195,4,360.00225453077684,380.1699957436091,D_right
196,4,366.5343700044056,354.4611818301624,D_right
197,4,401.31245823100375,363.1793326840752,D_right
198,4,411.8949455038112,369.0067186888118,D_right
199,4,435.2239776742426,355.8693996489618,D_right
200,4,440.4480407548068,352.5024278353291,D_right
201,4,443.0482831807817,349.64492409549973,D_right
202,4,443.0255187488905,349.27992623596884,D_right
203,4,439.21252894319935,347.5893004626175,D_right
204,4,432.1965175032005,343.41980437474564,D_right
205,4,431.008033838097,348.1450585128484,D_right
206,4,427.55081920643113,348.5321546461237,D_right
207,4,428.74235075073096,361.80859501898254,D_right
208,4,426.30250597231793,370.1863908036896,D_right
209,4,426.11873340607576,383.0850931131181,D_right
210,4,406.709320670714,362.7904976979801,D_right
211,4,438.9922709345456,392.3842643209053,D_right
212,4,423.44035087281776,378.3918959084904,D_right
213,4,428.1485295992399,386.11526680588304,D_right
214,4,435.1906555103576,393.7123194056131,D_right
215,4,441.2287193835675,396.7368607050675,D_right
216,4,467.5241114163815,424.45506210552935,D_right
217,4,479.39939106316535,426.0834198758728,D_right
218,4,488.0531516311136,433.6731894885015,D_right
219,4,490.88866337932257,429.5292946456447,D_right
220,4,486.4806844432452,422.1479388441794,D_right
221,4,488.2853991569794,416.7832165473323,D_right
222,4,528.9023822974071,464.2099223887711,D_right
223,4,551.586894000894,492.68771479139616,D_right
224,4,560.4767913400638,499.2656512639432,D_right
225,4,581.2077917860146,511.37048121509497,D_right
226,4,583.9321552043493,510.83110722799455,D_right
227,4,607.6676658430587,522.5263178369105,D_right
228,4,604.8544706345042,522.608738650039,D_right
229,4,613.2094619940472,530.8626797055566,D_right
230,4,636.0034851401023,557.1652856165759,D_right
231,4,634.131438664194,563.2890050116855,D_right
232,4,636.47893280546,570.4031806465803,D_right
233,4,636.945844766423,574.6662254243471,D_right
234,4,637.4829725757342,574.5042675758649,D_right
235,4,638.74833846931,590.2375325453412,D_right
236,4,635.1969095976514,598.8736032837144,D_right
237,4,726.7097131545463,676.1701381792359,D_right
238,4,718.9533534409167,672.7435109824032,D_right
239,4,656.0296183861109,640.045814586303,D_right
240,4,637.4982244904378,639.959293278298,D_right
241,4,630.8258737848479,670.0198732271812,D_right
242,4,633.1585151344522,669.855368597935,D_right
243,4,619.272211063439,672.8262945064447,D_right
244,4,635.283072559015,696.7652760715416,D_right
245,4,609.777454970873,696.7019924554369,D_right
246,4,605.1850786527144,695.3839137893599,D_right
247,4,591.9861469704113,694.887561817834,D_right
248,4,584.2640093941462,697.8530773479591,D_right
249,4,553.6827918039188,726.689064361908,D_right
250,4,544.2688667391095,739.9580611726254,D_right
251,4,532.0480449839358,746.8187801675253,D_right
252,4,528.4187766348867,753.0191146913313,D_right
253,4,531.0010116323482,779.6563644683978,D_right
254,4,521.3486934504601,779.8691401856903,D_right
255,4,504.6694789192002,824.6030809345268,D_right
256,4,498.9248784399364,831.4423899134778,D_right
257,4,489.7030519626694,854.4334010750451,D_right
258,4,482.6350218389028,858.5581918103043,D_right
259,4,469.71485017923527,871.1025751603046,D_right
260,4,463.6582023514907,873.3406541974335,D_right
261,4,463.8507677793714,921.699092962158,D_right
262,4,476.41128579851744,939.9340398969556,D_right
263,4,466.1023726387597,970.2185624177256,D_right
264,4,465.5814316491546,974.402993696532,D_right
265,4,450.0834772832599,983.4397792512495,D_right
266,4,449.8295147082896,992.4211666300204,D_right
267,4,423.65141409145855,990.0402403836556,D_right
268,4,410.27818919174166,987.450690535877,D_right
269,4,478.4183851244391,1045.6764792644267,D_right
270,4,486.9681260684722,1052.144334136715,D_right
271,4,483.09191350082136,1068.44423870622,D_right
272,4,483.9374148537376,1088.283380754624,D_right
273,4,479.186146331515,1090.7906140355108,D_right
274,4,474.3432309022354,1099.787887836649,D_right
275,4,468.72789837804726,1114.8096298972573,D_right
276,4,479.4680538758346,1124.8250589950762,D_right
277,4,502.6156395978399,1144.876612889554,D_right
278,4,512.9197669318668,1137.505329715358,D_right
1,5,617.8664596150876,1389.1182313694203,O_right
2,5,617.8664596150876,1389.1182313694203,O_right
3,5,618.8160758664122,1388.7290034674943,O_right
4,5,618.6337819636269,1388.3561459006255,O_right
5,5,618.5544416891504,1387.239999527772,O_right
6,5,615.9747129532885,1385.6918243614125,O_right
7,5,617.5773912850585,1384.2592529588865,O_right
8,5,617.3397684866113,1380.5443929003927,O_right
9,5,620.1643099224635,1378.9114339699242,O_right
10,5,621.2979392433949,1378.2830086017718,O_right
11,5,623.9704173794142,1375.8112043475578,O_right
12,5,623.943771439657,1375.5118642831674,O_right
13,5,627.424775473391,1373.6360916178992,O_right
14,5,629.7497064494349,1372.3337594045438,O_right
15,5,636.4616913285183,1370.0723037000832,O_right
16,5,637.6891118735265,1369.971203989159,O_right
17,5,641.0436157238312,1368.6229831547612,O_right
18,5,642.95682086502,1367.2048006289726,O_right
19,5,645.5705237009183,1364.2563622526234,O_right
20,5,645.6617478400996,1363.2283855164708,O_right
21,5,648.3419329888444,1359.226821536589,O_right
22,5,653.4156667320129,1356.2704994628114,O_right
23,5,664.0362166920527,1353.5262618028798,O_right
24,5,673.0939935323944,1354.158262445226,O_right
25,5,679.4037822496316,1352.1004298608195,O_right
26,5,678.219668752211,1351.4007380161108,O_right
27,5,679.8369769215525,1349.8788471111627,O_right
28,5,680.7719310160197,1348.1687258556562,O_right
29,5,681.1923648194539,1346.0788018584774,O_right
30,5,682.8587767510343,1347.3893620077606,O_right
31,5,682.0811015564491,1345.8521422058434,O_right
32,5,683.2644518194979,1345.213763712925,O_right
33,5,689.751548650437,1340.1530593046189,O_right
34,5,693.6381182385269,1337.7791129972452,O_right
35,5,699.0449335383674,1332.4104819828754,O_right
36,5,694.9764888725182,1328.9324073132198,O_right
37,5,725.6465545759577,1335.9513842710207,O_right
38,5,749.8581770888253,1341.089356533539,O_right
39,5,785.4064367576254,1346.9402422088392,O_right
40,5,795.7034531178026,1350.1101241919398,O_right
41,5,801.6218596429601,1339.565154665512,O_right
42,5,816.4048775266135,1321.047362773602,O_right
43,5,823.8248344781061,1316.5617378269824,O_right
44,5,833.965355970848,1320.0867809893489,O_right
45,5,856.5843101022145,1314.874481247724,O_right
46,5,882.2994805243155,1316.2430576594732,O_right
47,5,904.3171597431216,1291.8307918511105,O_right
48,5,918.0657217452634,1276.1680602097445,O_right
49,5,925.5606205827896,1269.0705356896713,O_right
50,5,926.769406761055,1265.5250424282349,O_right
51,5,931.226793409026,1247.101209796644,O_right
52,5,929.093042272154,1230.957843896595,O_right
53,5,926.8956663739928,1211.379788978598,O_right
54,5,932.6670758762516,1205.5834543339497,O_right
55,5,930.2757736811884,1188.8307112134926,O_right
56,5,920.1698422565986,1171.699443518347,O_right
57,5,924.503211509571,1164.273609225719,O_right
58,5,921.23477954662,1157.11955804222,O_right
59,5,925.8469087964588,1137.074332032886,O_right
60,5,920.621697874328,1128.84102340654,O_right
61,5,902.2708022223662,1099.562398282661,O_right
62,5,905.597413951794,1095.1138297158975,O_right
63,5,910.0943507893842,1083.568600871804,O_right
64,5,912.3016475254552,1078.148124855946,O_right
65,5,922.521214303278,1065.5072188404724,O_right
66,5,925.7618101529,1061.6116332563035,O_right
67,5,932.0299565741012,1051.908199805915,O_right
68,5,931.1758826893862,1048.7669842134578,O_right
69,5,928.2117984554328,1043.3825058826471,O_right
70,5,929.6087779083066,1041.8238005258977,O_right
71,5,924.1913529604166,1017.7678594291737,O_right
72,5,912.4880187019525,993.9775941299184,O_right
73,5,913.5418141253272,971.8652343940704,O_right
74,5,908.0149657041976,978.8904515309016,O_right
75,5,910.9831967901092,963.6006265225858,O_right
76,5,904.550065029066,956.9582137343916,O_right
77,5,869.4217693272034,886.0185101414522,O_right
78,5,863.2257854373233,884.3096785409801,O_right
79,5,866.7178756990968,865.5114587027753,O_right
80,5,860.987157463134,857.4142303366293,O_right
81,5,861.7079454420958,854.0197145514074,O_right
82,5,822.1399347271805,809.9167235448245,O_right
83,5,799.5910959652654,784.6778015224643,O_right
84,5,797.961199882335,784.0341767123358,O_right
85,5,791.4535167110984,781.4354292364277,O_right
86,5,790.336893527848,778.4948318507095,O_right
87,5,715.5238262785798,707.8443881291624,O_right
88,5,708.5101216716879,704.4229725476201,O_right
89,5,699.2357804359594,702.616522496789,O_right
90,5,695.2155938690252,702.2369676545803,O_right
91,5,681.5204153680581,697.2493203834946,O_right
92,5,670.3304634843291,697.0058024098355,O_right
93,5,625.8792302897516,659.2919607874135,O_right
94,5,594.28476834612,628.3855562643148,O_right
95,5,588.5564862846728,632.4453573595341,O_right
96,5,579.5779883578971,624.8924822442343,O_right
97,5,565.0743239670966,619.6072222089973,O_right
98,5,520.0715422203157,581.064738867394,O_right
99,5,512.1766813551878,583.6219454484427,O_right
100,5,497.8076352492865,570.49290821183,O_right
101,5,456.4748555665062,557.5625202855408,O_right
102,5,446.2373882819443,550.5986238571969,O_right
103,5,411.59984201919485,536.6337402732563,O_right
104,5,388.25073539087526,519.6161101469685,O_right
105,5,395.6460187405926,542.6612019148154,O_right
106,5,387.209020300616,541.6587891201458,O_right
107,5,376.8176474320591,544.3459980648621,O_right
108,5,367.26315307583184,537.4294899132021,O_right
109,5,362.48879477078975,548.42923004244,O_right
110,5,317.44890479922145,512.9224174593373,O_right
111,5,303.30654495904133,513.6528011665775,O_right
112,5,288.9828494849989,501.901407102887,O_right
113,5,275.9523311819479,493.4951566020792,O_right
114,5,255.68872962617908,471.6244624427174,O_right
115,5,198.47940015915967,394.3315221097632,O_right
116,5,222.65295391418024,422.65112018349015,O_right
117,5,207.8178774321889,398.5358038504585,O_right
118,5,210.72571317324827,410.740107540702,O_right
119,5,214.33973765428544,416.54409034802296,O_right
120,5,175.9405630933125,372.73607839412506,O_right
121,5,33.53271914739933,225.01715801252567,O_right
122,5,189.4625271033717,367.2687402054506,O_right
123,5,137.3444781974566,305.3724543964229,O_right
124,5,122.41881102224949,286.9440766701891,O_right
125,5,122.81716984557926,270.26322265533446,O_right
126,5,167.41050417784163,312.9979120053695,O_right
127,5,173.94523583968237,290.9701248096961,O_right
128,5,180.47996750152308,268.9423376140226,O_right
129,5,187.01469916336384,246.9145504183492,O_right
130,5,172.85042050859636,233.8293987465153,O_right
131,5,173.89857469996397,203.0268624122755,O_right
132,5,183.39562774038703,201.8493698527525,O_right
133,5,192.43459521129355,193.04552976545065,O_right
134,5,48.802669707322046,38.12557711732507,O_right
135,5,20.237769099104497,-4.680680451000799,O_right
136,5,204.48125858582063,181.6464200498104,O_right
137,5,195.4880579849753,148.79435336146233,O_right
138,5,78.27355646431027,-2.933113501672454,O_right
139,5,218.91586614100015,130.40899315715723,O_right
140,5,216.3077843334876,129.7798814724588,O_right
141,5,240.29158947560225,121.0596012012821,O_right
142,5,245.90336853274428,110.50236799345907,O_right
143,5,261.9553544750204,116.0484034416209,O_right
144,5,269.26113498276254,119.83177152041937,O_right
145,5,271.58031992219566,103.95001973382855,O_right
146,5,297.83810409452,123.85536969878544,O_right
147,5,301.76720766027825,118.15960394876788,O_right
148,5,301.4023394804867,115.01939356933268,O_right
149,5,302.7866528799158,102.33081386887092,O_right
150,5,306.25108067765416,102.2034609320293,O_right
151,5,315.5527446471316,96.34415955191474,O_right
152,5,322.9519486405624,102.86804104818508,O_right
153,5,340.24668562513784,111.79474042206547,O_right
154,5,348.2053639054157,115.67994809821764,O_right
155,5,352.65894492045663,112.8547611160264,O_right
156,5,358.49025693581063,116.5509072709225,O_right
157,5,363.2677372714571,123.56764319105372,O_right
158,5,369.13165619306267,129.72154682942164,O_right
159,5,372.3237187969376,123.62780274090044,O_right
160,5,375.1371411873192,122.48677599551334,O_right
161,5,386.5705610933791,118.85358586569733,O_right
162,5,392.1576891152753,116.92909932513408,O_right
163,5,363.5863056269095,66.40650733189398,O_right
164,5,408.7027551139898,114.64960095217371,O_right
165,5,364.98723063480526,27.905532298143797,O_right
166,5,437.6027672460722,114.80809905623748,O_right
167,5,466.88578352227125,143.0939875389405,O_right
168,5,480.74183206157386,154.12951877775822,O_right
169,5,502.63929385248974,172.2868340401701,O_right
170,5,503.3435974139349,171.4089018345979,O_right
171,5,499.6632809678824,166.42745010001414,O_right
172,5,499.1547446578296,165.93191503353523,O_right
173,5,501.9065894695587,170.6346007120519,O_right
174,5,503.4371102034277,172.8315909611405,O_right
175,5,504.7775641746167,176.7871073509069,O_right
176,5,499.3826213694139,169.37682910311776,O_right
177,5,496.959147273698,166.8395249397946,O_right
178,5,495.17750739113296,164.4014267860769,O_right
179,5,504.49270702721645,178.73340710116588,O_right
180,5,502.76364951982936,174.28862417638845,O_right
181,5,504.4389687766197,174.7586950655546,O_right
182,5,506.5076499224067,177.54418824834812,O_right
183,5,506.2716143997741,176.73605160700916,O_right
184,5,506.13780013616577,176.64110614784948,O_right
185,5,508.2523056103313,179.4047229642845,O_right
186,5,508.68261000821,181.3096708497448,O_right
187,5,505.18284572390405,179.5478359479538,O_right
188,5,505.1066024011816,180.67183747556788,O_right
189,5,495.4219080598152,173.90989091652247,O_right
190,5,497.7819072838296,176.26931549259984,O_right
191,5,494.90782490245925,171.5458810748457,O_right
192,5,500.65251043157656,173.3445053397722,O_right
193,5,507.04297245231714,171.46505286567876,O_right
194,5,512.8917677227414,175.41747053524182,O_right
195,5,517.0168940686476,174.1990824293632,O_right
196,5,511.71430472733135,161.86362774059242,O_right
197,5,521.8841757366979,155.7553734419682,O_right
198,5,524.7630704378229,151.28745769506975,O_right
199,5,540.0519999829636,156.0257403340102,O_right
200,5,568.1867623770444,185.13562066175885,O_right
201,5,592.8045298974819,205.13062459175003,O_right
202,5,595.7576437548393,203.33480740391548,O_right
203,5,599.6310839446057,198.24989816256536,O_right
204,5,601.7622329944762,195.7967461171016,O_right
205,5,630.0256740487227,223.7639171707854,O_right
206,5,647.9961575653489,238.97744772127663,O_right
207,5,677.1290437715747,283.3961453247431,O_right
208,5,675.8885670258168,282.0658082859006,O_right
209,5,682.5085800369618,296.2428154216592,O_right
210,5,680.2338584333678,296.365351477731,O_right
211,5,695.773329293101,315.9552460341973,O_right
212,5,703.4233139278269,328.62688168191755,O_right
213,5,731.1737509974674,363.5123047149429,O_right
214,5,749.8196278242634,388.2240356313748,O_right
215,5,750.0637409077989,402.9205052476033,O_right
216,5,754.8143691406867,398.13022776847936,O_right
217,5,751.2337502750174,395.1208702801703,O_right
218,5,757.8356333916489,408.8900783074421,O_right
219,5,767.356186017839,424.2798612493074,O_right
220,5,775.8663200511781,437.82815596480265,O_right
221,5,791.2630479696359,447.4597557507601,O_right
222,5,804.4699634344724,462.6684063067866,O_right
223,5,812.5297710398141,474.37544227098914,O_right
224,5,816.8276847367329,482.7247385639276,O_right
225,5,820.2497899625491,489.2533985122065,O_right
226,5,828.6983580290346,500.68614356690415,O_right
227,5,828.0017834883984,524.1606249380802,O_right
228,5,824.0624254251521,539.5345317128371,O_right
229,5,805.6803125481989,579.0903218655632,O_right
230,5,802.8779273996694,579.9550234899623,O_right
231,5,794.4245398371288,595.77291190568,O_right
232,5,793.7275657850263,599.7244971877363,O_right
233,5,785.3473814943328,608.9575501954539,O_right
234,5,776.3283443507676,607.8172818339749,O_right
235,5,752.581374198489,652.7782075003918,O_right
236,5,729.8386651381029,653.7050937090684,O_right
237,5,707.0959560777167,654.631979917745,O_right
238,5,684.3532470173304,655.5588661264214,O_right
239,5,661.6105379569443,656.485752335098,O_right
240,5,683.455455272933,741.5674775670115,O_right
241,5,659.3511025333205,764.0282294257274,O_right
242,5,663.9391487811753,763.3289372890276,O_right
243,5,651.5180508318172,778.7195062710856,O_right
244,5,627.9295788434608,777.2463564000806,O_right
245,5,584.3996826742499,778.2726911391394,O_right
246,5,574.5267450433064,786.0654757655386,O_right
247,5,557.9705759027954,820.5440253925348,O_right
248,5,552.2377718631714,819.8016705013786,O_right
249,5,520.9359998419537,841.2153769953503,O_right
250,5,516.1556179661015,845.2327986659203,O_right
251,5,466.6279094417697,839.9712232588643,O_right
252,5,452.1038182499407,848.9621310587578,O_right
253,5,441.562091450648,856.8342277806893,O_right
254,5,435.90808448974553,867.0243582732918,O_right
255,5,387.9620104073452,868.4813014266983,O_right
256,5,336.5074936210526,844.4797672046683,O_right
257,5,316.2901497261951,846.4414542246348,O_right
258,5,308.0801084937063,846.9138983583505,O_right
259,5,292.2107309763176,849.7475579722268,O_right
260,5,275.9814011603959,846.7556241445875,O_right
261,5,275.9814011603959,846.7556241445875,O_right
262,5,275.9814011603959,846.7556241445875,O_right
263,5,275.9814011603959,846.7556241445875,O_right
264,5,275.9814011603959,846.7556241445875,O_right
265,5,275.9814011603959,846.7556241445875,O_right
266,5,275.9814011603959,846.7556241445875,O_right
267,5,275.9814011603959,846.7556241445875,O_right
268,5,275.9814011603959,846.7556241445875,O_right
269,5,275.9814011603959,846.7556241445875,O_right
270,5,275.9814011603959,846.7556241445875,O_right
271,5,275.9814011603959,846.7556241445875,O_right
272,5,275.9814011603959,846.7556241445875,O_right
273,5,275.9814011603959,846.7556241445875,O_right
274,5,275.9814011603959,846.7556241445875,O_right
275,5,275.9814011603959,846.7556241445875,O_right
276,5,275.9814011603959,846.7556241445875,O_right
277,5,275.9814011603959,846.7556241445875,O_right
278,5,275.9814011603959,846.7556241445875,O_right
1,6,606.465974908489,111.0991802793204,O_left
2,6,606.465974908489,111.0991802793204,O_left
3,6,607.0967481664156,111.97409850064037,O_left
4,6,607.3191524571954,112.31812854252988,O_left
5,6,607.8272185365923,112.92830628617426,O_left
6,6,607.7738116622562,112.90187280209484,O_left
7,6,607.3984413283976,112.12162055805844,O_left
8,6,607.1341655365934,111.32569640308618,O_left
9,6,607.0524926759019,110.7866703769127,O_left
10,6,606.9552375016971,110.64114305484613,O_left
11,6,607.0438656100383,110.79037035415584,O_left
12,6,607.997182446877,112.19954550315325,O_left
13,6,608.217214129119,112.45705759722117,O_left
14,6,607.1914432644038,111.0399970161008,O_left
15,6,607.1600518342051,110.9838741956627,O_left
16,6,607.2119346549225,110.71042093153213,O_left
17,6,606.8611043130156,110.56464155793964,O_left
18,6,607.6557005909095,111.47824451647509,O_left
19,6,609.7920194933619,114.62744491666705,O_left
20,6,609.6678011993193,114.44883377596234,O_left
21,6,609.4942636898395,114.21792814326707,O_left
22,6,609.6935476567452,114.52662361979664,O_left
23,6,609.5186204464898,114.19755447858316,O_left
24,6,609.3625408318218,113.98607335087826,O_left
25,6,609.6023945181191,114.28495603592842,O_left
26,6,609.9678677796185,114.87150577906978,O_left
27,6,610.4377889563202,115.5355075564445,O_left
28,6,610.3297742361639,115.40166469255696,O_left
29,6,609.8833941089274,114.84449586758802,O_left
30,6,609.9398629998659,114.90629495827676,O_left
31,6,609.9688968098375,114.92871167477364,O_left
32,6,609.8375465378729,114.73012272641223,O_left
33,6,609.6309868783234,114.39652329718636,O_left
34,6,610.0914914322635,115.05378228661397,O_left
35,6,609.9327463727419,114.86586418455651,O_left
36,6,610.479309244962,115.65252615327596,O_left
37,6,609.7299431477812,115.29399108911012,O_left
38,6,609.7458626372209,115.26616486325288,O_left
39,6,607.6832643926361,112.41924752826604,O_left
40,6,608.5737507690608,113.90564422814585,O_left
41,6,607.9194026751071,113.21697713536396,O_left
42,6,608.5561703864371,114.5326929650356,O_left
43,6,606.3943953922688,112.52764108440232,O_left
44,6,606.2878777596686,112.48908073581562,O_left
45,6,607.6972649346868,115.92136255938549,O_left
46,6,608.8513610570568,118.25863167574744,O_left
47,6,613.0936168532876,126.19535867768444,O_left
48,6,616.0361409884439,129.93586342209753,O_left
49,6,620.1881233235994,137.5319498433326,O_left
50,6,622.5097153109241,140.00651794611574,O_left
51,6,632.7311551667223,153.53589523153897,O_left
52,6,638.4396389019,162.6390333377969,O_left
53,6,642.0857214608708,164.22883992342696,O_left
54,6,643.9303645226051,165.14302613087352,O_left
55,6,646.7951795494309,163.9629402785082,O_left
56,6,647.5556977160954,163.81977721981673,O_left
57,6,647.3815160249783,159.30758555494972,O_left
58,6,646.9997999373288,158.97489210947123,O_left
59,6,651.2163188460463,163.36622930087802,O_left
60,6,649.954394652326,162.58365838714008,O_left
61,6,656.1469415539872,174.33965902568255,O_left
62,6,657.9806432512777,177.40928111779544,O_left
63,6,662.6196221152827,183.80275095763508,O_left
64,6,662.0091571957537,183.87522352387336,O_left
65,6,661.5356350874331,184.89046805642832,O_left
66,6,662.1218538700086,186.3395672299668,O_left
67,6,659.6739043336612,184.82830152987472,O_left
68,6,660.3620489941625,186.9132639661007,O_left
69,6,662.1920193391821,195.5960058972281,O_left
70,6,669.862730344022,207.3588673532756,O_left
71,6,678.3233134858074,220.90650470504812,O_left
72,6,675.5596114530246,216.2814232982698,O_left
73,6,685.6236310163587,231.12019947540216,O_left
74,6,684.9994900406467,230.1792989742524,O_left
75,6,684.839858923111,230.0551498296313,O_left
76,6,684.1445779374243,228.82935812409715,O_left
77,6,679.4925513903113,220.9819318474051,O_left
78,6,679.2109166552755,221.3903640274029,O_left
79,6,679.982638303261,226.2775948213423,O_left
80,6,679.6482199845407,229.57894766032987,O_left
81,6,677.4127676275805,228.6427996016328,O_left
82,6,679.0546622949263,235.85249253915995,O_left
83,6,682.6098744729536,245.95976058916548,O_left
84,6,683.4208267758657,248.33515689903288,O_left
85,6,681.1292941191995,246.526164299446,O_left
86,6,672.7701420469806,235.84200365952023,O_left
87,6,651.1414090245814,217.4790538430441,O_left
88,6,644.9712990746266,217.24495344703345,O_left
89,6,614.3212250468782,203.0436681354444,O_left
90,6,604.7349554730563,194.7471211963614,O_left
91,6,550.227353376418,130.8487248369958,O_left
92,6,559.0973006150788,149.37813712079665,O_left
93,6,543.0253423991059,140.2064331057455,O_left
94,6,539.1000868599962,140.0028200701904,O_left
95,6,531.2630607449146,139.06369903000302,O_left
96,6,522.0956198329334,131.16514528641554,O_left
97,6,529.5178519406297,147.391352783053,O_left
98,6,543.2079766026861,166.72446359204008,O_left
99,6,553.4131015000924,184.4861460339212,O_left
100,6,554.4647160216373,183.82831239293048,O_left
101,6,574.5531510266296,219.2261687216777,O_left
102,6,570.2578509889693,213.5443887376034,O_left
103,6,570.984564646181,219.39504197088755,O_left
104,6,571.2532490939333,218.3054247200437,O_left
105,6,577.5858604441491,223.85255611560623,O_left
106,6,573.4144912141852,223.0407623919579,O_left
107,6,571.0063572914715,233.4468374099086,O_left
108,6,564.7041957005305,228.12195508246256,O_left
109,6,599.7537411437385,280.45738795099913,O_left
110,6,597.5817349726378,288.9439065829219,O_left
111,6,598.7894148737105,302.9018117150694,O_left
112,6,590.550935744516,301.0881988574308,O_left
113,6,597.4594531947087,325.106493408259,O_left
114,6,583.5174379848377,314.48571060467003,O_left
115,6,615.4378894382122,380.0607075182907,O_left
116,6,613.7025079932694,386.2944145350381,O_left
117,6,609.4210670329476,401.6806120522556,O_left
118,6,617.8310112207463,416.4092290094531,O_left
119,6,608.800937141012,423.8318294674735,O_left
120,6,612.8682886393347,439.0948455430743,O_left
121,6,620.5965125130624,490.69031829310734,O_left
122,6,611.5026961994116,500.4220412516773,O_left
123,6,606.2013603198026,518.077907988901,O_left
124,6,606.0324610937421,525.6119170439592,O_left
125,6,570.9325497027946,517.9453264289712,O_left
126,6,476.8860218097618,472.2475707551405,O_left
127,6,594.1545247781762,625.5830245800714,O_left
128,6,582.103999784365,638.0794837790147,O_left
129,6,574.3198410375672,655.9512534181436,O_left
130,6,569.6305545736129,663.8204548933024,O_left
131,6,544.1949589859746,685.1767461473439,O_left
132,6,458.24319242169867,615.0515501809437,O_left
133,6,519.209081122454,718.1446825964064,O_left
134,6,473.10894948993047,700.1450930744828,O_left
135,6,437.1953416348913,719.771798540938,O_left
136,6,444.84418334528976,738.0348286416362,O_left
137,6,438.0995254460297,761.2075818846644,O_left
138,6,431.3548675467695,784.3803351276927,O_left
139,6,424.6102096475094,807.5530883707208,O_left
140,6,407.72935963051935,808.9253289569784,O_left
141,6,370.6672603079894,824.0051788097996,O_left
142,6,364.94754542252366,840.2229891588079,O_left
143,6,359.9389857969389,857.0140397305464,O_left
144,6,368.5245495479204,869.440307483076,O_left
145,6,357.7185479548462,885.0062932845641,O_left
146,6,318.87577251682046,859.1254011860291,O_left
147,6,313.40164931977387,878.340139502589,O_left
148,6,301.668941244877,884.3267561253152,O_left
149,6,268.8742954556143,893.5645927946515,O_left
150,6,256.77111373576355,893.9950651813779,O_left
151,6,258.4952958682151,915.6754735041828,O_left
152,6,278.407461730813,944.1427494767878,O_left
153,6,289.4296873125557,972.9596943873022,O_left
154,6,281.99313014003167,981.938608468814,O_left
155,6,282.16677036818953,990.419890104806,O_left
156,6,300.2700779585955,1011.2849930957708,O_left
157,6,291.20559672865414,1029.470917651391,O_left
158,6,296.1153163988797,1035.3391429973929,O_left
159,6,285.3584760214724,1050.7298749249635,O_left
160,6,281.7117277297824,1059.430726974014,O_left
161,6,287.23190958497617,1076.5830474465358,O_left
162,6,271.1159742768172,1082.3330968673424,O_left
163,6,277.6598132327014,1103.8996041130483,O_left
164,6,278.98882927895374,1108.2203047912942,O_left
165,6,290.44574808227463,1131.977318832997,O_left
166,6,288.55393970921875,1137.1595453049792,O_left
167,6,290.5090897260803,1151.9863264564865,O_left
168,6,281.31480651345606,1157.8795783855155,O_left
169,6,269.2726173187354,1170.7973869643276,O_left
170,6,264.59335509653243,1176.140142652033,O_left
171,6,278.4369051192794,1197.8791424246574,O_left
172,6,283.94635138801505,1207.9836309010243,O_left
173,6,281.2576695671515,1217.8946281860624,O_left
174,6,278.1288754201217,1221.518228751589,O_left
175,6,284.52336399191574,1237.3475590802514,O_left
176,6,293.5704977899017,1246.3262632033648,O_left
177,6,308.0302591147819,1265.0643750413262,O_left
178,6,312.72075721387495,1272.0530642235617,O_left
179,6,315.5397154285779,1278.4339282767978,O_left
180,6,316.38684541403296,1282.4025227293826,O_left
181,6,318.36100271342224,1290.9776535954124,O_left
182,6,312.88911066234044,1298.0352983577852,O_left
183,6,311.84048322294365,1308.014193281271,O_left
184,6,307.3299728321721,1310.737758661975,O_left
185,6,315.2488538613645,1321.5795898718418,O_left
186,6,346.8422157959728,1336.2563230367605,O_left
187,6,360.065877323916,1346.2177559733727,O_left
188,6,365.9129502484662,1351.1039641673374,O_left
189,6,367.84208025734335,1353.0908254483022,O_left
190,6,370.180898807346,1354.03447135514,O_left
191,6,366.6852372121909,1364.8190410429424,O_left
192,6,364.0104681310867,1368.3008358223274,O_left
193,6,361.84189551209255,1376.8529553803746,O_left
194,6,360.7446213241429,1381.1940032282723,O_left
195,6,352.59567931452017,1392.0308807702909,O_left
196,6,353.0426899751177,1397.8867147853389,O_left
197,6,353.1743772452868,1401.456879840541,O_left
198,6,356.05760105884485,1404.762093548498,O_left
199,6,385.9931826765895,1418.318217176705,O_left
200,6,388.251250770974,1421.5076049404747,O_left
201,6,395.3141230268249,1430.1084599773135,O_left
202,6,394.75538515524585,1434.6569223284816,O_left
203,6,391.0690716956443,1437.9564048559628,O_left
204,6,389.6775392353373,1442.3143509920303,O_left
205,6,387.14962374415,1448.044738785942,O_left
206,6,387.1871579090911,1452.2757265635337,O_left
207,6,384.2691925548267,1455.3784486533996,O_left
208,6,388.6320995823542,1458.9141971997774,O_left
209,6,394.9214167678774,1463.568663503416,O_left
210,6,396.1829643339295,1464.9565563922947,O_left
211,6,399.83480099732105,1466.5095765857873,O_left
212,6,401.4518622945442,1467.126593102031,O_left
213,6,402.7380595583968,1466.9010083206206,O_left
214,6,402.8979674045719,1466.5501586380678,O_left
215,6,401.6573665114138,1465.3866738562572,O_left
216,6,401.1353647275717,1466.6738667413435,O_left
217,6,402.2790842628072,1469.2009807134984,O_left
218,6,400.3781294630745,1469.7992482539228,O_left
219,6,392.8462347597393,1469.829869939893,O_left
220,6,392.4551134409804,1470.298340432831,O_left
221,6,393.224832171685,1471.1109471532864,O_left
222,6,387.2049170325564,1471.0642265053425,O_left
223,6,383.9362709799024,1471.7845200894046,O_left
224,6,381.0647568247796,1471.0722810290015,O_left
225,6,378.6722722180239,1472.3051329292462,O_left
226,6,377.5772437033789,1472.5108540688675,O_left
227,6,385.9766517727611,1474.6818851454166,O_left
228,6,384.9275214801743,1474.1885696195886,O_left
229,6,392.3451655540631,1475.414204974236,O_left
230,6,391.6242679661376,1475.2244085936447,O_left
231,6,388.8935397699876,1474.3610876434466,O_left
232,6,388.28442238733726,1473.8528506013922,O_left
233,6,389.60546229433135,1473.7508202253778,O_left
234,6,389.5632965490744,1473.2434573094642,O_left
235,6,390.1455265223559,1472.624432188922,O_left
236,6,388.37767051238217,1472.155927731976,O_left
237,6,390.7121134882743,1471.9416429977134,O_left
238,6,391.458701289719,1471.4848115420623,O_left
239,6,387.711685277422,1471.8714476010375,O_left
240,6,386.788957913127,1470.8765188262255,O_left
241,6,383.9201618403297,1471.012374265243,O_left
242,6,382.5925491467246,1470.496619726487,O_left
243,6,381.0656775708735,1468.7641652634884,O_left
244,6,386.2640121592486,1469.724505412912,O_left
245,6,388.66432401454927,1466.1360567334457,O_left
246,6,397.33416853071407,1463.540485823018,O_left
247,6,407.88436370566217,1460.6947239167364,O_left
248,6,416.0606729569645,1459.7390926190635,O_left
249,6,418.94928385548366,1444.9438960939722,O_left
250,6,419.891585154448,1441.5308203382665,O_left
251,6,422.52041013260873,1434.990862354025,O_left
252,6,422.670131968283,1433.3569218495795,O_left
253,6,427.5706475432796,1431.5086019142575,O_left
254,6,448.778259936779,1435.6508280566125,O_left
255,6,459.3585468521815,1434.4009472435791,O_left
256,6,466.56072008515486,1430.7222748950956,O_left
257,6,472.3156060432797,1421.0726335897557,O_left
258,6,487.40915944226725,1420.272218614425,O_left
259,6,497.26799708176907,1406.855266269093,O_left
260,6,471.8014227052398,1395.097110929402,O_left
261,6,512.6023836661625,1398.7268875510974,O_left
262,6,496.5636365228215,1388.0873849633208,O_left
263,6,521.9488483631363,1383.8931408619108,O_left
264,6,525.3089865875253,1378.3595605936052,O_left
265,6,532.6903411484633,1370.9181459221056,O_left
266,6,541.0761193793326,1361.5263108489671,O_left
267,6,541.4324092089726,1353.4244039613247,O_left
268,6,545.5901123074666,1346.3275731004042,O_left
269,6,548.7042547169666,1335.7482197865584,O_left
270,6,547.3251313802382,1332.5399922534675,O_left
271,6,548.7031937174947,1325.4304894606269,O_left
272,6,545.5237074820741,1311.477149584414,O_left
273,6,547.7328483685719,1299.3532635392785,O_left
274,6,557.3725043401777,1300.813757884349,O_left
275,6,564.0449934815779,1296.7821725277768,O_left
276,6,561.5831346136235,1291.914040459997,O_left
277,6,564.8457532798558,1281.773009673841,O_left
278,6,566.3773845538756,1282.2226364376547,O_left
