1,1,842.9758863842857,1012.07050916053,D_top
2,1,842.9758863842857,1012.07050916053,D_top
3,1,841.9499289966531,1010.557131110655,D_top
4,1,842.1945851139463,1010.2918332684866,D_top
5,1,842.4223625796178,1010.2694656291668,D_top
6,1,843.1400819169817,1009.3071868295402,D_top
7,1,844.0472792114301,1007.6641655022228,D_top
8,1,844.0824891685596,1008.0071696477124,D_top
9,1,845.1946087262666,1007.580557936336,D_top
10,1,845.3377976374885,1007.9177553264592,D_top
11,1,846.1882722847699,1007.8690640074597,D_top
12,1,845.4524245536404,1007.0244471206668,D_top
13,1,842.6298970688053,1003.3784184059788,D_top
14,1,840.7566603044239,1004.9253272743416,D_top
15,1,841.4039031448095,1011.5807633538586,D_top
16,1,841.4798252385884,1010.4518641354516,D_top
17,1,838.9906973039407,1012.6071404158032,D_top
18,1,841.5553778693395,1016.1208144962234,D_top
19,1,837.0800277765686,1021.7530355191408,D_top
20,1,837.6908522322121,1021.832987472062,D_top
21,1,832.7366302955953,1030.7052618715302,D_top
22,1,828.8325672790611,1039.9072749581896,D_top
23,1,821.2464492688729,1046.8066345097438,D_top
24,1,822.5850572960962,1051.2261170347397,D_top
25,1,813.7668418730168,1060.9488119227367,D_top
26,1,812.0704089521685,1063.3344704038143,D_top
27,1,808.457635413979,1066.0704270848605,D_top
28,1,801.6409944037247,1062.8136505533537,D_top
29,1,786.7775473571618,1072.94806231674,D_top
30,1,733.9792489648104,1040.9455488494473,D_top
31,1,771.2943184691325,1096.066472112756,D_top
32,1,779.9554635618625,1104.1142263506426,D_top
33,1,774.1506241900679,1093.8566294881723,D_top
34,1,767.8631677217844,1091.7683615060207,D_top
35,1,757.3791184264414,1110.215922901313,D_top
36,1,736.273256086011,1113.8916048400067,D_top
37,1,715.1673937455805,1117.5672867787005,D_top
38,1,717.8552799024205,1133.3963212037488,D_top
39,1,720.5431660592607,1149.225355628797,D_top
40,1,705.0607186986584,1150.2043943924004,D_top
41,1,706.7667378221486,1161.3384881753664,D_top
42,1,708.4727569456388,1172.4725819583325,D_top
43,1,697.5453191672801,1172.9733447596163,D_top
44,1,688.6173830460405,1184.9067287612884,D_top
45,1,655.0160100316886,1184.3624234947088,D_top
46,1,646.1691826755388,1185.752139262613,D_top
47,1,606.4332989802581,1177.1609056832433,D_top
48,1,616.0162519635364,1180.5857893249874,D_top
49,1,596.4942050723026,1188.4067820675805,D_top
50,1,594.2741631817897,1193.0743824786862,D_top
51,1,588.9234743728792,1198.3899421824929,D_top
52,1,587.8263446674906,1197.4757311992207,D_top
53,1,580.9020973000844,1198.2650293544027,D_top
54,1,571.3438780478314,1200.1887759516185,D_top
55,1,547.3591862929422,1195.8446492261137,D_top
56,1,530.2990414131576,1184.7868825473308,D_top
57,1,509.81361476320217,1179.370578297824,D_top
58,1,508.50147947662055,1178.9985603036284,D_top
59,1,505.9474489035816,1179.58484206653,D_top
60,1,505.6605820265154,1180.8762522695345,D_top
61,1,504.2237782301643,1179.3661513650866,D_top
62,1,502.17623843994926,1173.5851997620905,D_top
63,1,484.18244908189456,1156.8071614306116,D_top
64,1,471.6409267099695,1145.724883057764,D_top
65,1,459.4264324576009,1132.0980780095567,D_top
66,1,455.26865303555536,1131.2236305598913,D_top
67,1,461.1122610214025,1119.8769039624044,D_top
68,1,462.2794861135357,1113.6944964019422,D_top
69,1,458.919809646518,1099.8260508877938,D_top
70,1,456.2604741044421,1095.0852349039303,D_top
71,1,467.9909218562783,1089.2797769525926,D_top
72,1,468.60698238650747,1085.67629156993,D_top
73,1,482.4349133903465,1059.1156220283997,D_top
74,1,483.2114561870753,1066.0611462563018,D_top
75,1,482.6418232849294,1049.888275269736,D_top
76,1,495.1221842135737,1052.5611406666308,D_top
77,1,572.2816198780104,1076.72762753418,D_top
78,1,577.2585659267066,1072.339805555429,D_top
79,1,575.2529982876217,1083.7526563694516,D_top
80,1,587.9911322608322,1083.194118028012,D_top
81,1,621.5450904248603,1097.24405106554,D_top
82,1,616.7778234059559,1086.2580871069092,D_top
83,1,618.5990917677292,1089.5297284320045,D_top
84,1,620.127709128254,1085.0451834226549,D_top
85,1,630.2970823067822,1083.9355767768168,D_top
86,1,608.1039194207905,1078.9853438638256,D_top
87,1,633.4186447486775,1085.3841713311408,D_top
88,1,625.6575430718171,1083.2432285211269,D_top
89,1,628.4411295418784,1076.3831080329971,D_top
90,1,576.6355165500012,1027.054892324004,D_top
91,1,664.7260527300298,1060.9022221273572,D_top
92,1,670.5679709464757,1055.0557593797962,D_top
93,1,676.4098891629218,1049.2092966322352,D_top
94,1,678.5244530685518,1041.9313497430944,D_top
95,1,682.643089233962,1036.5519901826112,D_top
96,1,639.3545250838748,994.4232547294816,D_top
97,1,636.8168046755831,938.741130807168,D_top
98,1,581.01859786905,892.1900161555118,D_top
99,1,701.442808002649,959.7816428598,D_top
100,1,704.7564734947114,954.2178153633052,D_top
101,1,662.3467531118104,926.1832046913952,D_top
102,1,608.2655728293859,869.4024608132544,D_top
103,1,612.3006308183928,858.0727369859904,D_top
104,1,624.0508654010904,859.4780130916696,D_top
105,1,632.0894589661481,848.9016286679655,D_top
106,1,634.6601244873642,847.9723134888782,D_top
107,1,626.6650917672737,829.7373950482161,D_top
108,1,634.2541541726617,825.9278249962606,D_top
109,1,611.4681494602366,794.3964535152355,D_top
110,1,587.6662848791989,777.3711130885648,D_top
111,1,622.3656041428669,800.9465230561857,D_top
112,1,620.2784320787113,796.8619865834228,D_top
113,1,587.7027246152486,767.3351389416667,D_top
114,1,574.7430937966236,759.2818015424879,D_top
115,1,559.4225155489578,755.311336582848,D_top
116,1,557.3667684595257,757.7032650611092,D_top
117,1,555.7376851036637,765.7113435486621,D_top
118,1,548.7295088093462,761.4971109948125,D_top
119,1,525.4808552628015,769.4213365373663,D_top
120,1,490.11497438858856,756.9764526946094,D_top
121,1,482.3119641357959,780.6568792910699,D_top
122,1,479.0827936419908,788.984171311773,D_top
123,1,467.31104293943537,789.9569329682121,D_top
124,1,465.54766783990937,844.1006538411924,D_top
125,1,457.6373349511655,852.0683778039361,D_top
126,1,433.5070751536906,845.3360935997875,D_top
127,1,409.3768153562158,838.6038093956389,D_top
128,1,385.24655555874097,831.8715251914903,D_top
129,1,361.1162957612661,825.1392409873417,D_top
130,1,367.6210354366002,831.270068004954,D_top
131,1,374.12577511193433,837.4008950225663,D_top
132,1,361.584818417828,832.5122275687821,D_top
133,1,370.1040766485352,849.6855133986805,D_top
134,1,373.2986954476524,855.0311230698078,D_top
135,1,377.0184131461865,852.4947061031951,D_top
136,1,379.1756655107024,851.9035576641927,D_top
137,1,378.41629809823314,851.1405097112431,D_top
138,1,380.5222973037956,851.9109730805428,D_top
139,1,390.9235865445549,844.3087927178422,D_top
140,1,389.58724795304266,840.0247039398498,D_top
141,1,390.1135215305511,839.1328354365875,D_top
142,1,411.857614570962,854.7786516435932,D_top
143,1,446.624028641246,868.3325580040333,D_top
144,1,447.5541148237181,870.4705454633242,D_top
145,1,435.0581268287885,860.4775831079904,D_top
146,1,452.4420256590678,869.6032123127096,D_top
147,1,444.4887042381085,850.6096304398804,D_top
148,1,441.5439380501003,852.5366654813033,D_top
149,1,404.5645549895901,811.3614321234097,D_top
150,1,403.9329732213916,811.9683729612071,D_top
151,1,406.1033466866712,821.3337300100371,D_top
152,1,405.34662873179536,817.4748745203425,D_top
153,1,398.8718399370805,810.6216125677837,D_top
154,1,375.3631349449726,794.1200002099439,D_top
155,1,341.6133792048199,763.4224964120342,D_top
156,1,368.7255398688411,777.3187426490115,D_top
157,1,416.9140153359701,801.3807872768928,D_top
158,1,417.3422250887703,800.3638107699805,D_top
159,1,418.1600231658474,796.2940957183948,D_top
160,1,418.9417792821397,795.8038027920986,D_top
161,1,419.30120640639615,790.6128488384458,D_top
162,1,416.9656077519948,782.8586194861558,D_top
163,1,423.2090571479917,780.1148482257012,D_top
164,1,423.7170289917959,779.8414593010933,D_top
165,1,428.5387211717576,774.2683371963725,D_top
166,1,430.3188080061556,774.6305061581835,D_top
167,1,428.2746542584301,773.3536677115069,D_top
168,1,427.2369375184231,772.1126017110967,D_top
169,1,424.4617634100979,771.878010792176,D_top
170,1,423.68143705218506,771.4184574666788,D_top
171,1,426.0907522107424,773.7642187394663,D_top
172,1,422.8915263346768,771.8016406113463,D_top
173,1,425.2767826727994,775.1881639961375,D_top
174,1,424.1187503342384,774.4295866040377,D_top
175,1,419.6452439571071,774.4437154043435,D_top
176,1,410.4566352135951,767.6819038638665,D_top
177,1,407.7980048489033,766.8601977425529,D_top
178,1,398.9421912857292,759.8004524421036,D_top
179,1,418.9732656541124,774.8699267287583,D_top
180,1,423.7066739140201,778.7408993537597,D_top
181,1,424.2126304177468,774.9916439580438,D_top
182,1,420.2293623103007,770.3577792308018,D_top
183,1,420.2677973166547,770.4112135913692,D_top
184,1,420.9637911120067,769.6422200514838,D_top
185,1,421.70678833979775,769.503238221459,D_top
186,1,421.4180558567787,769.1946919084775,D_top
187,1,420.2434345458919,768.3711033193028,D_top
188,1,421.1020350923288,769.0135249613564,D_top
189,1,419.3622549638833,767.3484794292422,D_top
190,1,419.61410891496087,767.2014752821299,D_top
191,1,420.28438593306754,766.9512078982577,D_top
192,1,420.51783444262855,767.0737884007722,D_top
193,1,419.8970123677502,766.3772269605398,D_top
194,1,419.3303783142815,765.6675712035209,D_top
195,1,419.4518525849055,765.8608002796028,D_top
196,1,418.7427906257323,765.2955227221653,D_top
197,1,419.419135071882,765.196930472198,D_top
198,1,419.38541224109446,765.1087972897408,D_top
199,1,420.1569614363064,765.7397991535714,D_top
200,1,420.2747748229595,765.7487409938033,D_top
201,1,419.743623771718,765.5905525687433,D_top
202,1,420.25413516563714,765.6760648317755,D_top
203,1,420.9269620246493,766.8974866908288,D_top
204,1,420.8775382048057,767.1688117261841,D_top
205,1,420.7630504588038,767.2893046265831,D_top
206,1,420.8714145489843,767.4982853015679,D_top
207,1,421.64994708714585,767.580405396357,D_top
208,1,421.8571832109539,767.8093236990529,D_top
209,1,422.5673885689987,767.5062511045315,D_top
210,1,422.4005060309274,767.4011034515344,D_top
1,3,581.5953559949506,1294.5928156616646,D_right
2,3,581.5953559949506,1294.5928156616646,D_right
3,3,585.3610224436595,1291.369552784528,D_right
4,3,587.5810557300425,1288.8462757827576,D_right
5,3,591.3688505421957,1289.0136625421824,D_right
6,3,594.88552813497,1287.4882807228112,D_right
7,3,594.5007449136618,1284.5997966658506,D_right
8,3,594.5175228752262,1282.4587093919993,D_right
9,3,586.3966056551332,1274.313547064357,D_right
10,3,592.9024286516918,1273.6950849100708,D_right
11,3,586.6683637629526,1262.0709256188786,D_right
12,3,580.9349938393156,1259.337175033504,D_right
13,3,588.8214378546661,1262.9936837697792,D_right
14,3,590.6169692493293,1261.3439974475134,D_right
15,3,591.3860126183573,1257.835374562257,D_right
16,3,592.0556623376473,1245.5185181903898,D_right
17,3,598.6904052374073,1241.1594268018016,D_right
18,3,596.7396527319714,1236.7042409833798,D_right
19,3,604.8677463466147,1234.883058963047,D_right
20,3,604.4817796860474,1231.8283005774215,D_right
21,3,607.1378112492586,1232.5955624527382,D_right
22,3,604.4748281744181,1233.9683955581197,D_right
23,3,596.4033833108554,1241.9689913269528,D_right
24,3,596.8636997553293,1242.823174301726,D_right
25,3,591.9801406785284,1250.5228629404826,D_right
26,3,592.802965045199,1249.1182062004282,D_right
27,3,591.7345098059013,1253.8313082991515,D_right
28,3,593.7728994779308,1252.2887577126733,D_right
29,3,586.0039112079427,1261.0561842584552,D_right
30,3,576.5896666690527,1274.8510365845884,D_right
31,3,533.5751319032736,1276.2970343395446,D_right
32,3,578.5623592223144,1303.9180497647003,D_right
33,3,572.6168662436687,1307.2183755018434,D_right
34,3,570.5770843341949,1309.0910080874362,D_right
35,3,567.6598601273453,1316.5590216892451,D_right
36,3,567.4378074845105,1317.0819467409071,D_right
37,3,557.7201937662542,1316.2950548415956,D_right
38,3,554.8566975425705,1319.7892676835113,D_right
39,3,538.513073095909,1330.100271025332,D_right
40,3,529.3080020597562,1330.216166229549,D_right
41,3,524.7111002794164,1332.0722896066331,D_right
42,3,525.4890144069017,1333.9703778084713,D_right
43,3,518.5050838057225,1333.393200820532,D_right
44,3,516.5143436917447,1329.925235661316,D_right
45,3,516.3693337369776,1330.58084160439,D_right
46,3,515.4707902153523,1328.4800959309755,D_right
47,3,504.8014344372961,1325.5277045676212,D_right
48,3,505.1996233529129,1323.5815222006268,D_right
49,3,505.7120914059806,1322.186814766637,D_right
50,3,503.1005362993908,1321.3686707300408,D_right
51,3,492.04467329886114,1313.076046013829,D_right
52,3,489.2931896940294,1306.444934294635,D_right
53,3,494.3920888703923,1300.815514360427,D_right
54,3,488.645699027937,1302.082916276402,D_right
55,3,476.5918017367299,1301.8872979240502,D_right
56,3,470.12943345663786,1295.526981369216,D_right
57,3,488.6321945521672,1278.790014115791,D_right
58,3,473.3980585977676,1268.2336122375889,D_right
59,3,445.00784992836896,1253.9458529965293,D_right
60,3,427.7149762158944,1242.9430470054135,D_right
61,3,462.1456644830333,1262.3276650735716,D_right
62,3,488.193425312083,1276.7466989203865,D_right
63,3,514.2411861411326,1291.1657327672008,D_right
64,3,488.3852388143235,1277.596007976674,D_right
65,3,469.42981868085343,1266.799534890019,D_right
66,3,461.264304016348,1258.4675028410238,D_right
67,3,456.42288147314,1252.9810348914714,D_right
68,3,456.66026685083824,1247.0134321218188,D_right
69,3,447.46038957500224,1234.076946827232,D_right
70,3,418.6587273902919,1214.321828036639,D_right
71,3,411.2786045449052,1197.886030993258,D_right
72,3,409.0323674545232,1187.5624200693835,D_right
73,3,411.7885315277147,1177.6362931570984,D_right
74,3,412.7925583625793,1180.3210692184632,D_right
75,3,409.8090217213427,1171.033013454337,D_right
76,3,414.3274325626778,1171.0305951720284,D_right
77,3,398.8066040889617,1150.2878443514264,D_right
78,3,383.2857756152455,1129.5450935308245,D_right
79,3,375.9314364499627,1117.9761235548565,D_right
80,3,364.82126505789233,1109.675940185424,D_right
81,3,371.0659066978998,1104.004959704084,D_right
82,3,359.1727733422218,1092.7717222644867,D_right
83,3,350.8899985837835,1078.0182669266285,D_right
84,3,341.4711539023182,1068.793573659772,D_right
85,3,333.3959406272398,1057.453165975858,D_right
86,3,326.6920808078835,1051.2086517509647,D_right
87,3,350.3493034065484,1061.4060114475965,D_right
88,3,304.8611256866993,1026.8161061289688,D_right
89,3,316.3399066102124,1019.1227739018764,D_right
90,3,316.6017155500787,1011.2192399708752,D_right
91,3,325.15647448282346,1004.9151485287236,D_right
92,3,325.5653889793583,1001.1319409304192,D_right
93,3,331.3551784593088,983.9547387089956,D_right
94,3,331.90997643891365,977.899960538947,D_right
95,3,336.64720996947267,970.2277045954604,D_right
96,3,337.9673910494618,970.0177315376512,D_right
97,3,337.5670562147596,968.2991348673604,D_right
98,3,333.2888118385381,961.5725270016956,D_right
99,3,313.2083715476443,935.38892966161,D_right
100,3,304.22159470988294,925.662445936176,D_right
101,3,308.8976375263754,921.2786647767284,D_right
102,3,300.5674198056107,916.864815655182,D_right
103,3,287.7606170102677,900.2841086559696,D_right
104,3,294.6605365047607,891.7144411792427,D_right
105,3,301.5667555826683,890.1947756973397,D_right
106,3,304.3387284084643,890.4264652562055,D_right
107,3,302.7393144211684,888.2703454127885,D_right
108,3,302.4874966344731,888.3770393467271,D_right
109,3,313.148559892643,888.9231939874264,D_right
110,3,309.22262137310395,892.8302641034984,D_right
111,3,294.40044648565214,881.5913060192562,D_right
112,3,290.47020435708555,889.2349788648254,D_right
113,3,309.86944866742954,904.1071272584556,D_right
114,3,299.60620572695984,900.5690651675485,D_right
115,3,307.7510707524272,930.0548395239368,D_right
116,3,318.1216298966699,939.766989763622,D_right
117,3,327.3669728332416,943.4050576773792,D_right
118,3,338.1347362518717,957.3386731246202,D_right
119,3,349.2324020835144,964.754535474594,D_right
120,3,349.97281766886124,965.261258134018,D_right
121,3,351.9114029595842,969.7062484352108,D_right
122,3,349.5462383483872,974.6424162070604,D_right
123,3,346.23073613221726,994.46554735448,D_right
124,3,339.748672394392,998.398354962448,D_right
125,3,332.76099933941106,1010.0890194297534,D_right
126,3,333.8886478735784,1015.5149872942148,D_right
127,3,326.4062958900891,1033.83587650579,D_right
128,3,323.39365876048515,1042.4255960633525,D_right
129,3,316.1049311666475,1052.430915473095,D_right
130,3,314.77653173942144,1053.7452320037246,D_right
131,3,315.9482279334658,1061.5481757490606,D_right
132,3,315.12043445642536,1071.5204942813602,D_right
133,3,306.0501667998099,1081.0179683730662,D_right
134,3,298.58473665774227,1091.4802435011632,D_right
135,3,282.8259697969493,1101.9816193276763,D_right
136,3,279.47851534748463,1107.9342072519555,D_right
137,3,249.8086135390573,1108.3407996880046,D_right
138,3,260.8245981777994,1121.7662128844383,D_right
139,3,250.3648681324672,1124.3119913757546,D_right
140,3,239.98610456964408,1115.0397459226524,D_right
141,3,238.7166331067976,1110.3416714122322,D_right
142,3,243.96631043081857,1098.4580069322874,D_right
143,3,247.60339920737235,1092.3188582691166,D_right
144,3,251.09395849868736,1091.2173406188049,D_right
145,3,255.78654841113485,1075.786661315012,D_right
146,3,259.0404694806105,1077.4689972790004,D_right
147,3,273.63693953019595,1082.0349726082272,D_right
148,3,288.23340957978144,1086.600947937454,D_right
149,3,302.8298796293669,1091.166923266681,D_right
150,3,317.4263496789524,1095.732898595908,D_right
151,3,332.0228197285378,1100.2988739251348,D_right
152,3,346.6192897781233,1104.8648492543616,D_right
153,3,343.3583882204725,1096.686859519583,D_right
154,3,344.1107192785283,1096.7921654915224,D_right
155,3,338.709090267422,1082.3008624415004,D_right
156,3,311.97834179748605,1060.9517891606165,D_right
157,3,316.95452553599245,1052.0272184063328,D_right
158,3,330.9456423341781,1030.108320221647,D_right
159,3,337.52977311666666,1018.643644118789,D_right
160,3,336.4733391842453,1015.02130676402,D_right
161,3,336.75437754677074,1009.5467929599216,D_right
162,3,338.2721929291481,1005.8295213130688,D_right
163,3,339.76225019905024,997.6961319767628,D_right
164,3,338.6156314762247,994.4078319524062,D_right
165,3,339.4203237358532,987.4923109060592,D_right
166,3,327.9770616124921,963.4352428269704,D_right
167,3,336.574304601114,958.2060185543398,D_right
168,3,335.132603818074,955.9621350785284,D_right
169,3,325.6189558407516,941.448828776961,D_right
170,3,309.5430990653473,929.3463695246512,D_right
171,3,326.3053874731747,926.300225582469,D_right
172,3,330.15878853364615,925.1510563703532,D_right
173,3,331.9527466912788,918.7958332909868,D_right
174,3,332.30261946676075,916.2138385549624,D_right
175,3,334.9729347338075,912.1862473623796,D_right
176,3,305.54419484667466,894.0353444638075,D_right
177,3,300.19733774099353,889.3212661975926,D_right
178,3,300.6733334443738,886.9252689254037,D_right
179,3,298.6543234687412,885.72259819298,D_right
180,3,296.26871488284417,883.8591904813305,D_right
181,3,296.43601978960095,878.0608313822256,D_right
182,3,292.4155958679373,875.8499265443613,D_right
183,3,295.9389594663242,872.679285891146,D_right
184,3,293.7151902707289,868.3434412734072,D_right
185,3,292.0843848056294,865.5697370388032,D_right
186,3,295.21106010561465,864.8475350343917,D_right
187,3,279.1337517842549,847.3705856617365,D_right
188,3,280.86254508620266,844.7027699821812,D_right
189,3,277.0581113117196,838.0187873484709,D_right
190,3,281.6458577917999,836.7185281701617,D_right
191,3,282.4790517305529,834.7554083384883,D_right
192,3,278.4083670709924,830.1849354798532,D_right
193,3,276.2942468504477,827.541597870129,D_right
194,3,273.64165803368167,824.1512102057222,D_right
195,3,276.01140846676753,820.5316451570258,D_right
196,3,267.520685753454,812.2905664448251,D_right
197,3,267.3750861094909,805.3015851500862,D_right
198,3,258.78927190710203,799.133800475413,D_right
199,3,257.9156802288041,794.998487646632,D_right
200,3,262.05424017893887,797.7085048311842,D_right
201,3,261.9101493359722,791.6436847583942,D_right
202,3,262.3562656023242,787.2463166695869,D_right
203,3,268.72099226202016,786.0741497260989,D_right
204,3,268.58145340533025,784.1725785789782,D_right
205,3,269.7278223725693,783.1689497288357,D_right
206,3,270.9793766628246,780.0258740501695,D_right
207,3,267.74746978860594,775.0984180982816,D_right
208,3,268.8117732708799,773.9261308450494,D_right
209,3,273.92239593615915,773.5447394696071,D_right
210,3,272.99980122014784,771.9050376537581,D_right
1,4,973.7561345628344,1033.6817398262542,O_top
2,4,973.7561345628344,1033.6817398262542,O_top
3,4,973.2563446534429,1033.5698049837445,O_top
4,4,972.6611289168,1033.1859741449375,O_top
5,4,973.02021272446,1034.164324947268,O_top
6,4,973.3044580223982,1035.0635591625892,O_top
7,4,971.740102141782,1034.537727041565,O_top
8,4,971.3451239301468,1035.0528126953916,O_top
9,4,961.464464049796,1027.6601550846883,O_top
10,4,955.935127188912,1023.8923891376965,O_top
11,4,952.5610005302256,1024.5564879897877,O_top
12,4,950.7508495704936,1024.8086010371023,O_top
13,4,952.9503035924188,1030.2622228374596,O_top
14,4,949.3808279329348,1028.7333011264527,O_top
15,4,958.5440652747682,1046.2818310700582,O_top
16,4,956.4455519300286,1050.4517213589183,O_top
17,4,952.84856073474,1062.0002949911209,O_top
18,4,951.9697315054096,1063.5677366816376,O_top
19,4,947.9485263319928,1069.5824253664057,O_top
20,4,945.5389401688766,1067.1020835494064,O_top
21,4,944.6388180540766,1067.003180267322,O_top
22,4,939.917119549494,1072.1075791285955,O_top
23,4,937.3479552055596,1076.4929187842772,O_top
24,4,935.216875212778,1080.0580593430218,O_top
25,4,932.7905089985168,1086.7142062942344,O_top
26,4,930.040498619406,1089.9152624770109,O_top
27,4,928.5726536410853,1089.5226890763877,O_top
28,4,921.1771442304956,1090.071770607723,O_top
29,4,908.628675344224,1105.9136224896606,O_top
30,4,900.7649294409588,1117.44545183037,O_top
31,4,881.0777670097283,1148.6933906963536,O_top
32,4,886.5443648206591,1144.302633544862,O_top
33,4,873.0632821057892,1147.052242662909,O_top
34,4,860.3282254561043,1150.0720212801532,O_top
35,4,811.3591997788333,1140.316631934391,O_top
36,4,801.8448838844746,1150.3193341995789,O_top
37,4,789.0723100781985,1160.7402207153505,O_top
38,4,782.0757206142241,1167.9201941845106,O_top
39,4,751.2271803773403,1176.7775236833218,O_top
40,4,742.7214108260583,1186.904709846769,O_top
41,4,740.9694817476677,1190.92588119098,O_top
42,4,731.8904828545716,1208.8568342418914,O_top
43,4,725.0030397610636,1219.2260764064,O_top
44,4,721.0154776695992,1223.3942806182008,O_top
45,4,682.2354579683738,1221.1014479056078,O_top
46,4,669.8757398240308,1222.2908426228898,O_top
47,4,625.2937974682904,1217.1201941168945,O_top
48,4,621.3771495023459,1230.273366076305,O_top
49,4,615.4857629872441,1250.7654700358594,O_top
50,4,613.4696772875145,1253.240352020533,O_top
51,4,608.9825656112614,1259.675008947096,O_top
52,4,608.5885752706064,1263.4102478791615,O_top
53,4,548.6101181214311,1250.198970202415,O_top
54,4,540.3996701161501,1250.9912509061753,O_top
55,4,528.8348407235345,1251.7140017284812,O_top
56,4,545.8758374148847,1269.9931651156774,O_top
57,4,543.7017889749072,1274.0114939258676,O_top
58,4,545.5713781993339,1272.0178609921115,O_top
59,4,545.6488317840091,1273.0082198570108,O_top
60,4,544.713314208987,1272.887721352932,O_top
61,4,543.7887776974527,1271.299362706124,O_top
62,4,540.2656166372186,1268.9402942476108,O_top
63,4,501.73047590334176,1245.7200849418134,O_top
64,4,501.8528479629013,1240.8731279145877,O_top
65,4,548.8805643769676,1254.0822212053329,O_top
66,4,525.073025231584,1248.297609697155,O_top
67,4,552.6446655499446,1257.8701496720323,O_top
68,4,553.288526240352,1252.4502734788125,O_top
69,4,548.1708232257515,1241.121533676605,O_top
70,4,522.7131157540352,1229.5315731949656,O_top
71,4,515.9444927432125,1220.1371044488446,O_top
72,4,515.3130417176243,1218.5767413046467,O_top
73,4,511.4609563462631,1206.3503736186433,O_top
74,4,505.0239690643336,1204.031367444525,O_top
75,4,500.9579001686222,1194.1490675805435,O_top
76,4,484.8145303764669,1183.8680998418072,O_top
77,4,459.2210874516977,1174.7608923731434,O_top
78,4,445.9442172344542,1175.914678903844,O_top
79,4,444.3264838916272,1168.3162892928085,O_top
80,4,443.90856603942376,1165.6596640359985,O_top
81,4,442.5785205218348,1163.2954344574432,O_top
82,4,435.3091363755801,1157.981328474089,O_top
83,4,398.81841759079657,1141.2827701116414,O_top
84,4,396.9276532947755,1137.666239932575,O_top
85,4,392.9092592895511,1137.6996729375323,O_top
86,4,390.52569778589714,1137.4313576521508,O_top
87,4,385.78600091245534,1132.8741937611742,O_top
88,4,389.20150830311775,1134.3798099662106,O_top
89,4,387.1338684589739,1135.4295766890548,O_top
90,4,385.75254818503,1134.586142866296,O_top
91,4,372.7510669520723,1132.412681929922,O_top
92,4,370.8556495390565,1129.725170944807,O_top
93,4,360.2928367979809,1126.1202741425373,O_top
94,4,358.3983477716314,1125.0063671997048,O_top
95,4,356.8487808933576,1124.7527305887274,O_top
96,4,354.6521427616734,1123.5877708092112,O_top
97,4,346.61937534430626,1119.3573388688624,O_top
98,4,344.8695387024188,1118.6824395593617,O_top
99,4,337.95690165409786,1116.7392647168658,O_top
100,4,338.47778033613383,1116.7999501865568,O_top
101,4,334.5609253823856,1115.7465557102096,O_top
102,4,334.4324015709533,1115.6678368229022,O_top
103,4,332.9516297876885,1114.8074477778357,O_top
104,4,332.6183791606282,1114.6137680735471,O_top
105,4,331.6374289549881,1114.7211307464434,O_top
106,4,331.71810651226616,1115.5964927942937,O_top
107,4,330.49970874549183,1116.596101098321,O_top
108,4,330.63584011851464,1117.4187921853006,O_top
109,4,330.9971279835582,1121.956625564029,O_top
110,4,332.4299404013848,1125.056963047044,O_top
111,4,330.85945868209154,1128.3856242220556,O_top
112,4,328.7688291584366,1130.9860010507202,O_top
113,4,325.4728902280794,1134.7621463666712,O_top
114,4,326.08518697908744,1136.2624445072106,O_top
115,4,317.05601658237447,1141.625275260153,O_top
116,4,300.2834501987977,1143.3972818501727,O_top
117,4,302.89347410628983,1155.4992479213622,O_top
118,4,307.92392774735447,1161.1863231940963,O_top
119,4,310.8765533560563,1175.7793551524835,O_top
120,4,308.9798768383883,1179.312368838232,O_top
121,4,302.6210741846927,1185.798619881327,O_top
122,4,300.7389385977428,1193.7203086260251,O_top
123,4,294.6478828996746,1205.293987771224,O_top
124,4,294.3308477810263,1207.6244119438877,O_top
125,4,286.9524028484633,1208.7995260219134,O_top
126,4,289.57091831733743,1211.8519510489157,O_top
127,4,282.6251875349789,1211.1540696471911,O_top
128,4,282.01536425100494,1212.1314193657531,O_top
129,4,279.3593377750664,1211.9247481729244,O_top
130,4,281.9497674574117,1214.464055423233,O_top
131,4,287.6039598334549,1222.9469190813784,O_top
132,4,286.96401171548644,1233.9704593745837,O_top
133,4,290.1448026178962,1241.3705830086817,O_top
134,4,289.62449688385465,1239.2944231566048,O_top
135,4,293.2855957317827,1236.9064812617355,O_top
136,4,294.0762244618968,1236.6109198370664,O_top
137,4,303.5771001147716,1229.4934086320818,O_top
138,4,307.08325947257265,1227.6933810359055,O_top
139,4,305.24106443605496,1222.068274266782,O_top
140,4,307.9195500059719,1223.2630876837986,O_top
141,4,312.76910955156546,1214.1884444568825,O_top
142,4,325.3132399164832,1215.281729744466,O_top
143,4,356.1536311919297,1206.8179805732193,O_top
144,4,358.0710366259459,1202.517726485189,O_top
145,4,376.187480779966,1176.6476645497671,O_top
146,4,387.9905457286416,1157.4797264041358,O_top
147,4,384.3757334419205,1152.4888665258086,O_top
148,4,393.8320378857201,1156.5089376846329,O_top
149,4,404.6578286325933,1140.464201742749,O_top
150,4,392.8655502984085,1128.1624345201835,O_top
151,4,409.8403909160513,1122.036748294814,O_top
152,4,409.6516285321493,1117.0257660840673,O_top
153,4,421.85965139393534,1104.3383774515626,O_top
154,4,428.234089797184,1094.700306323573,O_top
155,4,433.704458985337,1077.4623701076905,O_top
156,4,437.11269540084527,1073.740824829455,O_top
157,4,448.70270391331456,1071.3371383628148,O_top
158,4,459.9124885393391,1073.792543669481,O_top
159,4,470.6594738944897,1051.9788351827983,O_top
160,4,470.6730142740623,1043.9213178529783,O_top
161,4,467.3911321382625,1034.5648600712657,O_top
162,4,474.4783892167194,1033.029481058598,O_top
163,4,485.21420617559374,1029.6391420142547,O_top
164,4,486.8159765157649,1021.3068838027812,O_top
165,4,495.7622914609904,1007.389862994674,O_top
166,4,504.73433955612,1000.0217978593664,O_top
167,4,523.549127742076,993.1656755619426,O_top
168,4,520.4724559354902,983.9241523903196,O_top
169,4,523.152881107551,970.369634450946,O_top
170,4,521.7410089299761,964.1860647872402,O_top
171,4,529.6420171961317,948.0225134516044,O_top
172,4,540.6248082697891,938.9441475428245,O_top
173,4,554.8551518893728,929.2888084425184,O_top
174,4,545.2669939083139,921.5403085546776,O_top
175,4,556.3954421914135,910.6710188363114,O_top
176,4,560.6528486232232,905.3406965018312,O_top
177,4,560.5329554678232,893.2320097589102,O_top
178,4,563.9193116173406,885.4044227204859,O_top
179,4,572.4752979701173,866.1382934314012,O_top
180,4,574.7283591100941,864.8339861968861,O_top
181,4,574.9867198407277,846.6997240067187,O_top
182,4,573.3496288131649,839.884533228502,O_top
183,4,559.9143477019276,813.1988984864047,O_top
184,4,558.1512635115673,804.3999336238653,O_top
185,4,563.9588672663364,796.7474673254001,O_top
186,4,563.209013066112,790.0188515888237,O_top
187,4,562.1249428017484,775.0691055566151,O_top
188,4,558.7116115982433,766.5262120141056,O_top
189,4,536.3410831074043,737.2520390375275,O_top
190,4,536.3867956950689,735.801962387246,O_top
191,4,522.9100723321665,718.4664303538406,O_top
192,4,520.7198064294633,717.6095697997023,O_top
193,4,518.4132896214217,712.3075500086612,O_top
194,4,517.1002484612137,709.6806114887177,O_top
195,4,493.4809302285576,688.6744449904118,O_top
196,4,471.12215691549727,667.7881888469683,O_top
197,4,464.7488626456852,659.5103914665473,O_top
198,4,460.902738083824,656.0628924522863,O_top
199,4,461.63525773382577,657.5735476464282,O_top
200,4,458.8934987515108,657.393913936588,O_top
201,4,448.7602336964713,653.4091776506568,O_top
202,4,424.9244861041864,634.7415864636707,O_top
203,4,394.8627062213429,612.1991504089159,O_top
204,4,391.55362627311,610.299007471318,O_top
205,4,389.0707144960062,612.1571403748487,O_top
206,4,378.4959000568732,605.3682297517811,O_top
207,4,349.6234394685744,584.5815726004473,O_top
208,4,350.46684097374265,591.0179074343432,O_top
209,4,331.92225910341256,584.2434399086329,O_top
210,4,328.3470672758538,581.7472207574629,O_top
1,5,622.3748675104488,1389.1126550175643,O_right
2,5,622.3748675104488,1389.1126550175643,O_right
3,5,623.9961511999061,1386.386966410091,O_right
4,5,624.0854663812542,1384.9279832059715,O_right
5,5,628.5044165721555,1377.129164992965,O_right
6,5,630.0728454430526,1372.7051952232991,O_right
7,5,634.991313966902,1364.4663762835396,O_right
8,5,638.641536056831,1361.7680698738395,O_right
9,5,645.0976305653326,1349.5310203895338,O_right
10,5,644.3548039135968,1347.53781846527,O_right
11,5,649.6711163498481,1342.511640922485,O_right
12,5,649.3706817209234,1338.8491851423778,O_right
13,5,655.591582129483,1336.873224413184,O_right
14,5,653.7252895836223,1337.3354139777866,O_right
15,5,643.261969056251,1329.3031868801909,O_right
16,5,646.776105904674,1328.0945650663066,O_right
17,5,657.0917013862581,1326.0703893988946,O_right
18,5,666.5987508254715,1329.1270529591368,O_right
19,5,679.2205170131142,1327.8048686844268,O_right
20,5,684.1026175001718,1331.0856764898087,O_right
21,5,700.6192885254815,1341.7338597196017,O_right
22,5,702.726775490264,1343.7840588700203,O_right
23,5,702.2760697921365,1346.025760451763,O_right
24,5,699.3148638230253,1354.4692109752316,O_right
25,5,692.7373861867243,1364.1077466983277,O_right
26,5,692.7953128791667,1370.7596498376463,O_right
27,5,700.4314070753168,1383.3034756205125,O_right
28,5,701.0769113174243,1386.7333255023289,O_right
29,5,696.0840019148964,1396.2339684556148,O_right
30,5,693.0560950875464,1401.6086641247637,O_right
31,5,684.6772666060705,1410.373469835136,O_right
32,5,682.0045337378887,1416.4739124897972,O_right
33,5,668.341335808282,1416.5657875112122,O_right
34,5,662.7975987417194,1416.811118101545,O_right
35,5,646.0362037417701,1415.8174325979328,O_right
36,5,638.15053649537,1414.2047873676786,O_right
37,5,619.3936559853316,1411.2751034487608,O_right
38,5,615.1827089100307,1412.4546655701283,O_right
39,5,611.2906673404862,1421.3518146827894,O_right
40,5,609.4350301934393,1424.0984566539717,O_right
41,5,604.5131774447374,1427.3163052907173,O_right
42,5,604.5662449131272,1428.3351019431925,O_right
43,5,603.4119799772967,1431.7662412701452,O_right
44,5,603.2649910637895,1431.7291981790213,O_right
45,5,602.6906992133963,1431.5971352561403,O_right
46,5,603.4993346930033,1431.4256650329569,O_right
47,5,605.197971476883,1431.7095344263432,O_right
48,5,606.3666640344026,1431.6781395263856,O_right
49,5,605.9432939732876,1429.1613525420196,O_right
50,5,605.824774472314,1428.042729595809,O_right
51,5,605.8863404498702,1426.4228893708355,O_right
52,5,605.5091699289641,1425.5899698769,O_right
53,5,603.2233907652791,1424.2488201444585,O_right
54,5,603.3243627061114,1424.651102065694,O_right
55,5,599.2043567809375,1422.384382251607,O_right
56,5,602.6228020867329,1419.9558685229572,O_right
57,5,602.9849524832881,1417.4159049953826,O_right
58,5,602.5339973963071,1414.57837301866,O_right
59,5,612.1498433374695,1401.9171460296511,O_right
60,5,612.31379770069,1403.2808947507797,O_right
61,5,629.2034317449771,1376.1393331808397,O_right
62,5,642.7902875295774,1358.5819665837782,O_right
63,5,640.9110968839568,1361.8453076756466,O_right
64,5,652.5735518271588,1345.0273911301972,O_right
65,5,651.8890167180404,1335.8031167033864,O_right
66,5,631.3885611444358,1304.6051074984186,O_right
67,5,639.965538576853,1281.9259059387125,O_right
68,5,616.1066366132619,1268.180048189236,O_right
69,5,648.6121543053165,1269.7303663956018,O_right
70,5,682.3974490638733,1268.8194625478943,O_right
71,5,707.1406405609008,1271.4542759171077,O_right
72,5,706.4703317518363,1268.2389576936885,O_right
73,5,712.075526441742,1263.3642420771566,O_right
74,5,713.7541686948018,1261.0637707747808,O_right
75,5,721.0711342872415,1249.1538146506668,O_right
76,5,721.6142884708013,1243.586826248347,O_right
77,5,720.0439236957318,1239.4426459779636,O_right
78,5,721.2136036068454,1239.400499506084,O_right
79,5,726.5201105016858,1238.7204595797705,O_right
80,5,731.3887512776502,1235.2577715361012,O_right
81,5,739.9412578247767,1229.507354340539,O_right
82,5,743.8828266902764,1228.6812157928869,O_right
83,5,744.4593495881314,1222.1921548068726,O_right
84,5,746.8704482161173,1222.8729500778668,O_right
85,5,741.736185504563,1200.9570864538928,O_right
86,5,753.04322443555,1182.1846454730598,O_right
87,5,746.3013029304851,1167.140160389654,O_right
88,5,764.9127222084855,1157.7544955987644,O_right
89,5,771.1245040752868,1143.6013755634551,O_right
90,5,770.7783654930485,1136.676843025406,O_right
91,5,742.6863624213511,1089.0413492908372,O_right
92,5,718.8959215380684,1081.8230031009766,O_right
93,5,754.4876991313948,1058.458407146914,O_right
94,5,758.4009550144457,1052.741695432593,O_right
95,5,728.7395436108203,1016.4244642999226,O_right
96,5,726.212221144747,1000.7294181816176,O_right
97,5,731.2276232613652,988.9804685139304,O_right
98,5,732.9457584326005,981.5736990668568,O_right
99,5,733.9412785574492,956.5937594158296,O_right
100,5,731.3226522177948,934.4238439486576,O_right
101,5,703.3012492019669,895.703168389782,O_right
102,5,696.7975473402215,881.483996910847,O_right
103,5,696.8440658598588,875.1435911756989,O_right
104,5,705.6315901408644,861.5956854395753,O_right
105,5,704.1507432789193,849.2681159333175,O_right
106,5,700.2210205091922,844.9830711311445,O_right
107,5,702.7900486230237,846.622988970536,O_right
108,5,697.3145022372935,847.4082677736991,O_right
109,5,681.3850572860001,850.8943103351679,O_right
110,5,677.6540465556806,853.5363255146171,O_right
111,5,659.816664104364,876.1027692504448,O_right
112,5,657.2205585986605,878.2008426944719,O_right
113,5,657.535402133595,882.1615045858271,O_right
114,5,656.1739818387931,880.1308664821445,O_right
115,5,648.1752439765802,895.3971169172144,O_right
116,5,639.6236993653856,892.8971068437997,O_right
117,5,582.964432375751,868.6844901334238,O_right
118,5,577.0761995714918,868.1988487675725,O_right
119,5,563.8339369962916,867.3590996490963,O_right
120,5,554.4370139453798,874.1933047644955,O_right
121,5,549.2581887348724,878.5138800425876,O_right
122,5,513.5580271973392,857.6702665852227,O_right
123,5,482.3684048354994,845.8660135185617,O_right
124,5,469.8129872283125,808.1036260891584,O_right
125,5,459.99132667620427,807.3558182452324,O_right
126,5,456.9682274449368,854.7100870966291,O_right
127,5,441.5874914013877,852.5461636345078,O_right
128,5,434.9100696313413,849.151250322488,O_right
129,5,403.8374601602598,849.8484025824393,O_right
130,5,398.54982094350447,851.0718889031965,O_right
131,5,386.6345417155784,847.2031949083737,O_right
132,5,374.7192624876523,843.3345009135508,O_right
133,5,311.11316933340106,810.5996145254012,O_right
134,5,247.5070761791498,777.8647281372517,O_right
135,5,183.9009830248985,745.1298417491022,O_right
136,5,183.26355721810864,756.4778432849133,O_right
137,5,232.4899676061209,796.3127789512907,O_right
138,5,238.2952574485961,804.9372064029717,O_right
139,5,220.73811453479823,787.9176050761245,O_right
140,5,229.6219540616274,793.1972283572854,O_right
141,5,245.89844863918157,802.7748939987428,O_right
142,5,243.41869905159737,800.1253986435316,O_right
143,5,246.32557204635987,797.1504987516048,O_right
144,5,251.9823562034706,799.3075715083513,O_right
145,5,258.9639805939448,789.6047178309394,O_right
146,5,263.2748582324812,789.1769311809649,O_right
147,5,312.2434354529591,820.5461718366092,O_right
148,5,327.4171460432079,827.4628573072744,O_right
149,5,358.62772973454054,841.3900667665732,O_right
150,5,359.46889438013926,839.4499378510334,O_right
151,5,364.705702825183,838.3015685558286,O_right
152,5,355.632584919981,831.8991672235785,O_right
153,5,366.1061608488967,829.9568999881042,O_right
154,5,367.098366132572,828.0637724293764,O_right
155,5,360.4647030221189,817.5198360970628,O_right
156,5,364.5505320206125,818.3442524231258,O_right
157,5,357.80366159197024,805.2021517755003,O_right
158,5,360.7801298877093,801.7025843627237,O_right
159,5,361.0889732808503,795.9340518591607,O_right
160,5,360.28269484187734,793.2693541542918,O_right
161,5,354.1829204611881,779.5763132169197,O_right
162,5,355.97783655638983,779.527005082313,O_right
163,5,354.22917862847453,775.1253187548317,O_right
164,5,355.182208232114,775.0006850524599,O_right
165,5,348.05511860454743,766.9797753305339,O_right
166,5,354.6203773742347,768.1096542501283,O_right
167,5,356.856446984018,768.3865413462004,O_right
168,5,355.8251740204172,764.1542005497721,O_right
169,5,351.0842273479463,757.6299793577255,O_right
170,5,348.82612271348745,756.122697042965,O_right
171,5,349.63632088512526,753.2382537429435,O_right
172,5,335.4472158334818,740.672303188084,O_right
173,5,340.2690367505169,743.2304781253307,O_right
174,5,345.090857667552,745.7886530625775,O_right
175,5,349.912678584587,748.3468279998242,O_right
176,5,354.7344995016221,750.905002937071,O_right
177,5,359.5563204186572,753.4631778743177,O_right
178,5,361.00399817111247,757.085615858082,O_right
179,5,368.9366312714737,759.2142665395514,O_right
180,5,370.1759299564516,760.1903788450223,O_right
181,5,368.0811888351343,760.282431691883,O_right
182,5,363.0328940879616,757.8162904030997,O_right
183,5,361.8427154368563,758.747814404173,O_right
184,5,363.58348897125495,760.4690363041934,O_right
185,5,365.52271884395617,763.716611078385,O_right
186,5,368.3216263537692,765.8538522307373,O_right
187,5,371.9628032651229,767.3907587929967,O_right
188,5,371.8553305186354,767.7870385005655,O_right
189,5,365.2803517202081,763.6551458167528,O_right
190,5,364.5875031938154,763.0572761416664,O_right
191,5,365.29527614338144,764.1750745154783,O_right
192,5,364.6130198251288,764.5246318499035,O_right
193,5,362.5290461029042,764.7210118259937,O_right
194,5,362.448848736362,764.8774066119227,O_right
195,5,359.8776833099768,763.7040898217898,O_right
196,5,362.30990348704535,765.5296333880794,O_right
197,5,355.25851296839625,761.8647667173922,O_right
198,5,355.2390192810608,762.2339133467025,O_right
199,5,353.4775160573094,762.2283714775518,O_right
200,5,352.818263220823,761.7909194561004,O_right
201,5,353.35765227564866,763.1383678438629,O_right
202,5,354.7214530967961,763.9581384843118,O_right
203,5,356.62897451465017,764.4710604494193,O_right
204,5,358.63509103445807,766.0601937484272,O_right
205,5,363.5780915849576,769.7277080021821,O_right
206,5,365.3791942561646,769.6827424506436,O_right
207,5,364.83113916273646,766.2285365011468,O_right
208,5,365.6946566882568,766.324036845679,O_right
209,5,370.6910212022371,768.7966342138434,O_right
210,5,371.14281762330256,769.2984637582441,O_right
1,6,607.2570943175075,111.39625557403788,O_left
2,6,607.2570943175075,111.39625557403788,O_left
3,6,607.6312450934553,112.1287389467947,O_left
4,6,607.833540851765,112.34311966318278,O_left
5,6,607.097742054637,111.86992024467908,O_left
6,6,607.0281219641336,111.95043004251008,O_left
7,6,607.4263486386045,112.79700950078016,O_left
8,6,607.1264865564402,112.3052270425498,O_left
9,6,605.7781405146759,111.17355846766264,O_left
10,6,605.5259904857762,110.7759661537704,O_left
11,6,605.5259715843882,110.79691363550278,O_left
12,6,605.4757272982162,110.91239141551598,O_left
13,6,604.8787371431805,109.97139152998976,O_left
14,6,605.3823074208461,110.89331400319833,O_left
15,6,604.7604421701747,110.65419179471282,O_left
16,6,604.8419211549561,110.79559870378012,O_left
17,6,604.794975849696,110.72695986212524,O_left
18,6,605.1155484675046,111.26355442704786,O_left
19,6,605.4298322733907,111.9738979732253,O_left
20,6,605.2540598833006,111.73126419943029,O_left
21,6,605.7801216675289,112.58950559556784,O_left
22,6,605.3822642146167,112.03384243098644,O_left
23,6,605.7984546096253,112.84031045036896,O_left
24,6,606.389751849343,113.421690510179,O_left
25,6,606.3448450130874,114.4960607343676,O_left
26,6,604.2115717287924,111.7682728409292,O_left
27,6,604.8305859850143,112.7386927453124,O_left
28,6,605.6183803726116,113.90067823120631,O_left
29,6,606.7415023806955,116.99428576167612,O_left
30,6,606.867613600818,117.4045052297068,O_left
31,6,605.9147807748336,116.49426530659116,O_left
32,6,606.8945863402288,117.74539282944042,O_left
33,6,608.7593843650754,121.03700908429958,O_left
34,6,604.4857003215099,114.85575825103616,O_left
35,6,609.9140592654671,125.58477756440486,O_left
36,6,607.9653452666009,122.38399550781816,O_left
37,6,606.9850614484868,121.49071842188864,O_left
38,6,607.3202935424173,121.85213213116803,O_left
39,6,606.3228318589715,122.94175730845338,O_left
40,6,605.8475460747125,122.22829387997956,O_left
41,6,608.5132253399345,126.5286149540624,O_left
42,6,608.7555485592203,126.7729182131621,O_left
43,6,607.6479785666669,125.00204640243486,O_left
44,6,607.9180444830404,125.3047142029653,O_left
45,6,609.5598813197812,128.25632225095745,O_left
46,6,608.482400403279,127.51025023082836,O_left
47,6,608.1854296193094,127.80663340789856,O_left
48,6,608.0054368787642,127.80864102398353,O_left
49,6,610.1402820369809,129.99135591336056,O_left
50,6,609.0655148240767,128.40448666859845,O_left
51,6,606.5981069630346,125.9900345559224,O_left
52,6,606.9567154762,128.71380097461167,O_left
53,6,607.2164772379493,129.18848810870213,O_left
54,6,607.1807381124362,129.9340780575924,O_left
55,6,605.8597997205192,128.71435129953832,O_left
56,6,605.4826354638701,128.3484264392217,O_left
57,6,604.9544244786084,128.513444525152,O_left
58,6,604.2460686686678,128.6095498638725,O_left
59,6,601.9677836472578,127.3253068408078,O_left
60,6,602.1863561305622,127.54109092204666,O_left
61,6,601.2246814800577,126.7969920417384,O_left
62,6,601.1559326140178,126.83356605801514,O_left
63,6,600.6468813017082,126.46874501711822,O_left
64,6,600.7252912612579,126.18836050165524,O_left
65,6,600.3537437453604,126.12388777025689,O_left
66,6,600.3754670900653,126.30397019653816,O_left
67,6,600.3290654405358,126.06154577736658,O_left
68,6,600.4365678914738,126.0490638934508,O_left
69,6,602.3995531578977,128.36588133617826,O_left
70,6,602.4936888169763,128.50068881150665,O_left
71,6,601.8688200544925,127.62620582073248,O_left
72,6,601.5029625536347,127.12243007255756,O_left
73,6,601.5187330195772,127.25257881558178,O_left
74,6,601.5424818427445,127.53589509181938,O_left
75,6,601.821542408517,127.83107496767082,O_left
76,6,601.2725629326468,127.98322790712032,O_left
77,6,601.4569862266798,129.23776686792436,O_left
78,6,601.4911285377701,129.4082212383875,O_left
79,6,599.746137931766,127.88399140055512,O_left
80,6,599.3346967647955,127.17734070677776,O_left
81,6,599.7097968574706,127.76454844395695,O_left
82,6,598.5203678756062,126.8336737083465,O_left
83,6,599.0393426367319,127.64985966131016,O_left
84,6,598.688667307944,127.13038275867848,O_left
85,6,598.7178568311155,127.0708063357585,O_left
86,6,598.6285840422496,126.9887409915881,O_left
87,6,598.9852043204872,127.40663048839536,O_left
88,6,598.8095461608636,127.18696582249196,O_left
89,6,600.1633288248582,130.48071882584165,O_left
90,6,600.2439401118171,130.5573038585826,O_left
91,6,600.1929553371922,130.47752614978415,O_left
92,6,600.2192519549028,131.11273001262072,O_left
93,6,600.2047915289071,131.1762086055739,O_left
94,6,600.0842613363369,131.8989785618874,O_left
95,6,601.1247351594361,134.37507951417862,O_left
96,6,600.4117656916336,133.97487513657572,O_left
97,6,598.5304611991362,133.32013030523683,O_left
98,6,604.7613554058129,143.88382633918627,O_left
99,6,617.5859754448571,162.01418597318496,O_left
100,6,616.4498428718339,163.3279767783675,O_left
101,6,619.2662561285953,171.4834482864178,O_left
102,6,613.3495891202051,165.96283051373814,O_left
103,6,609.9555849011417,166.84107712906695,O_left
104,6,601.7922022161127,164.55157290475327,O_left
105,6,566.547575822041,132.25948525174417,O_left
106,6,535.9325806369889,116.52897394148302,O_left
107,6,532.917280904468,130.82992567832162,O_left
108,6,532.005297027038,132.639050667112,O_left
109,6,512.5721354145927,121.40043747424036,O_left
110,6,498.4614483919115,106.93143516924306,O_left
111,6,446.30614129785977,75.02935153847812,O_left
112,6,464.6687951208882,103.02713057962325,O_left
113,6,466.4338920547321,132.07001357529205,O_left
114,6,462.839066994,139.99475895597004,O_left
115,6,442.6006649910637,141.24350687725095,O_left
116,6,383.1709518449375,74.13109253200393,O_left
117,6,372.5410728044538,78.50717885382807,O_left
118,6,381.2538690922296,101.84222362568492,O_left
119,6,355.4197630217383,103.76441260919223,O_left
120,6,352.9518955374217,109.08601917070474,O_left
121,6,326.5372107491572,105.20472590985388,O_left
122,6,318.6813413107586,108.09433290061448,O_left
123,6,302.96589456490057,105.19364535103956,O_left
124,6,293.090734044865,99.43649591812324,O_left
125,6,292.86268371405737,111.10068660291452,O_left
126,6,277.6834686551172,108.25594119064968,O_left
127,6,284.8028043313465,124.0922267437132,O_left
128,6,286.179717995329,127.69887900287029,O_left
129,6,278.87383761208093,124.2507275491044,O_left
130,6,276.9737708840952,122.38483680850769,O_left
131,6,272.9054335982587,120.15223974134592,O_left
132,6,268.9757567367577,117.83549349675862,O_left
133,6,263.8317441631483,112.7456821008806,O_left
134,6,262.7887306395773,111.04392164172585,O_left
135,6,265.2641460532302,112.69226071788994,O_left
136,6,266.0730548868813,113.303948871115,O_left
137,6,265.32041761501256,112.42305573431152,O_left
138,6,264.4409992255031,111.1236970540743,O_left
139,6,270.1920327739973,114.06832124633924,O_left
140,6,270.43660723784177,113.25805230750434,O_left
141,6,270.69158067784804,110.5403411780914,O_left
142,6,267.6841731435533,106.45557449078932,O_left
143,6,271.2451566092831,108.20716283936994,O_left
144,6,274.2898432149522,108.57077935839683,O_left
145,6,271.9125120192131,105.49302238808048,O_left
146,6,270.42472029642335,103.32174338346702,O_left
147,6,270.7154012407667,104.21310435724376,O_left
148,6,271.0739689309894,104.70006403782584,O_left
149,6,267.88507992443056,100.48875257773244,O_left
150,6,268.32535392511005,101.17382785662164,O_left
151,6,265.24974077049063,98.85225974922764,O_left
152,6,270.65353051009095,105.71739953542404,O_left
153,6,272.5842752265797,110.92444642596018,O_left
154,6,271.0249976724937,110.8666577960903,O_left
155,6,268.50925502366374,111.62164395123352,O_left
156,6,265.2420449071907,108.32351255241686,O_left
157,6,269.69578551528383,114.10817168019952,O_left
158,6,269.4075184146265,113.07429550836429,O_left
159,6,274.32772924834165,119.29404399263449,O_left
160,6,273.49510002885296,117.95264973586256,O_left
161,6,278.14729079224094,120.58479982210112,O_left
162,6,273.2348580215137,115.31631704704915,O_left
163,6,271.6195634894458,115.1857568043384,O_left
164,6,271.03206027853685,112.88257608334018,O_left
165,6,271.5146837056108,112.99858913299846,O_left
166,6,275.6205566001302,112.32633219827449,O_left
167,6,278.2069152406,116.80610493518346,O_left
168,6,279.3418329371046,117.4883959218258,O_left
169,6,280.43018565966463,116.7085615345055,O_left
170,6,279.9830567838912,115.62426021818209,O_left
171,6,278.8802361668395,114.10257429910637,O_left
172,6,279.0527634402627,115.22939630098293,O_left
173,6,279.23489936551874,114.6040800096304,O_left
174,6,282.5204563122683,117.85209954603218,O_left
175,6,282.0280672267335,114.53953519728006,O_left
176,6,273.22234764055713,103.64434917041076,O_left
177,6,275.786294041649,101.66259591807884,O_left
178,6,275.6564117310939,99.93370053098504,O_left
179,6,282.13253440206654,109.73880913994756,O_left
180,6,287.98638300582934,115.12290079998678,O_left
181,6,280.61473052534734,107.22160253466586,O_left
182,6,284.9705788998384,109.9595666861087,O_left
183,6,282.12155493533413,110.30137046675353,O_left
184,6,263.6339011636797,93.00675016308963,O_left
185,6,239.08810652884367,66.66763281257828,O_left
186,6,206.63291587255333,30.373900807163917,O_left
187,6,203.68552214847244,34.754630508030964,O_left
188,6,202.2694413434028,31.120858749678856,O_left
189,6,219.04247904290105,55.66581032499821,O_left
190,6,219.34263631894487,49.22734733960026,O_left
191,6,242.0403616852241,82.7294248410665,O_left
192,6,265.6274840214143,111.6957379913326,O_left
193,6,264.0523667040065,113.95244355748382,O_left
194,6,261.4848841027668,111.3727681236188,O_left
195,6,259.70224941681755,109.82453757506237,O_left
196,6,258.3491192227164,106.80843449224685,O_left
197,6,263.6492083849243,110.519868673332,O_left
198,6,263.15417317337364,110.17971701569492,O_left
199,6,260.4299382361694,106.33864640991035,O_left
200,6,264.78031604367374,110.74341397834256,O_left
201,6,267.00630100427384,113.4457772960895,O_left
202,6,266.97701739402714,113.95804202446313,O_left
203,6,265.8541721181252,112.56317902230371,O_left
204,6,266.7004952543517,113.33359991738774,O_left
205,6,268.9962813171048,111.85776727871956,O_left
206,6,270.36271738040904,112.97740449914106,O_left
207,6,271.72507311574424,109.3293294533284,O_left
208,6,267.1619007642071,102.25116138380189,O_left
209,6,266.2988647656833,96.49579359259062,O_left
210,6,267.332207966865,95.5758643476148,O_left
1,7,554.2226757799584,423.5091150120364,D_left
2,7,554.2226757799584,423.5091150120364,D_left
3,7,554.6478132405749,423.4198403476862,D_left
4,7,553.6001577122007,422.4107947876003,D_left
5,7,555.4577873489086,425.27335765067744,D_left
6,7,556.6258816537222,425.68048455972087,D_left
7,7,554.850194848227,428.40710159387527,D_left
8,7,554.2759738104811,428.077088535836,D_left
9,7,554.604743503887,431.2370519487712,D_left
10,7,553.6838556978068,432.4490232567204,D_left
11,7,549.8066713951808,436.7931967928153,D_left
12,7,543.9588156395399,430.4880210068384,D_left
13,7,538.6720080914546,432.520976145284,D_left
14,7,538.3069350186652,433.5533665654928,D_left
15,7,535.7283071617064,442.9625618510811,D_left
16,7,532.0806248743359,444.7536836113297,D_left
17,7,526.9436210496776,447.06457737270006,D_left
18,7,525.508251601228,447.6560815111534,D_left
19,7,519.7337275115673,446.9948777528487,D_left
20,7,520.853475453637,448.7347442743708,D_left
21,7,518.854637475664,454.67017194786354,D_left
22,7,517.1318600572233,467.01988059975565,D_left
23,7,508.46376643322014,479.0934699170544,D_left
24,7,506.886293297984,481.5959971665478,D_left
25,7,507.420137518506,494.80010441103104,D_left
26,7,502.4225472612383,499.7785589479543,D_left
27,7,491.5059413984122,517.0010318214722,D_left
28,7,487.7913448704675,519.775753808253,D_left
29,7,478.2806106835915,530.1483356453745,D_left
30,7,481.8744269022783,536.2402847346877,D_left
31,7,481.2669003683659,545.338988873464,D_left
32,7,468.0406266564305,542.9264218826779,D_left
33,7,466.9750837759697,562.2115050866053,D_left
34,7,462.160332355404,565.1444703475779,D_left
35,7,461.0144873797411,583.5373277920047,D_left
36,7,454.7083195841604,582.9567541665546,D_left
37,7,459.3294377705606,610.2748000247867,D_left
38,7,458.5948128180793,616.2739945624182,D_left
39,7,464.99115291065215,632.8830787740065,D_left
40,7,460.0791370371796,634.9264340577885,D_left
41,7,449.4916437729155,650.194713851486,D_left
42,7,442.7851685618302,656.1116017886651,D_left
43,7,438.3877287787912,676.3828761969758,D_left
44,7,438.2322821757478,683.5191362201119,D_left
45,7,443.2082675393148,697.6076115446539,D_left
46,7,444.37375829963423,698.393557349492,D_left
47,7,440.8861220897861,701.4093342353149,D_left
48,7,440.8540801902597,705.126384252772,D_left
49,7,432.20615586236937,709.5285264451486,D_left
50,7,432.6961436262712,713.3722859894339,D_left
51,7,439.9272631768271,732.6096629082572,D_left
52,7,441.2051607840056,739.7350062105697,D_left
53,7,439.7541750268953,752.0267290702199,D_left
54,7,439.24573218741625,753.6137949022345,D_left
55,7,440.8786233474666,755.8544713018332,D_left
56,7,439.50536617962064,758.0023672879763,D_left
57,7,438.67981645580414,757.605314921493,D_left
58,7,439.7499432220781,757.8227083087473,D_left
59,7,442.58254695416485,754.5494928024248,D_left
60,7,442.7828229492632,754.3428315428508,D_left
61,7,442.9526006977293,753.486556486205,D_left
62,7,443.7539853120549,754.285635307721,D_left
63,7,446.1394997897861,758.4410923794054,D_left
64,7,445.2770301563607,760.3149871385808,D_left
65,7,442.10669228043895,765.0368836441422,D_left
66,7,439.34384830698457,766.3659231606467,D_left
67,7,447.2418484382811,774.5819353006933,D_left
68,7,448.29073097585416,775.9237559484017,D_left
69,7,445.22379814451386,779.2696994178463,D_left
70,7,443.25778298762367,780.4079010603991,D_left
71,7,440.2125919175102,781.4184789454631,D_left
72,7,442.1923788426607,783.5969923575745,D_left
73,7,459.1795450182274,798.6537929563633,D_left
74,7,460.7466998932412,800.4460762736727,D_left
75,7,459.2154398004998,800.0787835133274,D_left
76,7,462.89933737184407,800.063975510461,D_left
77,7,465.1164087632949,801.1608504013128,D_left
78,7,462.8483032707315,798.4652757292029,D_left
79,7,464.31351349055353,791.7006060950214,D_left
80,7,460.3809891936222,788.2199387424984,D_left
81,7,457.4330120003148,772.464911298324,D_left
82,7,455.3228148041191,760.1311658204197,D_left
83,7,458.7123959939399,745.8306208596427,D_left
84,7,452.4735067353128,736.9820875810639,D_left
85,7,461.494835400282,739.3314948998636,D_left
86,7,460.3011868186966,728.0656010047763,D_left
87,7,466.5844308841228,725.159979483128,D_left
88,7,469.0201827185834,724.9006656596735,D_left
89,7,471.8087831223846,725.3239925936952,D_left
90,7,471.54563518601736,724.3069565380769,D_left
91,7,468.33395314385007,720.3986553969049,D_left
92,7,467.94027571100327,719.2103032476165,D_left
93,7,462.8906447216137,713.7338887744648,D_left
94,7,462.3918900026313,713.1275905462857,D_left
95,7,463.16753975053257,712.2493194383395,D_left
96,7,458.2485384344381,702.6139185821288,D_left
97,7,426.5854147090537,676.427035497394,D_left
98,7,431.1020796673306,674.5402067189835,D_left
99,7,434.7257292992216,669.0357779147315,D_left
100,7,439.0410894645854,660.328770210661,D_left
101,7,440.9901517633874,648.2539799554504,D_left
102,7,447.6458262105482,648.4490060696714,D_left
103,7,467.3975926910222,654.9793791837179,D_left
104,7,482.5472869161876,663.2136039407333,D_left
105,7,524.3387399106401,684.5030868349304,D_left
106,7,567.8392712106762,717.8885608935744,D_left
107,7,537.4185640676275,670.8523834320845,D_left
108,7,507.4137886417095,636.1629141129879,D_left
109,7,515.2338606083373,634.2358623528019,D_left
110,7,515.570766398923,635.1266870693713,D_left
111,7,515.1661147809144,630.9618060113329,D_left
112,7,517.019212601847,631.1467154583883,D_left
113,7,517.8412769320604,624.7064413115447,D_left
114,7,517.3217506661708,622.2764779088277,D_left
115,7,516.8423589489735,618.5689845653333,D_left
116,7,519.8296166795752,618.6657635401739,D_left
117,7,519.9866483902372,619.6209462049899,D_left
118,7,518.5849117465951,618.7031039453993,D_left
119,7,517.82301608683,614.7433570829949,D_left
120,7,517.6924536460632,615.8400185421605,D_left
121,7,513.9320557011993,615.0582318847214,D_left
122,7,515.463770311061,621.1447911281756,D_left
123,7,453.71650954638073,583.171037595562,D_left
124,7,457.4820264189673,588.2111785414103,D_left
125,7,454.7505423438389,602.444146586525,D_left
126,7,452.2093641613532,604.1525961831018,D_left
127,7,436.4395119597537,604.0366112912953,D_left
128,7,422.6119398714446,598.8448312160804,D_left
129,7,395.6978594521362,581.0037610208575,D_left
130,7,408.6181478678763,595.988041396916,D_left
131,7,384.9155196631886,595.901224153885,D_left
132,7,382.5923215895716,602.3583866928678,D_left
133,7,373.82522843300177,612.8008742141072,D_left
134,7,368.722532653482,613.5448709432708,D_left
135,7,363.1641052516063,616.145538152193,D_left
136,7,352.13397583046896,622.2783400048282,D_left
137,7,343.9271275680029,629.6070219440135,D_left
138,7,339.989935557722,628.9210850432313,D_left
139,7,341.2518442070873,635.7299226061726,D_left
140,7,335.0272888656914,633.1554156758358,D_left
141,7,335.28846948501706,639.5301915620861,D_left
142,7,336.1230387620384,645.3725445237113,D_left
143,7,336.9573165289164,652.2687917080152,D_left
144,7,336.3204379265688,656.3871022044157,D_left
145,7,336.501616988269,664.0348889664392,D_left
146,7,337.3365214212652,664.2923110117038,D_left
147,7,348.7127384805552,670.8526948513326,D_left
148,7,356.02554140883325,675.252739477862,D_left
149,7,361.3318174241553,679.2528516268558,D_left
150,7,362.8399261435776,679.9512676209912,D_left
151,7,362.244871300114,677.9534402391027,D_left
152,7,358.5889225665537,674.4445960926703,D_left
153,7,362.1182258157075,664.4167126180267,D_left
154,7,357.83320648044315,653.7698205365191,D_left
155,7,374.7386904827621,660.9044514723703,D_left
156,7,379.7911245033687,668.2684911012065,D_left
157,7,383.7315227656016,670.9535386104154,D_left
158,7,384.298678658813,669.5538781942511,D_left
159,7,388.3049554313512,667.607752423513,D_left
160,7,385.9152490714554,662.8086196966733,D_left
161,7,391.6656219217817,655.1648167010478,D_left
162,7,393.70805048082,651.4396311085874,D_left
163,7,394.6847788139705,648.3246485172565,D_left
164,7,384.7921364640332,636.0314488325696,D_left
165,7,372.77230082171417,602.2138142960475,D_left
166,7,374.85268622140205,597.4362570539349,D_left
167,7,383.01158461000864,588.2090136235081,D_left
168,7,383.28150699867183,582.5497570680012,D_left
169,7,375.1458578937061,559.7898584466773,D_left
170,7,369.2124170972211,546.8180731640812,D_left
171,7,359.74816699036654,520.9768782201007,D_left
172,7,313.793945999315,455.3447995391869,D_left
173,7,363.4353716690072,488.2327288337778,D_left
174,7,360.80794412473256,476.3170259901317,D_left
175,7,361.4425656108958,466.478248597138,D_left
176,7,351.3249068912496,441.6901223390845,D_left
177,7,342.2585614930805,414.6455538142575,D_left
178,7,338.2075004545636,399.0627233809997,D_left
179,7,341.367334667891,383.6105420143497,D_left
180,7,340.4612432113423,375.9073250695489,D_left
181,7,335.1362414713637,369.2492263620615,D_left
182,7,336.0409687162627,356.18074668727894,D_left
183,7,307.8669332626163,315.0507612015824,D_left
184,7,305.80282876562234,307.55707436859785,D_left
185,7,308.5087322703895,288.212157338749,D_left
186,7,310.7044610301658,281.9185948112648,D_left
187,7,291.8680838212811,249.98685383791124,D_left
188,7,282.692865347567,239.8557461128773,D_left
189,7,240.5677348450523,190.77504361848,D_left
190,7,236.18318584565375,194.8645407012991,D_left
191,7,235.1895532438205,177.69185314290976,D_left
192,7,231.82187293191276,167.84317447495783,D_left
193,7,232.86342043769577,167.0335487610024,D_left
194,7,228.0899875502899,163.00448853557825,D_left
195,7,223.07197947931192,159.07344584988718,D_left
196,7,220.77061064873268,155.52671475424404,D_left
197,7,218.46458287233523,153.73014533075073,D_left
198,7,215.94869123491807,150.97739805604309,D_left
199,7,194.5886796106287,127.77424721262766,D_left
200,7,193.23612773182816,124.68924008659113,D_left
201,7,196.15222496080168,127.38771207398555,D_left
202,7,192.88377150644868,124.16299091198668,D_left
203,7,195.3532991116508,125.701088039058,D_left
204,7,194.29443226138304,124.1080569148516,D_left
205,7,193.5857167078341,122.86902082683017,D_left
206,7,194.2243140503409,123.95465917216768,D_left
207,7,194.53240420828556,125.40618353768532,D_left
208,7,193.7735381794253,125.1546972195533,D_left
209,7,193.81501637429463,123.70717407577855,D_left
210,7,193.21405836578643,122.949577303481,D_left
