1,1,835.1051413040261,1007.8640932628108,D_top
2,1,835.1051413040261,1007.8640932628108,D_top
3,1,835.1038756069465,1007.866784056674,D_top
4,1,835.2675702670184,1007.795150866922,D_top
5,1,835.3113372083362,1007.0382796839274,D_top
6,1,834.9514734116968,1007.0959657235976,D_top
7,1,834.0737617958049,1006.911040253696,D_top
8,1,831.8842955716934,1008.5087127030862,D_top
9,1,831.6109020306396,1009.2078894051214,D_top
10,1,830.838035316536,1010.6995819471676,D_top
11,1,829.839061687085,1010.5095211940668,D_top
12,1,826.7066897168485,1009.9210133892624,D_top
13,1,823.6418953000341,1008.7947334865524,D_top
14,1,819.7288430539436,1007.7475921904776,D_top
15,1,817.0711553484201,1007.3240539151764,D_top
16,1,818.6646212997604,1005.78887823009,D_top
17,1,822.4158798062667,1004.541484466302,D_top
18,1,829.2013991357436,1005.786736406892,D_top
19,1,835.1986279159639,1011.1142307787742,D_top
20,1,848.4076602936495,1019.7398963229464,D_top
21,1,849.6878050442272,1021.2425808465345,D_top
22,1,850.089340708233,1024.243721619434,D_top
23,1,848.6277757668872,1023.254917158292,D_top
24,1,837.010987100082,1034.4249512461604,D_top
25,1,844.8907470730652,1042.3698387529628,D_top
26,1,847.5613576421262,1041.653301157858,D_top
27,1,851.3022209155423,1039.428925990156,D_top
28,1,827.6472297379223,1016.2797432517804,D_top
29,1,805.5738430710477,1006.7632390592051,D_top
30,1,783.8381887889304,989.4344047204552,D_top
31,1,792.0516071187474,978.024516320228,D_top
32,1,830.092112990724,998.0050778438138,D_top
33,1,823.896856396192,991.2197316218604,D_top
34,1,803.4005093135207,980.0910178803884,D_top
35,1,795.5656891935059,983.3556128618654,D_top
36,1,800.2452422125435,977.4238456096568,D_top
37,1,799.230835936422,976.083672108818,D_top
38,1,800.6414897152279,973.349532499112,D_top
39,1,800.9858150621249,973.5561790561596,D_top
40,1,778.1566866485023,961.4984332374288,D_top
41,1,747.1642182160779,946.729851823727,D_top
42,1,723.3028992885335,930.2907927817812,D_top
43,1,720.5969256620874,932.8377169567884,D_top
44,1,721.8015512701027,933.221538498811,D_top
45,1,715.2815602277964,929.1505349667112,D_top
46,1,677.1522808007439,919.3490718998252,D_top
47,1,649.1576103707814,893.7398213049524,D_top
48,1,629.2679651718391,908.251576442526,D_top
49,1,628.188422661302,908.632932335046,D_top
50,1,620.7202316047449,918.0517546809516,D_top
51,1,606.164171345467,919.5363430948694,D_top
52,1,562.0792635080146,885.2000700104076,D_top
53,1,556.6728447425153,883.0552384248809,D_top
54,1,559.5129646631098,903.17126509528,D_top
55,1,547.8470263068889,912.234472854634,D_top
56,1,539.63189191098,930.6448680435158,D_top
57,1,542.2013533273858,936.8752998809586,D_top
58,1,500.8177801965245,925.536256831724,D_top
59,1,483.3095652525103,915.6109217801117,D_top
60,1,479.25526084315305,919.089374770712,D_top
61,1,475.2009564337958,922.5678277613124,D_top
62,1,455.0495101324327,924.0269015246952,D_top
63,1,434.8980638310696,925.485975288078,D_top
64,1,414.74661752970655,926.9450490514608,D_top
65,1,394.5951712283435,928.4041228148436,D_top
66,1,406.0327137972688,948.1886870284604,D_top
67,1,404.5024663764681,952.1755438942112,D_top
68,1,368.8231322052985,944.7696506985454,D_top
69,1,357.6185885306306,934.0815932190424,D_top
70,1,396.5369773908691,962.4394775206342,D_top
71,1,435.4553662511076,990.797361822226,D_top
72,1,458.1962831500191,991.4242055946718,D_top
73,1,396.01730828419466,959.2545228151166,D_top
74,1,333.8383334183702,927.0848400355612,D_top
75,1,300.0520912320477,903.3384139797672,D_top
76,1,304.5509430846471,904.5573043519208,D_top
77,1,297.3256225124471,896.8995591043472,D_top
78,1,279.9106209459266,879.7315385765789,D_top
79,1,278.89808861635834,876.7239561421173,D_top
80,1,280.3125438733658,872.1099394146908,D_top
81,1,277.32346669494257,865.9738337693532,D_top
82,1,276.7435384513805,860.4201365141656,D_top
83,1,282.4158971871294,861.7813178132285,D_top
84,1,234.83222455711004,799.1786410614327,D_top
85,1,238.0172926529711,795.1830104065818,D_top
86,1,244.1307344401012,781.8865374728513,D_top
87,1,242.4010990891453,774.4836209007694,D_top
88,1,237.93455035414456,759.8184874476316,D_top
89,1,235.1975334330197,751.8570509406002,D_top
90,1,31.28312837486031,574.3134246162433,D_top
91,1,36.56750265607999,570.9919053416904,D_top
92,1,253.9288359392944,695.4187107603573,D_top
93,1,266.9162242357337,697.8235762481961,D_top
94,1,249.8746353283801,681.5400126913693,D_top
95,1,268.8943431614131,690.9589583316127,D_top
96,1,261.565003904626,682.2132165466139,D_top
97,1,262.91657713859786,677.6179068731614,D_top
98,1,243.50718180591403,651.5824736127378,D_top
99,1,265.22481968435454,666.4013264607178,D_top
100,1,287.95845641510675,678.6304707015026,D_top
101,1,193.5491702197309,600.8996435832495,D_top
102,1,177.3827808586131,585.6129059209279,D_top
103,1,175.59885245925918,580.5087411350726,D_top
104,1,160.95132828515068,569.5447105414064,D_top
105,1,172.49941766020797,566.723660408564,D_top
106,1,164.11129473506423,558.9951837582627,D_top
107,1,178.28129786243576,566.9348062528278,D_top
108,1,187.36656560659932,563.986831588305,D_top
109,1,234.25133050727752,579.6540059484673,D_top
110,1,281.1360954079557,595.3211803086298,D_top
111,1,328.02086030863387,610.9883546687921,D_top
112,1,228.76819323997543,507.0608116934129,D_top
113,1,129.515526171317,403.1332687180338,D_top
114,1,30.262859102658524,299.20572574265464,D_top
115,1,-68.98980796599987,195.2781827672754,D_top
116,1,-56.515850629725584,189.99856640941695,D_top
117,1,-44.041893293451295,184.71895005155855,D_top
118,1,195.29057555535977,376.2199848841311,D_top
119,1,200.8963932423006,377.4491016629946,D_top
120,1,201.84415684706977,354.6064932745296,D_top
121,1,206.9784015842476,353.6668223097828,D_top
122,1,211.51878887159052,346.1713089048186,D_top
123,1,209.7073434528857,338.57616638284765,D_top
124,1,224.01149519113528,317.22674739825777,D_top
125,1,222.8462127776749,308.53032015031835,D_top
126,1,230.08394198307957,293.2005250614905,D_top
127,1,237.34031067819285,291.99899489876464,D_top
128,1,228.45265677177323,267.0203600601793,D_top
129,1,232.2069364857525,265.8623713678748,D_top
130,1,230.6599618676066,259.6087790794525,D_top
131,1,238.98909363263957,263.6142458723813,D_top
132,1,240.00100040697944,249.65757748385312,D_top
133,1,244.04534288265256,253.24152310688032,D_top
134,1,242.30947871545916,265.9878372407489,D_top
135,1,238.9413559597536,267.2332882925933,D_top
136,1,233.4292420048432,266.8483707660865,D_top
137,1,226.74613307011464,263.6748262044184,D_top
138,1,217.1964414656601,266.6088569723219,D_top
139,1,213.82174313641775,266.32734619297696,D_top
140,1,218.02734627218388,277.6749530309955,D_top
141,1,220.70877073391827,281.3687427576962,D_top
142,1,218.98923040691315,281.9913391917824,D_top
143,1,217.7262498611591,282.93037013278035,D_top
144,1,215.73218986638105,285.9044203195048,D_top
145,1,214.98170337683547,291.0513447312642,D_top
146,1,218.0109771952092,305.1652849578427,D_top
147,1,219.53006564807168,311.9189585415905,D_top
148,1,218.3561145008914,319.6749145115059,D_top
149,1,218.24790304012936,321.2542602313429,D_top
150,1,237.28645379873453,339.92519240343063,D_top
1,2,964.6624427788336,1032.5369470981252,O_top
2,2,964.6624427788336,1032.5369470981252,O_top
3,2,964.6900820218582,1032.5714584163627,O_top
4,2,964.2958117238924,1033.1183275429048,O_top
5,2,964.1487248470968,1033.0279721013285,O_top
6,2,964.1526371554196,1033.476423498968,O_top
7,2,964.1293275757292,1033.7887022628686,O_top
8,2,963.2971937902944,1033.7340317943176,O_top
9,2,963.1716329306826,1034.1484331703552,O_top
10,2,962.465370713066,1033.9061323563728,O_top
11,2,962.4929601415058,1034.1064254232017,O_top
12,2,961.9396395078988,1033.69206220664,O_top
13,2,961.7242276569352,1034.0284100153935,O_top
14,2,962.0778027651428,1035.7425094523735,O_top
15,2,961.6090541534204,1035.8083988851463,O_top
16,2,960.7236662544012,1035.5550125380537,O_top
17,2,960.7331363415068,1036.102050975349,O_top
18,2,957.4757273266284,1036.2553453335292,O_top
19,2,956.900077807304,1036.9220791704356,O_top
20,2,956.7832282153576,1040.5602914421474,O_top
21,2,951.7112332227669,1037.8052102121594,O_top
22,2,948.7806379272798,1039.582609878206,O_top
23,2,947.2690108107156,1044.7142233547372,O_top
24,2,937.759813188434,1047.6743519167592,O_top
25,2,931.9636267449026,1051.2981889540365,O_top
26,2,927.4956854951686,1057.481611032476,O_top
27,2,921.2594838070966,1063.993802952217,O_top
28,2,901.6779421899216,1082.9720270986925,O_top
29,2,901.291293035111,1099.3481823397383,O_top
30,2,890.8711447314525,1106.684426563109,O_top
31,2,882.2719828351961,1115.5038541988636,O_top
32,2,857.7121841367846,1119.9947234178787,O_top
33,2,850.9654382687999,1130.90992035564,O_top
34,2,838.1012019957107,1156.9975280939989,O_top
35,2,829.3191406739013,1159.7920754232846,O_top
36,2,814.7420068610976,1172.4971830716402,O_top
37,2,769.0105331026223,1155.9475350396951,O_top
38,2,789.7506608996358,1195.16876148076,O_top
39,2,783.9908428737205,1203.7100293025137,O_top
40,2,769.7058376917629,1216.8130473427768,O_top
41,2,755.6367869847891,1213.6329343102054,O_top
42,2,735.793708766709,1220.551682425659,O_top
43,2,730.8637971456764,1224.7305989364752,O_top
44,2,718.9389255830904,1234.330267892978,O_top
45,2,705.9249882844597,1236.437114464304,O_top
46,2,680.8025126667981,1232.906481339425,O_top
47,2,680.0208955203682,1241.7960277123464,O_top
48,2,691.9731981037712,1260.6874559503035,O_top
49,2,695.9460260927547,1264.525352458052,O_top
50,2,692.9183455862776,1269.8972242843506,O_top
51,2,689.4415733497461,1271.5128625883026,O_top
52,2,684.5097785927818,1276.079001953975,O_top
53,2,682.9433412947645,1277.7535702916214,O_top
54,2,677.525632681526,1279.4770926236638,O_top
55,2,673.8796048912924,1279.0433390777391,O_top
56,2,661.0987901589097,1271.7610586879755,O_top
57,2,654.4235888468414,1270.8182911750937,O_top
58,2,664.9305166209645,1283.5644229704335,O_top
59,2,664.1756528305159,1284.3692249042572,O_top
60,2,663.1202811014967,1286.378581356156,O_top
61,2,659.5336441897269,1285.471477169599,O_top
62,2,661.0594642647586,1275.5215946465412,O_top
63,2,662.1502040505163,1279.7628852428827,O_top
64,2,674.9604384420167,1264.0400503591998,O_top
65,2,690.6040318148331,1243.157856026132,O_top
66,2,703.1573813041279,1225.5219573900918,O_top
67,2,706.8810605145336,1221.574577498753,O_top
68,2,667.9200550200633,1203.1009487200788,O_top
69,2,674.1668735434881,1178.9360834956838,O_top
70,2,686.8245782899731,1154.231318169118,O_top
71,2,687.185396517202,1147.289317617148,O_top
72,2,688.5293622065975,1130.5218294917322,O_top
73,2,684.361846581355,1121.193327582973,O_top
74,2,660.854205128762,1087.878626544035,O_top
75,2,673.8386004437637,1070.3657119461006,O_top
76,2,680.8220415142022,1045.77045436208,O_top
77,2,678.3481550300038,1050.7881651718003,O_top
78,2,672.7373349647937,1027.0350172298852,O_top
79,2,639.7384649923217,982.6914638000864,O_top
80,2,637.272258634565,968.218653051003,O_top
81,2,636.3410007679228,962.255473038201,O_top
82,2,633.5017233103744,943.9403803016085,O_top
83,2,634.0010358480215,931.3126191086616,O_top
84,2,596.6128218729464,893.7411651177462,O_top
85,2,595.4376058116264,880.6224431678188,O_top
86,2,591.908980193223,873.2717623662921,O_top
87,2,599.7148759541165,852.4352834048376,O_top
88,2,599.1289537413323,828.7960665614047,O_top
89,2,598.3257638574081,833.4644903313405,O_top
90,2,530.3215734227559,770.1748496743372,O_top
91,2,520.8812912419125,759.2568226779122,O_top
92,2,504.0954975115816,734.0050798683471,O_top
93,2,501.465774525532,730.1024997768636,O_top
94,2,500.5851286519624,720.0200590443433,O_top
95,2,469.9790169266689,690.335631505153,O_top
96,2,450.94457378326143,670.2695652182043,O_top
97,2,443.6227120507919,664.6311887236876,O_top
98,2,433.1267306200057,649.5909842735437,O_top
99,2,432.0741700187128,651.6800584666395,O_top
100,2,427.6022743256094,644.6832058032535,O_top
101,2,429.8720526530789,646.1255270175512,O_top
102,2,418.5633661038647,633.1166982391153,O_top
103,2,411.3544419152664,630.0624774816906,O_top
104,2,390.9207630432451,627.6779246065638,O_top
105,2,381.3823643220608,620.4833069691229,O_top
106,2,362.12777483669714,604.2971173248925,O_top
107,2,368.75524626824034,612.5873045748797,O_top
108,2,378.2099877087306,616.1291440002315,O_top
109,2,370.615963304092,618.9881867371939,O_top
110,2,370.72757229668366,617.7451300684739,O_top
111,2,373.1289051772232,625.7167963310291,O_top
112,2,356.3428108411856,612.7878810488554,O_top
113,2,353.16184879723136,611.7358601628622,O_top
114,2,353.1459102876852,613.410042957919,O_top
115,2,346.7614626540778,614.9961753113341,O_top
116,2,346.2491678492798,620.1432057268262,O_top
117,2,348.3713920582496,623.2336952010801,O_top
118,2,346.94664955612205,625.0459069304845,O_top
119,2,348.9204841855162,627.384277335103,O_top
120,2,359.6709915032546,634.2628189670193,O_top
121,2,360.4499841027377,634.7749381270174,O_top
122,2,361.2587509216137,642.7646427052657,O_top
123,2,358.6463036187449,644.380205289946,O_top
124,2,356.60615502829864,647.3511145120235,O_top
125,2,355.2752952004521,650.80813421052,O_top
126,2,358.5188038405665,658.4432860586109,O_top
127,2,354.0568523286912,657.8967286169122,O_top
128,2,350.1575168653476,665.9533098591056,O_top
129,2,344.2874808892271,664.0631393682281,O_top
130,2,346.532971765354,675.4332582833769,O_top
131,2,346.77788065443906,684.4949524705381,O_top
132,2,332.1140540850467,686.2728927931655,O_top
133,2,333.01406637906905,695.0986055412728,O_top
134,2,330.65099920073374,703.4604111686375,O_top
135,2,332.8074178320184,708.7023166578069,O_top
136,2,327.43498440854114,716.835138456242,O_top
137,2,329.1489222539252,719.4808596662374,O_top
138,2,323.82705530472026,728.2687504863339,O_top
139,2,325.7787333385754,733.0371399504689,O_top
140,2,322.3971418268155,739.1121405877304,O_top
141,2,321.4637234383183,744.9728163935605,O_top
142,2,319.8721444282474,745.4282631442005,O_top
143,2,320.36381410333786,750.4048603789543,O_top
144,2,324.2942722352001,756.2344895452724,O_top
145,2,346.18182110920924,775.2351303880369,O_top
146,2,356.3119113085378,792.1947325828896,O_top
147,2,359.0965456488768,796.281385068285,O_top
148,2,361.946370691091,803.4420387242993,O_top
149,2,361.3849485048931,804.4874429368599,O_top
150,2,363.0925485990722,810.094616970997,O_top
1,3,544.3637743847778,460.18091725985335,D_left
2,3,544.3637743847778,460.18091725985335,D_left
3,3,544.300033656914,460.0618627802231,D_left
4,3,544.0660390341908,459.52050893742665,D_left
5,3,545.3721660617571,460.4537772676281,D_left
6,3,547.5978671078709,463.0014189996306,D_left
7,3,549.3683301627564,465.2654123566402,D_left
8,3,544.6109181813558,461.1853334806982,D_left
9,3,544.5826996320859,462.3921343697716,D_left
10,3,543.2440863374052,463.0325938690777,D_left
11,3,542.205252389354,464.75424081833927,D_left
12,3,542.6057553563998,469.3945543157856,D_left
13,3,540.5978731270286,469.6159351943018,D_left
14,3,538.8625983937636,477.3913800079206,D_left
15,3,536.6049601031953,478.2721577477662,D_left
16,3,527.1860236473948,476.471283171426,D_left
17,3,526.6462019337871,481.2758981232021,D_left
18,3,521.1483406980819,492.1198950163204,D_left
19,3,524.3306271289782,499.6223937059028,D_left
20,3,521.300665087332,503.4290292229172,D_left
21,3,517.2320907550792,501.2580040222586,D_left
22,3,514.0877040821762,500.0408918886604,D_left
23,3,515.7205301492381,503.21588317097934,D_left
24,3,509.86683122031206,508.6156726219768,D_left
25,3,503.00701004586574,516.1197918776915,D_left
26,3,500.3862109370135,520.0458826136115,D_left
27,3,505.2309851554726,532.0389780417673,D_left
28,3,481.4613034734561,528.1677984634348,D_left
29,3,477.0421929177264,531.8439158094524,D_left
30,3,467.1857723380653,538.5392515576766,D_left
31,3,459.8571434012753,540.4898407917169,D_left
32,3,465.0157405712627,562.0186944610717,D_left
33,3,460.5096318326343,557.864577066268,D_left
34,3,461.5036513468365,566.380920313696,D_left
35,3,451.6433067635645,567.1318479975826,D_left
36,3,440.7734939454558,574.2997573958479,D_left
37,3,425.4262293062615,572.5901840684471,D_left
38,3,432.291772357931,591.5903736594931,D_left
39,3,429.48027929632815,597.0023905014177,D_left
40,3,415.2358807278408,607.1328774355051,D_left
41,3,410.9338743260787,619.7522591565453,D_left
42,3,409.46445257647406,621.5203392413439,D_left
43,3,408.0074800989073,625.3886661129626,D_left
44,3,396.5438691559313,639.9375177242969,D_left
45,3,400.3705568566357,644.6660183828158,D_left
46,3,392.65706744145024,655.1266997123784,D_left
47,3,386.4438041949711,660.3598675387548,D_left
48,3,275.0054152922322,595.8141227797776,D_left
49,3,260.1709804448108,590.4657127588009,D_left
50,3,345.5931315575432,669.8913986368133,D_left
51,3,342.3613352806097,675.4072201114377,D_left
52,3,335.69215016577493,679.7115293415582,D_left
53,3,338.22693114791235,684.6710632110334,D_left
54,3,337.71912587293394,695.4994702115129,D_left
55,3,332.7522349962462,696.0772885846875,D_left
56,3,327.8961293491764,697.5913965885162,D_left
57,3,329.23728498794986,695.6377238679727,D_left
58,3,329.18070529072355,686.922403263626,D_left
59,3,330.68746194668734,688.2341217454374,D_left
60,3,343.60962465122884,689.4919274473085,D_left
61,3,352.8610368950981,690.6485821153477,D_left
62,3,352.0400056687942,691.4973692224285,D_left
63,3,351.9800002009825,691.7622136043508,D_left
64,3,352.9565310424498,686.6585570435709,D_left
65,3,353.2914278367492,685.2808410807714,D_left
66,3,363.2355255611077,680.555381119062,D_left
67,3,368.6946009644237,679.8305821867365,D_left
68,3,384.8968768662801,680.2457413220097,D_left
69,3,386.4977600976647,679.6039031190778,D_left
70,3,386.8435826048124,677.726167036952,D_left
71,3,387.3492281441398,677.4194695939913,D_left
72,3,389.5055051911912,679.6873903373789,D_left
73,3,390.1347714893943,680.7891169416142,D_left
74,3,392.6358881349488,680.4158512969135,D_left
75,3,392.8747448126034,674.8820349546625,D_left
76,3,380.01958752362816,649.3845391020877,D_left
77,3,373.9506621714048,635.5424823701866,D_left
78,3,361.2434843763077,605.9383900756491,D_left
79,3,359.7596398530852,599.5260086503866,D_left
80,3,360.48775221263287,589.2671632646835,D_left
81,3,360.3051225499463,583.3001108233631,D_left
82,3,363.7596690362876,582.6237947085089,D_left
83,3,366.0350724852641,581.041198373352,D_left
84,3,366.3310236196378,577.3476665702111,D_left
85,3,361.7399072487239,569.2396958919117,D_left
86,3,363.0843114790856,561.0291004360687,D_left
87,3,362.9144139057994,560.097947398833,D_left
88,3,344.52350815811764,539.6062063940834,D_left
89,3,349.54593901816054,544.2236272644438,D_left
90,3,343.03783571530784,534.5500251221373,D_left
91,3,354.7626108861115,542.293042415936,D_left
92,3,340.39298074164907,522.5335891726791,D_left
93,3,339.7951649669357,524.0818151293806,D_left
94,3,343.03470387228606,524.5703259383101,D_left
95,3,348.00029604566475,528.0351073547396,D_left
96,3,354.1911248969364,534.5137509976648,D_left
97,3,354.22389041570005,532.9137816865933,D_left
98,3,358.4271068527807,538.0758311379249,D_left
99,3,355.7056760233534,535.2842090385573,D_left
100,3,361.291197158994,544.5336389007443,D_left
101,3,352.9329163118716,551.1150605059183,D_left
102,3,360.14934292425926,536.5639897117842,D_left
103,3,364.527601087518,536.9357385155403,D_left
104,3,362.3828675927189,523.7041180842157,D_left
105,3,356.97382672165133,510.7872224978443,D_left
106,3,364.6141577484302,505.3816282848858,D_left
107,3,373.4319626753185,509.63218969624654,D_left
108,3,370.67114766848,502.9862770957063,D_left
109,3,379.5282792413789,511.922756526399,D_left
110,3,396.192773676812,525.1061998470934,D_left
111,3,399.67714049834416,526.5227809168732,D_left
112,3,429.6326706770431,506.1778862171253,D_left
113,3,434.4363538098537,503.7733086330029,D_left
114,3,437.9075524974744,493.6592188364708,D_left
115,3,457.3413137299276,499.4326620378379,D_left
116,3,476.7750749623808,505.2061052392049,D_left
117,3,488.9272416296369,493.4128774764715,D_left
118,3,501.079408296893,481.61964971373817,D_left
119,3,504.60881334825774,474.6963858086656,D_left
120,3,518.6044543086608,457.0024547645325,D_left
121,3,522.3729567860426,444.8744263037685,D_left
122,3,518.7043464937702,397.9638417651807,D_left
123,3,528.1893387500897,383.53042737731454,D_left
124,3,530.2562632676292,373.6964232086455,D_left
125,3,538.7967490560519,361.9323419685547,D_left
126,3,543.7521517318893,342.2679873194152,D_left
127,3,539.6922146623237,337.48148838699586,D_left
128,3,521.9574358767443,287.74582503465734,D_left
129,3,496.73280713799954,252.026530542233,D_left
130,3,520.5431342921211,270.77845333273893,D_left
131,3,523.1477948703947,263.8102200652149,D_left
132,3,531.9146641778865,257.09610025018264,D_left
133,3,534.599660450453,252.26281172613676,D_left
134,3,546.1841230077673,254.409791445191,D_left
135,3,544.1073862338693,249.9082630945334,D_left
136,3,544.2326141910964,244.27410752989576,D_left
137,3,543.3570850992438,242.7548434949421,D_left
138,3,543.4370896573778,243.24707609373408,D_left
139,3,546.0097937707346,246.12301015186603,D_left
140,3,548.2148678791438,249.2867728263913,D_left
141,3,545.8571999492024,247.4862351975993,D_left
142,3,542.8881113482746,246.14706884284183,D_left
143,3,545.4802916190332,251.48280979304369,D_left
144,3,545.268394914212,249.57283646625143,D_left
145,3,545.1170409843809,255.04404607871805,D_left
146,3,544.8140364379784,255.50402235562237,D_left
147,3,543.243835143795,254.9077147248681,D_left
148,3,542.2431930540506,260.0584509633974,D_left
149,3,540.631969824525,259.4816969095921,D_left
150,3,540.1475383865887,264.0490310745992,D_left
1,4,590.9760874808146,1242.655463583684,D_right
2,4,590.9760874808146,1242.655463583684,D_right
3,4,591.035036731318,1242.820297255685,D_right
4,4,593.603682369453,1231.0706565147086,D_right
5,4,601.3584574897437,1213.6772610457488,D_right
6,4,596.214787811069,1199.3721995753106,D_right
7,4,612.0029274570934,1203.2014810674175,D_right
8,4,577.4476117382047,1173.2879957693451,D_right
9,4,584.2213168247376,1169.799125507981,D_right
10,4,622.536757269492,1176.460360642409,D_right
11,4,626.0583835543711,1171.8945670158237,D_right
12,4,635.8952943463723,1166.2386199702391,D_right
13,4,639.2679206304006,1160.6850198545792,D_right
14,4,633.6784912833119,1144.049291161817,D_right
15,4,657.311044169724,1141.8350654798014,D_right
16,4,663.2027775688999,1123.2272687772786,D_right
17,4,670.7319740920063,1114.6868907893058,D_right
18,4,705.284717897633,1118.934745264626,D_right
19,4,715.3516260426672,1117.579148949084,D_right
20,4,723.3561833029231,1110.1655268347336,D_right
21,4,725.1536808753641,1102.376467142993,D_right
22,4,729.2608418908875,1095.0969931954903,D_right
23,4,730.5867103976261,1093.3350235116102,D_right
24,4,732.0322634528118,1086.6644082040625,D_right
25,4,724.1019503080672,1088.2930949609604,D_right
26,4,721.3291166865008,1071.5143261373028,D_right
27,4,719.9575437182874,1069.5209422224782,D_right
28,4,702.6304082185422,1062.976007047393,D_right
29,4,701.2843749018718,1061.2586502447489,D_right
30,4,700.2627480165032,1070.4025594029454,D_right
31,4,691.1069172425752,1069.8281776872857,D_right
32,4,672.870955362912,1058.9596151925048,D_right
33,4,651.2739935304759,1053.3935351682203,D_right
34,4,645.8275506182988,1062.35833274898,D_right
35,4,641.9919910066625,1069.5620182636574,D_right
36,4,686.1682695845293,1093.7895323178611,D_right
37,4,599.8021441420213,1053.723015040608,D_right
38,4,599.3888939364857,1065.5173103222908,D_right
39,4,643.5062735456335,1085.2980206073426,D_right
40,4,629.1635118264751,1095.48149129662,D_right
41,4,625.3880608528491,1092.1505514562232,D_right
42,4,617.7981715379478,1101.222599214726,D_right
43,4,615.6195966970279,1105.617402107979,D_right
44,4,608.1443282250412,1104.8300103540437,D_right
45,4,559.3802898096542,1085.727343644205,D_right
46,4,542.7521718793784,1084.8607220261897,D_right
47,4,534.3993503889933,1084.623591477039,D_right
48,4,562.1835378393997,1100.8780784695855,D_right
49,4,559.4928925857504,1105.9333905146418,D_right
50,4,546.4207283189124,1114.172328450032,D_right
51,4,548.2517069879311,1111.9225508105926,D_right
52,4,527.969534977915,1109.9861777497556,D_right
53,4,527.3053905168604,1110.2165485570656,D_right
54,4,526.466166320829,1104.947358908689,D_right
55,4,525.3874013209976,1106.1972575721766,D_right
56,4,530.52970476807,1115.838990797915,D_right
57,4,529.9000096582093,1119.8225210050728,D_right
58,4,554.8186896676314,1133.2061221838565,D_right
59,4,557.0111278654671,1136.4618185297184,D_right
60,4,555.0439618895354,1143.4460309237743,D_right
61,4,555.8476038035908,1147.4920252385452,D_right
62,4,513.6595259310535,1130.950983194824,D_right
63,4,508.05020089949454,1124.313314021219,D_right
64,4,451.4516429345563,1092.2310514731391,D_right
65,4,489.4348457072277,1111.2125496279048,D_right
66,4,488.5434730554188,1111.1349870325605,D_right
67,4,491.8766203260439,1105.0240512027308,D_right
68,4,554.0297562472614,1131.9127550644075,D_right
69,4,554.3081755277248,1128.668432368251,D_right
70,4,503.82600798101976,1067.1452528854034,D_right
71,4,548.3013054121187,1083.585360684055,D_right
72,4,555.9022567033194,1071.6738819309169,D_right
73,4,565.7609468437479,1046.1658252591803,D_right
74,4,556.2188592391594,1051.336252027545,D_right
75,4,559.8156828917989,1052.47725517102,D_right
76,4,563.8139812562051,1036.6920010250813,D_right
77,4,567.7680413150883,1029.4825554007468,D_right
78,4,530.3905608639454,979.8625546299638,D_right
79,4,568.1183166399152,996.4498087562104,D_right
80,4,548.3328181589412,951.7101823603576,D_right
81,4,540.3268339134765,935.2953800515965,D_right
82,4,553.7236095441936,920.7748277146954,D_right
83,4,554.0281865549201,913.8875586107914,D_right
84,4,535.7822932614729,882.8385700342862,D_right
85,4,541.0281115049122,877.3432575222872,D_right
86,4,541.2703664918091,865.8903067222315,D_right
87,4,516.6328296058042,846.5592035903899,D_right
88,4,509.89919458532114,822.0444986796984,D_right
89,4,499.96783674921465,809.8942726546204,D_right
90,4,485.34568106282927,795.4486779957414,D_right
91,4,492.5717936071077,792.8707431963561,D_right
92,4,495.6160518054044,788.0258334181483,D_right
93,4,495.0449976430338,785.9410335722099,D_right
94,4,469.8372873822502,762.9918717768018,D_right
95,4,470.02103117276727,740.1368382560516,D_right
96,4,435.7077463911859,714.0848998916017,D_right
97,4,387.4322848545021,673.4509324635216,D_right
98,4,388.8027280281893,671.8151618214455,D_right
99,4,380.1570438645364,677.5293961482049,D_right
100,4,375.3637858625996,671.9831393289281,D_right
101,4,378.40776366256114,669.690097048001,D_right
102,4,367.1461949208437,669.1280309103973,D_right
103,4,360.8245939677802,663.0097609667647,D_right
104,4,348.1489433800354,651.0950127397622,D_right
105,4,335.1285127598839,640.710514745719,D_right
106,4,322.93407679311207,642.6286956893339,D_right
107,4,317.42142700317896,647.3794754857074,D_right
108,4,327.12362919256555,639.310554444249,D_right
109,4,328.6141005691994,640.2218650130095,D_right
110,4,325.3113367363469,631.2893669920805,D_right
111,4,314.0162114664912,620.8016964582304,D_right
112,4,304.73397778004863,619.6543654501481,D_right
113,4,300.6657673591725,616.3839215379555,D_right
114,4,300.3335124990343,615.4290151089,D_right
115,4,302.11483355688574,618.3036924842081,D_right
116,4,305.44822381586386,620.9780120662787,D_right
117,4,315.2120979587387,629.6371068879894,D_right
118,4,307.8387219091793,627.3118455226091,D_right
119,4,307.7852262926123,630.8199163723995,D_right
120,4,301.5000863278809,630.2540363832086,D_right
121,4,306.2910752164542,633.4616558719192,D_right
122,4,296.7080178205573,631.1960552088616,D_right
123,4,295.0899298801764,630.4829275492671,D_right
124,4,291.09388923996096,623.5354123361244,D_right
125,4,286.84239083513864,620.1425515014881,D_right
126,4,286.7303714911898,621.1384403313787,D_right
127,4,291.5627094411353,624.3404503302377,D_right
128,4,100.5911793282913,451.5397932630576,D_right
129,4,144.55667265771146,489.0097099729024,D_right
130,4,116.95373088571796,471.2133699033414,D_right
131,4,285.42099806725366,608.7016656563547,D_right
132,4,289.7043715865787,616.1936854132808,D_right
133,4,304.61743198617864,629.1733520328987,D_right
134,4,286.74752522828,620.7277749166979,D_right
135,4,277.7442192376486,611.1991527555259,D_right
136,4,291.4632570923592,620.9979558323688,D_right
137,4,291.732602764837,626.5888716768461,D_right
138,4,293.98154396837367,632.1761638109248,D_right
139,4,295.6828839325046,634.0926289695811,D_right
140,4,294.195872185728,634.6872641507326,D_right
141,4,296.3346149331609,633.5440829549036,D_right
142,4,296.96317877577616,631.8429643398541,D_right
143,4,296.63200531560915,631.6891446914168,D_right
144,4,305.47549037105136,639.8461676572132,D_right
145,4,310.1202444982819,644.4816937740555,D_right
146,4,310.94701152730994,649.9860172399653,D_right
147,4,312.4265908139016,651.0178379151091,D_right
148,4,317.3513898255433,654.8353710613429,D_right
149,4,314.0835295212697,656.1559578989819,D_right
150,4,311.1424310937079,658.7957133031907,D_right
1,5,608.902803953251,101.2164224332332,O_left
2,5,608.902803953251,101.2164224332332,O_left
3,5,608.8795481567822,100.82949527717736,O_left
4,5,610.6414264971478,104.91323836257136,O_left
5,5,606.2041735732053,108.17260004446352,O_left
6,5,606.857338772765,111.7406459814431,O_left
7,5,607.3454134418877,111.20477528695795,O_left
8,5,602.602727101175,123.72444934181124,O_left
9,5,602.3301099727302,125.91151189115426,O_left
10,5,601.1310129218286,126.25427783877817,O_left
11,5,601.1908324956537,129.4728465970183,O_left
12,5,598.6762780435822,130.71747074144432,O_left
13,5,595.9388414849827,126.6911318788758,O_left
14,5,595.5379108784821,126.98466829374227,O_left
15,5,587.9924585921432,118.37827286046536,O_left
16,5,568.6313312163555,95.49274814879638,O_left
17,5,558.4832924294383,86.26077492858086,O_left
18,5,542.6580354763704,75.32249154930906,O_left
19,5,546.8488821948924,85.28833598402751,O_left
20,5,550.2601664501398,101.12063247815132,O_left
21,5,542.2539275833537,98.60504497934002,O_left
22,5,530.5538292694479,106.39225922808905,O_left
23,5,526.4736447092798,106.11793963825995,O_left
24,5,527.8233175322085,116.0687480812344,O_left
25,5,525.7354641237265,118.18493751737348,O_left
26,5,522.453726807839,116.1926617910763,O_left
27,5,522.8692991176201,116.2187644374669,O_left
28,5,511.8397383954909,106.03981727186066,O_left
29,5,511.5918498269284,108.3462172538648,O_left
30,5,491.0883519630085,95.22310094543074,O_left
31,5,489.0697410133034,99.88731813920462,O_left
32,5,478.21849452901984,104.47549216574312,O_left
33,5,478.0771403713304,107.0687831837266,O_left
34,5,462.4629163366256,114.34669250006868,O_left
35,5,460.387471056286,111.42127756558357,O_left
36,5,418.1657822905534,74.45993262213976,O_left
37,5,418.8446369485499,80.10260927997642,O_left
38,5,409.1843583954748,76.05533348008808,O_left
39,5,412.9072190470308,87.71404501040807,O_left
40,5,407.9181323439676,95.2520911216068,O_left
41,5,406.3370614974772,101.13348992615362,O_left
42,5,398.744207745543,113.63906660302408,O_left
43,5,392.2631479451501,106.786060206163,O_left
44,5,379.95180267556526,96.35202724322204,O_left
45,5,369.7467636868029,90.43522097239573,O_left
46,5,346.27362117556555,70.07551066245449,O_left
47,5,349.2749265828406,79.51834789386193,O_left
48,5,348.1242814591112,93.9872333828933,O_left
49,5,342.01864276329434,90.46122836830462,O_left
50,5,339.324676481188,101.89040961860924,O_left
51,5,339.98569781501106,109.45033572398968,O_left
52,5,340.0947894272802,114.22115534910937,O_left
53,5,334.5921761851883,109.91758968965055,O_left
54,5,325.48646837899736,104.10619940231794,O_left
55,5,315.1060666772661,95.99609217891104,O_left
56,5,293.7703233728564,79.49705898513032,O_left
57,5,278.2359680828286,63.8203663249032,O_left
58,5,276.47586583624707,68.76395713580202,O_left
59,5,274.74022156603,69.85480589206784,O_left
60,5,293.42066149911216,96.06137054707574,O_left
61,5,273.4665117938719,84.91128944544899,O_left
62,5,275.0586230622076,97.0815522280293,O_left
63,5,272.7471359443194,97.90917161956266,O_left
64,5,258.9467261349777,85.68391110924365,O_left
65,5,262.30555300218504,90.21696073555988,O_left
66,5,254.935507781181,86.6536385615642,O_left
67,5,252.5969415442962,85.81521378852925,O_left
68,5,240.71402625499283,76.33427914642826,O_left
69,5,236.95423018850155,71.73477254189325,O_left
70,5,242.3818329922698,77.93649877127551,O_left
71,5,241.95247441246005,77.66140423132529,O_left
72,5,241.3878588828853,78.69248867181678,O_left
73,5,239.61083663040964,76.89498061904814,O_left
74,5,245.3116980568944,86.43072997726924,O_left
75,5,245.37137121062173,88.82837146790649,O_left
76,5,248.41960634744376,99.04745561008497,O_left
77,5,248.9364035223188,100.67223025020378,O_left
78,5,244.55341741228716,96.3885702517836,O_left
79,5,243.88536063786165,95.91788987517734,O_left
80,5,247.52376080839292,99.59565231842822,O_left
81,5,245.0531989353693,96.93472813624528,O_left
82,5,242.6856160460524,93.24353280264376,O_left
83,5,238.5806312826126,87.71420531563676,O_left
84,5,241.02718768779013,86.08053106898788,O_left
85,5,243.6271418633843,86.56187282625618,O_left
86,5,253.3740966295669,91.9914684788088,O_left
87,5,259.7136926734834,95.22437892274986,O_left
88,5,258.963100790661,80.14308451424654,O_left
89,5,266.5869990573352,80.5282809500979,O_left
90,5,288.1455301839846,90.70316622562592,O_left
91,5,287.85678915973125,77.14445563457075,O_left
92,5,302.2444590770592,76.99552307391124,O_left
93,5,308.84501995848643,82.34548327634398,O_left
94,5,320.19230971309617,79.97005720714857,O_left
95,5,336.5487423000448,82.13522498716866,O_left
96,5,362.8648008742587,88.76647124321985,O_left
97,5,366.0719118898598,84.30190088419198,O_left
98,5,392.5967751096124,87.25159710127174,O_left
99,5,393.7291041323474,79.43260289581177,O_left
100,5,416.12763039828826,89.17417613232152,O_left
101,5,431.99905474219446,96.4247508057709,O_left
102,5,468.16505250749447,130.59245583588478,O_left
103,5,482.0107907037812,150.0721696611229,O_left
104,5,472.68531326993855,121.47496729859188,O_left
105,5,478.0464125234985,123.50601472947024,O_left
106,5,515.5335483274627,159.02113212450098,O_left
107,5,526.4298645608261,168.1404466709329,O_left
108,5,528.5956393548598,180.7807040807726,O_left
109,5,529.1535224875106,179.8267947426121,O_left
110,5,546.3589676684586,187.82284133964723,O_left
111,5,551.5269402570837,193.31950600269505,O_left
112,5,567.237929821938,197.1002482944181,O_left
113,5,566.3352701127908,192.6688028301964,O_left
114,5,569.3971623354798,190.76704443629623,O_left
115,5,564.3779227956737,181.47421800521144,O_left
116,5,566.0545648258837,179.5022096137905,O_left
117,5,566.4836308916539,178.67488735729833,O_left
118,5,569.434124610076,179.6495952288256,O_left
119,5,570.8087424780375,180.4734597792582,O_left
120,5,572.8537687030886,180.4740281119149,O_left
121,5,576.7075181933756,186.10245745481163,O_left
122,5,575.4375315499959,181.64571152980477,O_left
123,5,571.2754124306309,173.1976223360852,O_left
124,5,566.7352935198603,172.32614140772932,O_left
125,5,560.5415779384178,173.5590430049277,O_left
126,5,527.6155011478417,134.3382586233198,O_left
127,5,526.5558174483019,131.07065074897687,O_left
128,5,514.00119435304,111.1799986907412,O_left
129,5,504.1181640973041,99.60018594943188,O_left
130,5,511.5997583794518,108.16552209632714,O_left
131,5,525.8814289100062,129.56196776339544,O_left
132,5,560.6534594175469,179.53593800415513,O_left
133,5,559.8886370985714,180.40184700532564,O_left
134,5,570.8023801509815,189.9770643507381,O_left
135,5,568.1824456103689,182.53082727623365,O_left
136,5,561.9461440881471,176.13740216444822,O_left
137,5,563.3224221411466,177.18353099417595,O_left
138,5,571.2454730322061,187.179186166292,O_left
139,5,571.862417759875,188.2687078116616,O_left
140,5,576.5185567328502,185.68269150873104,O_left
141,5,575.7451141643086,183.7551755887357,O_left
142,5,576.5600741714758,182.24674185463465,O_left
143,5,576.922300781556,182.6796055855544,O_left
144,5,570.7791682166048,175.61090070434378,O_left
145,5,574.3889020177022,183.51368730826056,O_left
146,5,574.1763296946002,184.83740088469483,O_left
147,5,574.0336078924989,187.64207247067324,O_left
148,5,569.7071006151267,189.0335494771077,O_left
149,5,570.0564725231682,190.3741941963317,O_left
150,5,570.4529681028893,194.3404872523428,O_left
1,8,644.3642032980812,1301.7543497999875,O_right
2,8,644.3642032980812,1301.7543497999875,O_right
3,8,644.4827173560908,1301.8058536225672,O_right
4,8,660.3383086984973,1275.9246841927802,O_right
5,8,666.2215303099043,1267.4198584605751,O_right
6,8,679.3684322416883,1254.439729579659,O_right
7,8,689.3690487478661,1252.0650493836656,O_right
8,8,693.0661902768419,1229.0487540060633,O_right
9,8,702.8530067550741,1215.403230267113,O_right
10,8,709.2060225549058,1198.151869924252,O_right
11,8,723.0675330941913,1185.8585263841574,O_right
12,8,733.1831087058059,1165.9992601639271,O_right
13,8,735.2494383350462,1158.7601583479,O_right
14,8,738.1239151628419,1122.2996025568686,O_right
15,8,743.7871876310128,1111.24094535073,O_right
16,8,746.6457857422375,1100.1758753183565,O_right
17,8,752.84356817057,1092.2371714961514,O_right
18,8,786.8976531341128,1103.3644544976528,O_right
19,8,796.9049560213346,1103.4606505967151,O_right
20,8,810.8372344204937,1091.1465936114262,O_right
21,8,789.2607468134183,1069.474892153751,O_right
22,8,822.6388405350941,1083.5813824512484,O_right
23,8,825.4999695199566,1082.7968399393935,O_right
24,8,822.3369033105208,1067.688980222606,O_right
25,8,772.1792830444813,1026.6257892049443,O_right
26,8,773.8270261732885,1026.0627098681543,O_right
27,8,769.3433070605338,1024.618687042436,O_right
28,8,776.8204130338105,1021.1961298692532,O_right
29,8,783.2370296912276,1027.9218782657636,O_right
30,8,797.5922070150554,1034.2539806759858,O_right
31,8,815.5528663333138,1038.2148665248462,O_right
32,8,805.1960810186374,1046.478738558175,O_right
33,8,781.3747317462368,1037.2323477795708,O_right
34,8,828.0693820116203,1068.6224468045518,O_right
35,8,823.049476038057,1070.2000970788529,O_right
36,8,794.9908877216759,1052.560087000325,O_right
37,8,773.1213370320053,1036.4099963817675,O_right
38,8,759.6859608196436,1028.179736190333,O_right
39,8,759.6568819839061,1027.9100021325453,O_right
40,8,744.83965597684,1046.133815754924,O_right
41,8,732.9335352732426,1043.7856455894307,O_right
42,8,702.7416983062017,1031.277386567322,O_right
43,8,670.1648454899226,990.871931883131,O_right
44,8,663.0048190026004,982.0257008782507,O_right
45,8,664.1967136629901,983.7038626990592,O_right
46,8,645.3303556554937,972.3632627204012,O_right
47,8,638.5494655903241,969.8313234741064,O_right
48,8,590.7383485564962,943.3222542961294,O_right
49,8,578.4472205892846,939.5205102660124,O_right
50,8,568.5195134474558,932.1309965833764,O_right
51,8,558.9367106658506,933.2293296449112,O_right
52,8,544.2254939659547,932.9371485452727,O_right
53,8,538.6725324830076,932.7429764211208,O_right
54,8,513.7854064516825,921.8486135822844,O_right
55,8,450.9608848781435,887.0907546635692,O_right
56,8,446.8752871772977,895.0899359556122,O_right
57,8,427.44684748721176,883.8016878519531,O_right
58,8,403.5023397443709,882.2603339986624,O_right
59,8,357.90301034476227,855.3237012340162,O_right
60,8,476.8873878859027,925.1499615978606,O_right
61,8,362.5705128931582,878.3872723154388,O_right
62,8,441.4450119660694,917.868742774377,O_right
63,8,434.0448603302866,922.5287811495206,O_right
64,8,414.19125732069705,917.348935171402,O_right
65,8,306.80132603234,850.7206994889984,O_right
66,8,284.6803986361142,839.7165208656313,O_right
67,8,198.82277411455948,779.0037833076692,O_right
68,8,254.9722351364376,822.8205925878636,O_right
69,8,254.09019362211697,822.3838068368451,O_right
70,8,257.5532836645492,823.4525344091279,O_right
71,8,242.81701402571412,812.3932621174389,O_right
72,8,209.6215512532544,778.898356093141,O_right
73,8,202.37275214922408,768.7568198334831,O_right
74,8,175.57089053309846,739.2330530100986,O_right
75,8,45.35346410110061,640.3351947419712,O_right
76,8,57.23485526869283,637.5853059521057,O_right
77,8,105.76738177301812,649.2296887896503,O_right
78,8,154.29990827734338,660.8740716271949,O_right
79,8,-61.42504268984133,503.8298421845198,O_right
80,8,-38.20793147213109,505.3924764058229,O_right
81,8,264.1574993035809,717.3256055266487,O_right
82,8,1.81478319516955,516.8448080712391,O_right
83,8,-7.193727820435528,494.3080931147993,O_right
84,8,196.7919034088854,622.5342626312961,O_right
85,8,179.3363911083417,620.2046029557994,O_right
86,8,26.57985426927706,464.95637195715045,O_right
87,8,-24.371034823239054,405.71392469040086,O_right
88,8,-75.32192391575516,346.4714774236512,O_right
89,8,-58.507724547484,353.824911640546,O_right
90,8,47.65355963293612,411.55982542175536,O_right
91,8,153.81484381335625,469.2947392029647,O_right
92,8,92.50847383286086,397.22256288492406,O_right
93,8,68.7186610092503,368.3831992708247,O_right
94,8,68.1767526240161,349.2409818199047,O_right
95,8,179.5356247144248,449.5568444669454,O_right
96,8,148.41753639774322,401.9058459497078,O_right
97,8,117.29944808106164,354.2548474324701,O_right
98,8,86.18135976438002,306.6038489152325,O_right
99,8,55.063271447698426,258.9528503979949,O_right
100,8,23.94518313101682,211.30185188075723,O_right
101,8,-7.172905185664774,163.65085336351962,O_right
102,8,-38.29099350234637,115.99985484628196,O_right
103,8,-69.40908181902796,68.34885632904434,O_right
104,8,-100.52717013570955,20.697857811806717,O_right
105,8,18.85304278929995,116.0831925281045,O_right
106,8,138.23325571430948,211.4685272444023,O_right
107,8,144.87565849593557,210.3010948523257,O_right
108,8,-34.368375274328656,7.481634262029017,O_right
109,8,-42.36282361696135,-11.582535523194334,O_right
110,8,-39.10482162631167,-31.063900563961266,O_right
111,8,-67.31544081725653,-69.84567770588149,O_right
112,8,-79.06375521570872,-101.7141622289837,O_right
113,8,-78.46695813085638,-111.06157166197058,O_right
114,8,166.12699884919155,118.8101658416272,O_right
115,8,157.46092412486115,102.72024853221792,O_right
116,8,167.15684236163506,100.29962227006502,O_right
117,8,172.62031708990065,100.655161385958,O_right
118,8,169.58394280095197,91.74898065600571,O_right
119,8,82.58312090357968,-1.2017536475397317,O_right
120,8,80.18296855480045,-7.963002988033208,O_right
121,8,104.00261532044016,16.693787244768906,O_right
122,8,156.1215242377973,83.19185798868912,O_right
123,8,180.6097104103904,109.21211477179892,O_right
124,8,197.0129354388124,114.90469184904208,O_right
125,8,187.95810786808664,107.8341813412199,O_right
126,8,189.0379050920376,108.56762126702166,O_right
127,8,187.08108518537028,107.3511471433478,O_right
128,8,188.10630832661343,112.68990352453766,O_right
129,8,183.55130004018048,115.97701536013231,O_right
130,8,168.06433044700762,157.32711367298623,O_right
131,8,158.75549724285017,152.56939298173913,O_right
132,8,155.5774851936398,165.55916940735227,O_right
133,8,152.3994731444294,178.5489458329654,O_right
134,8,149.22146109521904,191.53872225857853,O_right
135,8,146.04344904600865,204.52849868419167,O_right
136,8,142.86543699679828,217.5182751098048,O_right
137,8,155.2390928104901,234.4718312020302,O_right
138,8,139.89635527079196,240.17527768782384,O_right
139,8,170.74084656634253,274.3608711887715,O_right
140,8,136.48978201260974,261.97282407469254,O_right
141,8,-2.397580845001528,153.75903366929674,O_right
142,8,-141.28494370261282,45.54524326390092,O_right
143,8,-132.4776974052183,65.62457769407538,O_right
144,8,111.43389117031518,312.51034012282526,O_right
145,8,109.48346674268916,315.90311600713864,O_right
146,8,110.69375201992412,336.6838852789716,O_right
147,8,103.76747305092108,337.634352411515,O_right
148,8,111.12904893883297,366.61301130788536,O_right
149,8,-86.51027713739926,205.292803529789,O_right
150,8,26.25424384522173,319.5101145471448,O_right
