1,1,976.6791932875012,507.09323629607337,O_top
2,1,976.6791932875012,507.09323629607337,O_top
3,1,976.6382349366028,507.0270683520079,O_top
4,1,976.0072956307744,508.66963351840434,O_top
5,1,973.5110875316078,512.6801985268843,O_top
6,1,973.4243774173428,515.3340780170325,O_top
7,1,968.6861896492096,517.9155095973953,O_top
8,1,964.6687805869192,509.95212736326056,O_top
9,1,958.7531877582207,491.0505595600184,O_top
10,1,961.7778447096196,490.01809395924346,O_top
11,1,937.4098610555072,461.5485153984789,O_top
12,1,936.2491945986226,462.2716437377426,O_top
13,1,932.7637313918344,463.5701872854772,O_top
14,1,928.793244884449,460.9215119035177,O_top
15,1,903.032216509107,429.8072886979754,O_top
16,1,889.9612971420273,413.783533125568,O_top
17,1,883.1543152359477,406.8717903688969,O_top
18,1,877.9223778052924,398.4169423487152,O_top
19,1,866.1111892791537,384.07464490503054,O_top
20,1,863.3648932956398,382.9788961753983,O_top
21,1,835.7377517394112,347.46650392713093,O_top
22,1,834.3799256964742,347.9844837065118,O_top
23,1,830.3100901805826,355.9828014696299,O_top
24,1,826.6776247892888,354.6515980228544,O_top
25,1,804.5357140902428,332.18034334040743,O_top
26,1,776.3806747496757,301.4451635555802,O_top
27,1,770.2289710005022,306.2409783406056,O_top
28,1,766.9560174049292,312.5058042042234,O_top
29,1,754.9226531263552,318.8155638960214,O_top
30,1,751.1892485797808,324.2819982658749,O_top
31,1,734.9894276712903,313.7843300765888,O_top
32,1,725.1215162333584,300.42472534220485,O_top
33,1,713.1790531553133,320.58234048835186,O_top
34,1,686.6683831801747,294.7140269486684,O_top
35,1,689.959096197395,330.7433891189217,O_top
36,1,685.5702766683976,335.801804502116,O_top
37,1,682.5666858099117,343.7687037632641,O_top
38,1,685.9239517138285,351.8241485901373,O_top
39,1,682.7730081981305,357.4166696724282,O_top
40,1,681.7843361528044,360.5674060190943,O_top
41,1,668.8583535003582,356.39198007148934,O_top
42,1,671.8434287204011,364.3713465524655,O_top
43,1,665.5299151794868,371.7934391549496,O_top
44,1,664.8036548540122,374.2407345675156,O_top
45,1,662.8087908853164,378.7228749329611,O_top
46,1,662.1549062534391,381.4565293396154,O_top
47,1,641.5370362932122,367.2805010200804,O_top
48,1,633.6634245351946,368.12169085634895,O_top
49,1,636.0135830579247,380.3343834920971,O_top
50,1,638.3637415806548,392.5470761278453,O_top
51,1,640.7139001033851,404.7597687635935,O_top
52,1,643.0640586261152,416.9724613993416,O_top
53,1,645.4142171488453,429.1851540350898,O_top
54,1,654.8736362911861,439.6528694739581,O_top
55,1,628.2121457592034,413.4719423702662,O_top
56,1,627.2784591957356,415.5436119516973,O_top
57,1,624.3230183789913,423.8999529038694,O_top
58,1,622.1675282853707,429.0557180868073,O_top
59,1,632.5657317875173,434.9681762374772,O_top
60,1,625.536378220251,430.2223867280615,O_top
61,1,625.4606785976266,445.5656334603802,O_top
62,1,622.4705364404135,444.2883681795288,O_top
63,1,635.8175280059975,469.7494721378314,O_top
64,1,629.2021105548815,480.218594153688,O_top
65,1,633.6433871945887,476.0237014001957,O_top
66,1,632.9778111155372,476.3581072043215,O_top
67,1,634.715872426011,480.2371611744843,O_top
68,1,631.0479691023235,478.6532211643206,O_top
69,1,626.21076780417,477.1007947560362,O_top
70,1,625.337498081539,476.034914278062,O_top
71,1,624.3852440139594,481.06915781014055,O_top
72,1,622.6033766047519,482.24226035351046,O_top
73,1,623.939423599035,485.54742006836847,O_top
74,1,622.2483024714413,484.9841224438144,O_top
75,1,623.7869480409199,485.52205003761657,O_top
76,1,628.0851627749686,477.5536956890539,O_top
77,1,546.7243276440738,412.9392573487414,O_top
78,1,606.580144052009,460.75360892950175,O_top
79,1,597.2439244831098,462.76864788670247,O_top
80,1,601.6414105378134,491.1384815393552,O_top
81,1,599.5990868468745,488.0417890950811,O_top
82,1,597.881608277924,486.78833070997854,O_top
83,1,609.7735806021074,502.6868066008704,O_top
84,1,608.8300775549229,529.6017309463346,O_top
85,1,607.5980876043308,534.8265807811949,O_top
86,1,606.0887494042306,545.0700412133613,O_top
87,1,604.4603354013124,549.7870949449086,O_top
88,1,602.0930059328161,552.4576687865108,O_top
89,1,606.3517071175729,584.2435109712386,O_top
90,1,611.3578128103511,596.1242129150418,O_top
91,1,621.9758579305377,607.8551879618811,O_top
92,1,621.4331451108372,610.0883416210977,O_top
93,1,621.4778635795919,610.3890571890904,O_top
94,1,623.4871385203797,615.3845713731182,O_top
95,1,634.6173175001215,621.4900516423473,O_top
96,1,642.3450154178578,625.9373783288363,O_top
97,1,656.8317227077931,634.862091548652,O_top
98,1,664.5911499372725,639.2463603367657,O_top
99,1,671.8595977076051,646.0209794631733,O_top
100,1,674.2470040762911,647.5118654972507,O_top
101,1,675.150281850028,644.6328946446122,O_top
102,1,677.7720548176264,643.6210065940489,O_top
103,1,683.5083967169013,636.158460204292,O_top
104,1,686.4277799496838,628.5138611056286,O_top
105,1,691.9256532542347,633.2560917047144,O_top
106,1,692.396290216239,631.2727680193741,O_top
107,1,688.9505927347412,629.5187219827693,O_top
108,1,688.4190719417993,631.787411757345,O_top
109,1,693.3380532221039,646.1324253444972,O_top
110,1,696.0717808177158,649.124058606641,O_top
111,1,695.6835597565828,659.8605749521226,O_top
112,1,695.6016450317617,660.9228643756774,O_top
113,1,694.6735089271785,659.4957502424742,O_top
114,1,690.65974307606,658.4839703083255,O_top
115,1,685.7967323342446,642.1273256043013,O_top
116,1,676.0981347890151,623.5884301897981,O_top
117,1,674.9813402248261,615.7787382009586,O_top
118,1,676.1991348736664,611.420964380618,O_top
119,1,673.7750701547039,610.7642225904411,O_top
120,1,676.2202408734871,606.0059768812829,O_top
121,1,647.7919225628792,577.0216316118135,O_top
122,1,643.3363683432295,570.5995788565488,O_top
123,1,621.1660285483766,551.1270340702577,O_top
124,1,618.320094156845,554.9931914855357,O_top
125,1,600.9323540163352,543.7931067181397,O_top
126,1,599.102578408612,544.9396335263368,O_top
127,1,591.3449126698655,538.2534224865742,O_top
128,1,568.5157140778641,520.9942000915225,O_top
129,1,554.4530016326554,512.0528905253842,O_top
130,1,548.2986801754345,509.04327386691176,O_top
131,1,525.2391735114967,494.4108871495317,O_top
132,1,522.139391580381,497.43251078988953,O_top
133,1,514.1229866894621,507.9168694913086,O_top
134,1,511.4899343048736,509.6257407713388,O_top
135,1,496.8849364482001,509.2973625655698,O_top
136,1,478.7751274159166,500.8816677508431,O_top
137,1,479.2909224012221,519.2986600785657,O_top
138,1,467.8563730111927,511.50033877301854,O_top
139,1,471.7298013332165,514.2542930602561,O_top
140,1,470.61813756226826,521.2768627457973,O_top
141,1,468.1488147969004,538.319534378886,O_top
142,1,465.7636341601946,543.7809194361065,O_top
143,1,465.81383012387727,551.4471635058308,O_top
144,1,460.8673974351324,553.4516461259168,O_top
145,1,458.2490787374917,553.2318022884295,O_top
146,1,457.2235692704577,553.6930591107089,O_top
147,1,456.5366787130639,557.8475881723884,O_top
148,1,447.59073355306,553.050161008909,O_top
149,1,434.031075863285,550.2195933117658,O_top
150,1,433.4706710052668,552.4206982970951,O_top
151,1,426.97972505462775,556.6490092556801,O_top
152,1,423.9748825598458,556.884147665472,O_top
153,1,422.5543155063853,560.7621969765693,O_top
154,1,417.0869177726322,557.3399095806161,O_top
155,1,419.5688584974165,558.6401283896225,O_top
156,1,420.06442651771886,561.1949573983262,O_top
157,1,401.2975806047921,546.6922716953328,O_top
158,1,399.2996979305727,547.5845994143955,O_top
159,1,397.9612090117774,548.3090726221249,O_top
160,1,402.27245689574585,554.0716587294445,O_top
161,1,412.23259840586456,566.9548958220854,O_top
162,1,415.80698766769535,570.7598251653013,O_top
163,1,417.8936053636944,567.893754101531,O_top
164,1,415.31343724019393,560.0217564160155,O_top
165,1,426.38437584674494,559.7023174879984,O_top
166,1,428.8287062653565,558.8493472406282,O_top
167,1,433.1763696054736,561.2552843439972,O_top
168,1,434.0226734395865,561.031171928803,O_top
169,1,439.1953602441224,558.346760675947,O_top
170,1,442.5175991968248,558.2647271053771,O_top
171,1,450.8022317607321,552.200589807565,O_top
172,1,456.2601306017676,556.5673113331158,O_top
173,1,458.7885658462274,557.2889610117167,O_top
174,1,456.1030906781533,555.1782852266837,O_top
175,1,458.8686849060488,557.0322388123471,O_top
176,1,456.6507220956034,555.0511633945702,O_top
177,1,460.6745436372912,556.8326720943655,O_top
178,1,460.62206688633626,556.5112030667574,O_top
179,1,460.9703650770781,555.4620709437772,O_top
180,1,461.1140694158824,555.0146023648756,O_top
181,1,462.6061521053604,554.3590326116312,O_top
182,1,461.5812303968588,553.1635971371469,O_top
183,1,459.8312391027826,552.1563868695673,O_top
184,1,457.8654145193523,548.9164364404213,O_top
185,1,459.8112785708885,548.9069790070679,O_top
186,1,460.03390505717647,548.7008132132578,O_top
187,1,462.1462728498942,550.0196859417144,O_top
188,1,462.46914205953135,549.8123531657554,O_top
189,1,459.2667576457918,547.494015734174,O_top
190,1,459.23606300092007,548.2539659069284,O_top
191,1,457.1905233448085,549.0140423280689,O_top
192,1,458.6031802936283,550.2873359189067,O_top
193,1,448.40210051258975,531.8480296140619,O_top
194,1,459.4854117728945,542.7665946083948,O_top
195,1,443.9112070146659,526.8934755497698,O_top
196,1,460.4126171544966,544.5712408910052,O_top
197,1,485.3092842796613,565.9935481224874,O_top
198,1,479.1743429436705,566.7575785840806,O_top
199,1,479.6731929689217,561.230056636552,O_top
200,1,479.3725065699432,557.9569669164364,O_top
201,1,472.6293824139953,552.3049940008841,O_top
202,1,474.9695542878459,555.6822574531765,O_top
203,1,510.92510290148095,595.6570175751532,O_top
204,1,508.830167178046,597.8055247234919,O_top
205,1,526.8311243096789,622.607155946104,O_top
206,1,529.5826225234742,622.1420593039879,O_top
207,1,527.2821348086376,622.066477323327,O_top
208,1,567.8738156133004,646.6340103270504,O_top
209,1,609.2176305384022,706.6275850238796,O_top
210,1,615.1034887386952,714.2447721543682,O_top
211,1,618.7980701990728,724.0812133623403,O_top
212,1,619.7939308215173,731.1360789283397,O_top
213,1,616.5731490358944,731.2686204592748,O_top
214,1,624.6471916675491,736.8179119913793,O_top
215,1,648.0510263686597,768.7787669652572,O_top
216,1,668.7843088690651,785.8427108819225,O_top
217,1,690.65502341936,810.8753594594324,O_top
218,1,687.6404647045127,812.9973770469652,O_top
219,1,691.3252492945833,823.567256994954,O_top
220,1,698.4555519649891,831.1309746130836,O_top
221,1,730.4070767488494,869.8130083386503,O_top
222,1,731.6118329614387,875.2093556105519,O_top
223,1,744.5328971660007,896.8473367770622,O_top
224,1,751.4845600511102,905.0195690282286,O_top
225,1,752.7643438037724,911.3693577736582,O_top
226,1,750.7797310946048,914.1359621084956,O_top
227,1,758.2156096540577,931.9860185215048,O_top
228,1,754.9517225630925,936.2275941527756,O_top
229,1,772.433589468343,963.8876608937688,O_top
230,1,777.7684698714925,973.7635761809854,O_top
231,1,773.5708283322757,986.7749233973492,O_top
232,1,775.1862714553938,988.0422815091492,O_top
233,1,788.9643343512369,998.5335651889396,O_top
234,1,784.8054436292442,997.8196148155466,O_top
235,1,788.1637890792695,1004.4987501443298,O_top
236,1,802.9712862389164,1021.4132454224706,O_top
1,2,867.7739038243311,566.7784917190647,D_top
2,2,867.7739038243311,566.7784917190647,D_top
3,2,867.7663206282095,566.7851869804214,D_top
4,2,866.7436115877944,567.9153206741685,D_top
5,2,866.8437029911471,567.8748198929298,D_top
6,2,865.9048526117637,568.5850458060969,D_top
7,2,864.3746220129448,570.8321536520581,D_top
8,2,840.9845828771887,543.9620057023363,D_top
9,2,851.98177705937,570.9227868420919,D_top
10,2,850.1804339963501,574.5003451660749,D_top
11,2,846.7387275392697,579.5764712596589,D_top
12,2,843.8006897013615,581.3823935066691,D_top
13,2,840.3751753638314,582.6925305298225,D_top
14,2,825.4441431953957,554.4729820125614,D_top
15,2,825.3895810319328,554.7760315649183,D_top
16,2,820.2134763122328,550.9894827349681,D_top
17,2,782.521567723394,536.1736778406112,D_top
18,2,775.2623596307628,530.518855030976,D_top
19,2,770.0651612450835,530.6753885844435,D_top
20,2,766.5140519168343,526.0992566416768,D_top
21,2,755.6747320527348,521.4727807269744,D_top
22,2,743.8813336381446,510.25356471423135,D_top
23,2,704.3630754201635,469.79348375893744,D_top
24,2,702.6426780306325,472.2777943878918,D_top
25,2,687.9006526565801,482.7666755747764,D_top
26,2,681.9657088011415,481.146325974883,D_top
27,2,679.4903595745417,488.1097061341981,D_top
28,2,675.2655175182094,485.0626483666416,D_top
29,2,651.2687738774218,469.8175523837231,D_top
30,2,646.2855114183628,473.1221895843585,D_top
31,2,595.1384220556002,426.9415094784512,D_top
32,2,599.851123077375,439.4953736533597,D_top
33,2,591.7596442175654,442.05061855229104,D_top
34,2,545.6231690508167,408.8105664377126,D_top
35,2,567.9501494247542,446.5099559022692,D_top
36,2,566.2623766513497,448.6541656140889,D_top
37,2,559.6945716206188,450.6335860841472,D_top
38,2,557.5154021288876,451.53612809076856,D_top
39,2,560.0143005585564,456.1432695644185,D_top
40,2,558.3121550680331,453.9841897878181,D_top
41,2,557.1722274996338,457.60531202080944,D_top
42,2,557.1012644216016,459.8412974787215,D_top
43,2,555.9585348130178,470.3358681999353,D_top
44,2,559.4067419161273,475.7454142873747,D_top
45,2,559.7395136194194,479.8574863730144,D_top
46,2,561.3205611538233,481.4977233217534,D_top
47,2,561.9047862727488,483.91467587255227,D_top
48,2,556.2604983384138,478.1895045773563,D_top
49,2,556.3887901067468,472.8716173691591,D_top
50,2,556.025318047582,475.6848631511217,D_top
51,2,562.8650390667874,468.42365059078185,D_top
52,2,565.3735872119621,466.7475535851474,D_top
53,2,566.2433214938181,468.0776751066,D_top
54,2,573.5337526959062,470.3989555111469,D_top
55,2,568.3318517009573,481.9792671854385,D_top
56,2,569.3041894252648,484.0063837476956,D_top
57,2,580.0382942849703,495.54402435715417,D_top
58,2,583.3254756924661,494.83708913800416,D_top
59,2,583.6049565977086,506.1663527899833,D_top
60,2,590.9515158722086,503.3000405826202,D_top
61,2,575.800032729396,504.7302691064999,D_top
62,2,576.08905136739,505.1537218973266,D_top
63,2,580.5621593708786,509.9362549107351,D_top
64,2,584.7568007367616,519.0226916746052,D_top
65,2,587.074228632546,526.0267168053753,D_top
66,2,589.7671688349966,532.7536628274988,D_top
67,2,589.038902327703,542.2661386367878,D_top
68,2,586.3237975600455,550.581230074548,D_top
69,2,573.596053815967,554.1279783993259,D_top
70,2,567.1113376848781,553.214390078967,D_top
71,2,559.2783501928852,560.252480541638,D_top
72,2,559.1101126444254,561.3033636223572,D_top
73,2,476.2995094078335,493.7539713852364,D_top
74,2,473.29656211871736,491.04522216582967,D_top
75,2,473.7480442706784,491.8347637450906,D_top
76,2,473.9157803067766,490.75890046979583,D_top
77,2,473.98154064880896,487.7445144972081,D_top
78,2,421.4864134024757,430.6248809216706,D_top
79,2,416.3160477688096,422.04156871425744,D_top
80,2,417.1702190857691,422.8757145666525,D_top
81,2,400.1442103831703,407.4320272287972,D_top
82,2,396.8454800136383,421.3548764427539,D_top
83,2,391.49987724559634,410.6791887687955,D_top
84,2,392.3999586595949,406.02328113853457,D_top
85,2,410.82234573459954,412.0967576177618,D_top
86,2,408.27930310575465,403.4467260839907,D_top
87,2,405.73626047690976,394.7966945502196,D_top
88,2,407.783146813904,398.760327142995,D_top
89,2,409.8300331508983,402.7239597357704,D_top
90,2,420.1203518622643,413.9929605516285,D_top
91,2,398.1883882494016,395.2142350024886,D_top
92,2,392.05628796896656,395.1120204603683,D_top
93,2,368.68108771123786,375.4716511945607,D_top
94,2,378.0710834086426,382.42824080815205,D_top
95,2,385.2835671435524,390.9134784995235,D_top
96,2,394.6809322545829,400.2445192544544,D_top
97,2,392.1617789947546,390.1833971975611,D_top
98,2,392.1980672972354,393.3837636481232,D_top
99,2,393.266138524764,392.6417928723281,D_top
100,2,398.5219279602139,396.8450259759734,D_top
101,2,395.8262177189041,398.1995046410899,D_top
102,2,392.5392473544428,396.78535210197936,D_top
103,2,389.9845546097777,398.6393212127908,D_top
104,2,390.6486670418861,400.2354302942334,D_top
105,2,386.7732667132317,408.4728781670042,D_top
106,2,409.33596326038105,438.2430419209725,D_top
107,2,394.95102863635856,430.64130938085935,D_top
108,2,400.6383081793106,439.26364843879935,D_top
109,2,403.23608694471056,448.7126192554297,D_top
110,2,400.39938036905744,448.7352430961108,D_top
111,2,390.06516700771306,451.1265229636168,D_top
112,2,388.5980922884959,448.8456252774944,D_top
113,2,356.5520184434355,430.0184590197477,D_top
114,2,337.48319302013505,418.6478473236854,D_top
115,2,324.9668580519218,415.5898514150735,D_top
116,2,322.9109257788915,420.9240882580744,D_top
117,2,321.2664696359521,431.1275239842335,D_top
118,2,318.0435943735096,434.0685736000085,D_top
119,2,312.1570974775124,439.996424265066,D_top
120,2,306.3478894156499,444.773672809658,D_top
121,2,296.2932618313236,457.61294578334616,D_top
122,2,301.10736201876574,466.1540877775888,D_top
123,2,303.64506241592926,474.3789812123004,D_top
124,2,300.70491066843834,473.3039139345013,D_top
125,2,301.7238153415735,468.217148518492,D_top
126,2,302.74272001470865,463.13038310248265,D_top
127,2,303.76162468784383,458.0436176864733,D_top
128,2,309.0875785894715,458.6793565366869,D_top
129,2,307.8688669361215,437.5769948023597,D_top
130,2,316.8483745507255,441.6368557696362,D_top
131,2,325.7737789963611,437.70466986136734,D_top
132,2,321.6406277286032,427.9856631555476,D_top
133,2,321.23723909962155,415.1279703423568,D_top
134,2,323.57633893620084,404.0982808924895,D_top
135,2,286.0551298104818,352.43527915774325,D_top
136,2,256.4495961333764,309.91232852849504,D_top
137,2,328.4726572015635,326.5764581574997,D_top
138,2,323.4929802503487,323.19891672146844,D_top
139,2,334.5379493251376,324.6179530150222,D_top
140,2,330.15811724017004,318.06296680678616,D_top
141,2,298.88392133064605,287.83701939045875,D_top
142,2,291.902483015977,280.4138679462597,D_top
143,2,279.31878357697525,261.9722271705429,D_top
144,2,282.0829660471084,255.23906338787663,D_top
145,2,282.2056060382343,255.2561699457606,D_top
146,2,287.6653546730343,259.60467494101744,D_top
147,2,284.49778719017263,257.2552006243005,D_top
148,2,278.44920143679155,250.1589036931392,D_top
149,2,273.92464479138704,243.9884201499482,D_top
150,2,275.57894715966654,247.67854531491923,D_top
151,2,241.3632694209472,212.6259496540457,D_top
152,2,240.89273729281567,213.17198264872337,D_top
153,2,236.29615419255347,215.17088839217556,D_top
154,2,239.3769706325956,206.5804561865465,D_top
155,2,229.3486238197764,208.02152038044835,D_top
156,2,227.7678924081788,206.0802374071658,D_top
157,2,213.9708361796536,199.4279380382985,D_top
158,2,200.1737799511284,192.77563866943123,D_top
159,2,199.5078730426588,222.2480475969652,D_top
160,2,199.74969735717767,223.45044456184465,D_top
161,2,193.00955873751704,224.23151502578523,D_top
162,2,183.05140177920248,223.26256093361613,D_top
163,2,191.24271553355183,235.6209385123266,D_top
164,2,189.33588669933013,237.59161877436537,D_top
165,2,193.04020177804952,272.7477922282557,D_top
166,2,186.8463250159325,286.7466387671676,D_top
167,2,177.35067101971606,292.8534021199737,D_top
168,2,165.85366948816116,305.5535599713068,D_top
169,2,-71.10335152946712,140.08348017984807,D_top
170,2,-95.36410669269776,133.6639695460459,D_top
171,2,19.72000160322124,253.85560534604397,D_top
172,2,152.8162573270168,402.6077046145734,D_top
173,2,146.47149236794922,410.2184264010308,D_top
174,2,140.1267274088816,417.8291481874883,D_top
175,2,-28.203178091200392,293.5174849430874,D_top
176,2,-12.378688137812963,320.64286594702224,D_top
177,2,3.445801815574466,347.7682469509571,D_top
178,2,19.270291768961897,374.893627954892,D_top
179,2,158.94623610457776,504.8662016674628,D_top
180,2,159.32439070129826,508.65422868431193,D_top
181,2,150.11190069124592,527.4848600047867,D_top
182,2,169.2610447882418,540.0997653005726,D_top
183,2,169.05806584081145,547.5308445885854,D_top
184,2,189.42322622708272,564.6868511134685,D_top
185,2,195.73333874739575,567.3810391700858,D_top
186,2,208.44703778838624,579.7170131164125,D_top
187,2,224.9925993086415,599.287455130987,D_top
188,2,227.98402323199264,603.290283533465,D_top
189,2,230.14900530599496,608.5213164678681,D_top
190,2,225.7122247218119,607.6989600670172,D_top
191,2,213.70602050674964,605.412446492222,D_top
192,2,216.49685064031544,608.4177619583832,D_top
193,2,228.7973486373411,615.6181378483161,D_top
194,2,252.4393296337509,633.3130812609597,D_top
195,2,283.79688451696813,657.3460508499913,D_top
196,2,294.5511037451655,667.4613330460705,D_top
197,2,314.1635145220956,683.4841727814036,D_top
198,2,326.6402394166872,691.0581131849266,D_top
199,2,324.7909048832563,697.5935716139071,D_top
200,2,324.5724090957828,697.3453210463764,D_top
201,2,326.3536310739684,704.5018688505639,D_top
202,2,324.0130769147201,709.5391508504297,D_top
203,2,319.6796929211235,714.9146819081493,D_top
204,2,319.76741713953345,725.4704472236556,D_top
205,2,327.3108603387413,744.7407620205402,D_top
206,2,330.3480542017073,753.7332927236731,D_top
207,2,334.3780220705626,764.1264676913022,D_top
208,2,338.3481719939843,768.1491231705015,D_top
209,2,338.99708101087697,769.2154844457314,D_top
210,2,338.1590486341666,771.1812323523106,D_top
211,2,331.9937929161293,782.2885391687095,D_top
212,2,331.4291091447766,788.1647148631109,D_top
213,2,337.48743092680166,808.1346714244725,D_top
214,2,343.1398423454216,823.5887630289458,D_top
215,2,353.3378595216552,841.9086589720762,D_top
216,2,353.04204056654885,842.6597737235393,D_top
217,2,354.50238064622283,843.7141857087387,D_top
218,2,355.5606376810601,845.5412291376298,D_top
219,2,351.46733777179145,848.2023580058894,D_top
220,2,358.4362174094388,856.40304792028,D_top
221,2,357.14172329767626,862.4381106963332,D_top
222,2,359.40661485513067,862.9982697044939,D_top
223,2,366.6610003506967,863.5286189830706,D_top
224,2,367.8138476779761,864.7972981703014,D_top
225,2,367.209541913393,862.6401927310153,D_top
226,2,371.1727587848437,862.6017905734396,D_top
227,2,369.5857715781468,857.6975009929523,D_top
228,2,372.3578919333037,852.6874310468207,D_top
229,2,375.7984759813406,852.492381227327,D_top
230,2,375.88546420178,849.7337095145092,D_top
231,2,378.8875022471842,848.968392534003,D_top
232,2,378.9180480494242,846.5037018568295,D_top
233,2,378.8129264396257,840.7198223984797,D_top
234,2,379.8239077433603,839.6015516293712,D_top
235,2,376.8847628050594,835.3666765366556,D_top
236,2,375.6221701568016,832.4854515218041,D_top
1,3,529.714605074887,278.7975958323279,D_left
2,3,529.714605074887,278.7975958323279,D_left
3,3,530.1716374605071,279.18677115528635,D_left
4,3,530.2709972466421,279.35044600942365,D_left
5,3,529.4858867904214,277.7982545768133,D_left
6,3,529.4185901421866,277.91382729517096,D_left
7,3,530.0320630481193,277.97220131447415,D_left
8,3,529.0394135481945,277.282631263722,D_left
9,3,533.8483251412897,283.4540409314125,D_left
10,3,533.1409718905127,283.4404996301829,D_left
11,3,535.4659885957925,292.09914252879594,D_left
12,3,531.9253402799621,293.0255140182375,D_left
13,3,525.1067736963641,296.68015145337404,D_left
14,3,519.6255619094414,295.7645773022465,D_left
15,3,509.3192155590156,282.8872502689916,D_left
16,3,507.6362113461425,284.6187772106861,D_left
17,3,507.83532016103146,290.5122942178532,D_left
18,3,512.0766304694762,298.07088560814753,D_left
19,3,511.9765708875727,301.3569364392781,D_left
20,3,510.8225652397215,300.69968272851526,D_left
21,3,517.798209384195,307.8125219691087,D_left
22,3,515.1434742921102,305.3379374169374,D_left
23,3,526.8535807854325,317.0428365195668,D_left
24,3,535.9499175552725,324.7073719023198,D_left
25,3,482.9987278382189,258.40480481454955,D_left
26,3,492.4077097346344,264.6674877915263,D_left
27,3,557.6643819682955,343.2932792561206,D_left
28,3,552.56818655902,336.0548002371635,D_left
29,3,557.534325825847,332.33504611437706,D_left
30,3,562.5004650926738,328.6152919915906,D_left
31,3,573.6968879429356,343.2099318107836,D_left
32,3,578.9508266904484,347.6178605168782,D_left
33,3,603.3785086080212,370.8070459669265,D_left
34,3,601.6437390870308,362.51435499134345,D_left
35,3,601.0188546463228,363.3841687405341,D_left
36,3,606.1115949369564,367.3232553054182,D_left
37,3,616.4926002274854,375.88322118675984,D_left
38,3,622.0888191088333,382.4712378066008,D_left
39,3,643.0478391206606,408.9181486843882,D_left
40,3,651.5763132952665,417.92562192874976,D_left
41,3,647.8609024267265,422.77319981497885,D_left
42,3,644.5135253572485,423.9956590544304,D_left
43,3,650.158408150432,435.4643108728744,D_left
44,3,649.3027385204562,442.57165876933175,D_left
45,3,647.6538911349147,450.2325453210195,D_left
46,3,650.386064142585,453.0007920309141,D_left
47,3,653.0817401594965,447.8618018769399,D_left
48,3,652.6440289456777,443.1854036697467,D_left
49,3,638.4916956324894,424.0369228154332,D_left
50,3,639.2205850966646,422.8182160384453,D_left
51,3,647.4300389843098,398.6427966320565,D_left
52,3,651.5531519036672,398.7390899414039,D_left
53,3,674.1197754756732,420.9138763575683,D_left
54,3,685.7144836966544,424.1507686935696,D_left
55,3,674.5449287208963,435.3500996536104,D_left
56,3,679.165294084426,435.1340581307881,D_left
57,3,654.8843949375762,414.7193898278582,D_left
58,3,671.7262876392325,433.82592662565,D_left
59,3,712.5571089493571,475.9888255995939,D_left
60,3,707.6479314681716,466.5173066195607,D_left
61,3,716.0048564110078,465.0992156906985,D_left
62,3,717.6240143472965,464.3483486660274,D_left
63,3,728.5187444748163,458.52624669075897,D_left
64,3,730.0159370693812,448.05737000369913,D_left
65,3,729.835601013953,448.1113518155958,D_left
66,3,731.2946180088771,447.8564445544221,D_left
67,3,722.8734418060926,452.0117714642027,D_left
68,3,727.8897422372773,457.7593237563949,D_left
69,3,682.1199285699109,408.8721713930399,D_left
70,3,678.5972145858982,413.0369900508177,D_left
71,3,666.5999540650661,429.897209284307,D_left
72,3,663.9318468546279,431.61796110890543,D_left
73,3,655.8875903999648,441.6349448701524,D_left
74,3,652.443244983006,443.85876206885087,D_left
75,3,619.0014706852529,419.13966795819175,D_left
76,3,601.7622433494879,428.9104618763791,D_left
77,3,619.9067301388113,473.51793099235664,D_left
78,3,537.0973101989214,407.3268462206462,D_left
79,3,454.2878902590314,341.1357614489358,D_left
80,3,457.9876151599876,362.6410601564909,D_left
81,3,451.2107795275017,368.0442044780843,D_left
82,3,542.0980022379651,474.2639038525432,D_left
83,3,512.4154672700886,459.2526129858611,D_left
84,3,462.5649608633156,424.7677456830229,D_left
85,3,412.7144544565425,390.2828783801848,D_left
86,3,472.1283272826046,475.57802596319874,D_left
87,3,443.1743068488515,475.9521923614631,D_left
88,3,456.2402912286631,494.6511624608581,D_left
89,3,447.8379028068301,498.486248793573,D_left
90,3,434.2166710758714,510.6795736146484,D_left
91,3,450.3719782198926,561.300555793643,D_left
92,3,452.1368529956917,562.4475076104105,D_left
93,3,444.77393813405166,570.9989787083747,D_left
94,3,442.8932813163128,574.188405935404,D_left
95,3,438.903325780263,580.9226873639548,D_left
96,3,475.5136945477952,620.8681302167057,D_left
97,3,480.5767352697927,623.3695265220873,D_left
98,3,481.63352427709947,619.3015980663628,D_left
99,3,488.3177167641612,612.7783515251672,D_left
100,3,489.0722435504618,610.0489370848317,D_left
101,3,505.6217739436042,615.2862271451096,D_left
102,3,497.6460484282088,607.8014156731897,D_left
103,3,527.5115566180281,643.9964872779778,D_left
104,3,523.0548124197314,640.6939783549994,D_left
105,3,525.6025314767105,643.2361948988378,D_left
106,3,525.7438930957879,642.8650386077627,D_left
107,3,537.4306348609543,637.9858287986875,D_left
108,3,549.6570123483208,652.6945761508249,D_left
109,3,559.6234662048664,669.3503514405338,D_left
110,3,561.1964476737161,670.7837943039917,D_left
111,3,558.0675524259763,669.4348658636867,D_left
112,3,556.9579998223586,670.9193821494874,D_left
113,3,552.1800423141264,680.1611576656229,D_left
114,3,548.4346952769392,685.8045028058488,D_left
115,3,555.618502766048,696.2866841306266,D_left
116,3,556.2950703252001,702.4884446405139,D_left
117,3,551.0601884210389,723.656714265671,D_left
118,3,551.4603017922681,724.7573828600068,D_left
119,3,550.9440508293493,727.5722587738494,D_left
120,3,551.1015161802778,727.6452907232834,D_left
121,3,551.5833236413456,729.7170024855951,D_left
122,3,551.8955190257939,727.8643673872981,D_left
123,3,548.7531280160323,714.5697339312205,D_left
124,3,544.0872212921203,716.4820925632606,D_left
125,3,508.7323320339761,679.3373415558747,D_left
126,3,509.4994970813879,672.7590050723402,D_left
127,3,507.2253437043606,679.0815021345652,D_left
128,3,508.1857175930461,676.0559603129981,D_left
129,3,509.133877189812,674.2729950509911,D_left
130,3,512.4664153905459,671.9725500406764,D_left
131,3,448.0277457512025,613.6666419372168,D_left
132,3,456.0341297831421,622.8698063465,D_left
133,3,446.9235491259497,613.0809217797976,D_left
134,3,437.61866817224967,605.1844426434549,D_left
135,3,441.46492510698505,606.105021935964,D_left
136,3,433.3656005488312,599.0029550299711,D_left
137,3,404.0756412636458,571.9927306372688,D_left
138,3,394.4425471268867,569.4507167512585,D_left
139,3,386.47358726153846,562.1206326003434,D_left
140,3,392.0846854589269,566.2246310882524,D_left
141,3,407.4567756765164,571.924156524383,D_left
142,3,389.30632452881207,561.8335024796752,D_left
143,3,389.3489743277498,565.0454891520286,D_left
144,3,379.9287960532892,557.5661553603775,D_left
145,3,378.56859125054496,568.3904261949201,D_left
146,3,356.55847710773554,553.0109010479064,D_left
147,3,344.4238032315422,549.2644552607843,D_left
148,3,358.5493475407929,565.380947572101,D_left
149,3,366.9489388870466,580.0976519370171,D_left
150,3,370.650132115638,585.4497098053778,D_left
151,3,365.3762011415654,587.0082178293562,D_left
152,3,360.9518995700068,585.5325152083121,D_left
153,3,354.7650297246101,593.847288354982,D_left
154,3,357.2788935178169,602.6683700798133,D_left
155,3,351.8679957557977,608.2520544997033,D_left
156,3,349.5820478208874,611.0769268017964,D_left
157,3,346.003446032881,614.4143181523399,D_left
158,3,340.79511415361924,615.5900208842792,D_left
159,3,340.3617662257636,625.402681405015,D_left
160,3,332.2619511395868,625.35112837467,D_left
161,3,324.9890810586186,619.0011655171248,D_left
162,3,316.6644772688343,614.2161684452749,D_left
163,3,296.79531784463546,604.5012239066994,D_left
164,3,285.60756792491225,604.581980402469,D_left
165,3,252.67494583026652,607.5226487168773,D_left
166,3,248.752945781336,609.9214797218484,D_left
167,3,254.25082645309672,629.148203184662,D_left
168,3,252.54132452887265,631.2513392389907,D_left
169,3,233.51197112709505,624.5353830837054,D_left
170,3,217.93291101251413,612.8917475870983,D_left
171,3,156.4533891213614,577.0985287201572,D_left
172,3,166.01731162835534,590.1172478879286,D_left
173,3,146.29070264783954,576.4582884234324,D_left
174,3,152.54032638029432,596.2818893494308,D_left
175,3,154.06109691721545,604.0781323763715,D_left
176,3,156.09991463058105,605.277354214689,D_left
177,3,147.48760121487766,605.6479018294167,D_left
178,3,121.22589390170812,594.1408810941248,D_left
179,3,129.6442667101668,608.5656945035669,D_left
180,3,128.46161332707297,611.0397946676064,D_left
181,3,114.458485644213,598.7776210042816,D_left
182,3,105.72073305853908,595.4352670962475,D_left
183,3,130.4438567389268,606.1623456399171,D_left
184,3,129.32919915158055,605.3519351242892,D_left
185,3,128.56663423527817,604.2596681283534,D_left
186,3,128.9009612444992,605.2176490271634,D_left
187,3,117.72610198833294,598.4313290275952,D_left
188,3,134.57722848206706,613.1762106466077,D_left
189,3,113.10172020403104,599.5168023712498,D_left
190,3,115.73364738671978,604.5101329770107,D_left
191,3,111.57001120220454,608.2251170038027,D_left
192,3,105.66454876705907,606.0501918354487,D_left
193,3,103.25540426553508,611.6195139261907,D_left
194,3,97.10890565639126,610.9460790441327,D_left
195,3,94.53057327908564,613.2595097472056,D_left
196,3,95.15328406573396,615.5026888086705,D_left
197,3,96.56495039809568,618.1485818319035,D_left
198,3,98.6686113278514,619.1998043457917,D_left
199,3,98.85965795148692,621.636607158825,D_left
200,3,103.64536495399794,626.8623175346313,D_left
201,3,97.3164458570455,625.580577457096,D_left
202,3,97.92725223663868,626.5761692665767,D_left
203,3,92.12842305365288,628.7621777522284,D_left
204,3,91.77684500998078,630.3120581597983,D_left
205,3,92.05956012342214,638.5020955751842,D_left
206,3,96.79465835751546,643.4589080394998,D_left
207,3,101.77842708713288,652.994605499295,D_left
208,3,113.641684352434,662.841925182382,D_left
209,3,-89.99358813419535,527.0062451589995,D_left
210,3,126.72285760566209,675.715932276252,D_left
211,3,140.7331818710472,692.2748576989768,D_left
212,3,137.21077100162145,693.1007717806693,D_left
213,3,149.2419767113405,706.406087222595,D_left
214,3,108.76269483207078,680.5229084472177,D_left
215,3,31.675828183988628,629.5859896602395,D_left
216,3,23.93282978090406,624.63030367357,D_left
217,3,-95.64346039280028,547.686450574647,D_left
218,3,-79.52981793380073,559.0329628901263,D_left
219,3,-12.43588210113199,602.0723166572186,D_left
220,3,33.1694742545982,634.2442031058621,D_left
221,3,78.77483061032838,666.4160895545056,D_left
222,3,119.9539456704532,692.5348088869613,D_left
223,3,36.30661349230344,634.5689230856433,D_left
224,3,75.69788541397456,661.3821981565783,D_left
225,3,163.9084317979158,715.5514022311525,D_left
226,3,170.21447769620332,718.3607061023148,D_left
227,3,143.7665172013985,697.6699036778392,D_left
228,3,48.6878740036777,629.3466253830392,D_left
229,3,-61.10812936965753,541.1421154854662,D_left
230,3,-66.55819242354443,534.8410756164726,D_left
231,3,198.55971199470093,704.433266187953,D_left
232,3,201.9223641317839,705.5713095772027,D_left
233,3,211.21666714664403,703.2501067548998,D_left
234,3,195.66925351915444,686.837511904971,D_left
235,3,199.79474402077787,676.1584621592044,D_left
236,3,-6.749291598217717,523.7910435452134,D_left
1,4,580.1026021614867,1119.78840865365,D_right
2,4,580.1026021614867,1119.78840865365,D_right
3,4,580.1430414559412,1119.921156618751,D_right
4,4,580.4951857291701,1119.9194741663318,D_right
5,4,580.7486932558355,1120.1663719048197,D_right
6,4,580.8423125837531,1120.1902030941285,D_right
7,4,580.5015162817843,1120.2558619173694,D_right
8,4,580.1825042634338,1120.5034847320208,D_right
9,4,580.9446012749677,1120.663845482179,D_right
10,4,581.3210027204053,1120.7383064460514,D_right
11,4,580.4526156760146,1121.2380740679,D_right
12,4,580.8496794167559,1121.76260457016,D_right
13,4,580.0604931416533,1122.2331626320345,D_right
14,4,579.4295077110299,1124.8466776569494,D_right
15,4,578.6814925117891,1123.9254993003087,D_right
16,4,578.293530671871,1122.9708281543412,D_right
17,4,573.735720127588,1118.045521883117,D_right
18,4,568.0672593927059,1114.4668952692157,D_right
19,4,555.1017511940931,1101.6518285011548,D_right
20,4,542.9023110739762,1094.1318703795705,D_right
21,4,525.8388483928197,1082.0569105121638,D_right
22,4,525.2259518926483,1081.4900403975098,D_right
23,4,526.2932553635022,1080.8160585375867,D_right
24,4,525.0432794731556,1076.866782262421,D_right
25,4,529.0341730562138,1077.0315621317698,D_right
26,4,530.411312544679,1076.9794891535694,D_right
27,4,532.391518786324,1076.4299177477674,D_right
28,4,532.3939745722846,1071.2610462762975,D_right
29,4,532.4847522434252,1059.077250518273,D_right
30,4,482.865890859614,1022.6459277215296,D_right
31,4,478.3960594290087,1009.285945275574,D_right
32,4,482.30976562414617,1008.9885960222986,D_right
33,4,492.3010296236384,1007.8192321841024,D_right
34,4,497.63578456322045,1008.0519928366144,D_right
35,4,494.60445887012594,991.0943583600508,D_right
36,4,493.5282209713797,989.9968480535288,D_right
37,4,498.8445834667809,987.5403954358254,D_right
38,4,502.9511285662832,989.7916163849874,D_right
39,4,504.6447818930557,988.8780386832268,D_right
40,4,503.9073245005554,987.9197016581086,D_right
41,4,495.4395449078653,982.6767871898955,D_right
42,4,485.1192656956708,976.2938698542288,D_right
43,4,469.7796026625022,967.35850383133,D_right
44,4,467.7277985120509,967.6116306522144,D_right
45,4,467.5260604833264,972.9231310499758,D_right
46,4,468.2830106658796,973.2496640613522,D_right
47,4,465.9556254508503,973.811427610609,D_right
48,4,462.7985038093545,972.071943420652,D_right
49,4,454.76567253289,967.1878940243886,D_right
50,4,453.823609287048,967.344610642634,D_right
51,4,450.9545126279495,974.4659185887068,D_right
52,4,451.84128038876696,975.6511043090788,D_right
53,4,452.33682903481207,974.2658086446106,D_right
54,4,453.404973720231,973.1704139725806,D_right
55,4,453.9155151022711,971.895102846026,D_right
56,4,454.5646046037781,972.0142368386232,D_right
57,4,447.9802145271685,969.5542630451142,D_right
58,4,439.8687619785918,966.81714323089,D_right
59,4,437.1255190633337,968.7091421718544,D_right
60,4,434.8860291988689,969.5121607367856,D_right
61,4,434.0096851076655,974.3292246776922,D_right
62,4,433.03965222511926,974.6545085636668,D_right
63,4,432.16144007051867,974.6396653932592,D_right
64,4,432.1683481271418,974.3337816402312,D_right
65,4,432.03528905025337,972.1200980258376,D_right
66,4,434.8518570922466,972.8655909970572,D_right
67,4,435.2503720984289,970.8315755150612,D_right
68,4,436.6468322601355,971.1245658341912,D_right
69,4,437.9346254167459,971.4125513701132,D_right
70,4,438.72432900309263,973.0781023634784,D_right
71,4,438.18212252606605,969.1439519798658,D_right
72,4,434.7109588236189,967.3790749421248,D_right
73,4,393.7397265731972,931.0029407585791,D_right
74,4,400.48682938084886,917.2101701808566,D_right
75,4,403.5912086188962,907.859380761132,D_right
76,4,406.3831622349056,905.0909735847264,D_right
77,4,396.57403849325925,891.8314293996708,D_right
78,4,388.4062822412545,880.9235650455406,D_right
79,4,395.4767004208297,875.0430406816827,D_right
80,4,402.289676843588,873.2191909275829,D_right
81,4,395.84066864579904,859.3303740577825,D_right
82,4,356.97462243987417,830.1132786758925,D_right
83,4,392.2653433865877,843.1946674364115,D_right
84,4,391.1222186275877,840.4800677826312,D_right
85,4,393.4880947679089,833.2414711839574,D_right
86,4,393.9764696267168,833.6170779285437,D_right
87,4,393.7564128270065,827.2049827772139,D_right
88,4,386.4471372467449,817.1923560554621,D_right
89,4,402.2699404685503,814.0182162673598,D_right
90,4,413.4597494799435,820.6407401421546,D_right
91,4,422.2517800828504,810.490356969379,D_right
92,4,430.941117034207,813.7823005554051,D_right
93,4,440.7253084686739,816.5213509640181,D_right
94,4,446.8058258936872,820.251802099411,D_right
95,4,456.7502309878471,826.2188584659402,D_right
96,4,458.4802343568181,827.810952175041,D_right
97,4,456.5417867686931,827.8701465143239,D_right
98,4,453.9201684150726,833.6571718937038,D_right
99,4,451.83223179197006,842.7138542341206,D_right
100,4,449.1747021326218,844.7056973193146,D_right
101,4,448.8757695228175,848.2536822498095,D_right
102,4,452.89230859926624,854.2121726531234,D_right
103,4,459.5172763120983,860.4356880110945,D_right
104,4,457.6012310831793,874.848718895132,D_right
105,4,461.5555806737316,888.3007475207181,D_right
106,4,462.62956546272375,894.9221446248864,D_right
107,4,476.5429314682069,910.838694037808,D_right
108,4,489.1011326131464,921.5904289136394,D_right
109,4,488.1293517113248,929.317489424952,D_right
110,4,484.2867479166196,931.499403775232,D_right
111,4,480.8185197788832,955.4077042699796,D_right
112,4,485.5567991107935,962.1380321438628,D_right
113,4,498.4721371924595,978.4199329242877,D_right
114,4,507.9073206648077,989.7761133787516,D_right
115,4,507.940450612746,1007.1805918365347,D_right
116,4,507.4501163083692,1011.857998959288,D_right
117,4,510.0036053723241,1023.687418159887,D_right
118,4,507.2218348194313,1025.1073652084517,D_right
119,4,506.52559868082704,1027.975658404977,D_right
120,4,503.8169429229171,1028.5036902582858,D_right
121,4,494.4365381223191,1034.1679562789657,D_right
122,4,493.2108664029062,1036.760290705539,D_right
123,4,491.91618840518015,1043.261223121173,D_right
124,4,491.8477627824147,1045.7999476694708,D_right
125,4,487.38560408391385,1048.3852536086652,D_right
126,4,488.3544815314351,1046.9599917780592,D_right
127,4,488.5958635897305,1050.0150130412246,D_right
128,4,489.5186794945846,1047.3894370671342,D_right
129,4,490.5701159017786,1051.0592392908154,D_right
130,4,490.6164888228297,1051.0328581179508,D_right
131,4,481.21880151332783,1045.9753030044158,D_right
132,4,478.89262224683,1038.196675229289,D_right
133,4,464.2153455868399,1031.861991816923,D_right
134,4,444.7217658082157,1020.5393528032416,D_right
135,4,435.1572394648861,1014.4384599929018,D_right
136,4,437.5532534849788,1015.5901559662524,D_right
137,4,436.546351312088,1014.832564626249,D_right
138,4,433.3804791118376,1013.5406225707172,D_right
139,4,432.1588574663847,1013.289559093342,D_right
140,4,432.388448111386,1012.9690060635126,D_right
141,4,430.0468539909537,1008.4730220040748,D_right
142,4,430.0638479215149,1009.1093688086676,D_right
143,4,424.33715688671305,1002.2282499109066,D_right
144,4,414.3827597719326,997.5526560384844,D_right
145,4,402.6834227934717,986.3684749160216,D_right
146,4,372.6592274031101,963.7502319847366,D_right
147,4,361.6537063168278,948.6028531134776,D_right
148,4,354.91035838686383,945.8696407315329,D_right
149,4,356.6646865398617,941.549281570108,D_right
150,4,357.4530778436391,941.041558793644,D_right
151,4,345.6506838562101,932.4336893663294,D_right
152,4,347.4387766818893,932.7995434999548,D_right
153,4,344.5451836824299,932.7861598314518,D_right
154,4,345.4614094075694,933.2211711699904,D_right
155,4,342.35820818886907,927.664681210155,D_right
156,4,336.81774190481093,923.1856586064204,D_right
157,4,321.27067505243906,912.217104179029,D_right
158,4,309.04459009919003,907.7204063438088,D_right
159,4,310.655259980592,911.1425451316272,D_right
160,4,310.94385258337127,910.7353802923124,D_right
161,4,308.6889118733497,906.7906386956128,D_right
162,4,307.67458284792104,905.770955094889,D_right
163,4,300.977903525885,904.029347532087,D_right
164,4,300.19802275321456,903.132410155968,D_right
165,4,297.65474367942653,901.0414043655904,D_right
166,4,295.96484373533417,900.6330101433608,D_right
167,4,294.3817716584288,898.3543275585954,D_right
168,4,294.029606501714,896.4368849346987,D_right
169,4,299.6101943672982,900.6646000702516,D_right
170,4,304.6508907361524,904.4509810590512,D_right
171,4,300.7690960767482,902.508429327587,D_right
172,4,300.70404054597947,901.5167976726524,D_right
173,4,304.2178295802591,902.5745600231988,D_right
174,4,298.4431349556526,896.6345440184776,D_right
175,4,305.8784458806397,886.6362666947151,D_right
176,4,319.12838769326515,892.3875152006652,D_right
177,4,272.32514499403203,857.9551706212112,D_right
178,4,337.93285702231367,886.3972139958017,D_right
179,4,340.2740750365199,889.2066025843363,D_right
180,4,339.77947130254813,890.9585905914456,D_right
181,4,332.2966917071002,886.4731402985313,D_right
182,4,329.541443353759,878.874378228678,D_right
183,4,336.08498393997206,880.7070087450916,D_right
184,4,340.6123674252688,882.1443067756659,D_right
185,4,352.5028271397889,887.8932202862342,D_right
186,4,355.75003740394914,891.2276019118289,D_right
187,4,355.3653325323754,899.9954441673675,D_right
188,4,355.9865811827043,903.4917400713076,D_right
189,4,349.7877159709202,919.0988309913116,D_right
190,4,336.8466312894647,946.4139546687824,D_right
191,4,335.5506038308211,950.3160835937388,D_right
192,4,335.7581355754949,954.1348950485524,D_right
193,4,332.5981966309772,958.5550323836476,D_right
194,4,322.5069324283887,972.8585655966804,D_right
195,4,334.1390992945732,988.5104192551528,D_right
196,4,334.11863640694105,1002.7430623635528,D_right
197,4,310.5615595254568,1039.846979284847,D_right
198,4,311.3281962829536,1045.2528457261192,D_right
199,4,300.84077648873455,1054.177007434545,D_right
200,4,292.14341416464487,1064.8819834706446,D_right
201,4,328.2089118892244,1098.5964798072664,D_right
202,4,317.4269972522134,1131.428587885065,D_right
203,4,309.2468603220259,1148.6598447181484,D_right
204,4,303.217625186772,1162.607367981827,D_right
205,4,289.2460472518548,1188.1430709471206,D_right
206,4,290.12918904505085,1187.1932228803012,D_right
207,4,286.6053459805567,1215.5802861183097,D_right
208,4,266.02525325815907,1229.9895501018684,D_right
209,4,264.8865507586662,1248.0126433937658,D_right
210,4,254.1521925999188,1271.9861564904024,D_right
211,4,237.31025391875684,1294.4528615568397,D_right
212,4,226.0572414324309,1293.2291239958138,D_right
213,4,240.29176569775083,1307.128042426216,D_right
214,4,188.0635648931799,1295.3778776674446,D_right
215,4,241.50619440909168,1332.3992455316868,D_right
216,4,262.7654948135882,1345.2221930458438,D_right
217,4,230.3422143089709,1370.589609517926,D_right
218,4,230.30473146363684,1377.511454390563,D_right
219,4,227.65421580937,1384.3941278681862,D_right
220,4,206.04866146379783,1377.9219256185368,D_right
221,4,160.072256789647,1376.1540784797455,D_right
222,4,133.2663276998894,1367.425042763739,D_right
223,4,197.29737202032896,1394.7596550965052,D_right
224,4,208.60953775383345,1398.3305587150269,D_right
225,4,175.76594914112155,1380.9949865646668,D_right
226,4,163.88387839133344,1378.7944043306552,D_right
227,4,178.9582041272354,1381.2716847722795,D_right
228,4,185.21576450007456,1383.7879041437748,D_right
229,4,174.54796105573146,1382.2144772701365,D_right
230,4,169.03585293998484,1381.5022888754447,D_right
231,4,202.2133350596798,1389.17983332609,D_right
232,4,198.5476463648309,1389.7263410232754,D_right
233,4,197.55122065951133,1393.00451466428,D_right
234,4,205.70347215879684,1396.6151389882457,D_right
235,4,204.63072539692973,1395.0625740338742,D_right
236,4,200.83754551722728,1398.01483727197,D_right
1,5,602.8633843362685,1439.8480211071587,O_right
2,5,602.8633843362685,1439.8480211071587,O_right
3,5,602.8032364680423,1439.8326865150336,O_right
4,5,601.6616305167286,1438.845107305612,O_right
5,5,604.5716906661781,1435.7684547042593,O_right
6,5,604.3673296870023,1435.514404425562,O_right
7,5,605.9259434475941,1435.5048801724492,O_right
8,5,607.2598790579768,1435.3560237652644,O_right
9,5,606.1350557808454,1434.31304759735,O_right
10,5,606.4230860176267,1434.0817624753458,O_right
11,5,606.4494781687888,1433.610478973604,O_right
12,5,608.2641752630358,1433.702133327372,O_right
13,5,608.2591673356965,1432.743529872128,O_right
14,5,608.448241581553,1432.4171249466976,O_right
15,5,608.5373629761707,1431.8616498306494,O_right
16,5,608.0151273695104,1431.3376407212388,O_right
17,5,608.5861107842157,1430.8342042082772,O_right
18,5,609.0310917596734,1429.970352546448,O_right
19,5,609.7883274921171,1427.8834786582202,O_right
20,5,610.7741935281263,1426.741199321872,O_right
21,5,614.1642502145338,1425.1272786151828,O_right
22,5,615.3013976345862,1425.1435184097616,O_right
23,5,614.8597207955336,1424.0098349253458,O_right
24,5,613.6991413979866,1423.2147174191005,O_right
25,5,614.7078197322957,1423.1064712476032,O_right
26,5,612.9768642567341,1422.859238023747,O_right
27,5,611.7198524060288,1423.264424157427,O_right
28,5,605.112879092525,1421.6832562113495,O_right
29,5,604.3239062963593,1420.885335266467,O_right
30,5,600.7353872779992,1419.59442421298,O_right
31,5,585.2899309185758,1414.2854890338308,O_right
32,5,586.754951799409,1414.326977901104,O_right
33,5,577.2685008359732,1410.9526514605782,O_right
34,5,575.7766820758625,1410.1848796787526,O_right
35,5,576.9362617956073,1409.962929972943,O_right
36,5,577.1510235956339,1409.675407045478,O_right
37,5,574.5267127840343,1408.6823506928672,O_right
38,5,573.5144432995249,1407.4167184489102,O_right
39,5,571.2160846747631,1405.9877691839652,O_right
40,5,566.6261722643954,1404.1472635135224,O_right
41,5,548.831449374958,1398.057704553164,O_right
42,5,546.9231910814751,1397.6578970983255,O_right
43,5,543.9700478608793,1397.685276980872,O_right
44,5,545.1401736911318,1397.669873766734,O_right
45,5,545.0733650785996,1397.4116841814457,O_right
46,5,545.1870697337081,1397.3014973380875,O_right
47,5,547.7434128645144,1396.2662231952745,O_right
48,5,550.5057326339744,1394.5076422624898,O_right
49,5,556.754412273304,1390.265476132921,O_right
50,5,561.4201116085435,1387.9117368814527,O_right
51,5,564.3105926032476,1389.526988129974,O_right
52,5,564.78678274053,1389.8198078788253,O_right
53,5,565.471478869005,1389.103507021426,O_right
54,5,565.5812797143071,1388.7528553985985,O_right
55,5,566.1165980344801,1387.488228474553,O_right
56,5,567.2311232652776,1385.9021022426384,O_right
57,5,569.641242738155,1383.5613283844982,O_right
58,5,570.8325551856092,1382.1386952956302,O_right
59,5,571.450327083473,1378.961271644216,O_right
60,5,571.4582820395141,1378.1065984722147,O_right
61,5,571.6996553388955,1378.0265823857458,O_right
62,5,571.5344493249562,1378.195027707741,O_right
63,5,571.4715715605474,1378.1308342396949,O_right
64,5,571.2967359155974,1378.179273108656,O_right
65,5,571.2642637457459,1378.2556691041746,O_right
66,5,571.4910913276703,1378.270422707016,O_right
67,5,572.1085712516351,1378.841427589488,O_right
68,5,572.0604712531899,1378.773019638465,O_right
69,5,572.0869755752093,1379.3723340144793,O_right
70,5,571.873723804941,1379.351805495971,O_right
71,5,571.6329431918081,1381.2921431240918,O_right
72,5,571.0361821354383,1382.1813731040031,O_right
73,5,563.2354665906207,1384.1391925715911,O_right
74,5,560.5266080310878,1383.393610922797,O_right
75,5,559.4611282403515,1382.745616001831,O_right
76,5,559.2848765253113,1382.030692937231,O_right
77,5,567.047679986504,1379.5487912036008,O_right
78,5,570.5183517389688,1377.274889192461,O_right
79,5,577.6756676373682,1369.965719587777,O_right
80,5,581.7230983577697,1366.983316635907,O_right
81,5,594.1230264902736,1358.5755806688246,O_right
82,5,597.397196584709,1353.4424793687847,O_right
83,5,603.1748743527995,1339.7786804294103,O_right
84,5,610.3266613049439,1332.8373245773162,O_right
85,5,616.0264751527042,1328.2688689713534,O_right
86,5,616.3403050244749,1326.733140432225,O_right
87,5,624.193133670795,1317.2871547945722,O_right
88,5,627.8878316331262,1306.7977478638338,O_right
89,5,632.457615106117,1297.616981756374,O_right
90,5,633.3773887076455,1291.1733000449003,O_right
91,5,652.7781821245533,1292.487942171679,O_right
92,5,642.3026610534473,1285.7516424797996,O_right
93,5,668.82698681801,1279.5669503324575,O_right
94,5,676.6871568182513,1275.271220126492,O_right
95,5,685.1123471347789,1277.1817700622692,O_right
96,5,687.3921631913237,1277.748408219397,O_right
97,5,687.7897489725733,1274.6915732949894,O_right
98,5,686.786882441537,1271.9706989485378,O_right
99,5,685.8976610462236,1271.330857802537,O_right
100,5,687.5862011041382,1271.6537870424015,O_right
101,5,700.9306410087408,1267.333939278962,O_right
102,5,704.2691960512507,1268.7390900324883,O_right
103,5,708.6243991590719,1269.920877481527,O_right
104,5,708.479076322894,1270.027737667906,O_right
105,5,705.8003852041136,1270.2436591424323,O_right
106,5,705.1892220167339,1272.011960444529,O_right
107,5,701.674653415771,1276.0293664607264,O_right
108,5,699.7892679773935,1277.952670081096,O_right
109,5,698.5492992939915,1279.8322522889634,O_right
110,5,697.8166691852853,1280.2003375579354,O_right
111,5,696.0705087443457,1279.0264180620711,O_right
112,5,693.9363804000004,1278.548160337097,O_right
113,5,688.0766199653825,1283.0615748368036,O_right
114,5,689.051286016264,1288.8654578520047,O_right
115,5,676.1308012312943,1295.4768044561156,O_right
116,5,673.9081514025094,1298.0673310792847,O_right
117,5,670.523201359915,1300.8686579178216,O_right
118,5,673.8818781194286,1305.2870509539916,O_right
119,5,675.7577533198382,1310.96414291535,O_right
120,5,672.2861162836584,1313.3950724766937,O_right
121,5,666.9918726613115,1320.769988932337,O_right
122,5,663.0029278243002,1322.3087954836149,O_right
123,5,658.4784652592069,1328.3259915245064,O_right
124,5,653.9668306224472,1327.9161740105342,O_right
125,5,652.9660341585434,1328.4220482629128,O_right
126,5,649.6766661466552,1328.079631449863,O_right
127,5,644.927095642022,1328.5267778406646,O_right
128,5,636.9709115986102,1330.9558658255896,O_right
129,5,621.3381002188495,1336.813950120831,O_right
130,5,620.485732014053,1341.5245090280007,O_right
131,5,616.7725804736685,1348.1712630155846,O_right
132,5,613.5718938652533,1348.7673773603992,O_right
133,5,611.5006498462532,1352.936673559147,O_right
134,5,606.9599212797789,1353.1154226745955,O_right
135,5,599.8576866752727,1354.0033529520858,O_right
136,5,599.7181112689656,1355.019922735278,O_right
137,5,591.3517709291812,1353.5310541715205,O_right
138,5,585.5069411358335,1352.3604851099765,O_right
139,5,556.292104039291,1345.3829961755243,O_right
140,5,521.5599863785317,1334.5588367537646,O_right
141,5,551.4592329619826,1348.9480271098312,O_right
142,5,550.5904829300919,1350.7989881677252,O_right
143,5,544.3836070784106,1352.446238735934,O_right
144,5,542.4677035835024,1355.328720589675,O_right
145,5,532.3347129839954,1356.612844210317,O_right
146,5,531.0905257044094,1357.9598212480928,O_right
147,5,529.3397142137364,1360.602904600208,O_right
148,5,514.254940586716,1357.6200223111923,O_right
149,5,495.1196194603606,1356.145714836823,O_right
150,5,491.1680115805911,1357.117312203571,O_right
151,5,487.9948804623194,1361.3753698196292,O_right
152,5,482.2935810904459,1361.5212375525127,O_right
153,5,482.1825609944575,1363.798802613362,O_right
154,5,481.5592299949433,1364.8119056576973,O_right
155,5,478.0983773807742,1364.9674541520292,O_right
156,5,477.6075147085549,1365.4981147677793,O_right
157,5,470.967830584749,1364.3999182813086,O_right
158,5,464.47218508282975,1362.367751080404,O_right
159,5,452.8852984802045,1360.553628106495,O_right
160,5,451.4846879447239,1361.1118982889957,O_right
161,5,431.2735782639905,1358.9807212696542,O_right
162,5,426.0030599380421,1359.1682407544288,O_right
163,5,428.9562981979265,1370.0752803457283,O_right
164,5,438.6402366932896,1375.9758343554304,O_right
165,5,432.2873380092232,1379.355027283664,O_right
166,5,429.6226575364981,1379.8482714007405,O_right
167,5,430.9761398993056,1383.6953886496588,O_right
168,5,437.0307619853481,1387.655461727085,O_right
169,5,433.44224563317664,1392.831024882635,O_right
170,5,436.3174050061121,1395.2466543790192,O_right
171,5,468.8505879835628,1414.223287958949,O_right
172,5,467.0193767481098,1417.0298595164977,O_right
173,5,463.2793225998227,1424.2977214270225,O_right
174,5,460.4777161138777,1426.7700854791644,O_right
175,5,452.7904358891994,1428.682726045169,O_right
176,5,441.8615424615409,1427.8109777963737,O_right
177,5,418.9416852032302,1430.6083512193982,O_right
178,5,412.511215083532,1431.0100838572102,O_right
179,5,403.087549171612,1427.804865661528,O_right
180,5,388.97449743149417,1427.7698972551614,O_right
181,5,354.05238112737675,1425.5504978282754,O_right
182,5,339.31468844885467,1424.341896187943,O_right
183,5,320.2204164427423,1426.0629353430702,O_right
184,5,318.9515476219871,1425.2768744685452,O_right
185,5,336.9858829051372,1432.0789568790306,O_right
186,5,332.99502306745416,1435.173801534495,O_right
187,5,332.3424320960165,1438.1651992578538,O_right
188,5,319.51238309089456,1435.838207437932,O_right
189,5,298.4620723709816,1434.2387947906764,O_right
190,5,298.52296186218547,1436.5195235818867,O_right
191,5,316.4631074013216,1442.4271535475489,O_right
192,5,316.0758947445736,1442.9573806876735,O_right
193,5,314.8114558816406,1443.9133932079317,O_right
194,5,315.15798584498964,1446.0548353871857,O_right
195,5,310.167670554089,1448.4223831944082,O_right
196,5,303.84565216654863,1449.5839616775947,O_right
197,5,280.45547231194297,1461.2337780056182,O_right
198,5,273.7344155808713,1461.3083393171387,O_right
199,5,271.1015196668599,1454.647397085174,O_right
200,5,270.24679855153187,1455.520341097924,O_right
201,5,267.7447262971216,1458.0445357110457,O_right
202,5,267.5001847203713,1458.281810881954,O_right
203,5,264.450654493981,1456.274181768527,O_right
204,5,260.1228311582046,1452.8159657644178,O_right
205,5,253.7877052297848,1449.137971892946,O_right
206,5,246.82708609959687,1456.8478899529025,O_right
207,5,251.4753318821522,1445.5626419186397,O_right
208,5,251.56750178704863,1445.3535723167613,O_right
209,5,248.14636619073613,1448.012351818341,O_right
210,5,248.06622415917843,1450.1107435737308,O_right
211,5,239.82382670198325,1450.454619139243,O_right
212,5,243.19619428634957,1437.379002807538,O_right
213,5,229.15729653121755,1437.211916310694,O_right
214,5,154.43710566669742,1416.6308503826006,O_right
215,5,145.47123064415075,1412.9923703609504,O_right
216,5,131.57813682289552,1407.2331481415265,O_right
217,5,132.78722372886182,1406.801470715174,O_right
218,5,170.83675740320248,1414.5082526605424,O_right
219,5,203.5712530875252,1422.2206081928928,O_right
220,5,202.3753001760912,1415.3388538076,O_right
221,5,222.1253137438525,1418.345657186331,O_right
222,5,215.45234894837523,1424.1556254255906,O_right
223,5,204.34171856808015,1413.6677679916334,O_right
224,5,192.3585575946109,1410.8216860697692,O_right
225,5,200.1126190186683,1412.0691055166008,O_right
226,5,198.26776119421413,1412.758111191151,O_right
227,5,200.32449697188943,1416.3099966144807,O_right
228,5,201.98524163908888,1416.6054968042552,O_right
229,5,202.29328123665712,1417.4825343311427,O_right
230,5,201.5817400884185,1417.5474784455191,O_right
231,5,203.71610871357316,1420.6704989787315,O_right
232,5,204.4383935409996,1421.7272903047233,O_right
233,5,200.3699246102248,1422.2745467597745,O_right
234,5,193.05287519821613,1420.0186813068508,O_right
235,5,189.85385758368585,1422.153292710127,O_right
236,5,175.25818197426227,1420.703913638937,O_right
1,7,550.1484108372308,127.52298048270622,O_left
2,7,550.1484108372308,127.52298048270622,O_left
3,7,549.6548942084222,126.44628695076926,O_left
4,7,561.1019126214787,150.6996095701889,O_left
5,7,552.7535903813623,138.0964712241231,O_left
6,7,549.6867493706912,135.74309025719225,O_left
7,7,553.5847793127306,150.50689635543452,O_left
8,7,554.5529776041176,153.89839972947067,O_left
9,7,546.2096536464136,152.55441199407932,O_left
10,7,539.9087944909352,147.2199461737957,O_left
11,7,551.5280223085211,174.0605033048154,O_left
12,7,549.3323859625633,175.10250261805615,O_left
13,7,562.8211552303331,210.9640520584204,O_left
14,7,542.4856304181097,188.5023362193853,O_left
15,7,573.9080398768085,206.50894071421072,O_left
16,7,581.4077927191857,210.1558931966039,O_left
17,7,576.760725588399,203.5287132360195,O_left
18,7,577.650479274929,203.57827891089337,O_left
19,7,576.6354243465362,191.00371770106864,O_left
20,7,583.2743054958995,188.920857891398,O_left
21,7,588.8949623120584,171.83751891935356,O_left
22,7,595.4376191246672,164.78240453501013,O_left
23,7,611.3654671312365,157.76575965611755,O_left
24,7,544.6001173401014,46.86794281278208,O_left
25,7,615.9188844630073,139.24420043312236,O_left
26,7,611.9039991581636,123.15780853286482,O_left
27,7,688.3131701233561,189.3236871083518,O_left
28,7,703.2936895367477,201.2817408070452,O_left
29,7,703.7265425920318,193.38104558962925,O_left
30,7,699.0878993247395,191.30078140935908,O_left
31,7,724.8006963495542,195.97822828032284,O_left
32,7,736.4951201436905,210.8185089293952,O_left
33,7,759.6231708684832,251.2175772008879,O_left
34,7,769.6594933156152,268.57545883029525,O_left
35,7,778.8043314609673,284.17947886359923,O_left
36,7,778.9896798811347,285.6056403755908,O_left
37,7,779.2896249538144,289.6910873663831,O_left
38,7,778.717501595332,289.80825939131853,O_left
39,7,777.4588760685002,286.9826747136163,O_left
40,7,779.0483127158633,291.1137704636805,O_left
41,7,770.6314538616922,291.06344066694135,O_left
42,7,774.5907355566604,301.39105105304844,O_left
43,7,781.0011061125122,321.6852148475381,O_left
44,7,780.8102135810869,323.70221592627274,O_left
45,7,776.6909218083675,325.2879450189113,O_left
46,7,774.8237522223372,327.5069227210284,O_left
47,7,760.4836376143074,326.01441107471584,O_left
48,7,761.3778533171783,331.4862456905599,O_left
49,7,763.1888567570587,344.81911658041787,O_left
50,7,768.8488726303328,354.82119978900306,O_left
51,7,780.5584871852125,372.91226969951606,O_left
52,7,782.8116829676038,377.1155226535604,O_left
53,7,782.8237514040525,379.0168602163429,O_left
54,7,783.8448799745935,380.1838519772235,O_left
55,7,781.7585747185746,377.9918780309186,O_left
56,7,781.3110011463767,378.14297918541104,O_left
57,7,787.3089157845673,386.94148542381697,O_left
58,7,789.6284465878634,388.25556215726544,O_left
59,7,789.6735197218381,389.617098511238,O_left
60,7,788.3211776018222,389.5117406575934,O_left
61,7,779.4476487212761,387.96561336420825,O_left
62,7,770.4160198132707,379.1858994568307,O_left
63,7,722.9095218156739,332.84768412890304,O_left
64,7,718.0929455203749,341.85663761857035,O_left
65,7,728.492393685738,356.9101829538518,O_left
66,7,727.3709298923862,360.34742555599496,O_left
67,7,726.6677713188103,372.5818291569885,O_left
68,7,698.3007075208651,350.01755160534617,O_left
69,7,597.0665709278728,261.44270030593134,O_left
70,7,557.5464182831721,235.72036160725017,O_left
71,7,640.721300833576,360.68819984524487,O_left
72,7,615.4041674622365,340.339245480126,O_left
73,7,530.9334172001661,413.7049455110876,O_left
74,7,446.4626669380958,487.0706455420492,O_left
75,7,361.9919166760255,560.4363455730108,O_left
76,7,277.52116641395514,633.8020456039724,O_left
77,7,193.0504161518848,707.1677456349339,O_left
78,7,108.57966588981446,780.5334456658956,O_left
79,7,80.69178978130407,763.9025802701067,O_left
80,7,52.80391367279368,747.2717148743179,O_left
81,7,24.91603756428329,730.6408494785292,O_left
82,7,-2.971838544227112,714.0099840827403,O_left
83,7,-30.85971465273749,697.3791186869514,O_left
84,7,-58.7475907612479,680.7482532911627,O_left
85,7,-44.23448037592544,689.5937441348411,O_left
86,7,181.8474251474224,535.6721528754797,O_left
87,7,407.9293306707702,381.7505616161184,O_left
88,7,408.2046497497192,400.6168524334433,O_left
89,7,413.40726973936427,391.78803643828417,O_left
90,7,418.6098897290093,382.959220443125,O_left
91,7,423.8125097186543,374.1304044479659,O_left
92,7,410.35547281374033,367.7300898631861,O_left
93,7,396.8984359088264,361.3297752784064,O_left
94,7,405.244730225338,356.7611122727369,O_left
95,7,314.9170924564324,230.413442950748,O_left
96,7,385.2622438871651,311.0467596395756,O_left
97,7,335.9747764887233,256.01570111815937,O_left
98,7,442.2606019482017,387.4438434220791,O_left
99,7,391.2291607972888,326.9714176583451,O_left
100,7,358.2184553253055,282.05651707711576,O_left
101,7,345.38269999781977,281.1513220863342,O_left
102,7,375.0175287261932,307.4096568365836,O_left
103,7,320.04080424144,260.59403296858034,O_left
104,7,392.0165127046876,339.2809514079143,O_left
105,7,385.55969076529726,335.6389824383968,O_left
106,7,379.0334967527127,324.6442211653068,O_left
107,7,401.521692559473,349.2744312867176,O_left
108,7,392.393675926208,340.04558305410933,O_left
109,7,366.2784604112484,313.2409440376674,O_left
110,7,371.39829286815433,320.43027962586115,O_left
111,7,361.2344279596638,307.941933973676,O_left
112,7,350.5196944053976,294.696635931152,O_left
113,7,370.305115260205,316.0952066468405,O_left
114,7,367.9464707361256,312.0771984497907,O_left
115,7,349.1117593922351,284.9692286759332,O_left
116,7,341.576665354686,276.1845603988102,O_left
117,7,327.65473726439564,259.0958896238137,O_left
118,7,317.2593425532696,237.76297830776147,O_left
119,7,319.0213700839621,234.39832785073284,O_left
120,7,288.0418631631877,190.1128715130086,O_left
121,7,249.52728672533624,138.3088990306306,O_left
122,7,254.4578250133331,142.64436157455577,O_left
123,7,297.7055879487581,186.26710680763867,O_left
124,7,286.3226536786533,167.59572723439194,O_left
125,7,260.8192326093991,131.68249473160412,O_left
126,7,265.23878783582944,132.14746418803148,O_left
127,7,281.655180199022,142.81994945537184,O_left
128,7,283.07551182803564,143.88926639433578,O_left
129,7,284.33957793070624,134.06496241690948,O_left
130,7,285.2918573064204,130.3226155290541,O_left
131,7,288.31581700740514,124.6540646333192,O_left
132,7,290.35142105156723,126.664233060811,O_left
133,7,282.4109503361916,114.91645987125776,O_left
134,7,276.48293756354013,106.57423586017548,O_left
135,7,248.37589757484287,69.58711409660549,O_left
136,7,235.67317508422795,54.04926330292928,O_left
137,7,170.66118221616028,-17.137683805612795,O_left
138,7,244.42131203890392,78.32545290931856,O_left
139,7,244.4131420296233,81.07918728034099,O_left
140,7,246.67621358639815,84.10964829681961,O_left
141,7,243.2241172180335,81.02898204433829,O_left
142,7,243.65640259088605,82.47519368638754,O_left
143,7,237.97675115777025,78.42750972234948,O_left
144,7,223.51947313002327,65.93404519199277,O_left
145,7,216.297865619123,70.71916904803088,O_left
146,7,210.1796666963142,68.68967092800385,O_left
147,7,206.64944600000663,71.58680626515104,O_left
148,7,207.65641951207743,79.79351596099617,O_left
149,7,215.77360775560487,88.55691275136664,O_left
150,7,217.4043770616583,88.01238381580478,O_left
151,7,219.2893234710043,118.31925288523736,O_left
152,7,230.01455927444047,133.79287909984933,O_left
153,7,217.67858521581024,142.70420111043146,O_left
154,7,205.34261115718,151.6155231210136,O_left
155,7,193.00663709854976,160.5268451315957,O_left
156,7,180.6706630399195,169.43816714217786,O_left
157,7,168.33468898128928,178.34948915276,O_left
158,7,155.99871492265902,187.2608111633421,O_left
159,7,143.6627408640288,196.1721331739243,O_left
160,7,131.32676680539856,205.0834551845064,O_left
161,7,118.9907927467683,213.9947771950885,O_left
162,7,131.75857032467096,248.35153402012736,O_left
163,7,144.5263479025736,282.7082908451662,O_left
164,7,155.9435872425877,316.7952693993484,O_left
165,7,112.44578247634578,314.9086383122072,O_left
166,7,77.53985283231249,300.4596501373943,O_left
167,7,69.36928337952708,328.7667533582187,O_left
168,7,-33.315435137472114,249.5097662590995,O_left
169,7,-105.11016165014372,213.0238178735343,O_left
170,7,-108.98941831495765,219.94252116399724,O_left
171,7,109.81171266291643,424.4589781252463,O_left
172,7,104.64390515143192,428.1720872927731,O_left
173,7,117.745857201612,400.7812440586034,O_left
174,7,100.0254330245481,456.4542310406734,O_left
175,7,124.0789531703025,465.23075029359904,O_left
176,7,148.13247331605692,474.0072695465247,O_left
177,7,172.1859934618113,482.7837887994504,O_left
178,7,149.36247389507855,515.3862663479603,O_left
179,7,126.53895432834582,547.9887438964702,O_left
180,7,103.71543476161308,580.5912214449801,O_left
181,7,80.89191519488034,613.19369899349,O_left
182,7,-67.22073444263671,515.4411289100691,O_left
183,7,71.2409996253463,629.1581313598525,O_left
184,7,78.13040637898632,637.2320380701595,O_left
185,7,77.51546567167676,658.315792186238,O_left
186,7,80.05192360884703,662.9905018536006,O_left
187,7,74.68928542601842,674.134117020097,O_left
188,7,73.76100753267994,680.6999720453102,O_left
189,7,-12.622817631583764,651.033712364819,O_left
190,7,-13.12720803464026,659.3109623698099,O_left
191,7,-27.908224098051164,672.9680961872843,O_left
192,7,-31.36721878496421,668.4386585757499,O_left
193,7,148.47628870916324,796.5469817234828,O_left
194,7,160.43978338084716,803.9886979976809,O_left
195,7,183.28654436521904,824.1568730126395,O_left
196,7,192.67161761870204,832.8183174528938,O_left
197,7,186.74827445237503,834.0054481191877,O_left
198,7,182.97095277672685,833.9531544913846,O_left
199,7,189.99449354717757,842.1874731668485,O_left
200,7,204.71639699374865,855.5301429381409,O_left
201,7,238.21277610058655,880.5926728005389,O_left
202,7,249.02322049238992,885.8135308133402,O_left
203,7,269.0745081344889,899.5459628913725,O_left
204,7,263.3051334406867,897.8010260010041,O_left
205,7,265.22247634798407,903.423014583966,O_left
206,7,271.8833653635628,908.5784196941484,O_left
207,7,294.70398746191654,920.3809218299144,O_left
208,7,315.56700073311225,932.3388675333068,O_left
209,7,336.60994240264813,944.0000588571626,O_left
210,7,339.6248671977321,946.480851152476,O_left
211,7,349.00245782529294,951.8450527050828,O_left
212,7,352.0010136576552,951.6039788835088,O_left
213,7,367.3036304049987,956.0053425972314,O_left
214,7,376.1688930312802,961.5225683051611,O_left
215,7,399.1638629248383,974.9849265168228,O_left
216,7,401.5006855453171,975.6749880834878,O_left
217,7,419.2987348098004,984.2963252426028,O_left
218,7,415.30211719916525,981.9868150194932,O_left
219,7,418.7184396251324,986.7520030476884,O_left
220,7,417.6454242158975,985.62570931019,O_left
221,7,446.4388229050506,1000.3590289955152,O_left
222,7,450.31388313558256,1001.5699657270038,O_left
223,7,475.09965495900633,1014.6999346186552,O_left
224,7,489.35100699818696,1021.3142491308116,O_left
225,7,494.0997059209985,1021.729154252858,O_left
226,7,495.3532611965027,1020.8912609116836,O_left
227,7,494.68271233444193,1014.4253905466384,O_left
228,7,508.09435617059137,1022.126259156778,O_left
229,7,539.8105576471594,1035.7892447262402,O_left
230,7,549.0901207547006,1040.9603105578617,O_left
231,7,573.9897465036138,1050.7245737000524,O_left
232,7,576.954222805438,1051.694500343623,O_left
233,7,576.872549865617,1051.9715227796737,O_left
234,7,576.5662233196604,1046.5721183894047,O_left
235,7,577.1626618870571,1042.4340859622027,O_left
236,7,586.1269599569865,1045.614269402331,O_left
