1,1,969.559917626668,1023.6225493840504,O_top
2,1,969.559917626668,1023.6225493840504,O_top
3,1,969.0720659608826,1027.8853372176231,O_top
4,1,971.1644643807537,1034.5523357311076,O_top
5,1,972.773100136482,1036.2956376590175,O_top
6,1,975.3340592918676,1039.1531921698615,O_top
7,1,975.2451652149628,1038.6289988866183,O_top
8,1,975.6676111661134,1039.5255757970867,O_top
9,1,975.7865577067062,1039.5936271144485,O_top
10,1,975.4146019015176,1040.5181554924304,O_top
11,1,975.3384245019852,1040.5901404459494,O_top
12,1,974.8024133130044,1040.102368904759,O_top
13,1,974.573164675369,1040.1679527864287,O_top
14,1,974.1037022642204,1040.4704047559298,O_top
15,1,974.0155406948304,1041.3896625117557,O_top
16,1,974.5133517321156,1042.2733363363104,O_top
17,1,974.5869224121382,1042.5506656609468,O_top
18,1,974.3946048624604,1042.8434920535658,O_top
19,1,974.6724471310722,1043.0534690537506,O_top
20,1,974.1821287377736,1041.717773733827,O_top
21,1,974.1996741169256,1041.7198800320753,O_top
22,1,974.0419904588792,1041.6805545333186,O_top
23,1,972.974603105694,1041.081187038547,O_top
24,1,971.146292169393,1039.4707469633638,O_top
25,1,969.0940009155144,1037.652825349238,O_top
26,1,965.3836629973368,1036.7780746281742,O_top
27,1,958.803457346368,1033.0071923399537,O_top
28,1,950.8575546465154,1035.3317781310657,O_top
29,1,952.5789438533502,1029.924068152788,O_top
30,1,942.7630942945405,1043.4726456564897,O_top
31,1,939.917779462573,1048.3678421322672,O_top
32,1,940.757721481496,1046.2474944599026,O_top
33,1,931.409480423613,1052.5181601358124,O_top
34,1,927.6313387626092,1060.892353238485,O_top
35,1,931.8667532421592,1063.1115259702146,O_top
36,1,945.8320289308074,1076.1101715543928,O_top
37,1,946.4346100783672,1081.518935192014,O_top
38,1,948.1793044056294,1089.7216744235734,O_top
39,1,948.4136591949302,1092.5420954080914,O_top
40,1,945.1445767264872,1104.1539508478484,O_top
41,1,941.0610464355824,1108.5044849330552,O_top
42,1,928.2762454741888,1129.3578438208915,O_top
43,1,925.5933201324352,1134.1180610656236,O_top
44,1,916.506228967591,1146.9344135276103,O_top
45,1,913.2996689762124,1153.959853063507,O_top
46,1,923.8000119322776,1172.6813417180713,O_top
47,1,925.6536029855978,1183.6867727007873,O_top
48,1,914.8205988039584,1207.3702791362716,O_top
49,1,905.820591714481,1224.0639617675104,O_top
50,1,900.5490983551617,1231.8533944314702,O_top
51,1,905.7172661346782,1244.1768468003022,O_top
52,1,909.9598002032508,1269.0219354077312,O_top
53,1,906.7456784456324,1279.6439264636392,O_top
54,1,893.5352448609141,1304.121897013735,O_top
55,1,887.0936617377744,1314.1477736396805,O_top
56,1,872.9196561787719,1337.4206135657896,O_top
57,1,866.1837003787529,1340.8493738657353,O_top
58,1,841.1742245678055,1352.49127172896,O_top
59,1,830.519200771729,1356.4138539092671,O_top
60,1,816.3883121923662,1376.6132157169895,O_top
61,1,808.7292714951402,1387.6525982909825,O_top
62,1,795.8976236235437,1400.993104779948,O_top
63,1,783.9934696380099,1409.220483362903,O_top
64,1,759.479342421149,1418.1206586607116,O_top
65,1,753.2953569419212,1421.5552125407798,O_top
66,1,737.2527921137039,1427.109970393784,O_top
67,1,730.5629204706833,1435.3048028889216,O_top
68,1,719.439472606355,1440.87996624585,O_top
69,1,704.7860893653221,1440.7114728671795,O_top
70,1,686.8913205863413,1441.3761368578278,O_top
71,1,656.934832521602,1438.484932252353,O_top
72,1,654.0526844315442,1446.2148731404147,O_top
73,1,647.3300372438487,1449.7500871141058,O_top
74,1,645.5856345425391,1456.637615087291,O_top
75,1,642.6098296948654,1458.7569382787365,O_top
76,1,631.7214885494344,1461.9110361320431,O_top
77,1,567.07880812231,1446.0579723855533,O_top
78,1,567.3927345720674,1455.40803618215,O_top
79,1,536.1713202893509,1451.893641710368,O_top
80,1,504.9527830845078,1448.8774252994783,O_top
81,1,491.2632769382119,1446.056627024741,O_top
82,1,481.7675440128621,1445.245607986952,O_top
83,1,476.90736555541525,1447.155746477967,O_top
84,1,473.1922208646464,1449.4864951535656,O_top
85,1,477.6729719992306,1451.2187170308127,O_top
86,1,462.6113141594091,1444.3203054674489,O_top
87,1,476.5481878591653,1434.4110682430344,O_top
88,1,472.803610897889,1434.75147966239,O_top
89,1,486.46865289679374,1420.0581822224965,O_top
90,1,501.57298195573554,1403.080335801754,O_top
91,1,501.3246264076525,1403.5103073238429,O_top
92,1,508.26685171944393,1391.567974352182,O_top
93,1,468.2695828819441,1368.531907160942,O_top
94,1,454.9006171179598,1354.9245923420576,O_top
95,1,466.26328612323886,1349.4019968564376,O_top
96,1,502.2558316368005,1356.5589770659817,O_top
97,1,500.64427616107656,1353.4635965301763,O_top
98,1,505.4839847021496,1346.5720266829646,O_top
99,1,506.59921670158445,1342.6923634759962,O_top
100,1,506.15224887274326,1331.862252465616,O_top
101,1,502.6316906612804,1336.6757423181723,O_top
102,1,501.9187327657968,1340.22544740448,O_top
103,1,483.4674008234744,1336.9446460454526,O_top
104,1,442.881476313695,1321.7033686748807,O_top
105,1,448.1157402291654,1309.482453835254,O_top
106,1,439.9235426385973,1308.461286868684,O_top
107,1,435.24112918435554,1315.9175814879047,O_top
108,1,410.33126424438296,1300.5458326637445,O_top
109,1,406.766792521467,1296.0284171036624,O_top
110,1,378.2812868716516,1279.019723506427,O_top
111,1,375.49509459089234,1275.7426684473348,O_top
112,1,360.5744927488556,1269.624274112976,O_top
113,1,320.88091908675034,1253.0699441009988,O_top
114,1,298.347423223135,1238.344936311467,O_top
115,1,297.8863913207947,1233.9695052918844,O_top
116,1,292.9789719246825,1228.6334000626746,O_top
117,1,295.6773590664538,1215.020970287225,O_top
118,1,235.215160952722,1187.874317679226,O_top
119,1,214.7877209068085,1177.5728184497052,O_top
120,1,206.2392652017292,1164.34273469808,O_top
121,1,205.68044598090947,1160.803624558586,O_top
122,1,201.7521817689065,1151.6873518880443,O_top
123,1,171.63198609912834,1136.0338686237174,O_top
124,1,114.13399526135548,1100.5204580303591,O_top
125,1,91.92672420497982,1088.4508379967344,O_top
126,1,107.61053472158976,1087.864460548001,O_top
127,1,95.70232773433716,1082.2338515430442,O_top
128,1,103.31123183960308,1070.841854192114,O_top
129,1,127.73197576198578,1074.0549133001678,O_top
130,1,132.260200543137,1073.3701725416895,O_top
131,1,146.80868386094997,1074.342874594216,O_top
132,1,79.7270048952297,1040.1364987380332,O_top
133,1,49.43007997839526,1021.6946869548202,O_top
134,1,59.99877692609197,1018.9835244766236,O_top
135,1,65.82709943125168,1016.860882235497,O_top
136,1,45.2162591967293,1000.6292044024916,O_top
137,1,40.61872807448441,993.3772816571204,O_top
138,1,64.10284516508004,1003.4977922658816,O_top
139,1,72.38597971875942,998.5914056619469,O_top
140,1,40.07065474855592,979.92701385155,O_top
141,1,39.15585234447922,979.8862641499662,O_top
142,1,37.78180357476472,977.0754813960084,O_top
143,1,31.354382827748253,975.4332113216868,O_top
144,1,23.131497861825416,972.0951706438613,O_top
145,1,21.864112758674143,970.6688004961828,O_top
146,1,18.169537896501357,971.1587252922428,O_top
147,1,15.314345235795493,970.0190860300008,O_top
148,1,17.147041907696586,970.4662787416736,O_top
149,1,18.857075096874368,970.840493746484,O_top
150,1,17.406413079397442,970.9998638652752,O_top
151,1,17.136709437932936,971.0647872754369,O_top
152,1,16.159396433591972,971.8497887906356,O_top
153,1,10.429981853436813,968.9492781295082,O_top
154,1,14.357653696943462,972.9953106253324,O_top
155,1,16.178170031730176,974.8779669031312,O_top
156,1,15.355478339465613,975.347577507352,O_top
157,1,18.86744646667165,976.3649908957304,O_top
158,1,24.471807434696213,981.7544980432108,O_top
159,1,28.35187992430375,983.3869793107408,O_top
160,1,18.61798520165946,980.181021455347,O_top
161,1,25.9051828107788,983.7325996762204,O_top
162,1,31.778246176375674,986.371783342311,O_top
163,1,32.70963113661125,986.4512805144556,O_top
164,1,36.43347867220414,988.2503856213008,O_top
165,1,36.04295710934495,987.2894995053546,O_top
166,1,31.04975830696984,984.405807978137,O_top
167,1,41.49890601592328,987.280173747944,O_top
168,1,43.42264673828723,984.019977391591,O_top
169,1,45.62420055584551,982.2535146858615,O_top
170,1,58.33392914812776,982.9040574508722,O_top
171,1,58.90988451773258,980.5081259558232,O_top
172,1,59.732018965834165,979.2829536287126,O_top
173,1,61.55257569839002,977.5509729102056,O_top
174,1,66.76799552956226,979.3864443907804,O_top
175,1,65.65938538929997,977.7476876702426,O_top
176,1,67.03509416562396,975.5574746181468,O_top
177,1,67.25912690923518,973.7129013676504,O_top
178,1,73.17079339897292,966.7631075298104,O_top
179,1,71.28702448821295,961.918350118846,O_top
180,1,84.31218973622408,959.880101198927,O_top
181,1,86.84379159234561,960.0674089787456,O_top
182,1,93.3558809940925,960.6701999062028,O_top
183,1,101.9291505888305,958.8504562234716,O_top
184,1,113.2294405865109,960.6520394271188,O_top
185,1,109.56553091818762,956.9910818748094,O_top
186,1,116.60082189940628,957.4076973689664,O_top
187,1,118.6185728776504,954.9707836111194,O_top
188,1,121.62441159752444,951.1312776451232,O_top
189,1,124.85642745534447,952.2343646555046,O_top
190,1,125.8299481640929,946.805642147862,O_top
191,1,126.99291182567268,945.5942118564744,O_top
192,1,128.2666027396394,942.4896699136812,O_top
193,1,126.92904162307156,937.2848788727792,O_top
194,1,131.40394306407313,933.0032391509504,O_top
195,1,134.34305057352557,934.0271638416212,O_top
196,1,132.2942100012485,931.199276128817,O_top
197,1,137.83644161483855,934.8131668468288,O_top
198,1,135.8998627767224,932.1800842611464,O_top
199,1,136.10449662732958,931.3928718705556,O_top
200,1,131.30233614125376,924.1485919301192,O_top
201,1,133.73514516737214,924.449451395357,O_top
202,1,138.59676053524012,924.017391190882,O_top
203,1,141.9573296511657,924.1042909831392,O_top
204,1,134.04681874423048,913.1677121706484,O_top
205,1,147.49873702005195,919.933624092858,O_top
206,1,156.3706747172564,920.4816797997304,O_top
207,1,159.2466835761392,916.058748622796,O_top
208,1,160.81798475897784,908.5465840986932,O_top
209,1,160.2322877876416,907.314014893927,O_top
210,1,169.26285002875855,912.3424280441308,O_top
211,1,169.29865878206436,911.0643898783908,O_top
212,1,169.7846867971952,910.0608382549664,O_top
213,1,172.3244344012529,909.5565367809572,O_top
214,1,172.62204213111394,905.2033855827495,O_top
215,1,173.9828610774148,904.205636389122,O_top
216,1,175.5638717035254,903.127839579768,O_top
217,1,176.84787463377668,900.1521843668753,O_top
218,1,177.46329420200772,898.7022055846019,O_top
219,1,177.13272323788695,898.2563787008161,O_top
220,1,177.08593696428122,896.6499174953603,O_top
221,1,177.4885103896071,896.4541878905293,O_top
222,1,180.78810918687049,897.6867700387087,O_top
223,1,179.60533233729709,896.3711072411254,O_top
224,1,180.05011033400697,896.7341850996416,O_top
225,1,180.0628396826025,896.5692934366594,O_top
226,1,182.81550319097045,897.6347844305117,O_top
227,1,178.9587224647562,894.9308746644265,O_top
228,1,178.79351549073962,894.6084616110057,O_top
229,1,178.6934326347891,894.5607389180348,O_top
230,1,177.17313621955228,892.2860834212058,O_top
231,1,177.07300952150445,892.2587316474331,O_top
232,1,178.0689484254887,892.9728860273415,O_top
233,1,178.94142756425586,893.2675535254386,O_top
234,1,179.2330682935141,893.7836243424166,O_top
235,1,179.1031968601784,893.5872663195796,O_top
236,1,177.25444147059275,892.6808581971574,O_top
237,1,177.80698081718447,893.4782223674525,O_top
238,1,177.92615922380554,893.0167186411472,O_top
239,1,181.040978823781,894.2683395924857,O_top
240,1,180.0289679652582,896.1259603551571,O_top
1,2,847.1206140429485,1029.1620202655558,D_top
2,2,847.1206140429485,1029.1620202655558,D_top
3,2,845.038049413815,1026.509821302682,D_top
4,2,837.0740849113312,1020.7829399155488,D_top
5,2,834.4782757723016,1019.6030300975128,D_top
6,2,832.3212219317852,1022.4435792002004,D_top
7,2,831.6982997340391,1023.3444874503664,D_top
8,2,831.5898994045131,1022.8778832663448,D_top
9,2,832.1327061824206,1021.5141744959924,D_top
10,2,830.9710748427282,1025.0954847877144,D_top
11,2,830.9388031121501,1025.3921301109651,D_top
12,2,831.768687788238,1024.0982314934445,D_top
13,2,831.6582571699289,1024.353886527009,D_top
14,2,831.063933811107,1023.614625004743,D_top
15,2,830.9709012509394,1023.9038952167484,D_top
16,2,828.1078278465462,1023.6200451773752,D_top
17,2,828.3599342022101,1022.8182964607298,D_top
18,2,826.0548198512663,1025.423437915103,D_top
19,2,825.5975028244726,1026.0493272370104,D_top
20,2,824.9460335529624,1023.1363656289471,D_top
21,2,823.5644945218802,1024.3507453237703,D_top
22,2,817.7535476534018,1035.3006620173232,D_top
23,2,818.0419574973945,1034.6178247303978,D_top
24,2,821.0865796376116,1034.7311175356474,D_top
25,2,818.7715923841298,1032.9523565180275,D_top
26,2,812.0217210914786,1029.0727574399218,D_top
27,2,802.1880379252019,1022.8908895386132,D_top
28,2,796.9568175101215,1019.9190753274418,D_top
29,2,797.0572266056839,1021.3973756878244,D_top
30,2,795.3725266593683,1024.150600180193,D_top
31,2,794.7236113783873,1024.1770622968463,D_top
32,2,790.8197156853623,1023.9715020304674,D_top
33,2,789.7052229770387,1024.906498402178,D_top
34,2,790.2248129154292,1028.246842657442,D_top
35,2,791.7807089723733,1028.231840610419,D_top
36,2,778.5769576495187,1026.3518868664123,D_top
37,2,778.8428595362202,1030.387946016184,D_top
38,2,768.8667831186208,1031.343888247151,D_top
39,2,770.2191360280043,1036.3240787300226,D_top
40,2,761.3682161701798,1039.5933706432006,D_top
41,2,760.7081867061833,1043.139503127887,D_top
42,2,752.368351246409,1054.2299972315902,D_top
43,2,747.0296029952367,1056.5910396162435,D_top
44,2,745.3629632266444,1067.3480440688572,D_top
45,2,745.6324430405215,1068.709878054563,D_top
46,2,748.3514607849434,1084.334735325611,D_top
47,2,685.2891816834142,1050.2387365845468,D_top
48,2,733.190345579227,1103.8839002820916,D_top
49,2,747.3003206840865,1128.1106368172964,D_top
50,2,739.5311491726266,1136.8919502820656,D_top
51,2,736.8236429749087,1136.5208342852482,D_top
52,2,742.0778471020026,1144.6273084104016,D_top
53,2,735.0439018576564,1155.174280608776,D_top
54,2,746.6854916985393,1175.5209144637745,D_top
55,2,745.7301784121553,1190.1612542576709,D_top
56,2,737.4861755850374,1204.389639717118,D_top
57,2,729.9856567188966,1209.547908988269,D_top
58,2,734.9778903083848,1227.5491972443203,D_top
59,2,735.7309580125157,1237.8240988044363,D_top
60,2,732.3623094544827,1266.6425756607223,D_top
61,2,730.7287370831729,1271.2926038167734,D_top
62,2,716.3122992662404,1291.5924971143384,D_top
63,2,713.2480761836332,1293.8883688743376,D_top
64,2,697.7400832845094,1296.6096183296495,D_top
65,2,676.3176103906791,1294.8088760679098,D_top
66,2,666.7326447524209,1306.2690127758765,D_top
67,2,655.551417328494,1311.3094609442103,D_top
68,2,644.3701899045672,1316.349909112544,D_top
69,2,680.1221074999067,1339.3200688293755,D_top
70,2,603.6845308297875,1326.059530402055,D_top
71,2,584.4569203369127,1322.6859450921193,D_top
72,2,571.1451098723434,1332.6422141703722,D_top
73,2,572.648911105558,1333.3276519421263,D_top
74,2,567.4095285776227,1342.9331598132524,D_top
75,2,564.1266033334385,1343.0007933126074,D_top
76,2,531.676304266741,1345.0243344573869,D_top
77,2,526.1039737036015,1348.5741805118423,D_top
78,2,521.9004403617429,1350.2120738020878,D_top
79,2,513.2659264756281,1347.2830401679366,D_top
80,2,517.1726236683081,1355.0368701301652,D_top
81,2,514.2770764607465,1354.8410412917383,D_top
82,2,499.6844606731476,1351.4000941098109,D_top
83,2,485.2034769656254,1346.1593499829323,D_top
84,2,459.8210077414482,1338.3790688587171,D_top
85,2,459.0165748815367,1339.0064427662098,D_top
86,2,418.70937119087904,1321.373059250166,D_top
87,2,393.73606354382696,1311.0122751941233,D_top
88,2,411.16683795576654,1317.7374581827803,D_top
89,2,398.2611448605373,1309.850135221035,D_top
90,2,378.4281971384344,1293.7961224002709,D_top
91,2,381.9047532092426,1290.9426520442391,D_top
92,2,387.3324744544364,1289.1755624826403,D_top
93,2,390.9596982083472,1272.7117865255757,D_top
94,2,406.3464462096444,1259.3616845133404,D_top
95,2,414.99381103433086,1257.706044861845,D_top
96,2,441.64879591354224,1253.871904549376,D_top
97,2,441.351086455193,1245.857112115956,D_top
98,2,464.21660574779753,1246.3428619057036,D_top
99,2,464.2673337333698,1246.6673917559758,D_top
100,2,463.8556253378977,1240.251749745306,D_top
101,2,466.0783653635237,1235.099942822081,D_top
102,2,474.0754724345451,1229.967350801385,D_top
103,2,473.3152853587215,1227.8364447711217,D_top
104,2,472.5976328248194,1225.2853958661458,D_top
105,2,469.8392371905808,1226.7842290320982,D_top
106,2,423.2365356727408,1211.503230447233,D_top
107,2,446.0674590959467,1227.4992027654157,D_top
108,2,448.8488355066213,1226.2375426102103,D_top
109,2,451.9447061673332,1224.1410837981414,D_top
110,2,449.4805703148842,1217.043168124824,D_top
111,2,448.9614621242968,1217.5776497463592,D_top
112,2,402.93609064874687,1180.722265842979,D_top
113,2,383.6535633666503,1178.1350367952657,D_top
114,2,379.982979588636,1172.5599412627898,D_top
115,2,380.5522281119901,1173.0930479365236,D_top
116,2,371.6307090855339,1173.1429183917323,D_top
117,2,373.5629351305128,1172.568727884165,D_top
118,2,323.08749352244536,1158.3024855919025,D_top
119,2,302.8211965750641,1143.148383348251,D_top
120,2,265.0790557709955,1117.0649085708044,D_top
121,2,266.02801039750085,1116.551435154403,D_top
122,2,270.39396966112525,1112.7111362809587,D_top
123,2,270.8658372019285,1110.6838852909991,D_top
124,2,260.21616690831263,1102.4797794982862,D_top
125,2,209.6947400596096,1075.559115422985,D_top
126,2,187.42612061099857,1056.5894536351116,D_top
127,2,192.7187059514441,1055.9124860183642,D_top
128,2,186.85494558719856,1053.1236645372076,D_top
129,2,181.2579793127817,1049.191313598683,D_top
130,2,160.75318152890938,1031.0284738462808,D_top
131,2,160.35901163308378,1026.8599031416843,D_top
132,2,148.597908572582,1007.5852861262424,D_top
133,2,142.81435376177714,1003.2564558589024,D_top
134,2,144.54284917581694,994.7462221132135,D_top
135,2,146.6008844634768,993.543651307945,D_top
136,2,144.161444730973,988.5204410361608,D_top
137,2,125.16209480073876,980.055042362594,D_top
138,2,124.72187394857252,975.061754961491,D_top
139,2,122.138048538974,970.75660625591,D_top
140,2,116.54248699254389,963.9937629734897,D_top
141,2,118.19140996414949,962.0091747405726,D_top
142,2,86.10523383405237,938.5966543748456,D_top
143,2,106.45735233918316,945.5927002726288,D_top
144,2,118.34919401719618,944.2809799917344,D_top
145,2,118.78640782409488,942.7770848572992,D_top
146,2,107.254358264161,932.4365300437472,D_top
147,2,112.58110738510598,932.040451951045,D_top
148,2,119.83570461793325,925.3886623152724,D_top
149,2,126.75497834466998,929.5802202117014,D_top
150,2,149.59873650474165,939.7022104477106,D_top
151,2,156.19123391490297,941.6598286197312,D_top
152,2,171.14405691345726,910.0344982631768,D_top
153,2,177.04118159350188,907.4649071936184,D_top
154,2,183.18908245937416,904.1294837874932,D_top
155,2,189.33698332524648,900.794060381368,D_top
156,2,195.4848841911188,897.4586369752428,D_top
157,2,209.8990503616401,891.0842804662946,D_top
158,2,229.4402735842843,890.3866892767952,D_top
159,2,224.18319749377903,875.2398898582667,D_top
160,2,240.0270365464038,867.4386617334629,D_top
161,2,232.67689134068576,862.1251850758763,D_top
162,2,284.50047011908856,876.5799847533298,D_top
163,2,283.7647627644017,874.5626042612018,D_top
164,2,288.405028675939,867.6464130279293,D_top
165,2,290.34310282644526,863.8373963291662,D_top
166,2,291.1822545231564,852.9680757259349,D_top
167,2,301.68344127010334,852.8871903934071,D_top
168,2,319.3438530267927,853.9651920567882,D_top
169,2,333.09912782722364,859.744115182599,D_top
170,2,360.3210785569151,860.3627351474014,D_top
171,2,369.15754811257926,861.7741704504479,D_top
172,2,393.8592014011565,872.9679860738285,D_top
173,2,393.6675600709538,872.039810050101,D_top
174,2,394.2391044848625,871.8996527808574,D_top
175,2,392.85381270733416,873.0960596419815,D_top
176,2,389.4546639137504,879.0391659945891,D_top
177,2,387.5791606799327,885.6354187644072,D_top
178,2,384.4610937093371,891.5967512952463,D_top
179,2,380.9122878664634,893.2897174902957,D_top
180,2,385.7614157755392,909.4543418512452,D_top
181,2,387.9861669980757,915.0053436484776,D_top
182,2,386.2445213681376,914.694551158706,D_top
183,2,377.7709340593661,922.5459758052727,D_top
184,2,375.636610858715,923.6658678204244,D_top
185,2,372.45850888418187,923.148157933452,D_top
186,2,325.7310132414351,894.1083453483808,D_top
187,2,324.17567566900584,893.4216757198717,D_top
188,2,313.5485586418611,884.8515350597929,D_top
189,2,312.0315380768486,880.6277880041371,D_top
190,2,319.90249117650933,875.9078244061785,D_top
191,2,323.68147950467494,875.5188105707175,D_top
192,2,301.5710029572547,850.7665095517758,D_top
193,2,294.21752820144366,827.336807833388,D_top
194,2,309.1547870391352,807.5501287981318,D_top
195,2,313.5154183217229,804.5179376498586,D_top
196,2,314.72055448673893,795.5590097694717,D_top
197,2,321.6241361900372,790.2469270606163,D_top
198,2,235.63235953873829,704.2710387937773,D_top
199,2,266.5023777691245,714.0572138661277,D_top
200,2,297.7989157411504,700.9265055914375,D_top
201,2,294.63818449104537,692.8624734129406,D_top
202,2,303.51910677063785,685.0295167648197,D_top
203,2,302.52688875205365,674.9535377231066,D_top
204,2,306.8138179614984,654.9783016608553,D_top
205,2,310.10089500852285,649.0376642120291,D_top
206,2,306.5211455898948,610.533929650548,D_top
207,2,323.8669285575358,580.3814673204494,D_top
208,2,328.68294743597613,561.9610563754221,D_top
209,2,317.6560490692955,535.0087530215064,D_top
210,2,306.6291507026149,508.0564496675906,D_top
211,2,329.8337392126089,516.0098137109203,D_top
212,2,340.4339659239321,487.4820470384965,D_top
213,2,351.0341926352552,458.9542803660728,D_top
214,2,363.9074587127288,426.7279206254889,D_top
215,2,367.34360202615386,422.77131824267633,D_top
216,2,370.55708258044734,404.1760798605379,D_top
217,2,373.7705631347408,385.5808414783996,D_top
218,2,376.9840436890343,366.9856030962612,D_top
219,2,380.1975242433278,348.3903647141228,D_top
220,2,383.4110047976213,329.7951263319844,D_top
221,2,386.6244853519147,311.199887949846,D_top
222,2,389.8379659062082,292.6046495677076,D_top
223,2,393.05144646050167,274.0094111855692,D_top
224,2,396.2649270147952,255.4141728034309,D_top
225,2,399.47840756908863,236.81893442129245,D_top
226,2,402.6918881233821,218.22369603915408,D_top
227,2,405.9053686776756,199.6284576570157,D_top
228,2,422.7008795606701,213.9089908701416,D_top
229,2,401.0854202403243,184.2447950595059,D_top
230,2,461.68545349077976,214.98708054549576,D_top
231,2,444.9796516635989,193.3354790863985,D_top
232,2,463.84054042456535,198.49293655746237,D_top
233,2,466.6722723410414,198.78609299975903,D_top
234,2,461.2408882808755,191.20428608166415,D_top
235,2,463.3387980981557,186.88448211711764,D_top
236,2,460.4582204816232,176.9971249370997,D_top
237,2,463.7365326284322,177.4438102244851,D_top
238,2,480.1417406546975,191.7173067279514,D_top
239,2,488.1765694207506,203.21166359721556,D_top
240,2,494.53124874435736,209.30752180218803,D_top
1,3,604.1575636662656,1387.2194082747162,O_right
2,3,604.1575636662656,1387.2194082747162,O_right
3,3,604.8424299765333,1386.563330061219,O_right
4,3,604.858748334142,1383.848206376224,O_right
5,3,603.4725645961724,1383.3161315186587,O_right
6,3,598.5637092604268,1377.8679463399403,O_right
7,3,574.3957589739937,1364.3906325686366,O_right
8,3,595.7017533130736,1365.9220626109634,O_right
9,3,596.7106946849043,1363.512241698087,O_right
10,3,597.4355593878013,1362.7973543372457,O_right
11,3,598.0985454107558,1362.1590900345575,O_right
12,3,597.4499496956923,1358.5917079887597,O_right
13,3,598.3461674581406,1359.0604121874626,O_right
14,3,601.2545734484012,1356.8562971330382,O_right
15,3,601.1097104568374,1357.269904004307,O_right
16,3,583.0896831450981,1346.2664133422113,O_right
17,3,578.163508889968,1344.0872238283291,O_right
18,3,572.0485678987486,1339.6452835900895,O_right
19,3,558.7805415324668,1333.3543414504625,O_right
20,3,465.3334821523573,1298.0524868350285,O_right
21,3,467.6414530852376,1297.2239868563215,O_right
22,3,542.2735583498484,1324.265218117571,O_right
23,3,538.0832499857004,1321.937582491446,O_right
24,3,530.6628956067034,1316.0983898296092,O_right
25,3,532.4227248706582,1313.6100916530418,O_right
26,3,534.0610074994729,1312.2303648175928,O_right
27,3,529.4608010032631,1307.776170125471,O_right
28,3,527.3998155790315,1315.2169053359607,O_right
29,3,529.0899216067261,1313.5599904076676,O_right
30,3,536.2019134401717,1302.8171339718156,O_right
31,3,535.7150203353926,1302.1459832107078,O_right
32,3,546.9334948810804,1297.6367428342746,O_right
33,3,566.4908378554768,1304.854279603231,O_right
34,3,598.756725693829,1322.629219142626,O_right
35,3,612.0667011705668,1328.7193288165472,O_right
36,3,634.2426611018972,1340.502449240367,O_right
37,3,636.4008454667634,1342.1985761069525,O_right
38,3,639.9974999355352,1344.6532773558563,O_right
39,3,640.2809870124504,1346.1856704857544,O_right
40,3,660.889449388387,1367.0127850600738,O_right
41,3,662.9578799033359,1372.6590097390183,O_right
42,3,661.153566988581,1381.3425029226514,O_right
43,3,658.0881467944672,1385.8059270827905,O_right
44,3,651.1775188764806,1394.0616296297917,O_right
45,3,648.0188232435423,1394.8837764784848,O_right
46,3,645.0092127530392,1398.5647204933196,O_right
47,3,642.298879227404,1400.4076225086844,O_right
48,3,628.4810965816187,1401.0127013361432,O_right
49,3,620.5527986008607,1401.5080851981436,O_right
50,3,606.337738212621,1406.4373695700274,O_right
51,3,604.415409911663,1409.4876150719297,O_right
52,3,602.8977256136459,1418.445063778171,O_right
53,3,600.6455818098248,1418.1170323609124,O_right
54,3,602.5545933988526,1417.5511909128531,O_right
55,3,605.4134042692358,1417.3422965788218,O_right
56,3,609.8691561888724,1411.413051803729,O_right
57,3,614.3147058639106,1408.3725289185743,O_right
58,3,614.3203731482331,1406.2149837804538,O_right
59,3,618.8725229193852,1406.3826261164952,O_right
60,3,619.1411583590775,1402.8645264335655,O_right
61,3,624.8266357141455,1399.968162392082,O_right
62,3,635.5795390541872,1389.1992811861116,O_right
63,3,635.2174106496652,1385.3855595395896,O_right
64,3,634.7263963414075,1384.1712300001648,O_right
65,3,651.5392723362038,1385.064322049757,O_right
66,3,671.4838989208437,1380.1680536765446,O_right
67,3,625.6650480263181,1353.422108560783,O_right
68,3,696.8938912279098,1371.5909969214554,O_right
69,3,697.9289388263388,1368.4062716329042,O_right
70,3,708.6908369977125,1355.042792665065,O_right
71,3,709.5582821643738,1354.4149738476335,O_right
72,3,718.1450708328471,1346.6970643196942,O_right
73,3,722.4553968098812,1340.9863495579816,O_right
74,3,720.0742830227931,1334.670724904221,O_right
75,3,701.4745234301861,1312.220080914084,O_right
76,3,708.069353024345,1289.7657214564854,O_right
77,3,721.3764688082754,1268.563648054746,O_right
78,3,726.4631778660404,1262.5723883674673,O_right
79,3,725.7434918042864,1255.794866927199,O_right
80,3,692.1088714776278,1238.3345237935544,O_right
81,3,681.9286335611396,1220.9197193003488,O_right
82,3,675.1500389666145,1186.049958280078,O_right
83,3,675.2666651781215,1180.8785088894658,O_right
84,3,672.6603034441193,1166.499341746183,O_right
85,3,669.5013019012506,1158.1978363605333,O_right
86,3,652.7922792786475,1132.9911942373778,O_right
87,3,639.1439309332404,1114.8586042645695,O_right
88,3,618.9805268012527,1087.9281152641172,O_right
89,3,625.2685295981238,1075.4477638304534,O_right
90,3,625.840720899465,1060.5307824850738,O_right
91,3,626.8675341528503,1056.6354295562264,O_right
92,3,570.5362749103379,1003.4436385726008,O_right
93,3,568.7205733216009,988.320187207694,O_right
94,3,570.3575527106889,976.706321712479,O_right
95,3,577.3949963633598,970.088884726946,O_right
96,3,579.5764614100802,958.4184352038842,O_right
97,3,581.7774579769671,944.4509205235788,O_right
98,3,501.7920805382594,874.2081486055203,O_right
99,3,528.0161437537115,883.5411677067557,O_right
100,3,537.0469826879063,872.2697677052654,O_right
101,3,541.934164299795,866.7328042425195,O_right
102,3,532.4942636845216,840.6346966555653,O_right
103,3,539.9809735321305,837.7665903797858,O_right
104,3,532.3395385828186,820.5295606182486,O_right
105,3,497.8006296109838,784.1906491617264,O_right
106,3,495.1917358999252,763.6173937771592,O_right
107,3,497.23825467776976,754.8631661384463,O_right
108,3,494.27018147632094,735.0357574803651,O_right
109,3,485.2560267787056,722.5551785636931,O_right
110,3,458.51839201558806,686.2084050666302,O_right
111,3,451.2928904180554,671.65524259827,O_right
112,3,419.2935341625488,633.7850134331989,O_right
113,3,431.0482017528332,638.87375976575,O_right
114,3,443.2131724081089,632.4639776616332,O_right
115,3,438.2706104843314,625.9267912433455,O_right
116,3,444.82796497429473,609.3103755328847,O_right
117,3,447.0164352389613,597.9548435331828,O_right
118,3,440.9811528766765,541.2671399054237,O_right
119,3,435.8106977499609,527.6923327406994,O_right
120,3,443.28600956209374,517.3329879417685,O_right
121,3,445.7450529425597,510.7592779599567,O_right
122,3,462.8163680685936,503.8330653082526,O_right
123,3,468.783831865934,494.0899333521603,O_right
124,3,501.7250336124844,502.82132897477663,O_right
125,3,498.3768415392841,490.83466766755066,O_right
126,3,515.5100328500102,453.0233075871562,O_right
127,3,524.7617639274509,451.4249193006865,O_right
128,3,588.4010053387764,500.9225440624696,O_right
129,3,598.9857561809948,503.4564303606263,O_right
130,3,599.2602841688201,471.9364475478809,O_right
131,3,604.3110952335896,467.0107609228328,O_right
132,3,612.0618866206185,451.81027313338944,O_right
133,3,625.2376677581717,447.5297878538087,O_right
134,3,648.52325624285,454.32824501035685,O_right
135,3,670.6220199073637,475.6038203763158,O_right
136,3,690.570472899068,463.2414442506231,O_right
137,3,701.9889245803168,457.0635676287009,O_right
138,3,707.9186608590787,430.9128441418049,O_right
139,3,710.5447428881331,421.0611986830446,O_right
140,3,732.71435315645,414.87087520307807,O_right
141,3,747.5252876312262,411.6830890505642,O_right
142,3,779.606553286574,431.1209035839491,O_right
143,3,780.6189733099538,422.0120689676151,O_right
144,3,783.1568991320754,408.3997299825227,O_right
145,3,783.3051841903954,405.8910317165361,O_right
146,3,836.919347420813,457.4151509829159,O_right
147,3,840.2948556651615,457.241101602002,O_right
148,3,846.289618742786,462.1099517219527,O_right
149,3,847.8269829722952,465.6114949585131,O_right
150,3,847.9420548439001,461.9498191907738,O_right
151,3,852.8487511876297,468.3353510504349,O_right
152,3,862.649660284119,473.872617908768,O_right
153,3,869.1238384975926,478.8325770639385,O_right
154,3,873.5680083426106,483.74648602739165,O_right
155,3,876.3824288924558,489.7948899603895,O_right
156,3,879.8636082558354,495.6220946404426,O_right
157,3,882.6315908259718,500.70471750248527,O_right
158,3,885.2331811139488,510.5619008678888,O_right
159,3,884.9574707105098,511.69327932496657,O_right
160,3,886.9195591346635,516.6337654007025,O_right
161,3,887.8198725071027,517.1444710429922,O_right
162,3,887.9319830448093,520.2482015923335,O_right
163,3,887.8504057453049,522.8537489007363,O_right
164,3,883.572388859979,521.8923095964739,O_right
165,3,884.8595051110328,528.0473245902858,O_right
166,3,890.1141824873156,542.3002481323916,O_right
167,3,897.7889457645923,557.2997180864828,O_right
168,3,903.2679682891344,568.4413724110594,O_right
169,3,903.7810045447868,572.4336096927118,O_right
170,3,904.8580475815075,582.9958588489062,O_right
171,3,904.5354530281846,586.3494029907607,O_right
172,3,896.2838883673242,593.8567219127345,O_right
173,3,896.0916419454948,601.4827578329617,O_right
174,3,889.619835943544,603.1521937893657,O_right
175,3,886.2404354293342,603.5945465676796,O_right
176,3,881.8746441613015,610.3931446843665,O_right
177,3,882.8545400885117,616.9077886485276,O_right
178,3,883.1968617928785,627.9384945202335,O_right
179,3,881.0864527696428,629.4631943235679,O_right
180,3,880.3312328742729,627.5896868248748,O_right
181,3,880.5554129220005,627.5278862058702,O_right
182,3,878.0386179006455,627.868590035537,O_right
183,3,876.5123055273089,631.0871539142901,O_right
184,3,873.6136174197314,624.4527895532918,O_right
185,3,872.1309053767604,621.9285280755915,O_right
186,3,861.0452995721066,606.9492921813762,O_right
187,3,854.3517943753361,598.0110354951718,O_right
188,3,841.5435320468239,583.4163825231533,O_right
189,3,843.5851755627388,586.1951133276299,O_right
190,3,837.4299943084283,583.4655449288589,O_right
191,3,833.1107536192263,578.4320640691999,O_right
192,3,833.0159752261025,584.1540414884004,O_right
193,3,834.3340040434149,590.0729679047092,O_right
194,3,836.1655088131935,595.1218202264045,O_right
195,3,837.313333260751,598.2938598439675,O_right
196,3,834.2004389733567,599.9169911579605,O_right
197,3,838.2250602823776,602.3681338758951,O_right
198,3,834.9220488578812,606.0819301906707,O_right
199,3,834.4989971356702,606.082637637271,O_right
200,3,826.31232948135,618.6927477593907,O_right
201,3,826.0113940384165,619.6224684342807,O_right
202,3,827.0337982533865,624.6254648016273,O_right
203,3,832.1703786451507,617.8610032527843,O_right
204,3,830.093426270018,621.8668488535793,O_right
205,3,828.5212098595044,621.3372362154554,O_right
206,3,826.0103652860329,619.7622864123416,O_right
207,3,825.4919387992769,620.4161549313918,O_right
208,3,827.0032143455695,623.4983056426951,O_right
209,3,826.2909602088166,623.8296645876391,O_right
210,3,825.5725923739275,626.7454935747437,O_right
211,3,824.4645622929781,626.7100997625173,O_right
212,3,819.8591892629423,624.8371385440283,O_right
213,3,813.329017211754,615.5010667511526,O_right
214,3,811.0024116240056,614.6349954390208,O_right
215,3,812.4436118006533,617.4640463153459,O_right
216,3,811.1879640145564,616.0272777659803,O_right
217,3,809.2466449318999,613.4239377024799,O_right
218,3,811.2011445267959,615.8520534407907,O_right
219,3,812.4745394150201,617.6773964385915,O_right
220,3,813.1480042223376,614.4416117480741,O_right
221,3,814.4303125899143,613.9183580115359,O_right
222,3,815.8933091875678,613.1334244400516,O_right
223,3,816.1759418451618,612.7799792470323,O_right
224,3,816.3782906480709,613.3575320318109,O_right
225,3,815.5550760388637,613.3352192881861,O_right
226,3,815.8386927881021,616.2375429594975,O_right
227,3,815.7866699945241,618.0798178687972,O_right
228,3,816.2865295733599,621.984441622023,O_right
229,3,816.4521076592931,621.6699605217402,O_right
230,3,817.9354255502305,622.0549599574722,O_right
231,3,817.8403234071317,622.0139183219683,O_right
232,3,817.8930984533762,622.802308752925,O_right
233,3,817.6215642222895,622.4204330647614,O_right
234,3,817.3364736966806,622.118115503811,O_right
235,3,816.9899493251144,621.9282432612213,O_right
236,3,817.2795940717092,622.5571569706808,O_right
237,3,816.1369711542242,621.4633021960053,O_right
238,3,816.0326012841566,621.6133637354255,O_right
239,3,815.6094135929179,621.5369263129425,O_right
240,3,815.8903229891454,622.5687665501397,O_right
1,4,600.9693972949648,443.5251516555434,D_left
2,4,600.9693972949648,443.5251516555434,D_left
3,4,601.6163520684814,445.0572899203888,D_left
4,4,601.4444719237521,443.5641122809913,D_left
5,4,602.772761561752,444.61014438309934,D_left
6,4,602.1530998406856,443.9037881613425,D_left
7,4,601.58202033787,443.5729019477951,D_left
8,4,602.366044717733,443.28624932518926,D_left
9,4,602.2985664737056,443.4846131750389,D_left
10,4,603.688104841891,445.058114398362,D_left
11,4,604.1469196075584,444.71629405851576,D_left
12,4,604.6838866057415,447.0076900768756,D_left
13,4,605.2865395419054,448.4659058981196,D_left
14,4,603.9119588537005,453.67543445638495,D_left
15,4,602.4452613401154,453.7800917093192,D_left
16,4,599.609294915828,464.3852982076393,D_left
17,4,599.0177374523037,468.3207368492098,D_left
18,4,598.5194179262999,471.8443379090672,D_left
19,4,595.9902588267568,472.2424162523535,D_left
20,4,584.826209024803,460.926901000104,D_left
21,4,578.2185773529873,458.267331415988,D_left
22,4,570.098168865954,461.4053301146146,D_left
23,4,560.7045636984737,463.5743343747733,D_left
24,4,546.3823784786473,454.618673610426,D_left
25,4,550.927217812964,464.71935266507137,D_left
26,4,533.1981533992463,464.4053324218541,D_left
27,4,527.4251532605166,475.0882695929385,D_left
28,4,521.4758327584605,484.10511857850656,D_left
29,4,516.8034303897604,485.4814430769066,D_left
30,4,520.4883266920557,497.0709400040332,D_left
31,4,517.8778725174234,495.36312954941087,D_left
32,4,515.6975688776431,500.1850760424981,D_left
33,4,505.2661799544591,505.3330306931828,D_left
34,4,502.6460505910001,513.9236205459982,D_left
35,4,499.23988829632754,516.4458417728695,D_left
36,4,481.3774743816596,511.95745522417394,D_left
37,4,484.1822415552816,529.9952981873139,D_left
38,4,473.0131582998856,539.8563181578519,D_left
39,4,470.2497828792429,540.0844379131087,D_left
40,4,453.8698454965737,545.1978297905871,D_left
41,4,454.15768003248144,552.4517554055697,D_left
42,4,453.21744638616735,555.1375930665056,D_left
43,4,449.91883147659166,553.1080917822504,D_left
44,4,436.1478429747045,559.568625459142,D_left
45,4,424.1325987243181,560.243049706631,D_left
46,4,418.1347533254669,572.6829576969787,D_left
47,4,419.93522818722926,580.6358014668061,D_left
48,4,411.67949537266907,589.3084642841939,D_left
49,4,399.79404268265296,588.2827636441068,D_left
50,4,381.0553422968336,601.5424452423949,D_left
51,4,370.5660876990895,592.5997018341433,D_left
52,4,369.2031762439796,622.7450481572715,D_left
53,4,366.424429150535,630.9570143328066,D_left
54,4,367.1853987549601,636.9777794636693,D_left
55,4,366.7176689566629,637.7846870874932,D_left
56,4,362.78606118652846,642.3912276753542,D_left
57,4,357.8550995213151,648.7017227343525,D_left
58,4,348.31045222905925,649.0146495766096,D_left
59,4,347.30417497543607,652.0515359743886,D_left
60,4,333.52678764225993,657.6865127382983,D_left
61,4,330.6441882432584,659.8115936083108,D_left
62,4,318.0110327582123,668.7270353604199,D_left
63,4,323.77948268985966,673.6419086607458,D_left
64,4,322.0621469823139,676.1078306537562,D_left
65,4,319.14595853236455,676.0495567661083,D_left
66,4,322.82283950651146,677.8424135910078,D_left
67,4,306.43391747247625,665.5700821440124,D_left
68,4,331.6068752407913,687.8989183921282,D_left
69,4,315.651502447,673.5311509050906,D_left
70,4,319.16386102805285,678.4742001897073,D_left
71,4,317.4592047732433,679.4269255653612,D_left
72,4,317.26350612154897,685.9801399587557,D_left
73,4,312.6767630845709,686.1516978412459,D_left
74,4,309.46966235766706,693.4654516920382,D_left
75,4,305.9702294008477,693.7927929530158,D_left
76,4,308.47988963532686,697.2848543539712,D_left
77,4,308.11662114680365,697.3612375041931,D_left
78,4,306.24711748198723,704.7529400936883,D_left
79,4,299.6144148694228,702.0074430336904,D_left
80,4,297.7663799227071,707.5524818146703,D_left
81,4,295.23782925881216,706.4721301894098,D_left
82,4,296.96085983658634,710.5828436546784,D_left
83,4,296.1399841606826,712.0570337134085,D_left
84,4,296.0871655191897,715.4374644007224,D_left
85,4,296.7680300159417,715.8860798904274,D_left
86,4,294.4643432747239,715.4157638027365,D_left
87,4,296.38626133220333,715.039728200191,D_left
88,4,296.1698009988407,715.2701687027575,D_left
89,4,299.03713064571326,716.5282716812371,D_left
90,4,300.396109196364,715.4988695620876,D_left
91,4,299.049435844423,714.2672273271279,D_left
92,4,299.29932102420213,710.620152212052,D_left
93,4,297.0412182482464,708.5414706338689,D_left
94,4,290.00682598503244,697.5851372508022,D_left
95,4,295.48653837055105,695.0390409284015,D_left
96,4,302.1959064670399,699.3079833842287,D_left
97,4,300.0830448580631,697.0115339277258,D_left
98,4,297.60330189858826,693.216343328423,D_left
99,4,299.1156246361107,694.6277481774117,D_left
100,4,320.985368576239,711.3664752046843,D_left
101,4,320.6510751041235,715.5748822481761,D_left
102,4,319.9036341883785,714.0419961718158,D_left
103,4,199.9093361092406,624.396442600648,D_left
104,4,323.0991959717434,711.8965834335037,D_left
105,4,310.669156990404,707.4535349849269,D_left
106,4,309.5350893744421,711.7495716467391,D_left
107,4,301.3159329409311,715.9413054683359,D_left
108,4,321.2625306718855,761.2215602438871,D_left
109,4,308.869091330484,763.8124320569763,D_left
110,4,294.50637508936705,761.7038153237834,D_left
111,4,259.4597172919855,746.7703723177684,D_left
112,4,271.9082855066189,771.8807662778161,D_left
113,4,224.69038021265524,748.7591272184112,D_left
114,4,229.85837324907405,761.691101821918,D_left
115,4,265.29775201729854,785.9471523646836,D_left
116,4,263.63793060530594,807.7165787879376,D_left
117,4,281.7310480805392,827.1768479065726,D_left
118,4,280.0214016747081,853.9645334477949,D_left
119,4,272.5489031355751,855.180675110307,D_left
120,4,263.74531195160034,867.838852858341,D_left
121,4,264.5307260953562,872.6660210203684,D_left
122,4,263.16060886300005,879.9038840145673,D_left
123,4,254.14538430912063,897.2813132914467,D_left
124,4,243.56501367347707,897.4283986518807,D_left
125,4,243.34130096843285,899.6893841384391,D_left
126,4,219.1024468374784,897.2317492302468,D_left
127,4,181.17036307386115,885.2072228407899,D_left
128,4,169.26596899347285,905.4371890502872,D_left
129,4,159.7397705470011,894.8936827719924,D_left
130,4,93.42087215498888,865.6710001835168,D_left
131,4,103.81294408192171,872.1148672616016,D_left
132,4,-79.2985890669499,781.6022421157701,D_left
133,4,-72.6640953482361,784.7719284302128,D_left
134,4,-85.9533636297734,792.7665619160815,D_left
135,4,-77.46688701116514,800.1527690604202,D_left
136,4,-74.23399374256381,798.477454008451,D_left
137,4,-34.74296748458925,817.7109577248159,D_left
138,4,60.469688095275934,865.9060399963925,D_left
139,4,73.76179141470413,872.7717055204394,D_left
140,4,105.92878173139452,888.3041694656783,D_left
141,4,105.21202654424812,886.8356011396957,D_left
142,4,108.7648172392177,884.0489645661162,D_left
143,4,105.2874611037812,881.620230886857,D_left
144,4,124.81614062151728,889.4073781347785,D_left
145,4,127.15170063872915,884.6343193185337,D_left
146,4,138.9977756956671,885.986235655381,D_left
147,4,120.8758388274564,870.6159850226318,D_left
148,4,122.9423368049286,837.8612045604062,D_left
149,4,122.35315524225064,830.5504202973933,D_left
150,4,122.19934938831528,818.6703032154869,D_left
151,4,115.96670607333878,798.2083831259921,D_left
152,4,148.6166860620726,819.531107474383,D_left
153,4,154.52202092239213,815.9567043084314,D_left
154,4,164.9921890859719,806.2037837705184,D_left
155,4,-50.41791448426103,635.854499116783,D_left
156,4,198.04384529718152,766.1674734201445,D_left
157,4,192.75956642723537,752.654821328942,D_left
158,4,198.7068562160453,735.866436361344,D_left
159,4,204.86263017828855,728.0478415665966,D_left
160,4,249.2263806098074,741.4066843348586,D_left
161,4,241.3870600796548,726.7035890233046,D_left
162,4,284.9903026107316,712.9107907698433,D_left
163,4,292.1611798683117,708.040318731593,D_left
164,4,313.71518164773084,700.9730683104716,D_left
165,4,311.5875636357811,692.5831597659471,D_left
166,4,312.9694831742175,671.8723690127813,D_left
167,4,359.7944999529122,685.9322783780981,D_left
168,4,393.3480767842333,662.9812732016069,D_left
169,4,398.5168072263918,657.3217210042598,D_left
170,4,401.3452670531986,643.9704817469155,D_left
171,4,406.2797144313976,639.3567935598307,D_left
172,4,450.1388279074874,649.2838106490369,D_left
173,4,481.6844313236148,647.9171218336143,D_left
174,4,529.2860852427575,652.3183186274481,D_left
175,4,532.6631337012612,649.8130501656087,D_left
176,4,544.6800933082542,632.7546152826682,D_left
177,4,552.2023867183452,630.4252041410322,D_left
178,4,566.91335937163,609.6201523429687,D_left
179,4,624.9707872998006,650.0240478910391,D_left
180,4,644.1935145939666,649.4879177417528,D_left
181,4,647.1758685666274,646.0374642252499,D_left
182,4,652.1473444495745,656.5744090141627,D_left
183,4,661.9576844189994,662.9155468170335,D_left
184,4,690.6167475540967,680.0215872399375,D_left
185,4,695.3670899890835,685.1104923524844,D_left
186,4,714.9899235848558,697.6463765401213,D_left
187,4,712.1270829064455,702.2532002803983,D_left
188,4,715.8868505562989,698.3872409813915,D_left
189,4,713.295124962044,693.0339177286284,D_left
190,4,711.3945256052768,692.4042840362405,D_left
191,4,716.4179801972657,699.7608627504064,D_left
192,4,735.4001531259771,720.4068787782969,D_left
193,4,733.545964322426,717.5118126225125,D_left
194,4,748.0714668895035,728.3779776546841,D_left
195,4,762.5969694565812,739.2441426868555,D_left
196,4,777.1224720236587,750.1103077190271,D_left
197,4,756.4347661187995,727.1356187016745,D_left
198,4,770.7279199937042,723.6057681712279,D_left
199,4,774.3470137651412,725.9522361347385,D_left
200,4,774.8132846197992,717.7796290710786,D_left
201,4,774.4811208231692,712.2970139537478,D_left
202,4,776.0975448529272,716.0797330118039,D_left
203,4,779.8520644985034,713.9266471710574,D_left
204,4,785.956123399675,713.1281931659905,D_left
205,4,785.8638454680727,709.3122816349331,D_left
206,4,761.2750934136407,670.9686536417954,D_left
207,4,766.7280859957601,668.212898289571,D_left
208,4,775.2477633923843,666.7189108060259,D_left
209,4,777.0040239390975,665.8494636606499,D_left
210,4,786.683492865046,670.3759038645004,D_left
211,4,784.8777354701565,667.4242148190525,D_left
212,4,790.7689621865959,670.34524980853,D_left
213,4,790.2296675930629,664.4374656056583,D_left
214,4,790.101974450088,665.1371399657819,D_left
215,4,791.6609025786059,669.3880180722871,D_left
216,4,789.0423003544521,675.3934610458757,D_left
217,4,786.5698149587313,676.9474334743916,D_left
218,4,784.3438800582137,681.3327680573834,D_left
219,4,785.7396633222737,685.3453441432462,D_left
220,4,782.3024363660967,684.4133449887422,D_left
221,4,781.2728145149248,685.3721967158928,D_left
222,4,779.2996736537945,684.9697099510233,D_left
223,4,778.4447276289227,684.0432033275774,D_left
224,4,775.1341522297317,681.9893611604426,D_left
225,4,772.2520683904435,680.1529846404561,D_left
226,4,770.2159048897076,687.0009869778185,D_left
227,4,755.641608607656,676.1825343200198,D_left
228,4,748.1103129102427,673.9799570473746,D_left
229,4,743.5211411759532,673.836605181972,D_left
230,4,737.088608918936,680.583476994787,D_left
231,4,734.8936901798809,686.2950928050602,D_left
232,4,728.0258212391925,695.0322782944852,D_left
233,4,725.4168753942781,695.7390055582264,D_left
234,4,724.2128500844824,698.7202236194474,D_left
235,4,724.5039428282798,700.5277873282931,D_left
236,4,718.7987513938559,700.7384877100461,D_left
237,4,720.9681000933396,704.9068073057151,D_left
238,4,719.0483543163036,706.7662273451278,D_left
239,4,716.4933385450427,704.9610378618157,D_left
240,4,677.180388202281,685.792174555437,D_left
1,5,606.5652525924072,119.63388272707633,O_left
2,5,606.5652525924072,119.63388272707633,O_left
3,5,607.0289683268504,120.68782285845944,O_left
4,5,606.4364888946587,122.75254576461236,O_left
5,5,605.6036651873096,124.02757022888476,O_left
6,5,599.2195374827044,121.3701888057294,O_left
7,5,596.684327039519,121.18314969988032,O_left
8,5,595.203016030481,127.2086778001048,O_left
9,5,592.5630704371341,126.65288418242788,O_left
10,5,594.0167658016044,138.4514362449165,O_left
11,5,596.5813870171603,143.80283408085987,O_left
12,5,591.4790344906187,138.4121863312064,O_left
13,5,590.8765781415017,138.88076989189415,O_left
14,5,589.6507272921175,138.00083933958183,O_left
15,5,585.5416019902323,138.04965492292283,O_left
16,5,571.6906419977005,130.47015582916427,O_left
17,5,565.0264807501444,129.4288358299826,O_left
18,5,543.1330608308597,114.34979475668796,O_left
19,5,538.6935770917091,112.16218898946435,O_left
20,5,530.3264375592123,117.20290936527104,O_left
21,5,528.2586955845447,119.07281231532096,O_left
22,5,522.5850207142777,120.84908989741952,O_left
23,5,517.3870123757523,118.66317536832123,O_left
24,5,508.81235413187926,116.42093588635193,O_left
25,5,498.2224303241719,104.40906445398484,O_left
26,5,476.08857015899855,89.58233559874968,O_left
27,5,464.0853368814562,86.90507441603971,O_left
28,5,464.37572735789047,106.80819646916136,O_left
29,5,463.7390108212358,110.34473449146878,O_left
30,5,445.08874284907216,107.06833749336468,O_left
31,5,440.37721247526287,104.9868425782214,O_left
32,5,400.87799885806464,67.86800978814156,O_left
33,5,382.86052097129175,50.67601149753735,O_left
34,5,399.8489695561584,97.7530854378423,O_left
35,5,397.51633981468746,99.61177325703837,O_left
36,5,385.3857602173861,108.70967470263956,O_left
37,5,373.466613364555,100.81343255291206,O_left
38,5,368.2388484383996,111.90168630622348,O_left
39,5,359.5826323442863,107.3570198445212,O_left
40,5,327.98631025116657,77.08604321797883,O_left
41,5,326.05511217222454,80.9294743190072,O_left
42,5,312.12730021016995,81.47448303103896,O_left
43,5,316.69986581423683,92.3061084035182,O_left
44,5,320.26321070758723,108.04998920489042,O_left
45,5,315.4498442340644,108.25398971177783,O_left
46,5,304.3688094682491,117.17766156737268,O_left
47,5,295.29152062798,111.29962787681458,O_left
48,5,289.78356873420285,107.84327988897306,O_left
49,5,287.5751330492726,106.75689659376356,O_left
50,5,264.2829359296677,87.61019015400157,O_left
51,5,268.53672154570125,95.1160038680508,O_left
52,5,257.3934059458899,93.75657871874073,O_left
53,5,229.0635666530696,66.73588403858625,O_left
54,5,234.82149916629507,79.55669074055119,O_left
55,5,224.1519563272817,71.62225171351356,O_left
56,5,214.2635184869781,66.66622286143848,O_left
57,5,223.8074746857301,82.65550280523952,O_left
58,5,235.3470347770058,101.0054314988698,O_left
59,5,235.63593752926403,102.36784206205712,O_left
60,5,227.18896356445651,96.72611054787907,O_left
61,5,228.48263718876376,98.81343155079264,O_left
62,5,225.2257084497016,98.33656377160617,O_left
63,5,217.363953349459,88.59616276560688,O_left
64,5,219.55045175872488,93.7909429900275,O_left
65,5,215.83882967526625,89.52775557619397,O_left
66,5,214.13289133491733,87.51022659321161,O_left
67,5,152.24128131750703,23.236893349248,O_left
68,5,162.23660560633382,35.893551024779,O_left
69,5,153.63414798942733,29.775345505251888,O_left
70,5,206.197367125992,84.3897394492708,O_left
71,5,206.96204821476192,88.7943547609457,O_left
72,5,207.24140511760424,86.83517129672263,O_left
73,5,199.47360531287384,79.79642621046649,O_left
74,5,208.69485645240204,88.23930100366024,O_left
75,5,206.44527080073303,87.2377944697325,O_left
76,5,211.4855225349353,91.21878298800624,O_left
77,5,205.11618429788373,84.16826411200609,O_left
78,5,207.97147300926036,87.98091511709886,O_left
79,5,198.20655672481504,76.0116658656153,O_left
80,5,209.1542541709954,87.73800063417566,O_left
81,5,209.26790681882267,88.70558942342963,O_left
82,5,204.49966291123368,86.09681828470859,O_left
83,5,207.6621697728737,87.47862116420379,O_left
84,5,207.0541213827735,88.84751551820678,O_left
85,5,212.45139503193312,94.81297623743752,O_left
86,5,209.4766460814189,93.57921068171368,O_left
87,5,215.0627024566217,97.25370825649408,O_left
88,5,212.7188984714132,93.56580552903608,O_left
89,5,213.86835930447228,95.91463629028776,O_left
90,5,203.35282778809665,86.47449005604234,O_left
91,5,203.7229607062396,86.7516510955943,O_left
92,5,204.51965170236,87.62554193361366,O_left
93,5,205.57417400856176,88.3239919704891,O_left
94,5,207.021691101013,89.46516371879105,O_left
95,5,207.37201537165865,89.71560236354692,O_left
96,5,207.5896431805968,90.63631309264512,O_left
97,5,206.85631934798093,90.04744937325992,O_left
98,5,209.16616358911384,92.65232153730996,O_left
99,5,208.06467560540588,91.94885313649289,O_left
100,5,206.36183244385228,86.6154899858822,O_left
101,5,205.5291905230303,86.51263886070029,O_left
102,5,208.4080783237021,89.02904780519385,O_left
103,5,206.8018980448631,87.06818997962955,O_left
104,5,208.6880724042894,87.60089379328602,O_left
105,5,208.8323246457004,87.92286054648368,O_left
106,5,208.10595565594687,86.70326811521477,O_left
107,5,207.0296634259222,84.40106567180963,O_left
108,5,205.97465309801763,82.40326154609345,O_left
109,5,206.4598169784514,82.27312121029031,O_left
110,5,217.38525595864917,91.79925741605828,O_left
111,5,221.29655367239923,94.4073352416644,O_left
112,5,229.23015641497116,96.4923742418516,O_left
113,5,233.07507449211317,95.8811740350884,O_left
114,5,245.78014679484335,96.3948191488446,O_left
115,5,251.54560052601525,99.58323187027024,O_left
116,5,277.9898512214734,114.1762300925594,O_left
117,5,272.56820227373447,89.62927092021987,O_left
118,5,293.8832691127572,91.16697739694324,O_left
119,5,288.36982139730674,80.41370170764671,O_left
120,5,311.7371271658756,96.18760439932316,O_left
121,5,321.94741083718435,105.37852610894568,O_left
122,5,355.9307820057423,135.86181580753552,O_left
123,5,370.9487606917951,148.47716851414592,O_left
124,5,387.22592998148417,118.03815679511334,O_left
125,5,390.5100609050425,114.63153998750111,O_left
126,5,417.9789828715079,132.63841423244176,O_left
127,5,415.8885650292911,125.97322713483652,O_left
128,5,415.2086995162651,118.46877266543927,O_left
129,5,416.9667915551712,119.84298373617814,O_left
130,5,416.2724006176187,115.81284419162394,O_left
131,5,416.5530204588287,117.0641024183228,O_left
132,5,415.9253635583238,109.45003020163986,O_left
133,5,423.1814010438369,114.81756210635226,O_left
134,5,422.3128409492389,108.27759232707356,O_left
135,5,417.1554038603207,98.35582060133792,O_left
136,5,431.2213181988258,101.81627413206849,O_left
137,5,400.3148674912816,57.96004500165614,O_left
138,5,478.9952944433904,147.50452828989145,O_left
139,5,450.39458838318814,106.78073612028174,O_left
140,5,428.5661325777813,69.43635953499744,O_left
141,5,433.9937736659589,62.6207244467014,O_left
142,5,459.00501296788696,84.5946894541477,O_left
143,5,481.14724126079,96.35839139001368,O_left
144,5,491.47003486171934,109.2659607274814,O_left
145,5,494.9396685308346,107.61605728031206,O_left
146,5,460.3734340537365,62.14548386413513,O_left
147,5,461.64006474182565,58.58166784882468,O_left
148,5,457.5226773563096,39.48452425242078,O_left
149,5,476.8849279033872,60.18197238111979,O_left
150,5,502.3206505588924,74.38633066813492,O_left
151,5,512.6797619931167,87.58286929298121,O_left
152,5,514.5505129991404,80.41543925793836,O_left
153,5,520.2769332241994,84.01280358527326,O_left
154,5,530.4213224582427,90.9036177054902,O_left
155,5,530.6283979108188,87.8665087562563,O_left
156,5,543.3015558838204,99.29965200688376,O_left
157,5,541.9122987864943,93.22023511127227,O_left
158,5,572.7943578439041,129.03429367337526,O_left
159,5,572.9556033737036,128.19584266147425,O_left
160,5,584.4055888262162,141.2809721173913,O_left
161,5,583.9650682303077,138.64877428400874,O_left
162,5,582.8961305426493,134.52037354859232,O_left
163,5,581.6371076164312,132.18470296987832,O_left
164,5,561.0755578808732,102.29704387884084,O_left
165,5,585.3759172707506,135.1205478342561,O_left
166,5,587.4634595510163,135.2151318200727,O_left
167,5,561.0846875381703,95.66838129269172,O_left
168,5,544.9688864351649,66.39274643977825,O_left
169,5,543.4690235637112,62.63798718629938,O_left
170,5,565.6025226357968,85.81595856708948,O_left
171,5,549.9070465309408,60.15786620207691,O_left
172,5,570.7372452686091,88.43041918298186,O_left
173,5,574.1614970375174,95.75939347143004,O_left
174,5,574.7619009346625,111.88285150984832,O_left
175,5,567.1488458874936,105.43350527878452,O_left
176,5,566.7684722410165,113.91511673991026,O_left
177,5,569.843224458699,121.97741698379744,O_left
178,5,576.9146913792964,141.235943540353,O_left
179,5,580.1266323687386,149.73096295634866,O_left
180,5,566.9083065448178,134.4248444085697,O_left
181,5,561.2417750130409,130.7921252320648,O_left
182,5,550.4393769258378,122.48408283628208,O_left
183,5,553.7446506401649,129.87809364370506,O_left
184,5,557.9970551240722,145.0170933614428,O_left
185,5,541.3363128365601,128.05471084455374,O_left
186,5,530.5469966342392,120.42306900995344,O_left
187,5,515.9505471078968,106.10735089560042,O_left
188,5,532.1236923190594,136.04965533977287,O_left
189,5,525.5904131227128,126.00516644465918,O_left
190,5,519.989238653906,121.22654112248458,O_left
191,5,524.0791804757995,128.35748836252,O_left
192,5,519.7335989182443,124.0633500849206,O_left
193,5,533.7907871847129,142.94890496783438,O_left
194,5,533.0465863391323,141.9966816581155,O_left
195,5,533.7914994677938,143.95557449489598,O_left
196,5,524.4862087080577,131.32826967114397,O_left
197,5,531.7971505314734,141.6566687949921,O_left
198,5,531.6724120572759,144.24520849552746,O_left
199,5,526.974866355132,138.97276711625767,O_left
200,5,538.9720967740928,160.82380676201385,O_left
201,5,538.4800495115244,160.80429703633024,O_left
202,5,541.4132518974908,167.80760972002074,O_left
203,5,544.11360941366,172.42348142420644,O_left
204,5,540.459065582957,169.29207436787465,O_left
205,5,540.1200517173406,169.80064051567092,O_left
206,5,532.5629779905521,155.39333550569623,O_left
207,5,536.7331226918196,155.95729446210464,O_left
208,5,545.257201082088,167.31644499505825,O_left
209,5,547.14254272089,170.5177253995968,O_left
210,5,534.593477816258,169.09483978176507,O_left
211,5,535.1377971045238,169.3654078452606,O_left
212,5,537.9921941792826,171.23398967048766,O_left
213,5,534.5339055469102,177.11753822163473,O_left
214,5,509.8213670843329,168.89134542380833,O_left
215,5,493.6014599006855,147.94175847376144,O_left
216,5,453.5281522349477,98.89783798179216,O_left
217,5,443.9399145051213,87.4919882015222,O_left
218,5,457.40213755663535,108.9225368644496,O_left
219,5,454.79461679239006,108.81918248236892,O_left
220,5,494.6078353198161,164.12167340292487,O_left
221,5,488.0645517239652,157.030946698417,O_left
222,5,481.95705949283865,143.2611452536606,O_left
223,5,514.4457498238637,184.53367879608865,O_left
224,5,497.0486765704061,164.79029743279685,O_left
225,5,524.6188025688641,201.39657673983413,O_left
226,5,487.5243480297546,150.61335543765028,O_left
227,5,507.97209837236863,176.78701457172568,O_left
228,5,508.20402958751896,173.71252689499042,O_left
229,5,516.2820944679045,181.37311845910185,O_left
230,5,523.7396195025589,176.0789488503434,O_left
231,5,524.5843717083861,172.56555557337362,O_left
232,5,529.45807118376,182.17492498516992,O_left
233,5,524.2499060958366,175.24846705808267,O_left
234,5,533.2431353906122,183.4755110416035,O_left
235,5,530.9077612401461,180.3389149027526,O_left
236,5,538.0224221577806,184.7524820529765,O_left
237,5,538.7946631145078,177.87129632591387,O_left
238,5,533.6012437314832,158.91551748762404,O_left
239,5,545.5598791309295,177.06706526105262,O_left
240,5,549.4440735323151,174.4236507492795,O_left
1,6,565.2254445151566,1287.1798164186237,D_right
2,6,565.2254445151566,1287.1798164186237,D_right
3,6,582.2374415836537,1294.1031307275275,D_right
4,6,567.9974239062848,1289.97207525847,D_right
5,6,542.8214818816681,1279.503533962818,D_right
6,6,523.5102339572295,1268.4032292258903,D_right
7,6,539.9103843288652,1271.0677788948813,D_right
8,6,544.4075738175654,1273.017635956582,D_right
9,6,543.0974949676452,1272.526843989623,D_right
10,6,549.1318932281634,1274.1914098726204,D_right
11,6,545.8578441961747,1273.6028735570007,D_right
12,6,535.9965493160669,1269.962860971188,D_right
13,6,534.7493487370012,1271.0575715680964,D_right
14,6,536.6250369386823,1265.4198283296791,D_right
15,6,537.6480285601999,1266.296702930027,D_right
16,6,535.067757381293,1267.054062354919,D_right
17,6,531.0219839873573,1265.6630283367317,D_right
18,6,517.8209615030743,1263.886066330297,D_right
19,6,508.2870521882884,1262.7280572581356,D_right
20,6,478.9892211824612,1254.9389432384264,D_right
21,6,471.6343764922533,1251.7182359030478,D_right
22,6,423.6163736761228,1232.518307136122,D_right
23,6,426.7026069644797,1227.7436562547352,D_right
24,6,425.9295160594173,1225.692392770895,D_right
25,6,423.733646553015,1230.9332460345888,D_right
26,6,428.5169765499487,1227.166453468014,D_right
27,6,426.66351098642,1228.844564076977,D_right
28,6,427.39520381227527,1228.5521488199918,D_right
29,6,429.1673897752293,1221.0168297008663,D_right
30,6,436.7804708718341,1217.52485597364,D_right
31,6,433.8416413335911,1211.5205817400602,D_right
32,6,457.38700988082456,1207.159696362145,D_right
33,6,469.69920137302495,1208.1856422870576,D_right
34,6,477.9707509965732,1208.656410514738,D_right
35,6,478.2163186369797,1207.1454295983754,D_right
36,6,481.0348748693264,1207.972527537052,D_right
37,6,481.5659025371734,1207.0780242788317,D_right
38,6,480.62841572787744,1209.3246771612112,D_right
39,6,489.0977828606885,1214.5357427005076,D_right
40,6,515.3241451787908,1229.046431241205,D_right
41,6,523.3765530236855,1230.152447216318,D_right
42,6,526.3864326273864,1236.6420138336766,D_right
43,6,538.7833907680495,1246.0793189407734,D_right
44,6,553.5915596667896,1257.5368408435666,D_right
45,6,563.1680401536853,1264.294647660522,D_right
46,6,563.0029046985746,1266.9570016938153,D_right
47,6,563.8388700930005,1272.9182487063338,D_right
48,6,555.2091165961591,1283.7583590633967,D_right
49,6,551.7063358177329,1292.0269171132932,D_right
50,6,542.8679675246811,1303.4168319164498,D_right
51,6,541.468873790745,1309.812931466911,D_right
52,6,536.4170149548435,1317.9753590173318,D_right
53,6,534.8916119047865,1318.702054490302,D_right
54,6,531.9010746821338,1322.8339080885469,D_right
55,6,530.279374851781,1322.0982896094702,D_right
56,6,523.5844318998554,1320.4905306999783,D_right
57,6,522.2186298082677,1319.064992175662,D_right
58,6,514.7242610308869,1322.703735218991,D_right
59,6,512.5504355476215,1314.2818779728095,D_right
60,6,497.1153558460777,1311.186626126348,D_right
61,6,498.21195095634585,1314.8521294592072,D_right
62,6,588.5868559793113,1343.338651797609,D_right
63,6,614.1538968305904,1343.321955445011,D_right
64,6,516.6663117757587,1300.8747620542274,D_right
65,6,517.4235239405049,1299.8751792434568,D_right
66,6,510.1380794971338,1285.354819200484,D_right
67,6,638.9707586211458,1301.1305605360544,D_right
68,6,616.8540437868546,1296.5974800298186,D_right
69,6,594.7373289525633,1292.0643995235826,D_right
70,6,572.6206141182721,1287.5313190173467,D_right
71,6,612.8095637631111,1306.455693316076,D_right
72,6,562.2918216647487,1269.9217615794107,D_right
73,6,568.0228857214431,1266.7012949400842,D_right
74,6,550.1129886358217,1241.833787874472,D_right
75,6,543.8649318125025,1238.0378679776577,D_right
76,6,545.3543784895422,1232.4912347999425,D_right
77,6,532.2184291363183,1218.346121738945,D_right
78,6,498.6116322079421,1180.5153758259312,D_right
79,6,502.134062900344,1172.1598882133185,D_right
80,6,546.6640637513887,1178.894370646856,D_right
81,6,550.3694038620072,1174.832187368492,D_right
82,6,554.6758298049263,1158.3706981374285,D_right
83,6,554.823018290672,1151.019038545409,D_right
84,6,557.9220620636305,1137.5170633665268,D_right
85,6,558.8354373557685,1126.4716872141207,D_right
86,6,530.2946894656284,1095.4654866594976,D_right
87,6,547.43182463981,1090.3745644930996,D_right
88,6,476.4652316950864,1041.196144585566,D_right
89,6,529.8369294005554,1060.595458651993,D_right
90,6,542.0775176895304,1040.720473175466,D_right
91,6,547.0905882410417,1036.557544528613,D_right
92,6,544.5778565045057,1029.6817537026902,D_right
93,6,538.2238052510573,1021.4234739229952,D_right
94,6,473.3350949209035,961.5991912331364,D_right
95,6,463.3732962417381,950.4382718363016,D_right
96,6,493.09747827113193,953.3658303121048,D_right
97,6,498.6810890626484,950.7034146581112,D_right
98,6,502.7882412797491,940.9186119700942,D_right
99,6,504.1314187597531,937.4314185782196,D_right
100,6,481.96417714951286,913.6656979499796,D_right
101,6,481.2545018926956,908.7457318099216,D_right
102,6,442.4828043685288,872.7268200054605,D_right
103,6,437.4235741434642,864.4594712023277,D_right
104,6,437.6861211214784,856.9092086688734,D_right
105,6,438.8901096412193,854.4503441854239,D_right
106,6,447.1833328579913,857.290234722037,D_right
107,6,444.1325098416169,853.1181035428029,D_right
108,6,420.0844965008105,825.2692672356915,D_right
109,6,418.0216734429214,822.0269773194891,D_right
110,6,391.711082205394,798.9361915281141,D_right
111,6,395.57208859068913,800.9932288668274,D_right
112,6,387.9587792476017,795.2147273077628,D_right
113,6,370.6204697551094,787.6493896261986,D_right
114,6,367.95239468233547,787.3460400773033,D_right
115,6,365.42841215048,799.0879219970817,D_right
116,6,320.79993819948857,767.3899919471164,D_right
117,6,325.15071382254104,777.8768176981982,D_right
118,6,295.46195689358905,772.6364737089539,D_right
119,6,300.5060568639284,784.0168803004251,D_right
120,6,291.3080035006818,793.7711315949454,D_right
121,6,287.9043895461984,795.3991172908519,D_right
122,6,273.71950995603,793.2805049746319,D_right
123,6,262.23461215333833,786.8169945555289,D_right
124,6,271.24818969258354,793.1245315415267,D_right
125,6,276.3206252853518,797.3159675645783,D_right
126,6,262.6232940250381,787.726790157053,D_right
127,6,245.0547602485345,774.8209081802819,D_right
128,6,242.52356142672343,765.6811116463816,D_right
129,6,244.53400801098252,768.4993924889505,D_right
130,6,244.2035956776888,764.1510591690322,D_right
131,6,245.94494531845865,764.8947041236308,D_right
132,6,250.25701137249865,756.876360433428,D_right
133,6,212.982968034412,716.3025485236628,D_right
134,6,253.30589965956997,727.9857925288883,D_right
135,6,258.50857760094107,727.0908633602389,D_right
136,6,268.46312074121204,718.9091628837014,D_right
137,6,270.0677532878451,715.604234974818,D_right
138,6,278.1579389690366,710.7508838839003,D_right
139,6,229.87686150363717,647.7401220706525,D_right
140,6,230.3942658244554,625.8781897697334,D_right
141,6,234.04684737353787,619.8339552735598,D_right
142,6,237.69942892262037,613.7897207773863,D_right
143,6,227.66128938496843,596.4753934456829,D_right
144,6,237.46745503770236,585.1196048467147,D_right
145,6,258.09865711614003,584.2926703672558,D_right
146,6,255.40973071496427,521.3938295980387,D_right
147,6,282.8291320716483,540.8260117301238,D_right
148,6,280.1969582452953,504.86080142165935,D_right
149,6,284.2632893941803,498.0794961573054,D_right
150,6,288.93214381168536,474.3292456393704,D_right
151,6,319.5315914795628,461.9991448442569,D_right
152,6,316.69195250308303,420.810553924584,D_right
153,6,334.15079471369245,422.5508321807845,D_right
154,6,361.2557114554929,414.598599305048,D_right
155,6,376.2913880312689,413.8026732235353,D_right
156,6,403.19197235313993,417.0203470007931,D_right
157,6,426.5061493293594,414.70049668096647,D_right
158,6,447.3099498477042,404.45592197253865,D_right
159,6,471.6657101932733,407.0204719389457,D_right
160,6,444.3245024104138,351.0623553985858,D_right
161,6,449.15122798803776,348.9489927626242,D_right
162,6,462.5967635577215,331.2743877027492,D_right
163,6,523.4982245798283,380.8051148128658,D_right
164,6,523.2308645979234,376.5956102269603,D_right
165,6,522.0474194340126,364.2904309390477,D_right
166,6,532.5367344421351,359.1377576461688,D_right
167,6,541.0500480983891,363.04082314643375,D_right
168,6,560.4425018793527,354.54020340230545,D_right
169,6,608.0552502296416,401.9747617565125,D_right
170,6,618.4962943074437,404.1183039131386,D_right
171,6,617.8664185560963,401.9547995117821,D_right
172,6,619.3972090535656,405.9746645610783,D_right
173,6,621.7227139964709,412.5864444078137,D_right
174,6,630.0878179961028,434.605719575953,D_right
175,6,649.2365173850976,466.4591704805365,D_right
176,6,665.3235682687476,488.4965289139623,D_right
177,6,667.0989732413483,499.8270221148251,D_right
178,6,673.2222306711961,516.1860994767036,D_right
179,6,676.6832607886996,524.4372218843886,D_right
180,6,699.7261444747944,567.4044070519828,D_right
181,6,696.7990361189176,569.2268657990246,D_right
182,6,691.3431319823633,579.546210759452,D_right
183,6,685.7621826888962,590.5813236044204,D_right
184,6,680.8282259097639,578.097871525851,D_right
185,6,676.942413062655,576.231624369885,D_right
186,6,696.9524879739047,606.8852686741345,D_right
187,6,727.6270819117437,648.1540076175293,D_right
188,6,719.4219008734589,647.8253087550802,D_right
189,6,721.4152241461159,674.9388520350019,D_right
190,6,736.2460907838821,683.1812697655052,D_right
191,6,746.2635052565831,694.576621529407,D_right
192,6,770.8381511563924,721.7456752716014,D_right
193,6,770.8257342207844,723.0930603448492,D_right
194,6,762.135505492308,735.4419323197187,D_right
195,6,758.2279197946299,737.0542039445178,D_right
196,6,854.6777390608809,1683.319929304392,D_right
197,6,790.4328519411799,777.4011238656955,D_right
198,6,788.8993838540705,787.7367813973309,D_right
199,6,793.8543602433087,798.5167570960991,D_right
200,6,794.492414297726,807.9238109291034,D_right
201,6,794.3432747129839,811.0353828435939,D_right
202,6,791.6465719343424,819.724739921602,D_right
203,6,788.1777591284188,820.3859021880346,D_right
204,6,785.0608842083735,825.9701454890932,D_right
205,6,784.153942570711,829.1704043409591,D_right
206,6,785.0495278317504,845.98919428332,D_right
207,6,783.8198230615146,850.1400387669266,D_right
208,6,779.5249372482012,862.0809460150587,D_right
209,6,778.9031643269867,869.8145276404426,D_right
210,6,772.169494745929,877.2079360373324,D_right
211,6,771.9606512842236,878.0802510583092,D_right
212,6,768.6198690573551,880.147385159465,D_right
213,6,764.0594581683342,879.8114045710737,D_right
214,6,756.0975675300314,885.2922661445871,D_right
215,6,749.4906935953294,886.6032447764585,D_right
216,6,736.4939733520265,881.0655642236162,D_right
217,6,740.9936681194214,888.7728207524245,D_right
218,6,742.9470327751197,902.9853905171208,D_right
219,6,743.4821618581931,910.644571595582,D_right
220,6,738.4682034300648,914.4497094735208,D_right
221,6,734.5885163536691,914.4807753206009,D_right
222,6,714.6852644572281,916.0053151335454,D_right
223,6,708.4734646043137,913.222326529184,D_right
224,6,706.8694346404568,914.1238463630116,D_right
225,6,705.5595574984429,914.4720783466817,D_right
226,6,703.8375322475165,916.5849855693378,D_right
227,6,702.0632861705518,914.9628342161247,D_right
228,6,703.3565924776351,916.2360647707524,D_right
229,6,702.1596568699586,915.5191549347333,D_right
230,6,698.5406671926328,913.3520943074776,D_right
231,6,698.1681330229744,913.5551849777852,D_right
232,6,694.3344257152025,912.370481776534,D_right
233,6,685.565433058617,907.9406392746362,D_right
234,6,674.8913595976662,905.5168395251316,D_right
235,6,665.6362701509164,898.7582108605808,D_right
236,6,650.3022378167808,889.8965227755524,D_right
237,6,654.5875491639863,895.2733227631907,D_right
238,6,651.1064653515922,897.7271301390601,D_right
239,6,648.6214298262296,897.7007310170741,D_right
240,6,650.8832945880614,902.5149924863072,D_right
