1,2,865.7460123777931,568.5242894321752,D_top
2,2,865.7460123777931,568.5242894321752,D_top
3,2,865.7215522951636,568.489444802519,D_top
4,2,865.6241321090704,567.9877103857907,D_top
5,2,865.5610197182431,568.0170901362147,D_top
6,2,865.7087962245934,567.6362253799982,D_top
7,2,865.8299972842748,568.1725140465545,D_top
8,2,865.6147042265575,569.078383811707,D_top
9,2,865.0087402523991,569.0820357765215,D_top
10,2,865.1757550979568,569.9479307894028,D_top
11,2,863.7358885551499,568.8312084857533,D_top
12,2,864.4110428797103,571.5904460066436,D_top
13,2,864.4338556993883,572.0113703442361,D_top
14,2,862.1820521454683,571.757710669648,D_top
15,2,861.7809823954116,572.2548300536475,D_top
16,2,862.5203005621953,571.8610376872956,D_top
17,2,863.7065432658552,573.6192705485608,D_top
18,2,852.8786138481457,557.7974551580074,D_top
19,2,851.502664866994,555.6874450630646,D_top
20,2,838.5913611159865,537.2431027677633,D_top
21,2,836.9831773659756,535.1713217499131,D_top
22,2,834.7139244406819,532.8564920451502,D_top
23,2,834.697663969322,533.396998889214,D_top
24,2,834.0759431105886,532.9952917957887,D_top
25,2,834.7445299536104,534.5986440273433,D_top
26,2,835.2855299900814,538.0862878666543,D_top
27,2,833.5615265219434,536.697253458111,D_top
28,2,822.7699564356019,526.6883440968002,D_top
29,2,820.3382411738185,524.6738672122095,D_top
30,2,806.4005865414093,512.25398367926,D_top
31,2,799.8740808922389,507.5589353338185,D_top
32,2,797.0626543744503,509.4383683566125,D_top
33,2,796.187948323131,511.1870817844465,D_top
34,2,789.9068205473935,517.6155693386333,D_top
35,2,787.170448779964,516.1773690291353,D_top
36,2,788.992818090447,520.2183292066001,D_top
37,2,783.5618088955634,515.6679670077953,D_top
38,2,776.631975881496,510.708650458114,D_top
39,2,776.2011821753156,514.4249574652954,D_top
40,2,772.3250109386261,522.8407691808287,D_top
41,2,771.6085668173101,533.8363229058468,D_top
42,2,766.3384693349678,533.9222530302285,D_top
43,2,768.4880559029519,537.9765272393327,D_top
44,2,767.8196097978168,538.9530169877859,D_top
45,2,768.6406580087404,539.5743056138559,D_top
46,2,766.2164736115102,536.9936008176804,D_top
47,2,757.3355848741131,519.1820262961829,D_top
48,2,737.1840576159055,490.5628256254888,D_top
49,2,736.4767315571098,471.8341380872413,D_top
50,2,721.3507615607316,465.5952411856644,D_top
51,2,716.4832412432975,443.9304961600498,D_top
52,2,685.9330822818922,428.389625792622,D_top
53,2,687.5592085061728,430.9048377793139,D_top
54,2,684.8832481801506,436.1256031845296,D_top
55,2,684.8123056171825,440.09799025252494,D_top
56,2,675.6730144312988,439.12573747338,D_top
57,2,670.089897238971,443.5673555820173,D_top
58,2,650.2256642376153,428.4484346334147,D_top
59,2,645.3817486286375,427.9299256805268,D_top
60,2,625.5311587849286,407.8575472332652,D_top
61,2,617.2501652204702,398.9526280054725,D_top
62,2,591.7073511007377,378.2747356537812,D_top
63,2,580.5094770927057,371.868361380702,D_top
64,2,557.5302393509148,368.06376714477454,D_top
65,2,572.3515132293269,392.6923697077653,D_top
66,2,523.5919512810758,356.5260648870869,D_top
67,2,524.859547314986,359.76050504108014,D_top
68,2,533.6309803414915,374.64977176535575,D_top
69,2,555.7195323745644,402.7265149044337,D_top
70,2,561.7132530376861,411.5026537130941,D_top
71,2,555.2543727053978,405.6379434750425,D_top
72,2,550.5538755218233,407.3482195602645,D_top
73,2,530.6148670908766,382.7219034067309,D_top
74,2,544.963868775893,386.3113597099693,D_top
75,2,557.4005549879811,397.96273253526925,D_top
76,2,561.8797582363023,400.68745322674994,D_top
77,2,559.1393916216041,395.7091655751221,D_top
78,2,566.0436492617142,390.3488026048785,D_top
79,2,580.3512252080683,392.43999066414,D_top
80,2,588.6402482684135,382.32490502342944,D_top
81,2,596.8301333883181,377.81435779988846,D_top
82,2,612.8256372733159,370.15022764336607,D_top
83,2,619.97495677781,378.3627703462994,D_top
84,2,646.8109065293949,399.742052745429,D_top
85,2,652.758783068837,402.79719550996674,D_top
86,2,670.6500646102456,427.10830818730415,D_top
87,2,673.3365517851166,421.46273228057805,D_top
88,2,671.5509706154497,425.4303857782235,D_top
89,2,672.8611673661953,425.3886688161765,D_top
90,2,666.7997296965865,436.83609066717855,D_top
91,2,665.7717316235468,440.9695789650764,D_top
92,2,662.1696271404805,447.8706018393181,D_top
93,2,660.1779309972352,453.2961957132154,D_top
94,2,663.3009855270817,473.0154045538133,D_top
95,2,667.6061527213561,482.4936475577839,D_top
96,2,664.5556593027859,491.0604227244357,D_top
97,2,661.5393562204579,490.13259412577145,D_top
98,2,656.3911267811192,485.0125466919201,D_top
99,2,653.496841687566,482.4332055161984,D_top
100,2,641.6141803314262,477.6025469710459,D_top
101,2,636.9960781103066,473.68060959452464,D_top
102,2,616.6978216093893,453.0433658183413,D_top
103,2,612.3530134675293,446.8868545264819,D_top
104,2,602.5998681834178,426.2988235268255,D_top
105,2,599.2827637445058,425.9296875543015,D_top
106,2,595.3280748853359,428.3651909501044,D_top
107,2,591.5611529035041,429.4213014681085,D_top
108,2,592.4323290863728,432.9472438729641,D_top
109,2,593.147361349582,434.5284874645962,D_top
110,2,588.4700721410676,437.4340399202904,D_top
111,2,589.7578282840781,444.8833022769123,D_top
112,2,587.0507723535023,449.95971087468894,D_top
113,2,588.1854076442061,452.4218745363394,D_top
114,2,586.1515312632692,456.9902816758226,D_top
115,2,584.6886215194355,456.47503892791406,D_top
116,2,586.8151911992892,463.4725401985643,D_top
117,2,582.6873150279569,460.925216350065,D_top
118,2,599.446177195454,490.5346141581306,D_top
119,2,603.8886647479517,498.5073079062646,D_top
120,2,607.4439284114363,508.4423669300634,D_top
121,2,611.7246761134232,520.0765380736526,D_top
122,2,627.0274384921481,541.312792534696,D_top
123,2,633.1455991893314,549.915005362327,D_top
124,2,637.4728599038542,558.450640027909,D_top
125,2,633.175812347586,558.538065648602,D_top
126,2,630.032736696694,563.8407958033663,D_top
127,2,634.9408100920265,573.8331351035104,D_top
128,2,640.3220705725462,590.9727449622521,D_top
129,2,639.3188413523671,591.1711760543233,D_top
130,2,639.3603396899088,590.8507190792907,D_top
131,2,638.3630791137011,592.1115314615028,D_top
132,2,633.2867587748815,594.4455559459639,D_top
133,2,631.1501727266336,594.9183649774557,D_top
134,2,631.3334728427432,593.6488160112536,D_top
135,2,627.17804264205,591.3959732235434,D_top
136,2,595.1138170831226,552.3994625722399,D_top
137,2,590.0724868673067,551.7237958781961,D_top
138,2,570.6080349279473,521.731495623162,D_top
139,2,566.3200400978409,518.3825603770267,D_top
140,2,568.0971579164228,515.802476068795,D_top
141,2,563.5480940144042,509.1000027273439,D_top
142,2,569.5293537907521,512.5063663877597,D_top
143,2,569.9267149432824,512.3130641855918,D_top
144,2,572.5372698096511,514.7118507294336,D_top
145,2,570.3873070644803,515.2548189879656,D_top
146,2,555.5904011134108,504.4579350795332,D_top
147,2,567.4505185548703,519.2346366513129,D_top
148,2,534.5855240941307,508.0223915729833,D_top
149,2,528.8354884872867,503.72139234984746,D_top
150,2,508.860528969652,504.1413364306672,D_top
151,2,504.0685682249147,502.39336816688905,D_top
152,2,502.9312580187093,505.4981579788054,D_top
153,2,511.92883482001247,518.2820392357789,D_top
154,2,508.4733902929176,542.6048824476267,D_top
155,2,499.772446083686,535.120015707365,D_top
156,2,494.9495540365817,566.5591593976109,D_top
157,2,492.932644543577,569.9879206692137,D_top
158,2,487.69353722284006,585.2898652002148,D_top
159,2,480.58819820042027,586.5872768293921,D_top
160,2,489.7447468857419,582.8728480229389,D_top
161,2,487.2474641262377,598.04180434874,D_top
162,2,474.57827716731873,603.3030805474519,D_top
163,2,475.4403237492456,610.395922819776,D_top
164,2,460.5782900720285,624.231040499893,D_top
165,2,453.2560357059915,638.0737184555798,D_top
166,2,440.9620810527874,646.1047172480912,D_top
167,2,437.9431018416821,646.329012614196,D_top
168,2,399.7354004333938,636.484599194764,D_top
169,2,381.70078291411534,636.7652594377805,D_top
170,2,318.4812126480824,617.6544850706697,D_top
171,2,304.8784110422257,619.2333550010982,D_top
172,2,296.41621722964675,635.3200761119803,D_top
173,2,289.9494100979589,640.0411869093888,D_top
174,2,291.982339156734,667.6749604860374,D_top
175,2,281.68262919842766,672.3111874668485,D_top
176,2,267.1034898801607,671.044546434402,D_top
177,2,258.6525723452552,668.042109247032,D_top
178,2,265.00772605208977,678.1256518473808,D_top
179,2,266.90970498924554,679.8795615848188,D_top
180,2,268.1252835959479,684.2707749199212,D_top
181,2,266.3226825582085,683.1806061764537,D_top
182,2,269.9449128024637,686.7910212952588,D_top
183,2,276.67648606867704,689.279975578077,D_top
184,2,277.7592313422758,681.5635520482974,D_top
185,2,277.31731138894514,683.9761064990016,D_top
186,2,285.78771608448653,696.0626705596667,D_top
187,2,297.8894209008689,708.0972149431966,D_top
188,2,318.8042868427571,724.5669641314698,D_top
189,2,327.0166260960672,731.3661277818857,D_top
190,2,332.9756741077545,741.854815734746,D_top
191,2,328.556937604409,741.5919195070396,D_top
192,2,324.84141123316897,744.9408825853118,D_top
193,2,326.5536731379471,747.6839967070041,D_top
194,2,319.055441494918,750.9132900384345,D_top
195,2,333.33098630354624,764.4481368230967,D_top
196,2,384.63533069604426,807.897105647871,D_top
197,2,400.93144320779294,821.1703308069596,D_top
198,2,401.0460482372964,826.3668183187053,D_top
199,2,405.3260868396814,832.879195528217,D_top
200,2,408.8744993315219,844.3249217596612,D_top
201,2,403.0076311206966,846.3890295344218,D_top
202,2,419.9093209175279,880.8120328737881,D_top
203,2,425.0557644215467,885.7095066019174,D_top
204,2,441.7061240580493,910.5363649966396,D_top
205,2,461.1147420517933,931.9839365823844,D_top
206,2,477.96982870184047,950.052946379902,D_top
207,2,476.93148734589846,952.3695010405384,D_top
208,2,472.2390249009911,959.0388908372375,D_top
209,2,468.9617974846449,963.6548581472838,D_top
210,2,492.455688055141,988.0167949149302,D_top
211,2,503.3787248708942,999.503016990432,D_top
212,2,517.8919996367343,1016.3168270144718,D_top
213,2,518.6203525165341,1017.5452513111464,D_top
214,2,523.9937317878563,1023.9432199036016,D_top
215,2,521.2358801884546,1024.4303256554028,D_top
216,2,522.2507105679315,1028.4827710622728,D_top
217,2,535.2326645418786,1036.7333845884596,D_top
218,2,549.6732627906994,1046.971937143306,D_top
219,2,554.6093375009881,1052.8857853602735,D_top
220,2,571.3314178238779,1060.7661522024134,D_top
221,2,574.951179353592,1063.768548217202,D_top
222,2,580.4787553130783,1067.2940458121432,D_top
223,2,578.8057100901135,1065.8045833099366,D_top
224,2,579.3376307034722,1062.5840896392328,D_top
225,2,580.8832373104805,1064.2865408860227,D_top
226,2,579.805636151864,1060.3793398503306,D_top
227,2,582.3809171248545,1055.4956392900226,D_top
228,2,583.6131610041964,1049.6922910206158,D_top
229,2,583.0433789428708,1048.1680424875997,D_top
230,2,579.8773401737402,1045.0741742810228,D_top
231,2,579.5449658001714,1043.4696223187746,D_top
232,2,580.6824080002667,1043.3403561757552,D_top
233,2,581.3214794586139,1044.6792591716928,D_top
234,2,561.5419955074054,1035.997611658275,D_top
235,2,560.3952774856078,1035.6013960788546,D_top
236,2,557.7921450437417,1033.41813525857,D_top
1,3,969.0485967250672,525.0537246329199,O_top
2,3,969.0485967250672,525.0537246329199,O_top
3,3,969.037484850073,525.0445918073706,O_top
4,3,969.9870534663744,527.4034101318646,O_top
5,3,970.0153920065763,527.364405175646,O_top
6,3,970.0217572167924,528.1971567437096,O_top
7,3,969.9473894508466,529.2139532966614,O_top
8,3,970.40853738592,530.3104217621203,O_top
9,3,971.0390539537324,531.0575825356738,O_top
10,3,970.8967139322394,531.6334168321587,O_top
11,3,970.6423337064,531.1680319698693,O_top
12,3,971.4997799596662,532.1415217780806,O_top
13,3,971.7039785504604,531.4106621749033,O_top
14,3,974.3206950950478,526.1174500927539,O_top
15,3,976.1775766637118,523.3603042086776,O_top
16,3,977.9010637835596,515.3814863462869,O_top
17,3,977.5709226165044,509.6233843374829,O_top
18,3,977.8972493247873,500.7611928941043,O_top
19,3,966.1215246438612,478.4058659238661,O_top
20,3,973.486429935884,480.95286713650216,O_top
21,3,971.3527168865126,474.8108136186914,O_top
22,3,976.415788704908,483.35733617179096,O_top
23,3,974.9342608382372,482.0518663266681,O_top
24,3,974.8238873383108,481.6358928508744,O_top
25,3,975.5700359016424,480.5684585287769,O_top
26,3,975.4708810147176,476.6140415650189,O_top
27,3,972.6179076294356,485.8591283478365,O_top
28,3,965.209540165282,481.7409920170349,O_top
29,3,961.5879894036184,484.6279966646622,O_top
30,3,948.5882146982084,449.7489573509006,O_top
31,3,954.2988714842388,459.8244926108428,O_top
32,3,952.924464892296,458.2569792256195,O_top
33,3,950.0941763091882,455.5157839769657,O_top
34,3,954.9481308865296,465.37374727245646,O_top
35,3,957.5232237637904,471.7091918151996,O_top
36,3,957.7293969027992,477.9697980239922,O_top
37,3,955.7403120672216,477.1942974045361,O_top
38,3,953.8668295765632,480.60494149488926,O_top
39,3,951.2214149714234,481.28318886646673,O_top
40,3,945.108969081706,483.0482991454167,O_top
41,3,931.6668372071596,469.66655144627,O_top
42,3,903.6865232281954,448.3554001145226,O_top
43,3,902.178473226058,453.33060390152616,O_top
44,3,893.2334607728823,455.0742572018656,O_top
45,3,889.0676908810447,454.1440719909844,O_top
46,3,874.8877547000251,459.3440556217207,O_top
47,3,848.839397384111,429.0075718825342,O_top
48,3,823.3216826280908,413.4587661232427,O_top
49,3,818.1913106214038,422.1157401739239,O_top
50,3,809.5526082777009,430.6619749639228,O_top
51,3,801.9659686059553,429.68479053437807,O_top
52,3,766.8873906029613,400.6864730079333,O_top
53,3,749.6578131845249,382.7877928031602,O_top
54,3,733.4288418524787,387.6318630522487,O_top
55,3,745.4446200056062,411.4774052311178,O_top
56,3,705.9932931560661,372.4696222497656,O_top
57,3,696.4811922284241,370.5621343926176,O_top
58,3,656.881253892643,344.68229876951284,O_top
59,3,649.0907722098702,342.69934765960824,O_top
60,3,633.9166628422919,341.84215593261297,O_top
61,3,623.2470117351435,333.5684521011961,O_top
62,3,610.8794131827843,335.0055536492372,O_top
63,3,600.6562680394803,327.9596632137477,O_top
64,3,587.2094864526182,352.9174353339316,O_top
65,3,584.1188194407732,355.1839929060595,O_top
66,3,585.5691739202334,362.5178618676381,O_top
67,3,585.8544307991785,363.4019985025932,O_top
68,3,582.7572845040373,363.7992788255988,O_top
69,3,586.5876710542568,369.06687690343705,O_top
70,3,540.3791548985334,333.7640407523736,O_top
71,3,511.6499301336934,308.54408770942695,O_top
72,3,501.1444626307016,297.53961132407045,O_top
73,3,551.6417741708213,362.65953074689287,O_top
74,3,503.08750391800817,313.42338195490305,O_top
75,3,504.11107305639655,312.46753953389003,O_top
76,3,474.4903316716413,296.31040841237,O_top
77,3,447.8573869941201,278.3713479272941,O_top
78,3,469.6238081235314,311.4184341363285,O_top
79,3,547.3296510544103,371.7912044763455,O_top
80,3,488.5051300636934,325.4862856489879,O_top
81,3,479.66075670881816,354.1188214827879,O_top
82,3,476.0363142482746,358.0949797016802,O_top
83,3,474.3633224367404,358.43928239473627,O_top
84,3,465.3700662541529,363.8473661136715,O_top
85,3,459.7618085001053,366.4388739887331,O_top
86,3,451.7391070958694,371.82179129219793,O_top
87,3,417.6932398999947,360.93251467764753,O_top
88,3,416.0488592656142,379.28471297478734,O_top
89,3,412.5131037583757,378.0862473651736,O_top
90,3,392.8963814959633,380.11923630991566,O_top
91,3,409.6825183934682,409.0197824544757,O_top
92,3,386.7389005335429,398.9950083779874,O_top
93,3,384.1107588227213,409.2984954219602,O_top
94,3,381.6146062817296,419.1711558690768,O_top
95,3,383.1863831006551,422.22580944178833,O_top
96,3,366.93441471765385,432.31096507707326,O_top
97,3,372.5829038693875,437.7940230502248,O_top
98,3,393.2269397961807,462.0726877447862,O_top
99,3,392.2185516332016,464.6087481716585,O_top
100,3,400.75122159096674,461.82701607560085,O_top
101,3,395.0545303320672,478.34769409034976,O_top
102,3,391.94850542730114,478.9822267815129,O_top
103,3,389.5870267622034,477.6626471679974,O_top
104,3,396.01028351512826,486.1987421829593,O_top
105,3,399.9602400431098,491.7190293360087,O_top
106,3,397.950978314062,491.44440975286176,O_top
107,3,398.0912534125438,492.6569097740448,O_top
108,3,382.7601870737539,461.3274132688037,O_top
109,3,360.66730035537904,431.2966692165048,O_top
110,3,357.1636081527359,441.15954039856615,O_top
111,3,378.8652481391868,463.0523049779919,O_top
112,3,383.7235391068362,461.0656351456102,O_top
113,3,385.9764343511222,464.1334507531397,O_top
114,3,405.7291915760618,487.8257179344316,O_top
115,3,403.9098599034037,486.02252720950895,O_top
116,3,404.78230811519865,483.2117798734784,O_top
117,3,410.6484939911816,483.82592474038063,O_top
118,3,413.5398910039453,475.649708543214,O_top
119,3,412.6889915447901,473.4432788751292,O_top
120,3,419.20609386599386,475.5101934535279,O_top
121,3,427.7726662413002,483.76826296222544,O_top
122,3,450.7553154885503,508.2876748109291,O_top
123,3,458.72763579174045,515.4716832943969,O_top
124,3,469.99064970538376,526.2213726630235,O_top
125,3,474.2925908514152,529.1610342361336,O_top
126,3,474.1345061044504,524.9665286808885,O_top
127,3,477.0834067132006,524.642309289695,O_top
128,3,472.4266559075104,517.5273978287312,O_top
129,3,474.0146804955744,514.367212681366,O_top
130,3,468.3168810778488,483.9722893080161,O_top
131,3,473.5419710717608,476.9391397660841,O_top
132,3,463.40441096457687,445.3113906198225,O_top
133,3,470.04249352642194,449.3353022583495,O_top
134,3,476.680576088267,453.35921389687655,O_top
135,3,483.318658650112,457.3831255354036,O_top
136,3,489.9567412119571,461.4070371739306,O_top
137,3,496.59482377380215,465.4309488124576,O_top
138,3,503.2329063356472,469.4548604509847,O_top
139,3,509.8709888974922,473.4787720895117,O_top
140,3,516.5090714593373,477.50268372803873,O_top
141,3,523.1471540211824,481.52659536656574,O_top
142,3,529.7852365830274,485.5505070050928,O_top
143,3,536.4233191448725,489.5744186436198,O_top
144,3,543.0614017067176,493.5983302821469,O_top
145,3,549.6994842685626,497.6222419206739,O_top
146,3,556.3375668304077,501.6461535592009,O_top
147,3,562.9756493922526,505.670065197728,O_top
148,3,569.6137319540977,509.693976836255,O_top
149,3,576.2518145159428,513.7178884747821,O_top
150,3,582.8898970777879,517.7418001133091,O_top
151,3,529.0982582176105,464.293993263672,O_top
152,3,542.0818496401383,468.1836307053002,O_top
153,3,540.0008583719459,465.5316619724265,O_top
154,3,544.9550812900853,458.205015457218,O_top
155,3,549.3842658135391,462.5941648800386,O_top
156,3,558.613105036696,457.1619242336578,O_top
157,3,565.3581183115283,462.3483453310973,O_top
158,3,580.6665647217806,474.1563717525764,O_top
159,3,589.3855435336469,475.037302176693,O_top
160,3,618.3608851049132,495.03781466611815,O_top
161,3,619.94428056417,494.283591609602,O_top
162,3,626.8489745876467,495.3259540805437,O_top
163,3,626.9074133927451,492.8167990332937,O_top
164,3,629.1003509915812,491.4766723755573,O_top
165,3,629.1839360236428,491.7141961463603,O_top
166,3,628.6026213995108,493.616389917777,O_top
167,3,628.4546564244135,496.0963909382237,O_top
168,3,633.5462032827076,507.1172430460768,O_top
169,3,648.9748070194399,529.959570502533,O_top
170,3,649.9489848215882,538.9830698143758,O_top
171,3,646.3707734887992,549.198032878509,O_top
172,3,633.0026911187626,577.0788516882378,O_top
173,3,634.426611375233,583.0946569142069,O_top
174,3,627.560892825674,588.2813177299867,O_top
175,3,620.3703548149799,588.2956793918011,O_top
176,3,578.2964003248946,571.3780520276426,O_top
177,3,571.0804398169764,576.8443489513736,O_top
178,3,542.5094042370276,591.4211235910101,O_top
179,3,546.4388951312063,599.1837690862011,O_top
180,3,534.5176495778043,610.0915996214075,O_top
181,3,527.3418585439459,614.2197266920753,O_top
182,3,524.8197317387464,632.5554257315042,O_top
183,3,527.0427398872654,648.5557575628967,O_top
184,3,518.8342176837494,657.5188466123204,O_top
185,3,518.4114281624991,667.5091386398601,O_top
186,3,506.1585895315597,681.3840080343289,O_top
187,3,500.3614475269837,684.5855280764928,O_top
188,3,492.9068438698784,702.3940672903462,O_top
189,3,499.6191084419317,719.7023199485661,O_top
190,3,517.9614373876101,751.9777472383214,O_top
191,3,524.496675770166,763.2692710958877,O_top
192,3,524.216352596227,770.9774531603724,O_top
193,3,524.2281667554576,776.402874332071,O_top
194,3,576.476757202461,825.2900840053014,O_top
195,3,577.7604558154361,833.9119519452483,O_top
196,3,595.2238475129063,852.4782523119507,O_top
197,3,591.6874548557071,855.4356089724652,O_top
198,3,592.2598862026194,872.6486588368575,O_top
199,3,585.3307489587672,869.4365109782364,O_top
200,3,619.0778516146834,906.0145579081636,O_top
201,3,664.4117326164767,943.2998941204183,O_top
202,3,675.1065274086872,954.8918764277306,O_top
203,3,676.0937452032517,956.6217708825754,O_top
204,3,679.0882594942021,958.7597768475458,O_top
205,3,685.7043141701569,962.8665050221804,O_top
206,3,749.4812196300941,1008.1524049037004,O_top
207,3,759.6062996877843,1014.3181034731914,O_top
208,3,784.1027187105847,1032.027113479501,O_top
209,3,785.5891141378518,1028.6008005907515,O_top
210,3,786.8056067461669,1024.587631431183,O_top
211,3,786.7130544313553,1022.256940162417,O_top
212,3,788.64422311814,1022.4847780199756,O_top
213,3,790.1072120346241,1021.6668490213578,O_top
214,3,802.0639176318925,1024.184886819218,O_top
215,3,814.5518010775974,1029.593659504002,O_top
216,3,817.9618140037973,1028.3272204488098,O_top
217,3,818.9299110280581,1027.6635433579745,O_top
218,3,819.1986604958552,1027.4969114580088,O_top
219,3,817.1669035514474,1025.702788248713,O_top
220,3,815.3514151464882,1027.4670663395266,O_top
221,3,813.4973020428563,1028.7573026625755,O_top
222,3,812.2202055905645,1032.6181782479557,O_top
223,3,809.3271610613543,1031.4297706357995,O_top
224,3,792.499165794897,1013.0600968348868,O_top
225,3,789.7249159675101,1010.3940278554344,O_top
226,3,784.2217039640005,1005.26010250128,O_top
227,3,784.0622968238035,1003.8048009481548,O_top
228,3,781.9290778308249,996.7362758774032,O_top
229,3,782.3217858500781,993.9185546826308,O_top
230,3,767.364418396009,976.696532535382,O_top
231,3,763.4139780745603,972.7446984163408,O_top
232,3,760.642548771993,968.7673854169484,O_top
233,3,759.3318688338758,967.8839587342792,O_top
234,3,747.6577330325144,960.1224529657046,O_top
235,3,747.0035763801502,959.8177041052992,O_top
236,3,741.6820923782423,954.061690351611,O_top
1,4,599.3079573209058,1438.9143074022347,O_right
2,4,599.3079573209058,1438.9143074022347,O_right
3,4,599.2162494871598,1438.894530860097,O_right
4,4,597.8136029770379,1438.8738992492056,O_right
5,4,598.0036011119506,1438.8999868618969,O_right
6,4,597.7553604106579,1439.0706823361934,O_right
7,4,597.4301922501267,1439.1792494872266,O_right
8,4,596.9521005710312,1439.350149145556,O_right
9,4,596.9886344728336,1439.4132398203742,O_right
10,4,597.0728071083879,1439.3866176934955,O_right
11,4,596.8767072700006,1439.413978443278,O_right
12,4,596.859242271645,1439.418808863133,O_right
13,4,597.0100267733873,1439.3196563615115,O_right
14,4,597.5554502404378,1439.3400180866784,O_right
15,4,597.273390853801,1439.1399346204923,O_right
16,4,597.8994526740992,1438.9095482405846,O_right
17,4,599.603183757741,1438.4515698991988,O_right
18,4,601.7591704848388,1436.7805568661722,O_right
19,4,604.4108937691184,1436.024553939919,O_right
20,4,606.8612674809748,1433.1075761909176,O_right
21,4,607.5273643737324,1431.9205392369938,O_right
22,4,610.5061024823107,1430.6366260014645,O_right
23,4,611.242982475628,1430.1442023734432,O_right
24,4,612.4591745249165,1428.203627975973,O_right
25,4,612.366142838812,1427.7263420312825,O_right
26,4,613.6630693266112,1426.9630109466978,O_right
27,4,613.762460621077,1426.6009608431073,O_right
28,4,614.161328051593,1424.6231752099386,O_right
29,4,614.5115844523958,1424.235999256287,O_right
30,4,614.4990802226635,1423.4616258213207,O_right
31,4,615.4886774878928,1423.1946050186716,O_right
32,4,616.0571085375536,1422.0987481021407,O_right
33,4,616.2637241617063,1421.733342789738,O_right
34,4,617.0279902294856,1421.921516501057,O_right
35,4,617.1092765144913,1421.9779843069568,O_right
36,4,617.3312929391092,1421.9536172039452,O_right
37,4,616.7383472930125,1421.7248271482322,O_right
38,4,616.4470049788736,1421.9550414023863,O_right
39,4,617.0495693571872,1422.4700597019428,O_right
40,4,616.3887529771204,1422.847102103432,O_right
41,4,616.9988501357622,1423.3235720197142,O_right
42,4,616.4473070022825,1423.9305535782232,O_right
43,4,615.7250081764939,1424.1881716015532,O_right
44,4,615.6323473817829,1423.941679315027,O_right
45,4,615.4900277395204,1423.9872573591856,O_right
46,4,615.1557000154874,1423.875005993028,O_right
47,4,614.9891724820819,1424.1753652509049,O_right
48,4,615.0417524723122,1424.693101404673,O_right
49,4,615.0622336735089,1424.7298297983896,O_right
50,4,614.8999156144052,1424.1010852078389,O_right
51,4,616.2764374655904,1423.782544902502,O_right
52,4,616.7538482746578,1423.2168908154997,O_right
53,4,616.3301032878306,1423.031172982153,O_right
54,4,617.2234859899168,1422.8459493813195,O_right
55,4,617.20772913499,1422.7058992518405,O_right
56,4,617.3219173728792,1422.580426392115,O_right
57,4,615.9478471294595,1422.3450461370771,O_right
58,4,617.5351332365116,1422.798123385967,O_right
59,4,616.067040335893,1422.462338222856,O_right
60,4,617.5184905994179,1422.7242660825073,O_right
61,4,615.9306701207638,1422.379417301734,O_right
62,4,616.2989744024973,1422.4987960942717,O_right
63,4,616.2840817934656,1422.5020655262963,O_right
64,4,615.63703569298,1422.406543015817,O_right
65,4,615.6590155737451,1422.3916142046496,O_right
66,4,615.7094907119766,1422.3931054990196,O_right
67,4,615.7612704327018,1422.3431365825154,O_right
68,4,615.5797530452693,1422.2768521593812,O_right
69,4,615.6759317957808,1422.3050470347746,O_right
70,4,617.1395620012364,1422.614301682096,O_right
71,4,617.1939662874692,1422.6211745248224,O_right
72,4,615.6760539766753,1422.3815350175817,O_right
73,4,617.2397841952547,1422.713140380683,O_right
74,4,618.4833380447484,1423.0201180901674,O_right
75,4,617.188815557703,1422.7350533964277,O_right
76,4,617.1495125388357,1422.7334151045816,O_right
77,4,617.2095489591859,1422.7589872605597,O_right
78,4,617.3974284371018,1422.7745609395954,O_right
79,4,617.3280581398102,1422.7259759679473,O_right
80,4,617.2571503067421,1422.7685392936053,O_right
81,4,617.1421046645191,1422.8015165631243,O_right
82,4,617.1712753312373,1422.809460504948,O_right
83,4,617.0185425297033,1422.7741125699683,O_right
84,4,616.9383521848376,1422.8573466377345,O_right
85,4,616.9229164379038,1422.8595911624789,O_right
86,4,616.9054625298128,1422.8548660523493,O_right
87,4,616.7773753938812,1422.8493075250317,O_right
88,4,616.7309019512512,1422.83510120643,O_right
89,4,616.7012140731284,1422.7969449964037,O_right
90,4,616.7468727987557,1422.8649081186538,O_right
91,4,616.707356130266,1422.8512408840957,O_right
92,4,616.7464435459658,1422.8238460454108,O_right
93,4,616.7928703063153,1422.8355951601795,O_right
94,4,616.7920839195222,1423.0068790063294,O_right
95,4,616.807182185892,1423.0443514149638,O_right
96,4,616.730424567586,1423.0154030955707,O_right
97,4,616.7941079804256,1423.0467088397093,O_right
98,4,616.8535042973746,1423.1017423596245,O_right
99,4,616.8419989341261,1423.1086095847195,O_right
100,4,616.9544814854852,1423.1687386766469,O_right
101,4,616.9198388144448,1423.0679001215865,O_right
102,4,616.9141711556792,1422.986040745829,O_right
103,4,616.868930889343,1422.9993334725862,O_right
104,4,617.8973073197318,1423.1147562953686,O_right
105,4,617.9279847034768,1423.103873073384,O_right
106,4,618.0302572003023,1423.0663027652483,O_right
107,4,617.9408142399146,1423.0983968559187,O_right
108,4,617.8078368446011,1423.032341482269,O_right
109,4,618.06438512141,1423.0904110926651,O_right
110,4,618.0163781978828,1423.0226295071934,O_right
111,4,618.1488778156393,1422.9647727274237,O_right
112,4,617.8758607275693,1422.8439998579463,O_right
113,4,617.8692872126926,1422.8734914446654,O_right
114,4,618.0857712047349,1422.94448824075,O_right
115,4,618.106001869992,1422.938836477069,O_right
116,4,618.1311347806915,1422.940056325099,O_right
117,4,617.9059129925129,1422.8710223685875,O_right
118,4,617.991197721603,1422.891501015229,O_right
119,4,617.8907674341108,1422.9069252158465,O_right
120,4,617.5264141112605,1423.181079363187,O_right
121,4,617.171574832744,1423.28657517153,O_right
122,4,616.5853036825423,1423.4479117962608,O_right
123,4,616.4704029326358,1423.538145031781,O_right
124,4,616.9507013424586,1423.9893521351462,O_right
125,4,616.9501411253804,1424.2550099546706,O_right
126,4,616.2751481623479,1424.5724404664716,O_right
127,4,616.2257889595786,1424.5729260394444,O_right
128,4,616.0389823040066,1424.808407971191,O_right
129,4,615.5623021372736,1424.9540875421942,O_right
130,4,615.3650988448322,1425.2304005142216,O_right
131,4,614.7523766262635,1425.384747829217,O_right
132,4,614.31147317654,1425.43469900271,O_right
133,4,614.5083399132964,1425.5689428031585,O_right
134,4,613.0518041067943,1425.011215892849,O_right
135,4,613.1269588540678,1425.0669449273228,O_right
136,4,613.2423810887265,1425.0992018237705,O_right
137,4,613.4689753707462,1425.1315415188942,O_right
138,4,613.40543053232,1425.0026493494258,O_right
139,4,613.8253490070584,1424.995057739646,O_right
140,4,614.5615794102333,1425.18543247079,O_right
141,4,615.3583719450409,1425.3009201589937,O_right
142,4,614.9683213845921,1425.168409999647,O_right
143,4,614.8431925743267,1425.040802473418,O_right
144,4,614.6514656809536,1425.1788747062897,O_right
145,4,614.5109931515555,1425.483513216314,O_right
146,4,612.0891367935067,1424.770963776011,O_right
147,4,614.9992684412098,1425.9236606103036,O_right
148,4,613.1935733289616,1426.7796639387684,O_right
149,4,613.2027324374998,1428.0290925042384,O_right
150,4,608.4615136966835,1429.7391174636202,O_right
151,4,608.070439990031,1430.3885691367648,O_right
152,4,605.9139682556261,1430.4267713352908,O_right
153,4,603.4699928453075,1430.69887430359,O_right
154,4,600.5860570188956,1430.64433853441,O_right
155,4,600.8568868588001,1430.2293619002885,O_right
156,4,605.0053960123665,1430.8020609730809,O_right
157,4,606.6059125559751,1430.3453658559208,O_right
158,4,609.129158753241,1430.1304831270884,O_right
159,4,609.8153463547304,1430.0798099754609,O_right
160,4,610.7616092117352,1430.5795899823502,O_right
161,4,610.091688022536,1430.7635752099638,O_right
162,4,609.4013761448367,1432.1874316844728,O_right
163,4,608.5841190127435,1433.1126110962257,O_right
164,4,607.5131192859612,1434.3550007394886,O_right
165,4,606.1715583303978,1434.716939802627,O_right
166,4,601.9771568943052,1435.921482846123,O_right
167,4,594.4718184392528,1434.676506802156,O_right
168,4,571.4336248116451,1436.1662200432295,O_right
169,4,534.9980383270139,1427.709527566941,O_right
170,4,525.0955003959924,1431.7068845861436,O_right
171,4,528.7445889760808,1435.4783239671076,O_right
172,4,520.2485701532146,1448.3808249023516,O_right
173,4,515.8448130073818,1449.2364316303506,O_right
174,4,512.8268813536483,1444.3662101111336,O_right
175,4,501.39000631092296,1450.4373852875008,O_right
176,4,475.3600421033851,1451.5169373098363,O_right
177,4,431.88779414493206,1449.5024708754734,O_right
178,4,446.48323227640594,1453.7671955689132,O_right
179,4,437.2552650944702,1454.020364534292,O_right
180,4,424.1966490271834,1465.294042698361,O_right
181,4,420.0756718755754,1468.415013605448,O_right
182,4,393.9103971930148,1466.146331361203,O_right
183,4,376.7983293914552,1463.1523834812294,O_right
184,4,366.01006012785575,1466.9617790477312,O_right
185,4,362.23809379746194,1462.38503805474,O_right
186,4,354.32685371173994,1464.0225723357578,O_right
187,4,340.3252836516991,1459.5367652020873,O_right
188,4,341.36656151324576,1461.8304321749315,O_right
189,4,335.6178630162746,1460.6964740525857,O_right
190,4,310.7206520959599,1456.5085141079292,O_right
191,4,330.2940853462401,1463.054884920586,O_right
192,4,344.43942919877645,1465.214322983333,O_right
193,4,341.20994064042463,1464.6679155251218,O_right
194,4,345.6980503213866,1467.0890166356658,O_right
195,4,345.53062659297245,1469.3658087222989,O_right
196,4,341.83621139887487,1475.1448754441185,O_right
197,4,338.735494109162,1474.8646770972557,O_right
198,4,336.95895654672535,1475.8479543564242,O_right
199,4,335.976012210894,1475.5601140703388,O_right
200,4,334.8243415186162,1477.7124624255669,O_right
201,4,331.9630053180456,1475.448143126229,O_right
202,4,321.81746893346354,1472.4136090864524,O_right
203,4,319.3309271031988,1471.9885141316995,O_right
204,4,310.9936686516954,1470.5367042380956,O_right
205,4,309.5038599812321,1470.1021381005323,O_right
206,4,307.3781335644931,1468.9701681243205,O_right
207,4,311.97456554406386,1469.9638086697687,O_right
208,4,319.36762420636995,1469.0209163307777,O_right
209,4,319.0898223244007,1471.9749503327644,O_right
210,4,320.7775903178495,1465.9529142316378,O_right
211,4,315.0802446614125,1463.5805687674583,O_right
212,4,242.8251715578716,1445.969056309689,O_right
213,4,240.1141952190117,1445.1894319670218,O_right
214,4,175.48018236721455,1433.3681412515443,O_right
215,4,185.87421650039929,1433.6619117010546,O_right
216,4,190.4413697770256,1433.428129076565,O_right
217,4,204.37777287062548,1432.8834515274193,O_right
218,4,248.24323510086973,1432.5852536779862,O_right
219,4,262.41327741978444,1434.34474840758,O_right
220,4,274.37352591257,1434.6082457809464,O_right
221,4,272.3671379865395,1432.524705818529,O_right
222,4,288.203855596448,1433.9165028736788,O_right
223,4,292.719727517298,1435.6698196342456,O_right
224,4,275.20623441977983,1435.295150211076,O_right
225,4,278.09085293851,1436.8426720825096,O_right
226,4,282.70684902407214,1442.4744555018146,O_right
227,4,269.1575235479195,1442.6117649587734,O_right
228,4,257.95590283032976,1439.5035938882056,O_right
229,4,253.42531157072676,1439.9775486097683,O_right
230,4,274.1110892230193,1441.332621965752,O_right
231,4,279.0583503552466,1442.348691896696,O_right
232,4,282.1535489888813,1440.562916226767,O_right
233,4,284.6056890686941,1439.6643230146858,O_right
234,4,292.9978110653109,1440.1948161708726,O_right
235,4,293.00525978648284,1440.244602966554,O_right
236,4,294.98747130123706,1440.669659473217,O_right
1,5,590.547961954742,1096.6008015560233,D_right
2,5,590.547961954742,1096.6008015560233,D_right
3,5,590.4529398992331,1096.5887535185234,D_right
4,5,588.7254320993877,1097.306654757516,D_right
5,5,588.8840557098355,1097.8655671262702,D_right
6,5,588.9761678915186,1098.3316412313554,D_right
7,5,589.1106024797922,1099.3475725081505,D_right
8,5,589.5123520812095,1097.8565076154052,D_right
9,5,590.3201215980772,1096.7730966269462,D_right
10,5,589.3980525866754,1096.9578476044046,D_right
11,5,586.9450547673167,1097.579413021091,D_right
12,5,582.486230377631,1096.334666882446,D_right
13,5,583.5072560750568,1096.9047183101595,D_right
14,5,566.7176046875198,1085.9640370850923,D_right
15,5,567.3484882575065,1085.6057239156837,D_right
16,5,566.8356865394979,1084.4822785574647,D_right
17,5,566.1198208069302,1083.3624922804115,D_right
18,5,566.6686415781644,1081.9191907484835,D_right
19,5,566.3709350080525,1081.7280880496833,D_right
20,5,564.8741507889508,1079.8398305655646,D_right
21,5,562.8783455232953,1078.4363425560955,D_right
22,5,549.6713718190558,1070.972535354298,D_right
23,5,543.190444294562,1066.5813780421597,D_right
24,5,530.6569137355523,1055.6355654057638,D_right
25,5,530.0267170233755,1054.3693834376156,D_right
26,5,529.0000907755674,1051.1370677704333,D_right
27,5,528.9607882142175,1050.011584697838,D_right
28,5,530.0520456323259,1047.7490751462617,D_right
29,5,531.2672109441996,1046.8187781930164,D_right
30,5,525.7992432919217,1037.721445854676,D_right
31,5,524.7100625411379,1027.7928850261342,D_right
32,5,502.891921475278,1007.6763502027916,D_right
33,5,498.11780991562,1000.5140674580852,D_right
34,5,477.88025284918194,984.537892383426,D_right
35,5,484.37091784919016,986.6121742131636,D_right
36,5,480.5664693442752,980.7202276055634,D_right
37,5,488.3956765455956,984.9062598793128,D_right
38,5,480.45727508605023,973.2171281588252,D_right
39,5,487.3274271151964,972.92564582398,D_right
40,5,489.2137391171784,972.4878480693492,D_right
41,5,482.8708031735719,967.356571232216,D_right
42,5,469.7954502598884,947.3479230152242,D_right
43,5,465.822511993579,940.8417659765632,D_right
44,5,442.4038763514615,911.49836930061,D_right
45,5,443.3377521697114,903.7990194033132,D_right
46,5,436.7492408003218,886.5847197257503,D_right
47,5,426.5870168658114,874.1677283855673,D_right
48,5,425.00571664891777,860.3034782413441,D_right
49,5,426.8479921815409,855.3911712539847,D_right
50,5,424.6212300565326,847.8874188543181,D_right
51,5,428.3945132430468,844.5427728876829,D_right
52,5,429.2970921695853,842.3211271732166,D_right
53,5,429.34729472180845,840.139334759197,D_right
54,5,428.7438811423511,839.3449856368278,D_right
55,5,429.42928792330224,838.992014254155,D_right
56,5,433.0545025413628,840.262018592951,D_right
57,5,431.4533144189674,840.1565803207236,D_right
58,5,426.3957060387045,837.4967555443768,D_right
59,5,428.763493982559,838.8865559722593,D_right
60,5,436.90313655051307,840.7616862192032,D_right
61,5,435.9941394452845,840.5163979766966,D_right
62,5,444.2450033124836,847.4036659559263,D_right
63,5,444.4860819864583,847.6559731769016,D_right
64,5,442.719414899218,849.7919037362366,D_right
65,5,443.17780228373886,849.649555266193,D_right
66,5,440.7049861770759,848.1065269050786,D_right
67,5,438.133570795557,846.9842450962095,D_right
68,5,437.3538714330936,846.1765994624548,D_right
69,5,439.7433771442329,847.594967234544,D_right
70,5,437.5939435270162,847.619315572627,D_right
71,5,437.6665058806904,847.1818429197258,D_right
72,5,437.6391426407593,846.8650727040184,D_right
73,5,437.8785285647028,846.912290163227,D_right
74,5,438.0543022768932,845.1363399002621,D_right
75,5,438.1788236612452,845.2608790496355,D_right
76,5,438.77477734995074,845.0133468081128,D_right
77,5,439.5819015339277,846.0364535180014,D_right
78,5,439.4159274343375,845.8993331832263,D_right
79,5,439.2226792986498,845.5020879037842,D_right
80,5,440.1907690894356,845.8606529667495,D_right
81,5,439.71248377793,846.1683386360843,D_right
82,5,438.0512616053786,845.0082645077634,D_right
83,5,438.4738107524325,844.3892278793722,D_right
84,5,440.5287651527236,845.0458671078236,D_right
85,5,441.0855937220138,845.9246299005849,D_right
86,5,444.4795388054178,849.6099675726185,D_right
87,5,446.8773858185293,850.7248032822644,D_right
88,5,448.11203519715895,854.8426958707713,D_right
89,5,447.1774176340662,854.2915537238722,D_right
90,5,445.69409219980656,855.9210090667889,D_right
91,5,444.6572437437732,854.0642065431327,D_right
92,5,440.2151715871843,852.6675909935839,D_right
93,5,437.7223052919142,853.0658570328255,D_right
94,5,430.7946029129533,853.5058778933599,D_right
95,5,431.204756207304,853.8924285599974,D_right
96,5,433.4164853443039,854.475596358869,D_right
97,5,435.2204161364084,856.1349752810992,D_right
98,5,431.3437346745458,852.8552387295482,D_right
99,5,432.1379345608022,852.7367513521722,D_right
100,5,429.7841317905765,849.5741414328307,D_right
101,5,427.81510353972783,851.436555830144,D_right
102,5,430.4058279883009,854.4237590638568,D_right
103,5,432.76227151347234,855.3930042586352,D_right
104,5,433.8068409722623,863.5439870819886,D_right
105,5,433.3873766793926,864.6507526032715,D_right
106,5,431.069497492786,862.6697634223924,D_right
107,5,430.9289162111271,860.6377126374771,D_right
108,5,438.7194560042446,865.7645811216465,D_right
109,5,444.9438580902042,871.2761290554783,D_right
110,5,453.5893543383256,883.2698408371741,D_right
111,5,457.6472561906039,885.6438001754892,D_right
112,5,473.9845043771844,898.0626041546032,D_right
113,5,473.7256622743224,900.4676226809173,D_right
114,5,473.9362629760303,902.3121138262876,D_right
115,5,474.0914658481959,902.4925352115888,D_right
116,5,473.89134203921407,902.6307713266208,D_right
117,5,474.2780109908762,905.3153628619656,D_right
118,5,472.9846373074899,910.5348378217196,D_right
119,5,471.4879242603481,912.2997992398094,D_right
120,5,468.57981667247225,915.0199847382733,D_right
121,5,468.83223998117273,916.3245927881752,D_right
122,5,468.86104657503097,918.4355739601868,D_right
123,5,469.12809171699456,917.9305671344772,D_right
124,5,463.60111116720327,914.38174710315,D_right
125,5,462.88578824860434,914.5553779714352,D_right
126,5,462.01407062622656,916.6658228157976,D_right
127,5,459.224970683969,916.6862073992072,D_right
128,5,459.8567577245371,921.8276764791156,D_right
129,5,457.3285901976801,923.5063542822746,D_right
130,5,456.0267635493994,930.9125482640326,D_right
131,5,455.8164575496308,933.1310913307332,D_right
132,5,442.1730983806602,931.1411182781902,D_right
133,5,436.2691052239648,934.948768128263,D_right
134,5,456.8845236715581,953.4014196590412,D_right
135,5,455.59045080517774,954.7275926075604,D_right
136,5,454.82136516030914,954.7756636880468,D_right
137,5,454.0434800115648,954.9200730683708,D_right
138,5,449.4466186429863,952.5275688476949,D_right
139,5,451.6957039435089,953.5379251644652,D_right
140,5,450.1197379223193,954.7964190609864,D_right
141,5,443.046872964797,953.7603901115996,D_right
142,5,447.7780428811333,959.8656564819524,D_right
143,5,447.9184034003757,960.2143841340333,D_right
144,5,448.3463650713181,961.6019577051028,D_right
145,5,447.8725321347498,961.5370471363394,D_right
146,5,447.9253966904302,961.3696018988496,D_right
147,5,445.7770573874323,958.5519083687316,D_right
148,5,435.4261501867831,952.8524412942288,D_right
149,5,432.82295007932,951.3410615206282,D_right
150,5,399.4368039123564,925.3606917357592,D_right
151,5,414.9841572140922,935.047875922264,D_right
152,5,420.397128773194,935.2723948607122,D_right
153,5,421.1593425514087,933.9845553313336,D_right
154,5,418.1347126802636,930.697790309214,D_right
155,5,418.2111134160272,931.181005417964,D_right
156,5,416.3684565999982,929.6904558784784,D_right
157,5,416.2220452753213,930.16316142527,D_right
158,5,410.10169690367104,924.582298511485,D_right
159,5,403.5914819433515,920.6567149537584,D_right
160,5,369.96317025760817,899.5376961752402,D_right
161,5,371.4044092731172,897.5505569918331,D_right
162,5,370.5144998884617,893.3807148048459,D_right
163,5,367.20341656771177,890.3647415693973,D_right
164,5,364.1423941911172,896.9835316479958,D_right
165,5,367.2973212213136,898.2903673690817,D_right
166,5,365.11152617587226,895.4800905329307,D_right
167,5,356.2605476546738,886.6264814522973,D_right
168,5,287.76405975989576,818.6828906826452,D_right
169,5,275.2766394247232,807.9381442709364,D_right
170,5,291.45633149875744,813.6112948874053,D_right
171,5,287.05187162913217,804.6799938864468,D_right
172,5,268.0520181272668,786.3044482297908,D_right
173,5,260.0218356285586,778.0107725671263,D_right
174,5,251.9223190724915,765.0920703681041,D_right
175,5,249.3892610546663,762.2630587151242,D_right
176,5,242.91690794682177,763.4395856261835,D_right
177,5,240.86689849952904,765.3439123797561,D_right
178,5,236.40540781897707,764.3719502088842,D_right
179,5,238.12756095014575,766.2882424138122,D_right
180,5,240.49627147344736,771.3588556564682,D_right
181,5,239.61468819060676,773.4369009101149,D_right
182,5,237.0926873802964,776.1592219202693,D_right
183,5,238.942576081584,777.0259334396803,D_right
184,5,238.14248935743487,779.0229403869656,D_right
185,5,234.94165448303204,782.0335865547047,D_right
186,5,236.2196547703873,792.7896340307651,D_right
187,5,229.74399465079617,795.0435987632228,D_right
188,5,214.2303192118984,795.5983326347367,D_right
189,5,213.2571721414337,802.1999857494608,D_right
190,5,211.1530738883056,815.1645102713952,D_right
191,5,205.2337151624737,804.2080942551001,D_right
192,5,213.38393730647687,823.2192578522951,D_right
193,5,210.68453600285852,824.7639280298897,D_right
194,5,207.52827660907525,836.515544338084,D_right
195,5,204.37201721529192,848.2671606462783,D_right
196,5,197.48003532381028,878.6405274199888,D_right
197,5,194.69109182616376,886.149893630024,D_right
198,5,193.2292682522528,905.8326323056642,D_right
199,5,207.52581981640697,917.2109636693002,D_right
200,5,191.62161004112167,917.1627918346296,D_right
201,5,243.32984353985591,950.5972520350429,D_right
202,5,233.628647430758,977.9748250178098,D_right
203,5,233.17322008176825,983.7845834831444,D_right
204,5,223.9955272908273,991.5575775496887,D_right
205,5,222.63901538964396,1000.3121440352784,D_right
206,5,194.2696866956359,1007.6734637908022,D_right
207,5,212.53681001563368,1031.0778499478438,D_right
208,5,260.04201370722654,1087.9583231581903,D_right
209,5,255.8954581311759,1092.1283798320335,D_right
210,5,245.5012553885496,1110.1072273064117,D_right
211,5,243.56186212080303,1146.0482747976662,D_right
212,5,219.86875425541405,1156.8267034619694,D_right
213,5,151.29490829990664,1135.4433692848927,D_right
214,5,8.656807562755635,1129.062789385681,D_right
215,5,264.607720513901,1224.1418874519627,D_right
216,5,300.31292825971485,1264.039360349353,D_right
217,5,293.0626790646691,1269.7232813790115,D_right
218,5,287.61658664599764,1277.1132271270203,D_right
219,5,278.7961357230949,1298.132891493383,D_right
220,5,276.7132967639588,1305.211109263177,D_right
221,5,277.7614569405491,1312.738247077618,D_right
222,5,290.14800837289386,1335.451183369665,D_right
223,5,287.5953793384598,1341.1406148248277,D_right
224,5,283.4535563512806,1358.1719944122012,D_right
225,5,276.9035901956009,1358.582755112967,D_right
226,5,299.0558991944111,1368.7001910022243,D_right
227,5,286.36442781755954,1368.9434714417448,D_right
228,5,297.4454542256013,1385.1622611146554,D_right
229,5,294.25908949031,1390.0565490571655,D_right
230,5,295.39028573076047,1386.051474180864,D_right
231,5,298.1151137171122,1389.712328969873,D_right
232,5,296.07708133469174,1388.8166735437662,D_right
233,5,294.28217408721423,1388.4411121400396,D_right
234,5,295.0136808381204,1389.994882695419,D_right
235,5,295.4929832066897,1389.6820880274188,D_right
236,5,295.19232906893353,1391.014363475971,D_right
1,6,545.3710657858725,279.04848256728064,D_left
2,6,545.3710657858725,279.04848256728064,D_left
3,6,545.489828068494,279.0959595388572,D_left
4,6,538.8814523115507,283.79030132400305,D_left
5,6,536.6722903446415,285.0687679064324,D_left
6,6,532.548508055767,287.6816776341645,D_left
7,6,524.7760856241432,280.743367299371,D_left
8,6,515.2348271631852,272.36573427504044,D_left
9,6,501.5112627465776,256.52534849822297,D_left
10,6,518.2052483131521,283.0933717016534,D_left
11,6,516.1440659308938,287.2538784778905,D_left
12,6,516.839052931295,289.68325866125474,D_left
13,6,499.4265093390424,269.85644268953286,D_left
14,6,520.0361220522823,297.2564772729154,D_left
15,6,519.2075071074761,296.0771079804977,D_left
16,6,520.8821176999927,299.59289821939285,D_left
17,6,519.3106410460159,301.3461918059056,D_left
18,6,525.3748543698591,311.6867221414961,D_left
19,6,526.3608436348942,312.76604395492933,D_left
20,6,525.9110256913987,313.662515109964,D_left
21,6,527.0099454226664,309.9322792347138,D_left
22,6,529.0667462682588,314.0613918667207,D_left
23,6,528.979107654426,318.3826818093134,D_left
24,6,509.5502106671989,298.1503799360064,D_left
25,6,518.2160303907943,313.6187247521476,D_left
26,6,544.9050116048724,345.74821292531925,D_left
27,6,548.391488254309,360.7915873203305,D_left
28,6,545.1966454060425,362.5178233752797,D_left
29,6,544.7110665516045,362.0573832580139,D_left
30,6,545.9994569608515,359.99689727399544,D_left
31,6,548.634886402254,361.445131596567,D_left
32,6,550.7161260044887,355.11521747654723,D_left
33,6,552.0012815712685,353.5537832730996,D_left
34,6,536.9287194696583,320.124089692189,D_left
35,6,526.0403781625469,303.95691363830525,D_left
36,6,542.3435385598435,289.1094773518324,D_left
37,6,512.1385598282882,243.9473214001973,D_left
38,6,537.4949195631956,264.8076094000203,D_left
39,6,511.7619371596455,228.18338628148013,D_left
40,6,555.5993957052877,276.4899536897657,D_left
41,6,552.9942504723869,268.8749412620561,D_left
42,6,617.9679533120743,349.5779272944428,D_left
43,6,600.7662854060537,329.52840714564127,D_left
44,6,554.6936049337395,276.95874077488304,D_left
45,6,544.1584475739212,267.002499926746,D_left
46,6,529.0451717742671,257.50047833011496,D_left
47,6,508.0981712850376,232.90967256609284,D_left
48,6,523.4170221127938,263.35726428589646,D_left
49,6,516.2259386572993,260.5454507745569,D_left
50,6,501.1733937113151,251.2885703752732,D_left
51,6,462.32981109777353,208.8457176949341,D_left
52,6,477.5077964162458,237.16154705701544,D_left
53,6,460.7135924988699,222.9714696995832,D_left
54,6,470.5175922827714,246.06316810820385,D_left
55,6,469.1571156034754,246.57813629185057,D_left
56,6,466.898590761468,251.20598876717443,D_left
57,6,468.2182921724233,256.5686942783616,D_left
58,6,470.9084661220784,262.47432445355247,D_left
59,6,469.81788365181126,261.20586464315204,D_left
60,6,471.0904353333478,269.8740582736164,D_left
61,6,472.13970229225527,270.37949993814703,D_left
62,6,463.81851988705137,271.64779713459046,D_left
63,6,460.4718741883224,270.2607637040564,D_left
64,6,464.2086091977938,265.1271925662962,D_left
65,6,461.96247930334766,267.9585477622442,D_left
66,6,459.7163494089015,270.7899029581924,D_left
67,6,457.4702195144553,273.6212581541404,D_left
68,6,455.2240896200092,276.4526133500885,D_left
69,6,452.97795972556304,279.28396854603653,D_left
70,6,450.7318298311169,282.1153237419846,D_left
71,6,448.4856999366708,284.9466789379327,D_left
72,6,446.23957004222456,287.77803413388074,D_left
73,6,443.9934401477784,290.60938932982884,D_left
74,6,441.7473102533323,293.4407445257769,D_left
75,6,433.1897399182944,284.63964003587256,D_left
76,6,422.81754766766113,287.38284213103947,D_left
77,6,359.7146481198831,223.49242468251947,D_left
78,6,418.46222798584745,317.2043957417318,D_left
79,6,417.2873072817385,321.4182705147329,D_left
80,6,420.7964909837357,332.039099050351,D_left
81,6,412.8242922923524,332.954283461469,D_left
82,6,406.1176632385962,357.6719508701021,D_left
83,6,403.8740464609272,360.3329387446867,D_left
84,6,386.9577953469807,372.23337787217866,D_left
85,6,380.9725974761322,374.85132479604056,D_left
86,6,376.93430314375934,398.7174030003728,D_left
87,6,374.4152070512271,407.0893990527626,D_left
88,6,363.1610336670725,413.3975847902053,D_left
89,6,363.0826467533484,419.29230711808486,D_left
90,6,357.85286275683706,418.9507249841624,D_left
91,6,377.99407905655806,427.14863232808506,D_left
92,6,355.7790439209641,421.3860200081545,D_left
93,6,342.47573743067124,414.37636374264895,D_left
94,6,333.739347784275,434.605501939956,D_left
95,6,355.0312326259654,464.7962603728216,D_left
96,6,359.9699413535966,485.0963820336246,D_left
97,6,359.05111611744263,507.1705079450761,D_left
98,6,352.1988225888752,512.6794741587302,D_left
99,6,354.9001211366973,512.698218316915,D_left
100,6,356.8780780102276,520.4932259971898,D_left
101,6,366.94777906850857,525.8806041817736,D_left
102,6,366.8200734522096,529.8932440626254,D_left
103,6,374.1110349511205,537.5945248757555,D_left
104,6,357.4367771453888,518.830657028341,D_left
105,6,379.2860005065194,533.9209345551432,D_left
106,6,385.057739022641,531.8223918567564,D_left
107,6,377.3502044035638,523.0795963707737,D_left
108,6,387.71461505243553,527.1058917905491,D_left
109,6,380.5250734364455,522.742371195555,D_left
110,6,381.1714401987998,522.9777696384663,D_left
111,6,388.4141865302733,530.9993467633184,D_left
112,6,391.75394124909815,532.6887143617656,D_left
113,6,396.7656101516861,538.1227266973274,D_left
114,6,402.177737442883,547.0780440215436,D_left
115,6,403.58934579364336,549.6928042187369,D_left
116,6,399.9475663588277,549.8022718671772,D_left
117,6,401.0068406906741,551.1777819792181,D_left
118,6,400.1328514333615,553.0123101357101,D_left
119,6,400.87415930042016,556.3925132715899,D_left
120,6,401.4964931870144,560.450115678159,D_left
121,6,401.35643207672126,563.9160059270381,D_left
122,6,397.89003214658993,567.4334086583291,D_left
123,6,415.0172072983885,588.721417689382,D_left
124,6,416.2493665005546,597.5411679924487,D_left
125,6,415.9909503501688,600.774643255106,D_left
126,6,417.85590700503343,602.5127147836733,D_left
127,6,420.2841463148323,588.6328868271434,D_left
128,6,417.64905523431344,599.2952588312844,D_left
129,6,419.5750118164522,594.3441319548499,D_left
130,6,421.4318066706716,603.1355850165392,D_left
131,6,424.7281948792665,602.9417240305688,D_left
132,6,422.9848559032085,610.4506170866425,D_left
133,6,422.4976322176031,606.6577653949957,D_left
134,6,423.3258459413778,606.3777020693657,D_left
135,6,423.5216149882886,606.630557663823,D_left
136,6,420.26072818395687,611.5503783555237,D_left
137,6,420.4254437259101,612.9583518303162,D_left
138,6,422.4489395130778,600.8206896889861,D_left
139,6,417.23541533737097,605.7582722386401,D_left
140,6,403.1004644016374,568.9927827293534,D_left
141,6,390.0434165468612,551.5091795917618,D_left
142,6,384.69506294172135,550.8442965678214,D_left
143,6,386.8270693340977,551.0737526699489,D_left
144,6,395.8977081673906,553.980955698694,D_left
145,6,396.77866503527935,553.4601127291608,D_left
146,6,396.8957812671952,550.8256221077737,D_left
147,6,399.18533622859815,550.9624270520217,D_left
148,6,383.6318831303877,529.2495151298364,D_left
149,6,361.78335977297206,503.2189011467141,D_left
150,6,330.8568841520923,473.4980162104616,D_left
151,6,332.0648506802512,477.9681787157144,D_left
152,6,357.86298771210505,471.8843835446878,D_left
153,6,345.9855481832639,459.0597141735645,D_left
154,6,350.3953666757111,447.6579490635529,D_left
155,6,286.59914090210435,390.5068251085149,D_left
156,6,303.1527918135273,391.0506666930765,D_left
157,6,319.70644272495025,391.5945082776381,D_left
158,6,336.2600936363732,392.1383498621997,D_left
159,6,343.03779670656223,394.565631341092,D_left
160,6,350.14404472581583,394.11919699041135,D_left
161,6,372.8384529269714,417.13520704936695,D_left
162,6,372.64935523520126,423.95369122268175,D_left
163,6,370.3976788793837,426.25524091941537,D_left
164,6,362.92754151854217,438.8700360485632,D_left
165,6,361.17032254931297,440.58788522663775,D_left
166,6,356.22140908867294,448.8724772984096,D_left
167,6,332.0330703405824,456.64929379202994,D_left
168,6,326.59508925160566,487.6913276781043,D_left
169,6,326.17228489365897,499.9843818941429,D_left
170,6,298.73258192669823,473.8055918450148,D_left
171,6,252.14856156404332,458.47574330285664,D_left
172,6,243.63450048490537,482.79143732973006,D_left
173,6,248.7537807005545,489.1684287277251,D_left
174,6,237.84326787085556,490.0664044027373,D_left
175,6,233.1967178817476,492.7155236845048,D_left
176,6,238.23952298171176,529.5966488129362,D_left
177,6,37.013759338113935,394.39397977858783,D_left
178,6,187.9079008906956,529.802707829897,D_left
179,6,185.4625088239737,537.1163706657649,D_left
180,6,176.2848114427631,570.5290304956053,D_left
181,6,153.87905855933266,559.4797699432629,D_left
182,6,173.98330394232894,594.5995246461734,D_left
183,6,194.08754932532523,629.7192793490841,D_left
184,6,214.1917947083215,664.8390340519946,D_left
185,6,263.9211843270819,713.460756204952,D_left
186,6,228.51167716670463,695.3456381953929,D_left
187,6,181.505683901442,677.1812888294224,D_left
188,6,171.9969700461197,691.7556821589421,D_left
189,6,166.45682573627172,698.808320079155,D_left
190,6,208.15202415942545,739.1791660687247,D_left
191,6,181.3253690925673,736.4906820332741,D_left
192,6,165.9054495254224,749.4520500808414,D_left
193,6,194.2936203159934,782.2647726690489,D_left
194,6,198.91243417889268,839.7408578388579,D_left
195,6,193.54506919216573,851.0228461266666,D_left
196,6,188.17770420543877,862.3048344144754,D_left
197,6,182.81033921871176,873.5868227022842,D_left
198,6,177.4429742319848,884.8688109900929,D_left
199,6,172.07560924525785,896.1507992779017,D_left
200,6,166.70824425853087,907.4327875657104,D_left
201,6,161.34087927180389,918.7147758535192,D_left
202,6,155.97351428507693,929.996764141328,D_left
203,6,150.60614929834998,941.2787524291368,D_left
204,6,145.238784311623,952.5607407169456,D_left
205,6,139.871419324896,963.8427290047542,D_left
206,6,134.50405433816906,975.124717292563,D_left
207,6,129.1366893514421,986.4067055803716,D_left
208,6,123.76932436471512,997.6886938681804,D_left
209,6,118.40195937798816,1008.9706821559892,D_left
210,6,147.38787415755863,1029.098558785741,D_left
211,6,248.7139255823821,1084.2127993118042,D_left
212,6,127.13938357256626,1027.955750226472,D_left
213,6,134.00182590655302,1029.618952687353,D_left
214,6,155.4761091192556,1038.7348690058232,D_left
215,6,138.8186305517883,1029.149349394339,D_left
216,6,176.2146122345056,1041.9329761322488,D_left
217,6,170.7949535092184,1038.9301418739053,D_left
218,6,178.60266205253436,1029.7876377165892,D_left
219,6,175.33317013068313,1031.9458654858786,D_left
220,6,178.5430905675601,1026.9474199948638,D_left
221,6,179.63238707548112,1022.4756680471378,D_left
222,6,181.6715022901528,1013.1233902050304,D_left
223,6,182.5297912901636,1010.3602844549172,D_left
224,6,191.75168500123328,1002.8399176724472,D_left
225,6,198.64638074272148,1005.3486276987652,D_left
226,6,195.2663397338293,996.63897659971,D_left
227,6,194.46990354407416,990.8351355586308,D_left
228,6,201.09303169139235,981.2449260927904,D_left
229,6,199.32283988777183,981.2080621353988,D_left
230,6,207.84555004833643,976.8486978757325,D_left
231,6,206.90549257808968,976.9117754824338,D_left
232,6,218.06659253880164,978.860570256936,D_left
233,6,218.42300895059617,981.729771663285,D_left
234,6,219.0233482074821,976.0876495020792,D_left
235,6,219.5609690961981,974.8410160361497,D_left
236,6,220.0807144238611,973.0343976689272,D_left
1,7,564.5629974193909,169.7088200180521,O_left
2,7,564.5629974193909,169.7088200180521,O_left
3,7,564.5863437551352,169.70032384605855,O_left
4,7,559.7942385320631,171.54463632109048,O_left
5,7,559.6919802075208,174.51981083408995,O_left
6,7,552.9425541846158,173.65096408819824,O_left
7,7,550.0774604743606,176.16963803339047,O_left
8,7,545.9943636248825,184.90883817821745,O_left
9,7,544.8323236237578,186.16298489596383,O_left
10,7,539.1797868445524,180.73772696431536,O_left
11,7,534.3093538977021,175.77303560526758,O_left
12,7,539.2294869284751,186.2103540489595,O_left
13,7,544.237778680514,195.3319644819411,O_left
14,7,553.4188006250216,211.9382417439515,O_left
15,7,553.1538496873794,210.157432635826,O_left
16,7,549.7735701732596,215.0001831003412,O_left
17,7,555.4453760225814,230.0605716502512,O_left
18,7,575.6357319984236,258.2896787867678,O_left
19,7,592.8804169232914,281.2326117979153,O_left
20,7,600.5570859451177,289.59719082918883,O_left
21,7,594.0957959106098,290.15443076588394,O_left
22,7,595.2378131577782,288.97844494014106,O_left
23,7,594.7149588511109,290.0977970383478,O_left
24,7,592.5791432687674,290.3830070869531,O_left
25,7,593.9370508748815,290.7114888840611,O_left
26,7,594.3286786008084,289.5064910847479,O_left
27,7,596.4299257988657,290.7358052437405,O_left
28,7,596.6020052944685,287.32047144540945,O_left
29,7,596.7216982801588,286.24248303257656,O_left
30,7,604.7128411807573,280.68448887706944,O_left
31,7,620.8240471528918,261.18284489887264,O_left
32,7,601.8096553771134,219.717335263904,O_left
33,7,603.6290126988765,220.888861246405,O_left
34,7,616.0147333153278,229.20313215669344,O_left
35,7,615.7223267253088,226.72556906877028,O_left
36,7,609.5878060313466,207.7572909537771,O_left
37,7,617.080240466764,213.3381711613739,O_left
38,7,609.1922569898902,204.3296394814193,O_left
39,7,604.7811685967661,200.640655954586,O_left
40,7,592.8323214061814,193.05460324932315,O_left
41,7,590.0687900835037,191.33442283747195,O_left
42,7,579.0885383300657,186.3955445099541,O_left
43,7,578.0860157760748,186.4160758968062,O_left
44,7,565.604339997885,177.37304279557904,O_left
45,7,566.4511488647696,178.77568928392432,O_left
46,7,563.1651869343251,183.483291218595,O_left
47,7,557.1322454748089,182.20917670034603,O_left
48,7,552.99233059425,181.30676017957236,O_left
49,7,548.3046751529009,176.6493775134723,O_left
50,7,546.6056054477697,179.78136294403942,O_left
51,7,544.5173044236003,178.04444181070917,O_left
52,7,456.0045190827738,65.20262556625926,O_left
53,7,450.8263260966325,55.6906069674184,O_left
54,7,407.1788668036338,-17.97809315198055,O_left
55,7,406.9908515732281,-11.417168156620246,O_left
56,7,438.9624063323794,33.04785823657063,O_left
57,7,531.3105511150411,149.77755130574565,O_left
58,7,556.5377516869519,183.915297525348,O_left
59,7,554.7248579120499,186.1660176669054,O_left
60,7,556.5659378360972,189.58406163615004,O_left
61,7,552.5559703992086,181.43592162201776,O_left
62,7,555.2400480431373,180.9652564175735,O_left
63,7,551.1728484448505,178.7786981857078,O_left
64,7,548.4051033978568,196.6735385040885,O_left
65,7,550.0365686157413,197.1650979994268,O_left
66,7,551.7190138342045,201.10242592519776,O_left
67,7,546.3208089671755,196.94026214224627,O_left
68,7,544.9798872663114,188.6999999741436,O_left
69,7,548.751036752637,195.49518859572007,O_left
70,7,558.73100782572,200.10262796554096,O_left
71,7,562.539153750543,187.00807986468115,O_left
72,7,564.0641901108371,180.85141806238408,O_left
73,7,563.0399835983629,180.54053643172776,O_left
74,7,575.3329707658319,187.12557446321867,O_left
75,7,587.2137172365209,206.11025820388824,O_left
76,7,616.7036503029009,236.825686531784,O_left
77,7,612.8325517442795,231.9907950027206,O_left
78,7,622.5128691409875,223.99022264697004,O_left
79,7,623.8357248250716,219.5000380886325,O_left
80,7,668.7745888010955,273.64045674414774,O_left
81,7,676.7828079157579,285.47647607837735,O_left
82,7,681.9689395403462,278.68136982719267,O_left
83,7,686.4766036886465,277.79146293805127,O_left
84,7,693.6792361098859,270.00850645490414,O_left
85,7,699.861001565616,274.45373963493125,O_left
86,7,724.0258069833204,301.8186979797503,O_left
87,7,729.7362696032645,311.3603842954753,O_left
88,7,733.53786037807,309.65020336590254,O_left
89,7,735.0306159886327,310.3083858539389,O_left
90,7,734.844381489101,308.95167563818853,O_left
91,7,735.275898782705,309.0095859618679,O_left
92,7,736.6091199888817,309.58274678046973,O_left
93,7,736.7806115983573,308.4573258664452,O_left
94,7,734.4725779613453,297.10712959412126,O_left
95,7,735.0143274457179,296.29330651416007,O_left
96,7,736.5889291954718,295.9140914991415,O_left
97,7,737.8065657955766,296.9545296137236,O_left
98,7,736.7902910023761,296.5028957757655,O_left
99,7,736.7352547871269,299.8422184822187,O_left
100,7,732.7579671114141,302.99300584514333,O_left
101,7,731.3401368484122,305.7660828791885,O_left
102,7,727.4742668709778,325.9524718973085,O_left
103,7,728.289707573309,323.856733721218,O_left
104,7,729.0287509531028,313.90467156912354,O_left
105,7,727.8401635200473,310.00088773286564,O_left
106,7,727.6049480575074,310.82897155766256,O_left
107,7,724.4073705010401,305.34755957666096,O_left
108,7,728.0459050315017,312.3847057878989,O_left
109,7,725.1765690613347,309.8316634000212,O_left
110,7,726.0625859135193,310.3155147862604,O_left
111,7,729.1425112558094,315.55816941097805,O_left
112,7,758.4306662004258,359.0263792947972,O_left
113,7,765.2966815053419,370.861907819528,O_left
114,7,772.6437245902678,376.30786683177104,O_left
115,7,771.455904198366,377.4196489157738,O_left
116,7,765.5435579684421,385.9341274001571,O_left
117,7,788.0103842215331,416.2251006915101,O_left
118,7,816.8574855660278,460.5584814326714,O_left
119,7,823.9446393034183,474.222558837974,O_left
120,7,828.3389770012948,497.2998318020376,O_left
121,7,830.1184667002142,498.3057255142213,O_left
122,7,829.3510636162341,499.4094036420934,O_left
123,7,828.829847529384,500.64420250285673,O_left
124,7,826.2168151311171,501.5194769457692,O_left
125,7,825.063944648541,501.9393691209561,O_left
126,7,821.0465758630771,505.7119462027171,O_left
127,7,812.1202790900132,502.9838128946597,O_left
128,7,779.1027107669033,458.7877804474141,O_left
129,7,773.634465290054,450.4419520412143,O_left
130,7,772.0259579406044,447.242824636597,O_left
131,7,767.2003810690584,442.64805675106055,O_left
132,7,761.1736129879235,442.4407615655468,O_left
133,7,755.943472337047,442.5224041251644,O_left
134,7,697.1047690649289,383.8994399979644,O_left
135,7,694.8963316283181,387.7075084539987,O_left
136,7,683.4721924663579,412.5717538023475,O_left
137,7,674.0524641890771,408.2270804395395,O_left
138,7,664.2809674699001,403.00743133337903,O_left
139,7,663.0393044116333,403.874913721983,O_left
140,7,585.0078039338538,329.51838204294813,O_left
141,7,574.0626100987782,341.68843187732574,O_left
142,7,565.7896813235789,356.199727888879,O_left
143,7,561.2725018387879,358.3767226220484,O_left
144,7,536.7430544594044,348.79958351709337,O_left
145,7,535.9147058100808,358.0781816165603,O_left
146,7,506.9457168748311,349.66683168569324,O_left
147,7,493.470802586341,352.7274305053425,O_left
148,7,490.69919144660537,359.522195360444,O_left
149,7,488.4935393492251,361.19561489477474,O_left
150,7,477.4602710521663,362.9109762666301,O_left
151,7,445.5649817525067,341.18067120782587,O_left
152,7,433.9205866125556,346.03054262817176,O_left
153,7,422.2761914726044,350.8804140485176,O_left
154,7,410.6317963326532,355.7302854688635,O_left
155,7,365.2756378354606,316.1303965500608,O_left
156,7,305.4529351485839,278.02061833368447,O_left
157,7,335.24021734956256,322.3560796907319,O_left
158,7,331.1202904251529,349.32656049742394,O_left
159,7,341.76224883736285,354.6540060262663,O_left
160,7,340.49951949131275,373.7260385509901,O_left
161,7,339.23679014526266,392.7980710757138,O_left
162,7,337.97406079921257,411.8701036004376,O_left
163,7,336.7113314531624,430.9421361251614,O_left
164,7,335.4486021071123,450.0141686498852,O_left
165,7,334.1858727610622,469.08620117460896,O_left
166,7,332.92314341501213,488.1582336993328,O_left
167,7,289.97022252549567,474.74264249324347,O_left
168,7,247.0173016359792,461.32705128715423,O_left
169,7,204.0643807464627,447.911460081065,O_left
170,7,161.11145985694623,434.4958688749757,O_left
171,7,109.65938190821149,411.5097806724635,O_left
172,7,58.20730395947674,388.5236924699512,O_left
173,7,164.67658258370693,486.6250686169642,O_left
174,7,171.7250812893783,510.7004395358338,O_left
175,7,178.7735799950497,534.7758104547034,O_left
176,7,195.8969528701563,529.4055811157825,O_left
177,7,213.0203257452629,524.0353517768616,O_left
178,7,120.84150663009768,565.3373170429486,O_left
179,7,191.33189718119957,620.7427796918641,O_left
180,7,131.4887466368803,601.1069436220845,O_left
181,7,144.34143733931035,622.2950343645485,O_left
182,7,156.13633729261676,639.3574451722046,O_left
183,7,-76.97753370501702,485.21629435519776,O_left
184,7,260.5554095298595,719.7436958873076,O_left
185,7,-85.62739924053578,510.8455103770223,O_left
186,7,-86.48634985749243,522.4869206873019,O_left
187,7,-87.34530047444908,534.1283309975814,O_left
188,7,-88.20425109140572,545.769741307861,O_left
189,7,-89.06320170836237,557.4111516181405,O_left
190,7,-89.92215232531902,569.0525619284201,O_left
191,7,-90.78110294227568,580.6939722386996,O_left
192,7,-91.64005355923231,592.3353825489792,O_left
193,7,5.974542256704694,658.183178979162,O_left
194,7,103.5891380726417,724.0309754093448,O_left
195,7,-107.19766383113274,589.8036637770233,O_left
196,7,-110.82340580449576,594.2652638490187,O_left
197,7,-81.18272808768226,616.9482578639052,O_left
198,7,30.984580653984853,690.1924865525331,O_left
199,7,73.71897094743893,719.2956363266429,O_left
200,7,-55.60132191085439,639.6963302435145,O_left
201,7,-97.31179425155716,616.5796205131961,O_left
202,7,-111.3949925267086,608.8674594087594,O_left
203,7,-126.64658752282897,590.0135466514533,O_left
204,7,60.467738835499695,722.1266993415946,O_left
205,7,58.30559852814373,721.6414941710752,O_left
206,7,51.59292061178369,717.5765981887386,O_left
207,7,55.64936307974251,718.789600243296,O_left
208,7,19.214884343409366,696.4996659336246,O_left
209,7,7.816798765333746,689.6516174925414,O_left
210,7,-44.45517355867997,656.8737784394573,O_left
211,7,-39.24797335738724,656.8039093389502,O_left
212,7,-107.36596986935196,605.5127767472969,O_left
213,7,-120.7370188531945,595.7692118917483,O_left
214,7,91.05922557688122,731.8859455843669,O_left
215,7,90.1244073209719,728.3107486056109,O_left
216,7,95.47865185418954,727.4172887149812,O_left
217,7,97.49988837062344,723.6051653845246,O_left
218,7,106.93493939990226,721.0538378230003,O_left
219,7,105.12849990971192,717.9131088482726,O_left
220,7,107.46474367578048,711.5070666802472,O_left
221,7,106.82490629171788,706.9697591151316,O_left
222,7,109.55732352813534,703.2921470652074,O_left
223,7,112.1649336930046,700.6240613145726,O_left
224,7,131.48329817436877,705.0472543696909,O_left
225,7,133.72637995576665,704.2986647551429,O_left
226,7,141.6776029888101,706.2001612261049,O_left
227,7,142.46229354020207,705.6387868620038,O_left
228,7,141.37242271984647,695.2519676517533,O_left
229,7,143.13297457702402,693.7370015338739,O_left
230,7,144.3419659856701,692.8956698648763,O_left
231,7,146.62193403475274,693.1895639951864,O_left
232,7,146.5655371387117,692.3840013506634,O_left
233,7,146.48562010233766,692.0992295036964,O_left
234,7,150.86332721550778,694.1363327835244,O_left
235,7,150.81172321526492,693.6749918668505,O_left
236,7,152.22463267514945,692.072255315427,O_left
