1,1,845.1550157932288,1029.5442685196683,D_top
2,1,845.1550157932288,1029.5442685196683,D_top
3,1,846.6374992645614,1027.5876234488994,D_top
4,1,846.9873756754812,1026.314827740182,D_top
5,1,847.7821757368665,1025.1571586014356,D_top
6,1,847.8432365511463,1024.3489198783168,D_top
7,1,847.5619942224957,1024.3088923823325,D_top
8,1,847.6886309394332,1023.7905520586692,D_top
9,1,847.647387589533,1023.9340283329176,D_top
10,1,847.5638977754091,1023.5803593477092,D_top
11,1,848.4166373517969,1024.1689358910255,D_top
12,1,847.9171321879312,1023.4999803878648,D_top
13,1,848.402520586679,1024.3392185624489,D_top
14,1,847.5922888493915,1023.7883201540626,D_top
15,1,846.9695047954941,1024.3824493525367,D_top
16,1,847.5008194870741,1023.944630972162,D_top
17,1,847.7218238405901,1023.626968445182,D_top
18,1,848.2519546123175,1024.9222764665135,D_top
19,1,847.2079886128763,1023.7141427887176,D_top
20,1,845.6638773295956,1024.3068983397586,D_top
21,1,844.2326522222903,1024.6666905937896,D_top
22,1,842.0096978835459,1024.107642006636,D_top
23,1,842.6544707234176,1026.086101804562,D_top
24,1,842.7859006300101,1027.6379150802345,D_top
25,1,844.3387542687619,1029.2297934456317,D_top
26,1,839.4874734886978,1029.481681368993,D_top
27,1,839.6729358294492,1028.9283124908234,D_top
28,1,834.0633443818853,1039.052688143364,D_top
29,1,831.2433106860481,1043.487601283584,D_top
30,1,825.2320864052863,1049.6639591665764,D_top
31,1,822.8692249002759,1049.9843484564915,D_top
32,1,817.1070911264115,1050.4716589192385,D_top
33,1,816.4865525496355,1052.6196935724718,D_top
34,1,805.2329018449069,1060.150836662376,D_top
35,1,802.8234978680641,1063.4982784824265,D_top
36,1,797.4493467098426,1064.5003725530405,D_top
37,1,798.7466132371726,1066.109586568749,D_top
38,1,796.337029116332,1071.3169277957757,D_top
39,1,791.3522790172954,1078.7217904657568,D_top
40,1,781.6820509806377,1093.2912041945056,D_top
41,1,779.5605738433084,1097.361370460553,D_top
42,1,765.8364827336807,1106.241049509708,D_top
43,1,759.2370141554956,1107.8770514069167,D_top
44,1,738.4653959030123,1114.636355044709,D_top
45,1,725.9415939426874,1111.413381256192,D_top
46,1,729.6331300124959,1133.1538545015,D_top
47,1,728.9967985859735,1143.8817988850017,D_top
48,1,718.4125596453221,1142.313411406947,D_top
49,1,703.093239373303,1145.6901162327536,D_top
50,1,698.7481825997614,1154.0045490910031,D_top
51,1,698.3465087127702,1156.1525207296852,D_top
52,1,690.1600558523073,1161.7264494695876,D_top
53,1,681.9736029918444,1167.30037820949,D_top
54,1,673.7871501313815,1172.8743069493923,D_top
55,1,669.4122603557604,1176.292884637204,D_top
56,1,668.9986123867085,1188.1648706659032,D_top
57,1,667.4090491882706,1193.855852578058,D_top
58,1,667.1883277743991,1207.0801143599672,D_top
59,1,658.5551453346982,1209.8596035271723,D_top
60,1,658.8985778582503,1216.5388962163768,D_top
61,1,656.0003038698331,1220.0993850400205,D_top
62,1,642.5322960479695,1220.9454472969055,D_top
63,1,630.4926882397556,1219.209077019883,D_top
64,1,605.2957500846286,1220.7446420593783,D_top
65,1,588.438695262114,1219.5457590191195,D_top
66,1,575.2935711757872,1225.4467643678286,D_top
67,1,574.158257147597,1230.5083213525274,D_top
68,1,564.8222465625685,1236.762820408129,D_top
69,1,568.4950543061085,1241.2334281318538,D_top
70,1,569.2046446417343,1245.1643092118677,D_top
71,1,566.8474187146962,1244.9752451892225,D_top
72,1,553.0781695719623,1240.1143227102878,D_top
73,1,545.6743890612842,1238.8302803613396,D_top
74,1,530.3292059624431,1237.075168761597,D_top
75,1,521.5208894589708,1233.8166388744996,D_top
76,1,526.0459044112024,1233.7778824963225,D_top
77,1,518.6030392530901,1226.930155829414,D_top
78,1,501.6770211766119,1219.9546131594388,D_top
79,1,484.7510031001336,1212.9790704894638,D_top
80,1,467.8249850236554,1206.003527819489,D_top
81,1,455.0460303344607,1195.9964152501404,D_top
82,1,449.6506673422257,1194.7736645241291,D_top
83,1,444.2553043499908,1193.5509137981182,D_top
84,1,438.85994135775576,1192.3281630721071,D_top
85,1,431.0745088166285,1185.733475907237,D_top
86,1,443.6761653573758,1185.9218176858485,D_top
87,1,426.8978808985956,1178.3778595461038,D_top
88,1,420.1021900313428,1171.5083788783338,D_top
89,1,404.0126590988907,1150.725440600423,D_top
90,1,392.0045453600108,1139.5216122894255,D_top
91,1,388.34779178124217,1136.427585338355,D_top
92,1,389.2504274986306,1134.2946214541837,D_top
93,1,389.68683600470735,1135.6018555495034,D_top
94,1,385.666200042869,1142.0805042152597,D_top
95,1,387.8773972868867,1136.9324246293418,D_top
96,1,377.997262234253,1128.133862404501,D_top
97,1,367.9360970588253,1122.1321634554376,D_top
98,1,347.0750406591783,1101.5185197412964,D_top
99,1,334.2402737244088,1090.1385977140335,D_top
100,1,300.9180890215992,1072.1258070815518,D_top
101,1,289.93785697543746,1063.1898794957456,D_top
102,1,272.06456053958715,1051.9117075947213,D_top
103,1,262.54696436851134,1046.627524733061,D_top
104,1,262.7766144110436,1047.6031805979876,D_top
105,1,341.3985671339792,1092.6882406938169,D_top
106,1,168.31461428546,973.2760517929815,D_top
107,1,186.2731678011484,975.2635822243104,D_top
108,1,204.23172131683677,977.2511126556396,D_top
109,1,222.19027483252512,979.2386430869684,D_top
110,1,240.1488283482135,981.2261735182976,D_top
111,1,258.1073818639019,983.2137039496266,D_top
112,1,276.0659353795902,985.2012343809556,D_top
113,1,294.0244888952786,987.1887648122846,D_top
114,1,311.98304241096696,989.1762952436136,D_top
115,1,234.95306496517668,912.8545254990464,D_top
116,1,157.92308751938637,836.5327557544795,D_top
117,1,188.3668402552205,832.2440418242801,D_top
118,1,218.81059299105465,827.9553278940807,D_top
119,1,249.2543457268888,823.6666139638813,D_top
120,1,279.6980984627229,819.377900033682,D_top
121,1,310.1418511985571,815.0891861034826,D_top
122,1,340.5856039343912,810.8004721732832,D_top
123,1,382.037347876508,850.2255656307321,D_top
124,1,423.4890918186248,889.650659088181,D_top
125,1,464.94083576074166,929.07575254563,D_top
126,1,486.0570906612899,937.4425401878178,D_top
127,1,488.9767343926382,936.5130243060408,D_top
128,1,492.6310376816372,932.4538040277512,D_top
129,1,495.445590502428,925.9543869120774,D_top
130,1,495.9928985717689,919.2484981530796,D_top
131,1,505.0361600490104,914.8586851679026,D_top
132,1,491.6967532829721,920.5332098299853,D_top
133,1,491.22656219656193,913.9954349639768,D_top
134,1,499.6857781267637,919.1914251626096,D_top
135,1,502.561062173596,919.2007816519572,D_top
136,1,501.2892024563638,916.141195742623,D_top
137,1,503.0838053554724,916.592972185801,D_top
138,1,506.4633604033865,917.7704636427492,D_top
139,1,502.5177782230351,913.8939319571095,D_top
140,1,508.1168725978108,915.5177214105952,D_top
141,1,513.5215769081744,917.9220435899664,D_top
142,1,528.670214809434,913.8068062927656,D_top
143,1,530.0151969746972,915.1087737046422,D_top
144,1,534.7666544588895,916.7277148409896,D_top
145,1,533.9280964199083,914.1576616935394,D_top
146,1,533.3436037244103,915.8569356160456,D_top
147,1,530.4931779078798,914.1371555925346,D_top
148,1,523.0000857803107,914.0018789239832,D_top
149,1,514.6754945740731,908.5222322335292,D_top
150,1,474.60917132888017,881.5167917958033,D_top
151,1,460.7994524296,873.450372161269,D_top
152,1,451.5846267653892,866.9040350292853,D_top
153,1,448.795905819306,864.384772845719,D_top
154,1,429.0918676636877,850.0092789013808,D_top
155,1,425.7708965030921,848.4548389187374,D_top
156,1,425.6880369778666,847.6894289825186,D_top
157,1,425.44577957526616,848.3141237588143,D_top
158,1,412.0390125199928,838.9211964348775,D_top
159,1,403.84408750975433,835.0958789952988,D_top
160,1,384.7515042720456,823.5479773067834,D_top
161,1,384.0591114926871,825.3616468683978,D_top
162,1,377.19196717319545,822.4258356481928,D_top
1,2,959.6643947831692,1023.000801285673,O_top
2,2,959.6643947831692,1023.000801285673,O_top
3,2,959.7335142935308,1022.9923219610746,O_top
4,2,958.7137801324988,1022.0717437094391,O_top
5,2,958.7016729799088,1022.1567216515184,O_top
6,2,958.3300202965232,1021.6850904463583,O_top
7,2,958.0958235412984,1021.3829875747322,O_top
8,2,958.0927283024024,1021.4352194100786,O_top
9,2,958.0815647345167,1021.5082181049464,O_top
10,2,957.950467871932,1021.7486937273384,O_top
11,2,957.7994109852812,1021.5558932865011,O_top
12,2,958.0496986132348,1021.9285596707414,O_top
13,2,957.8241135880968,1021.6524984304062,O_top
14,2,957.6524562530678,1021.6452851754055,O_top
15,2,957.8024090425668,1022.0118421597384,O_top
16,2,957.8593882330714,1021.8541852067076,O_top
17,2,957.3731006683478,1022.2514229609728,O_top
18,2,957.5711353841516,1025.188291660396,O_top
19,2,958.8500087685876,1028.1992656562031,O_top
20,2,958.8936842318294,1028.755640576852,O_top
21,2,958.9127720911832,1029.5350346204411,O_top
22,2,957.0900679578684,1030.7038809882686,O_top
23,2,957.2015473330426,1031.7833170989768,O_top
24,2,951.1112970121708,1040.777667467058,O_top
25,2,944.7178161411508,1049.3834253414254,O_top
26,2,946.8946838363292,1044.7529624565354,O_top
27,2,949.5528021811313,1041.0190635911135,O_top
28,2,948.8925895944984,1040.4077047348317,O_top
29,2,945.8758986606646,1038.0322262143764,O_top
30,2,937.1358862725172,1037.701570969748,O_top
31,2,937.3983390667468,1040.7100102654802,O_top
32,2,936.1104830131984,1050.1246091280725,O_top
33,2,936.3065151792924,1051.0004511003583,O_top
34,2,930.4669585719528,1051.1211305538968,O_top
35,2,928.6299706504208,1052.319671651083,O_top
36,2,921.3339566391734,1062.5788362598826,O_top
37,2,911.760155429226,1067.6115742475158,O_top
38,2,901.7058230601737,1081.6135317944847,O_top
39,2,894.470624672272,1089.9406358657511,O_top
40,2,878.8387357130848,1108.4157852540086,O_top
41,2,854.1706738058757,1100.4717265118936,O_top
42,2,836.1410944753608,1106.3709989757256,O_top
43,2,845.4335683013685,1124.1333984245125,O_top
44,2,825.119097351017,1132.4082475014554,O_top
45,2,822.1614311699009,1138.4778965173734,O_top
46,2,803.3519397581383,1146.6680157961853,O_top
47,2,799.9511485737178,1152.008824305014,O_top
48,2,796.0156779754801,1163.484573293161,O_top
49,2,785.1907811817555,1164.610332391703,O_top
50,2,778.4600182290358,1176.8303535791486,O_top
51,2,769.6004576848342,1183.5022302383147,O_top
52,2,752.5444840041199,1192.207088624131,O_top
53,2,755.8717488195331,1205.7827967645462,O_top
54,2,748.170476792736,1224.092907845467,O_top
55,2,740.8274343607687,1231.79953120417,O_top
56,2,735.6534315409712,1244.9225772284233,O_top
57,2,734.9220751268227,1251.3556389681432,O_top
58,2,727.338887221465,1251.401729722139,O_top
59,2,674.0925713078082,1239.8824560041817,O_top
60,2,660.3577902686521,1249.6579970607795,O_top
61,2,666.7215052230304,1258.5994820878898,O_top
62,2,665.3150408527645,1269.0474912419,O_top
63,2,662.6160408986578,1274.5314289906858,O_top
64,2,645.2105475983365,1281.3039937773876,O_top
65,2,643.8037725688265,1286.2080313235797,O_top
66,2,644.6143828263738,1294.630315129644,O_top
67,2,642.6930691881108,1300.7653284020744,O_top
68,2,633.0287316604935,1302.400033405833,O_top
69,2,629.5847847356863,1303.571881793309,O_top
70,2,611.5965239763118,1305.1466046619332,O_top
71,2,614.0042987260736,1308.2442474697025,O_top
72,2,613.1185032938124,1308.1025679410222,O_top
73,2,620.2923691520691,1310.3414048551415,O_top
74,2,542.5762803474906,1279.8473130464424,O_top
75,2,561.1923384346073,1288.3007419306282,O_top
76,2,531.1757016085626,1276.5576864045036,O_top
77,2,515.8149963296707,1268.187576991392,O_top
78,2,509.87418203209165,1239.3075404603524,O_top
79,2,530.9027359108115,1245.1720025042594,O_top
80,2,455.8408100071266,1243.639672460762,O_top
81,2,452.6421460987663,1242.0949542499336,O_top
82,2,478.002991124244,1255.8097512058237,O_top
83,2,492.13685552186126,1263.0274282381797,O_top
84,2,481.86897284310834,1262.1852517460975,O_top
85,2,483.2849479922721,1262.9005544010097,O_top
86,2,452.6372719297693,1254.2570028613288,O_top
87,2,431.7061337260687,1248.0031810377889,O_top
88,2,425.91664832720295,1248.715858718734,O_top
89,2,416.0625762970925,1244.6521159553802,O_top
90,2,402.2965307244497,1246.1428670926673,O_top
91,2,399.0430900965825,1246.470467871885,O_top
92,2,394.668186608361,1242.2144818041102,O_top
93,2,389.5687712843195,1240.3022848522955,O_top
94,2,379.9323490676082,1235.932712922746,O_top
95,2,380.4075095484259,1234.4529169683606,O_top
96,2,381.4811350162084,1231.4929061190526,O_top
97,2,387.47402615586606,1232.3065292827032,O_top
98,2,399.0196085867641,1223.3067322743875,O_top
99,2,400.7664233914097,1224.8643859390845,O_top
100,2,406.8770977454007,1217.7175796096874,O_top
101,2,410.1995981036786,1211.393313730424,O_top
102,2,408.1398284493718,1207.7125680493211,O_top
103,2,416.2812335276782,1205.9426679581056,O_top
104,2,428.0643849347026,1195.3940528257515,O_top
105,2,434.68445800435984,1188.2959911768664,O_top
106,2,441.3896942675005,1175.341754769188,O_top
107,2,447.8684605871777,1165.8867250426056,O_top
108,2,465.321094640679,1136.787845605936,O_top
109,2,461.19870016196415,1134.971017571232,O_top
110,2,508.573276615784,1138.5556797264642,O_top
111,2,504.54592467094807,1130.1698591650418,O_top
112,2,533.5137315203233,1127.3112577698112,O_top
113,2,537.8748027775272,1121.272970773018,O_top
114,2,549.2724345888909,1093.3428491767118,O_top
115,2,550.1544702686738,1092.368947574666,O_top
116,2,564.438314686765,1077.3404213507856,O_top
117,2,562.7262241473226,1066.7067087847688,O_top
118,2,568.4368193959089,1046.8165201962013,O_top
119,2,598.757300408654,1056.8327200992792,O_top
120,2,621.9159807416411,1049.73584118156,O_top
121,2,625.3109288125204,1040.2375477693956,O_top
122,2,640.1530864094984,1025.6014889045457,O_top
123,2,640.7545427390766,1018.8207268848564,O_top
124,2,631.3942563954854,994.6872181643648,O_top
125,2,624.3630821661125,983.6288983572848,O_top
126,2,630.9561346971025,960.5860742946604,O_top
127,2,639.0108461729386,952.1708903358284,O_top
128,2,644.700659560265,941.9762899083834,O_top
129,2,644.2619559359437,928.4175678172048,O_top
130,2,643.6768740452909,906.605553444592,O_top
131,2,641.7914341004308,901.0004961814436,O_top
132,2,611.0191143824537,857.0027203366335,O_top
133,2,610.6351652960408,852.5559397703212,O_top
134,2,610.2652449969908,847.9908909406975,O_top
135,2,613.6878039297068,849.8333077964967,O_top
136,2,602.9985919652534,842.871084813249,O_top
137,2,584.5516757050394,826.8294349823457,O_top
138,2,550.5860546604473,794.2760445262436,O_top
139,2,540.0807203724764,782.3977265679939,O_top
140,2,534.7592642323428,775.8690828826358,O_top
141,2,533.6815605918233,777.5206922686089,O_top
142,2,523.7368208932176,775.2110906231126,O_top
143,2,506.379267409002,765.8308077312375,O_top
144,2,453.8383813226125,739.059501854767,O_top
145,2,448.5762532370768,741.0772474966129,O_top
146,2,437.60727491748463,739.379053696629,O_top
147,2,430.4880574266626,737.6203302570665,O_top
148,2,429.5196294971354,754.9163733626241,O_top
149,2,416.90343118375125,752.4267613291155,O_top
150,2,362.46577180991255,730.7664377605458,O_top
151,2,365.2219277407991,736.2161155645254,O_top
152,2,297.2741638169468,713.1007579397343,O_top
153,2,311.6774702621082,728.4355734314497,O_top
154,2,296.1922714298058,727.6466756489584,O_top
155,2,280.70707259750344,726.8577778664671,O_top
156,2,280.70707259750344,726.8577778664671,O_top
157,2,280.70707259750344,726.8577778664671,O_top
158,2,280.70707259750344,726.8577778664671,O_top
159,2,280.70707259750344,726.8577778664671,O_top
160,2,280.70707259750344,726.8577778664671,O_top
161,2,280.70707259750344,726.8577778664671,O_top
162,2,280.70707259750344,726.8577778664671,O_top
1,3,604.3700046650983,1280.9070421375802,D_right
2,3,604.3700046650983,1280.9070421375802,D_right
3,3,603.4527131488635,1281.0072554018834,D_right
4,3,604.3389451184443,1282.2047101475566,D_right
5,3,603.7035412409481,1282.73936991073,D_right
6,3,602.8617798473098,1281.3569978914988,D_right
7,3,602.8439793144644,1286.0434412363616,D_right
8,3,603.2210586181492,1284.2415231203097,D_right
9,3,603.3672184919337,1282.093766678002,D_right
10,3,605.76863417339,1280.270061977224,D_right
11,3,606.201351636932,1280.187997712549,D_right
12,3,606.8505772055623,1277.8287243382167,D_right
13,3,605.8785522464019,1276.624697301909,D_right
14,3,613.4756096091351,1277.700481692286,D_right
15,3,610.320471499943,1274.9761388494985,D_right
16,3,609.1128341859524,1273.4964351177744,D_right
17,3,608.8350942154863,1272.7399661773993,D_right
18,3,614.821535121875,1271.5220853896556,D_right
19,3,618.0002258009117,1270.4102815849233,D_right
20,3,616.2902438435835,1266.792764629124,D_right
21,3,615.0225965346924,1267.4425782374135,D_right
22,3,610.5806725443949,1263.057468842522,D_right
23,3,609.1959225034054,1260.99626069962,D_right
24,3,608.7824041994548,1261.2647296155365,D_right
25,3,611.1072542815676,1261.9709325919146,D_right
26,3,604.235062926832,1261.9741737643403,D_right
27,3,603.5670270125189,1262.811085795267,D_right
28,3,608.7638079678627,1261.1044234517187,D_right
29,3,607.0479445768071,1260.9442254729847,D_right
30,3,607.7756713450269,1263.1010675743682,D_right
31,3,609.4615596761333,1265.062360133643,D_right
32,3,611.2813662848785,1277.2792296747807,D_right
33,3,600.0536997401489,1273.1103832921149,D_right
34,3,604.375739043576,1278.7980142301874,D_right
35,3,597.2745594130743,1280.6515903914717,D_right
36,3,591.2021625956874,1293.176820482084,D_right
37,3,596.3169323904654,1301.0862951138256,D_right
38,3,595.074605808563,1306.16348078412,D_right
39,3,592.455377256787,1313.081155225703,D_right
40,3,582.9157278672574,1316.1259490703042,D_right
41,3,587.2941330580892,1321.7104376040822,D_right
42,3,598.4693852354236,1326.2627648956566,D_right
43,3,602.5774008066984,1328.265794533124,D_right
44,3,600.367331135312,1341.5807769155713,D_right
45,3,590.409352646922,1343.1456946496876,D_right
46,3,572.2410174889335,1343.6751448238765,D_right
47,3,572.2324412947411,1346.966843939748,D_right
48,3,587.6463390625454,1353.6525425733926,D_right
49,3,592.2973595022587,1356.7492079580218,D_right
50,3,576.7548880033905,1352.7406762073604,D_right
51,3,573.2257226862188,1356.421721881696,D_right
52,3,566.6536409565828,1362.0948541918626,D_right
53,3,564.7413777152216,1361.0388207326966,D_right
54,3,566.6996459653149,1363.974276604116,D_right
55,3,569.0617625983998,1364.8224050727445,D_right
56,3,562.0363954961623,1368.6519747171674,D_right
57,3,563.4377384418609,1373.9875585698692,D_right
58,3,539.4430495707637,1373.973295585494,D_right
59,3,526.0991222077965,1369.7533858943136,D_right
60,3,524.2582804014463,1370.2293298193315,D_right
61,3,519.6313440295609,1369.6645760367494,D_right
62,3,519.3763264583391,1367.5358379163952,D_right
63,3,520.8676444548312,1360.9794245030837,D_right
64,3,518.4916116466803,1356.174816982303,D_right
65,3,519.9999481657898,1353.6585689101034,D_right
66,3,523.1420203054358,1348.851006675441,D_right
67,3,527.847145790333,1347.9185178084197,D_right
68,3,542.8492348877835,1352.209045754459,D_right
69,3,543.4273135360492,1351.0235999969796,D_right
70,3,564.0038965295381,1350.0797938093344,D_right
71,3,565.3617511457293,1345.8013987165791,D_right
72,3,563.9476469820536,1345.9435273938916,D_right
73,3,581.9626178250988,1339.0858128241891,D_right
74,3,570.0324784618078,1322.7652192893845,D_right
75,3,595.4039564469476,1330.378756297324,D_right
76,3,606.5402444114294,1331.1524933234336,D_right
77,3,612.2715887188523,1325.4299241522358,D_right
78,3,611.2081634099289,1323.0487652260938,D_right
79,3,613.40819569538,1319.137114678966,D_right
80,3,608.6415240645549,1308.8307277120318,D_right
81,3,596.6434780350178,1300.365335883181,D_right
82,3,617.5704652621037,1278.0998783739888,D_right
83,3,625.8243929339618,1266.664830080865,D_right
84,3,628.8497829971576,1253.7954778057526,D_right
85,3,622.9814746683313,1248.993323134855,D_right
86,3,597.1525817339354,1218.6020704777882,D_right
87,3,607.7087791835393,1197.948339633725,D_right
88,3,623.5475142789538,1184.8726569590474,D_right
89,3,618.6704203463444,1186.5321291283842,D_right
90,3,588.1231167139584,1156.228919186304,D_right
91,3,554.6380076218165,1136.560027596791,D_right
92,3,542.0667574422021,1106.633836016999,D_right
93,3,546.3948970993331,1103.2985791898516,D_right
94,3,540.981396300343,1085.7842829843562,D_right
95,3,541.8109175556884,1082.2265919902322,D_right
96,3,515.0122206794465,1048.7017152052254,D_right
97,3,439.4277221526134,977.9007693013536,D_right
98,3,477.6264971376189,983.9234527476916,D_right
99,3,473.3226749755506,967.9515536847751,D_right
100,3,494.3813298069941,959.5634425275,D_right
101,3,496.473237766584,950.7205916431292,D_right
102,3,453.4347003608173,905.7339376993342,D_right
103,3,455.1386795641198,897.9027787918974,D_right
104,3,451.49011824363055,876.9759500097933,D_right
105,3,450.2406510383005,868.7805384612471,D_right
106,3,447.09724709815697,851.6654067909158,D_right
107,3,441.7404978367733,844.0755401472816,D_right
108,3,436.283259649285,833.3407354672054,D_right
109,3,436.5539738912024,830.6289037716552,D_right
110,3,402.7700877546071,799.1675237216554,D_right
111,3,393.8385404886266,788.2769427658519,D_right
112,3,337.18480736271,743.1446523034284,D_right
113,3,291.9318265321434,719.0147157550236,D_right
114,3,220.00857595193867,651.9505765467708,D_right
115,3,266.18107524125213,680.1564822597541,D_right
116,3,276.17947271602947,683.5877370345531,D_right
117,3,400.5383740268624,772.1740430192284,D_right
118,3,327.06453734933297,709.1333217428852,D_right
119,3,318.6939451737905,701.1843686204206,D_right
120,3,318.8921442166254,703.6261410190966,D_right
121,3,314.4855522965021,699.0632950364775,D_right
122,3,332.38045083667345,709.0515146463799,D_right
123,3,313.7752105745207,717.1252144446122,D_right
124,3,319.2206831832036,718.0229577912725,D_right
125,3,324.6661557918864,718.9207011379328,D_right
126,3,330.11162840056926,719.8184444845931,D_right
127,3,316.2481868590974,708.2214239081145,D_right
128,3,204.3102282998377,635.4697168567067,D_right
129,3,197.36172991397183,641.2815402001695,D_right
130,3,262.24125879818206,695.4577954135609,D_right
131,3,235.9238079801384,677.3271290263182,D_right
132,3,242.39383213558136,693.726988075597,D_right
133,3,225.6979908881306,699.6818169307475,D_right
134,3,208.65405141197456,705.3924045289668,D_right
135,3,191.61011193581857,711.1029921271862,D_right
136,3,174.56617245966254,716.8135797254056,D_right
137,3,169.75057116373048,718.8374342558036,D_right
138,3,167.61390756653776,716.4377865056905,D_right
139,3,208.7342764065392,751.089936691149,D_right
140,3,261.96038021866485,796.2636310584634,D_right
141,3,248.85108580942145,793.4106191617358,D_right
142,3,217.8814061692057,772.0729469439942,D_right
143,3,239.9274184897949,800.8280780151165,D_right
144,3,268.0394305574303,830.6371522986063,D_right
145,3,263.7846881991507,830.7593616307392,D_right
146,3,262.0897943476759,831.7916560035997,D_right
147,3,257.61799640377365,830.7678571612896,D_right
148,3,259.0321542072565,836.9576803398111,D_right
149,3,257.255486671397,840.9199189732738,D_right
150,3,250.44865061236575,839.6967882090725,D_right
151,3,252.05377846611103,841.2816770364681,D_right
152,3,242.52793967292328,837.8379557221588,D_right
153,3,239.60156060269972,836.4942974718394,D_right
154,3,213.18788190154373,821.6871341394517,D_right
155,3,210.55471809640315,820.863393318188,D_right
156,3,198.6262723378109,817.3103077844535,D_right
157,3,205.7308169509703,825.2304208375893,D_right
158,3,201.9032392531607,827.5177452648534,D_right
159,3,189.6687693279599,820.5497766498054,D_right
160,3,184.5062465075584,821.1479462593971,D_right
161,3,186.8917386637748,823.522024452754,D_right
162,3,194.8650724742185,831.3569411289726,D_right
1,4,597.3150145474882,93.79905195614435,O_left
2,4,597.3150145474882,93.79905195614435,O_left
3,4,596.6103174706438,92.75170175621771,O_left
4,4,596.0563722461233,91.6622900184689,O_left
5,4,594.8004503988122,89.9100009372325,O_left
6,4,595.1619900806625,89.72307712302853,O_left
7,4,594.6452290370529,88.9984439996656,O_left
8,4,595.1304052457298,89.71039680943879,O_left
9,4,594.3155424574579,88.53710805321802,O_left
10,4,594.7626018272323,89.13669460539889,O_left
11,4,595.4462566921621,89.89399877590941,O_left
12,4,596.9094173015153,92.04214413505348,O_left
13,4,596.3443224183865,91.25945218502122,O_left
14,4,596.3516863004606,91.1431055821012,O_left
15,4,595.9962144796485,90.627852413788,O_left
16,4,595.6148342223348,90.0241379809398,O_left
17,4,594.8697457925126,88.9865868904578,O_left
18,4,597.4537581672823,92.65312108654469,O_left
19,4,596.8420005615353,91.8611320034818,O_left
20,4,598.6741182264981,94.42367304679644,O_left
21,4,597.5719781794132,92.82513153252567,O_left
22,4,596.0168214268248,90.57370969614465,O_left
23,4,596.3864978976752,91.06890791991516,O_left
24,4,596.291933982437,90.85070928317084,O_left
25,4,596.7012615393999,91.5568764752016,O_left
26,4,594.4921789987004,88.68843793586707,O_left
27,4,594.1767629781402,88.25387879762607,O_left
28,4,595.2207219530314,89.64723339757961,O_left
29,4,595.5074818654617,90.0759114544328,O_left
30,4,595.7864561456076,90.53284991055604,O_left
31,4,596.6777047405166,91.82870410548648,O_left
32,4,598.4657126206125,94.5353154227965,O_left
33,4,599.2333363613673,95.76315235820678,O_left
34,4,597.1150886577188,92.86486904433022,O_left
35,4,597.6149267259829,93.59936585004688,O_left
36,4,596.5936962592363,92.69065786645356,O_left
37,4,596.6275222093683,92.7661323761835,O_left
38,4,597.5528887616754,94.07131882582428,O_left
39,4,597.774274125157,94.43467838319576,O_left
40,4,598.7284971463148,95.8032373929309,O_left
41,4,598.6127999971197,95.6196401317083,O_left
42,4,598.6284585344678,95.66272048126493,O_left
43,4,598.7045541353178,95.76503518686452,O_left
44,4,599.3020338789221,96.59791661298097,O_left
45,4,599.310650785747,96.61176062058142,O_left
46,4,597.8358570480746,94.74664236385024,O_left
47,4,597.869397311837,94.78021623877544,O_left
48,4,597.8094425615666,94.69814700386502,O_left
49,4,598.007050208454,94.93977965011736,O_left
50,4,597.5418790867944,94.3060486653238,O_left
51,4,597.1897945806783,93.76781791118142,O_left
52,4,597.3206095157451,93.77858253099008,O_left
53,4,597.5791242902674,94.19037688035831,O_left
54,4,598.3229685446234,95.28797473376844,O_left
55,4,598.1634481603927,95.13455921256748,O_left
56,4,597.840582205403,95.40873356589236,O_left
57,4,598.2214774017879,96.37155532629012,O_left
58,4,595.8624794073937,94.71100076310334,O_left
59,4,594.3715789118609,94.49883564940392,O_left
60,4,593.0237150761096,96.81990267277986,O_left
61,4,591.1787037293823,96.3914953815912,O_left
62,4,591.7641138304645,99.0370587204166,O_left
63,4,588.9767902553313,99.20841776602666,O_left
64,4,588.654762707713,103.05201471387036,O_left
65,4,587.6210390144845,103.20654495388293,O_left
66,4,585.3289982862715,105.27358176553348,O_left
67,4,584.6298341975308,105.71776602207396,O_left
68,4,582.6738524061946,105.89111193335444,O_left
69,4,581.348429960712,105.48369410576628,O_left
70,4,582.0116692462004,108.30906847591424,O_left
71,4,580.5977007036514,107.57590155447193,O_left
72,4,582.82894583132,111.82185264593556,O_left
73,4,581.9739305031267,111.17131532002908,O_left
74,4,581.2146755697289,112.84980558450872,O_left
75,4,574.4889178418236,104.97484355367015,O_left
76,4,576.2851641369144,110.25362409397005,O_left
77,4,576.6056728191772,111.61357696206105,O_left
78,4,573.600654951587,108.42552606797894,O_left
79,4,573.4295322774037,108.4528951162286,O_left
80,4,574.8402229644043,110.7089461936108,O_left
81,4,574.4936175142687,110.65203217196344,O_left
82,4,578.1348460557016,116.62963323780974,O_left
83,4,579.7479336424132,119.22035608209072,O_left
84,4,580.6696246148601,120.23265866182936,O_left
85,4,580.7502523173382,120.42899134859664,O_left
86,4,580.3150744852363,118.73011756016714,O_left
87,4,580.5494132270891,118.78794732450292,O_left
88,4,580.4446517123071,118.3825329516648,O_left
89,4,578.5640848325235,115.07824168579788,O_left
90,4,582.3843263796697,121.06382620584898,O_left
91,4,584.080288331844,125.29054159827496,O_left
92,4,590.2116368911421,133.81406376425196,O_left
93,4,596.7034726550751,142.00518642398188,O_left
94,4,608.027221032122,149.13556203699972,O_left
95,4,602.6084637005798,138.25714696785667,O_left
96,4,620.6597976553824,154.7544391547323,O_left
97,4,620.6822049637829,152.73974259258088,O_left
98,4,631.5683052138246,157.82551549908348,O_left
99,4,635.2304730326522,164.54660325650897,O_left
100,4,637.8731626729418,165.62760222524608,O_left
101,4,638.2499969370581,168.0836498215766,O_left
102,4,670.1824928223357,208.1277812388939,O_left
103,4,681.1153880965262,212.52452467603348,O_left
104,4,694.0835601044063,226.8155576106924,O_left
105,4,697.822429671957,231.26214042938167,O_left
106,4,699.4083000032169,242.88072676245025,O_left
107,4,705.1922746428534,252.34755695839655,O_left
108,4,722.6636547380149,279.50681408549065,O_left
109,4,724.2632884970668,281.1112884384174,O_left
110,4,723.2533008217572,280.9069977351189,O_left
111,4,724.1792048541838,282.74903458960955,O_left
112,4,720.5803806488364,278.1821609960757,O_left
113,4,717.5740247407997,275.79260865287176,O_left
114,4,715.4624500189346,274.78063243827216,O_left
115,4,718.9517549539495,279.98354509838714,O_left
116,4,724.0182280436476,290.79061394528105,O_left
117,4,725.4506125235694,292.32969153978456,O_left
118,4,725.60469159322,294.83300340592376,O_left
119,4,725.1023611131805,292.0697389282271,O_left
120,4,725.0425874547094,290.63432488571385,O_left
121,4,725.8359163680627,291.1876892410902,O_left
122,4,725.3394526468753,289.73934807784707,O_left
123,4,727.1832895850924,291.30606442769965,O_left
124,4,722.9362229362872,284.7718505600633,O_left
125,4,723.3292944783379,285.7456162889281,O_left
126,4,724.3811434494158,287.0662253858758,O_left
127,4,725.5404108526337,288.3182952935384,O_left
128,4,724.6949646588874,287.79459796460884,O_left
129,4,724.6951137486434,288.26627545209305,O_left
130,4,726.6295139180958,291.3795251111656,O_left
131,4,726.9698194655779,291.58699938128444,O_left
132,4,727.5739755699531,293.63454806828616,O_left
133,4,728.7057620382062,296.2924272687936,O_left
134,4,729.3106912372787,297.6661900585241,O_left
135,4,729.3634525367302,297.38190036060666,O_left
136,4,729.5600876690067,299.51439100933857,O_left
137,4,729.7301846248245,299.971829430214,O_left
138,4,730.4735082250248,302.4800723304401,O_left
139,4,730.1415068837151,302.0814077323536,O_left
140,4,730.3466328138708,299.370496358586,O_left
141,4,729.7193879775969,298.24494797337934,O_left
142,4,730.3337679369595,298.61729514652814,O_left
143,4,729.3330320582253,297.2088263964581,O_left
144,4,729.9534467135574,298.0620728044853,O_left
145,4,729.870157251094,298.1609733407575,O_left
146,4,729.2237008055813,297.75951455294376,O_left
147,4,729.2238170756495,297.7962448061891,O_left
148,4,729.2875365184199,298.6655073624005,O_left
149,4,729.412857658052,298.501380567054,O_left
150,4,728.6292320949229,297.60283507960787,O_left
151,4,728.4366712003225,297.3566230125159,O_left
152,4,727.733630422267,297.2060985822597,O_left
153,4,726.5997908018406,295.6104337759561,O_left
154,4,724.0191659116741,292.4111009379168,O_left
155,4,722.1532229899616,290.05466777274427,O_left
156,4,718.6012185267164,284.6643393557033,O_left
157,4,718.7263323832368,286.2039817400302,O_left
158,4,727.8664595722396,301.7540619402112,O_left
159,4,725.831538868727,300.04641759717964,O_left
160,4,718.7592764080613,292.54098904616217,O_left
161,4,721.3604527978205,298.57704656116505,O_left
162,4,714.744274881876,293.44998155924947,O_left
1,5,573.7691378416339,475.55016231629935,D_left
2,5,573.7691378416339,475.55016231629935,D_left
3,5,571.2963774531136,473.5309123260388,D_left
4,5,570.2531107625442,473.7139955906862,D_left
5,5,570.130162453289,474.13412672497947,D_left
6,5,571.9900533205131,475.424493883049,D_left
7,5,570.8655578416569,474.6945825358705,D_left
8,5,570.3464996104043,474.4064225066724,D_left
9,5,568.3883489804336,472.7644121109928,D_left
10,5,570.6935678301289,475.98492933476336,D_left
11,5,571.1706706774443,477.9243051330732,D_left
12,5,573.9516628993588,481.9739052536056,D_left
13,5,573.2732380263332,481.57066981940005,D_left
14,5,572.5662632344881,484.1522347447405,D_left
15,5,573.8819941501241,486.030563608729,D_left
16,5,568.3622243803005,478.5441561268661,D_left
17,5,569.3079014901356,479.7569579215117,D_left
18,5,568.3287709112743,478.2731252521488,D_left
19,5,571.6906903869051,483.9037322475348,D_left
20,5,570.7387116043957,484.1192926234317,D_left
21,5,569.7513486011977,483.9175860155691,D_left
22,5,563.0752726097044,480.956060556244,D_left
23,5,563.5713919360225,486.7372691339878,D_left
24,5,568.1472028485995,506.4614507476876,D_left
25,5,567.2802489643119,509.279409449214,D_left
26,5,531.2766591480348,480.3460931051621,D_left
27,5,531.8648898787297,485.1611321037244,D_left
28,5,515.7341996434769,487.24062714806666,D_left
29,5,513.3454604371451,497.76036022141096,D_left
30,5,512.8327688203923,502.3453812733821,D_left
31,5,511.8142081120562,505.335027031391,D_left
32,5,509.2998233922104,507.1381252120051,D_left
33,5,502.7283517552922,511.6752721200568,D_left
34,5,484.7385710362504,511.4567672969907,D_left
35,5,481.3855033182671,514.1147320865457,D_left
36,5,467.2231192329992,514.1685402596413,D_left
37,5,456.7333798811552,507.4135532538568,D_left
38,5,472.7839518791432,534.178523685208,D_left
39,5,472.0300171793079,542.9275790066918,D_left
40,5,464.3340042288604,548.8294718405109,D_left
41,5,464.8952516068904,550.9582714888633,D_left
42,5,463.7769193602121,577.5141051214242,D_left
43,5,464.6369988611953,582.8901329405214,D_left
44,5,458.37031769764985,585.0540143095334,D_left
45,5,457.80520156748287,586.190698497731,D_left
46,5,440.96196719378463,580.8538345985476,D_left
47,5,441.2763183106522,585.4900512945187,D_left
48,5,450.9941961165626,604.8869995131754,D_left
49,5,458.9221907820125,615.8554431400399,D_left
50,5,430.3027175026057,599.1350195134846,D_left
51,5,422.9960143119626,596.5956032949646,D_left
52,5,421.1507623160437,608.5090317751349,D_left
53,5,419.2251051605563,612.0992186735303,D_left
54,5,415.48387729165,618.7077437518528,D_left
55,5,418.05416796365216,626.5625959953429,D_left
56,5,415.71234391304864,633.1897165029726,D_left
57,5,416.06790951071935,637.4245529147938,D_left
58,5,411.3984592211702,638.016683041386,D_left
59,5,417.6885447931705,644.7521357769863,D_left
60,5,410.5789133625552,646.8556162736099,D_left
61,5,410.4375161010037,649.5748643991251,D_left
62,5,410.6998400559961,657.5462753562988,D_left
63,5,407.6019952561024,658.5037998399708,D_left
64,5,398.3522347139684,661.1508736633666,D_left
65,5,397.3295546281262,664.7910398898939,D_left
66,5,392.4956269270449,667.9407539534701,D_left
67,5,391.81736160017743,668.809667755087,D_left
68,5,389.7943086471915,670.6671108501866,D_left
69,5,390.719966056184,672.1974134112841,D_left
70,5,389.9681620829802,672.6809314475047,D_left
71,5,389.4661441297448,672.6416823200215,D_left
72,5,390.1814342709978,673.7906158962874,D_left
73,5,389.5199489946192,673.1151912112535,D_left
74,5,389.1859013637108,672.7059960511133,D_left
75,5,388.3579510659828,671.1788900049909,D_left
76,5,387.0930461041469,667.5866904038015,D_left
77,5,388.0589223729357,666.6031306756647,D_left
78,5,389.1322758638923,663.2241821944631,D_left
79,5,389.4925111712595,662.4590975618592,D_left
80,5,390.4069365623159,660.3028529380282,D_left
81,5,391.0321029485885,659.3570261249655,D_left
82,5,391.1807951550141,658.3733893309369,D_left
83,5,390.89142584703336,657.9924853127213,D_left
84,5,394.4785729990712,660.3669899665841,D_left
85,5,392.9836102743113,659.7212568727092,D_left
86,5,391.0702123825341,657.1054665056915,D_left
87,5,394.2784862721275,661.8996966526765,D_left
88,5,390.3078961157709,663.9483680135194,D_left
89,5,390.378438237142,665.1946861147628,D_left
90,5,395.3741671406279,671.110521366766,D_left
91,5,396.1619044782431,676.2704280590449,D_left
92,5,396.765429541243,678.0232217772641,D_left
93,5,395.94742139866514,679.009955216142,D_left
94,5,400.5141114499093,684.1609660928902,D_left
95,5,406.6803834127226,690.8503350226318,D_left
96,5,409.36132994882274,690.8675843210201,D_left
97,5,410.3066075392094,691.2382104755219,D_left
98,5,405.9540120734143,688.1229574120326,D_left
99,5,404.2947544561868,682.4512356583455,D_left
100,5,398.2987522119297,676.2921547794055,D_left
101,5,397.4544830349847,672.2676609053001,D_left
102,5,394.4869030708143,664.9662807343445,D_left
103,5,396.4031124751254,662.0085903825781,D_left
104,5,397.6322691107455,661.3862613630184,D_left
105,5,400.9051325928808,666.1070573196853,D_left
106,5,393.9589858156894,655.7638443047789,D_left
107,5,389.6778067587418,652.5652927286203,D_left
108,5,397.874511891628,665.6882387843383,D_left
109,5,392.7256397723684,667.2400591792325,D_left
110,5,372.7544086895102,659.1790459540864,D_left
111,5,369.28066217454,658.9849105269759,D_left
112,5,333.42901589493806,634.3853352367951,D_left
113,5,338.3686790772681,650.7756143196874,D_left
114,5,303.7236804242246,619.3506456431767,D_left
115,5,275.6967269921243,596.5021622280084,D_left
116,5,341.6904966379276,657.1298418254183,D_left
117,5,329.1708881230038,648.5545049972941,D_left
118,5,333.48444872821136,656.5425528533981,D_left
119,5,346.1558886535795,670.7922782228916,D_left
120,5,350.2412605852862,676.0635880405306,D_left
121,5,345.3928408413992,677.0589217217395,D_left
122,5,349.53534036305484,678.6120345602221,D_left
123,5,340.34118285933,674.5004517319917,D_left
124,5,320.8007399522531,664.2117032871073,D_left
125,5,319.359967009568,666.5585293795052,D_left
126,5,304.84752160754726,663.2771651870669,D_left
127,5,297.41971685162963,659.9186336377519,D_left
128,5,271.5823376239948,649.0419085035796,D_left
129,5,208.8716007111552,605.091963711634,D_left
130,5,286.4078761867016,665.6441132178111,D_left
131,5,274.6105814300887,661.0921926287247,D_left
132,5,264.8215071015647,659.7402939896884,D_left
133,5,270.8976510141722,667.6091973701523,D_left
134,5,279.06063918126296,675.7075857740698,D_left
135,5,286.9590079210946,682.743352466935,D_left
136,5,249.84030895092047,664.6981609765484,D_left
137,5,243.3100709777117,660.3142520886012,D_left
138,5,244.05489462023897,665.7592144590769,D_left
139,5,256.15396690227254,680.676528632147,D_left
140,5,235.5406979419292,675.782608424043,D_left
141,5,220.99016327996287,669.5308675119405,D_left
142,5,173.84942317656618,642.6865359550276,D_left
143,5,163.9981601365811,640.0543767175615,D_left
144,5,186.55839858817384,666.2058001797914,D_left
145,5,164.4042256996343,648.4956023818481,D_left
146,5,197.182375984791,687.6118067058741,D_left
147,5,193.7629393676582,689.8845884744281,D_left
148,5,158.28551279768735,669.6770288405029,D_left
149,5,161.9910011850876,677.6410824826651,D_left
150,5,126.86820856310484,658.7869742187198,D_left
151,5,113.63260735579848,650.7374552261282,D_left
152,5,53.778024630380415,610.0394019704097,D_left
153,5,51.60312319023032,610.8898331114859,D_left
154,5,55.022708927348255,619.4685608852793,D_left
155,5,50.33155570654273,621.9229639329885,D_left
156,5,159.3859264159808,696.2279434990609,D_left
157,5,203.81478205425373,729.152339138208,D_left
158,5,207.2770302578786,732.7295847325793,D_left
159,5,214.0141983995721,740.0235204280409,D_left
160,5,197.818685920937,735.0950624270819,D_left
161,5,204.3600972567434,740.8524173270933,D_left
162,5,210.95225601085664,747.5470143021288,D_left
1,6,625.6858995999985,1371.8911001921506,O_right
2,6,625.6858995999985,1371.8911001921506,O_right
3,6,625.3444695572208,1371.0670039427446,O_right
4,6,626.7643017046462,1370.1004626449646,O_right
5,6,627.0425981225675,1368.9033810655362,O_right
6,6,622.9585296436055,1364.9935274979352,O_right
7,6,624.2020680623929,1364.7443299599115,O_right
8,6,626.7301570818378,1361.464281086464,O_right
9,6,628.2630582900391,1359.3571404852569,O_right
10,6,633.3360278919622,1355.9626273253305,O_right
11,6,634.4232580576601,1354.989301742186,O_right
12,6,636.9678309761817,1343.2323015728352,O_right
13,6,637.8287913145952,1340.72901009334,O_right
14,6,638.5697892835373,1337.343908854462,O_right
15,6,640.5417246682911,1336.2940490523913,O_right
16,6,643.6383283090961,1329.7488191455834,O_right
17,6,643.4382617589139,1328.1579008298709,O_right
18,6,644.7762170196056,1324.0618471252883,O_right
19,6,636.2135124006176,1318.4526060570945,O_right
20,6,641.6915786597975,1318.3657041567756,O_right
21,6,646.6388241267325,1316.7147006824976,O_right
22,6,646.8898985277198,1309.6063564103592,O_right
23,6,651.9374022845179,1310.2660856064997,O_right
24,6,663.3018914666822,1311.9219014062578,O_right
25,6,666.7786913801149,1314.3095100487064,O_right
26,6,665.1214043764554,1313.8159332546345,O_right
27,6,666.2139401296712,1314.0652571629132,O_right
28,6,667.6615005754346,1318.7806085876714,O_right
29,6,671.0466237765675,1318.264489941735,O_right
30,6,656.5425630887988,1317.8488219136566,O_right
31,6,667.8222059375676,1326.726053785303,O_right
32,6,670.2030452468897,1334.4843421700978,O_right
33,6,675.9946030628204,1338.2042998987836,O_right
34,6,684.3461554116292,1345.0254983054283,O_right
35,6,688.2390747809623,1348.3577196060623,O_right
36,6,680.9221304701009,1356.667453967076,O_right
37,6,682.2128088067772,1358.696825898964,O_right
38,6,670.4217702162962,1378.064997299208,O_right
39,6,677.9504454329408,1386.529617955547,O_right
40,6,683.9341933292146,1399.369164614327,O_right
41,6,684.3971351155366,1402.2249610202236,O_right
42,6,675.9402419571985,1409.2579162252614,O_right
43,6,672.8769144628225,1413.7027266467148,O_right
44,6,671.1762318475044,1420.9007980477263,O_right
45,6,671.8605590355687,1423.9140691020243,O_right
46,6,666.6258048664738,1427.5960535260365,O_right
47,6,666.1140255078362,1428.5877413070907,O_right
48,6,659.4959886964887,1429.6007561151455,O_right
49,6,658.7904457438146,1431.1101144232402,O_right
50,6,654.7662290116899,1433.734634295147,O_right
51,6,652.9211853934088,1438.209216794548,O_right
52,6,647.5374958628245,1442.7818258990385,O_right
53,6,644.5010892477512,1445.3748509240738,O_right
54,6,637.8636385809293,1446.8867361489838,O_right
55,6,640.7326135707917,1447.1287939364718,O_right
56,6,642.7345811866036,1446.6773527057958,O_right
57,6,645.8471587832581,1445.9637122867334,O_right
58,6,651.412150687758,1437.3046397713235,O_right
59,6,651.3869919143857,1436.721909244088,O_right
60,6,649.162670588065,1435.16633915761,O_right
61,6,651.8675240016543,1432.081957761987,O_right
62,6,655.4793845057794,1429.2210395855416,O_right
63,6,657.0562680586124,1427.7793240939425,O_right
64,6,653.049676855564,1428.6152311525414,O_right
65,6,652.4462961897459,1429.416384293324,O_right
66,6,648.5397144420655,1426.5030544493975,O_right
67,6,650.3495027451656,1425.4603280995038,O_right
68,6,650.7153654793292,1420.7582139131584,O_right
69,6,655.7178058234366,1418.9973608608673,O_right
70,6,657.7255281012826,1412.4400620615108,O_right
71,6,661.0490341689396,1410.8901755840243,O_right
72,6,672.0796659599052,1399.0556969633722,O_right
73,6,687.7714962493922,1375.0959797885512,O_right
74,6,690.4133953211376,1362.728092143092,O_right
75,6,694.155306957659,1361.869944992958,O_right
76,6,704.3105681188418,1357.7679872970248,O_right
77,6,704.5456979516604,1348.6545999276575,O_right
78,6,712.3949361565807,1326.851488827414,O_right
79,6,717.0388733840913,1316.042371659016,O_right
80,6,735.5679873783221,1292.3218237082597,O_right
81,6,738.6859400991334,1287.4489440933994,O_right
82,6,741.4878367261791,1266.6613062064023,O_right
83,6,733.0049115091481,1258.6292894934998,O_right
84,6,735.4188039020846,1224.6685253391706,O_right
85,6,750.5180267350554,1203.6629132332844,O_right
86,6,760.1006312043502,1184.009691362264,O_right
87,6,763.4271164069638,1178.2280209968076,O_right
88,6,717.3226597238709,1128.2920301944027,O_right
89,6,706.1530892657395,1110.620957418599,O_right
90,6,703.5319547621967,1103.0863297123342,O_right
91,6,706.9168606650188,1096.5431278515769,O_right
92,6,724.1560650070425,1070.489077940755,O_right
93,6,719.8420359072228,1061.652533701966,O_right
94,6,650.1350107475206,1003.2041180647224,O_right
95,6,649.2212555681324,988.4093478945204,O_right
96,6,647.8414284989233,981.2256578540556,O_right
97,6,648.0839348135132,978.4025984026,O_right
98,6,632.034309350618,964.6634049584484,O_right
99,6,617.0967296201054,954.9718170984617,O_right
100,6,573.2850515588841,917.442854446768,O_right
101,6,565.2550773160237,907.2963181819443,O_right
102,6,539.6220743669826,884.5311783748035,O_right
103,6,485.7362464443176,839.490040100407,O_right
104,6,489.0172943824312,833.680805836012,O_right
105,6,481.9202538257167,825.8777746855452,O_right
106,6,468.7727003565116,805.992234108178,O_right
107,6,466.99336657447,798.1177510675792,O_right
108,6,450.73300873516826,778.1923029004173,O_right
109,6,453.68054829959686,774.4368984798807,O_right
110,6,440.75449902905865,756.1715870758063,O_right
111,6,440.3469188106454,754.2316148754492,O_right
112,6,441.7762403528915,758.3168160484951,O_right
113,6,441.9076062956312,762.2357221998625,O_right
114,6,431.59826848500535,771.2067378622829,O_right
115,6,440.6798390239784,780.5657139280938,O_right
116,6,424.282237572404,820.3203800684761,O_right
117,6,419.9699212953085,819.5010508746609,O_right
118,6,415.6576050182129,818.6817216808457,O_right
119,6,417.3523632128844,820.04549525228,O_right
120,6,418.4797330508649,821.7847765438745,O_right
121,6,406.4157186118956,820.8473271114311,O_right
122,6,376.7691505430065,908.33246482085,O_right
123,6,262.40998326250144,848.9465744414344,O_right
124,6,148.0508159819964,789.5606840620188,O_right
125,6,33.691648701491374,730.1747936826032,O_right
126,6,180.65245876820495,756.4776666188396,O_right
127,6,201.38405134363563,773.9121667211316,O_right
128,6,120.34620409306643,733.2958020887578,O_right
129,6,152.95122316730826,768.5582748569968,O_right
130,6,198.3623083499048,816.7435635563794,O_right
131,6,177.5888095629578,806.8795616757128,O_right
132,6,70.57110071386002,752.3263867088823,O_right
133,6,163.2666479940348,816.6043466537993,O_right
134,6,180.9043662776466,837.716776251916,O_right
135,6,198.5420845612584,858.8292058500327,O_right
136,6,194.30193325364644,864.7743148115924,O_right
137,6,189.53219975999644,866.3159663219326,O_right
138,6,178.29583912216685,869.9844647095789,O_right
139,6,3.398982241455614,781.1016006993991,O_right
140,6,162.52723996975342,892.1424460908702,O_right
141,6,165.2125794268735,893.8723310264024,O_right
142,6,158.97554101922196,900.5871411648096,O_right
143,6,148.86522686348226,903.9709894708994,O_right
144,6,139.58470646884754,903.9525669055128,O_right
145,6,133.1406568812823,911.323978568704,O_right
146,6,122.01320142235248,918.5566445146115,O_right
147,6,118.59291103206272,922.8444385990068,O_right
148,6,112.6469795694492,929.079793821954,O_right
149,6,109.7941348768716,935.5982516793422,O_right
150,6,101.14196650364724,938.2419317756484,O_right
151,6,103.58457248618777,940.2290631937,O_right
152,6,81.49536599374032,939.5785732938856,O_right
153,6,79.59438448264308,939.7000164338684,O_right
154,6,72.45290664907802,950.810593832391,O_right
155,6,77.30830896423687,958.576630748239,O_right
156,6,79.64916033042398,969.460805049902,O_right
157,6,78.69434590280008,974.1306046550998,O_right
158,6,63.58428837986921,980.74953525,O_right
159,6,62.84132681465101,982.1671456265708,O_right
160,6,57.24102276502145,984.6804651368636,O_right
161,6,58.15327184275726,986.4972687635246,O_right
162,6,56.53311669281749,990.5901363445372,O_right
