1,1,601.4666426079342,1432.2314535835233,O_right
1,2,621.1311619739066,1109.9977597726795,D_right
1,3,984.9816434640557,519.7907604223157,O_top
1,4,889.9451207187618,553.320019226843,D_top
1,5,573.5421583989873,327.4040616444506,D_left
1,7,578.066710573888,285.21080202797543,O_left
2,1,601.4666426079342,1432.2314535835233,O_right
2,2,621.1311619739066,1109.9977597726795,D_right
2,3,984.9816434640557,519.7907604223157,O_top
2,4,889.9451207187618,553.320019226843,D_top
2,5,573.5421583989873,327.4040616444506,D_left
2,7,578.066710573888,285.21080202797543,O_left
3,1,601.5077113122283,1432.234357460618,O_right
3,2,621.0797388075151,1109.998887570057,D_right
3,3,984.9631394251916,519.7540450364658,O_top
3,4,889.9260753933254,553.2780993511188,D_top
3,5,573.5895380456658,327.43464875745155,D_left
3,7,577.8738476650725,284.94914206386915,O_left
4,1,601.5583580404341,1431.6029678757477,O_right
4,2,618.7656234757524,1109.1969173761004,D_right
4,3,984.6075581617322,519.2010457959783,O_top
4,4,889.64750234527,552.5142186944778,D_top
4,5,568.4089918174861,329.1649290385917,D_left
4,7,576.731610844901,291.7888459678954,O_left
5,1,601.1974727202212,1431.5206797816209,O_right
5,2,618.629361953807,1108.8232501688024,D_right
5,3,984.5591049810084,519.7295556431789,O_top
5,4,889.683782765819,552.5453705183171,D_top
5,5,565.6000932123953,332.00419633548944,D_left
5,7,577.1726312876966,290.87167926608254,O_left
6,1,601.3766275177093,1430.345042439772,O_right
6,2,619.9118216467593,1110.0871467227596,D_right
6,3,984.0083869139424,520.3078801879662,O_top
6,4,889.6147437014021,552.1180910216783,D_top
6,5,559.9211948030639,338.19992209446883,D_left
6,7,575.4336309143787,292.1330944170477,O_left
7,1,601.5640761684981,1430.1334552513465,O_right
7,2,619.8085322400295,1109.8426192229074,D_right
7,3,982.9129271806556,519.6383638437156,O_top
7,4,889.7204120245622,552.5031180701832,D_top
7,5,561.4210143356308,339.7960604972686,D_left
7,7,577.7138006147289,294.00793141378165,O_left
8,1,603.883249312429,1429.9699835459387,O_right
8,2,619.0651571747786,1109.7266297753656,D_right
8,3,981.1202048618004,519.0970285684725,O_top
8,4,889.8116611503768,552.5893725740393,D_top
8,5,556.9585812304891,344.7941288813715,D_left
8,7,584.2382624187675,306.85270887324776,O_left
9,1,604.3518135989186,1429.4159839623603,O_right
9,2,616.1163071354013,1106.9002850229915,D_right
9,3,981.5825613846552,520.6807037652179,O_top
9,4,890.5677587950684,553.877347835688,D_top
9,5,553.3155673926547,341.3732718311308,D_left
9,7,584.1903654419575,314.41486085487975,O_left
10,1,605.1166169707211,1427.5709237595872,O_right
10,2,609.9012563321695,1103.845176710256,D_right
10,3,979.703386153923,518.4071918356576,O_top
10,4,891.0072779561774,553.7984582168774,D_top
10,5,564.6783319529289,354.1403718333213,D_left
10,7,579.2187827401945,308.4062671057118,O_left
11,1,605.238191295013,1426.7214793327687,O_right
11,2,600.5509571383338,1098.1225987167952,D_right
11,3,977.2611902640884,514.4730718092721,O_top
11,4,890.0811665153437,553.0018171510056,D_top
11,5,568.4326909863008,359.05546659080505,D_left
11,7,575.6474097348864,317.56703138804005,O_left
12,1,606.8591168260152,1425.3081512044778,O_right
12,2,593.5244634229974,1092.1299835518585,D_right
12,3,981.5271907702928,522.7837082372874,O_top
12,4,893.1807800798862,548.9256466746783,D_top
12,5,568.6506296688428,362.96834316412907,D_left
12,7,517.2156528910006,318.8952149798874,O_left
13,1,606.9896855974407,1424.9218989185683,O_right
13,2,579.6580361744436,1083.1175793532166,D_right
13,3,982.1996696035452,523.4871992511466,O_top
13,4,894.1378972166332,546.9786525282644,D_top
13,5,567.8519814266243,363.9133898555274,D_left
13,7,516.7745372839528,329.5885897147264,O_left
14,1,608.5536524206015,1423.5580620564783,O_right
14,2,573.8980981333315,1073.7569368178613,D_right
14,3,981.4032551187267,521.5226701494576,O_top
14,4,898.4443814710067,546.0705676585868,D_top
14,5,558.4167897477556,375.2021577008046,D_left
14,7,516.3334216769049,340.28196444956546,O_left
15,1,608.7982326991603,1423.1192429993027,O_right
15,2,575.3699665647797,1072.9636446141333,D_right
15,3,982.2904601277644,521.489151627763,O_top
15,4,897.4274889230921,547.2094884319847,D_top
15,5,561.1371809085778,372.0325865286403,D_left
15,7,515.8923060698571,350.97533918440445,O_left
16,1,609.8631651565087,1422.0828698909322,O_right
16,2,575.0828069782918,1068.4294891041725,D_right
16,3,979.9592890885853,516.964636297909,O_top
16,4,900.6947729779222,539.9443898410027,D_top
16,5,552.9896582584895,372.45578881941617,D_left
16,7,515.4511904628093,361.6687139192435,O_left
17,1,609.3177878844228,1421.3631545479457,O_right
17,2,575.2190659507103,1065.9573565650308,D_right
17,3,978.0657873116544,513.1579834998652,O_top
17,4,900.0245554304302,540.8371931994692,D_top
17,5,540.4002230746274,371.66221108144055,D_left
17,7,515.0100748557614,372.3620886540825,O_left
18,1,608.6885109418039,1420.250262818837,O_right
18,2,574.3393417797009,1063.0462391181006,D_right
18,3,958.944726786006,483.83501197314257,O_top
18,4,897.2162701487994,537.8531942656887,D_top
18,5,492.6326898167212,382.8717350502949,D_left
18,7,514.5689592487137,383.0554633889216,O_left
19,1,609.1324952893331,1420.0428557908351,O_right
19,2,573.937334384228,1061.4795992274646,D_right
19,3,954.809750074668,481.1430908576518,O_top
19,4,893.2239071858419,534.5105664950773,D_top
19,5,487.098182035366,387.47469079548193,D_left
19,7,508.6707029298984,405.3301991595584,O_left
20,1,610.6476627297588,1419.3899814814863,O_right
20,2,572.7400340657816,1059.644277703337,D_right
20,3,946.4969786056944,481.3679760932732,O_top
20,4,879.6766926047176,513.5436212944953,D_top
20,5,481.5636742540107,392.07764654066887,D_left
20,7,512.0326703478028,420.4741239416406,O_left
21,1,611.2798930266058,1418.9597518492271,O_right
21,2,572.7118221621773,1058.9976297955916,D_right
21,3,942.2764403526376,478.7269183556856,O_top
21,4,869.7730942271143,500.8547565743224,D_top
21,5,476.0291664726555,396.6806022858559,D_left
21,7,406.4007812503008,370.45424384598846,O_left
22,1,609.5491274547086,1417.1384569135887,O_right
22,2,572.5443504136553,1060.0686401869173,D_right
22,3,945.8662390754668,469.0412148593104,O_top
22,4,856.3359289681562,480.5561770314149,D_top
22,5,485.86399700164463,423.7162544793336,D_left
22,7,475.6680434339044,429.1297511567696,O_left
23,1,609.4323323527581,1416.606497216083,O_right
23,2,571.8115337750849,1061.2220074784934,D_right
23,3,948.076035709024,472.7904685962916,O_top
23,4,851.4631574443534,471.7610621362685,D_top
23,5,495.6988275306337,450.75190667281134,D_left
23,7,441.1687746941561,423.1532435717635,O_left
24,1,609.04248228414,1414.156175176037,O_right
24,2,569.896967915894,1062.3679074644097,D_right
24,3,902.3791900237774,417.0712890849496,O_top
24,4,831.7560590483283,447.34429525381375,D_top
24,5,448.4704312781261,453.092029545594,D_left
24,7,406.6695059544078,417.1767359867574,O_left
25,1,608.6954367426955,1413.3680122977569,O_right
25,2,569.79891223962,1063.3192304312192,D_right
25,3,899.6886659494442,414.8248723898637,O_top
25,4,829.6412560090273,444.78848935079895,D_top
25,5,427.3552226710286,433.2900988441125,D_left
25,7,372.1702372146595,411.20022840175136,O_left
26,1,610.0976299200674,1413.0379729214303,O_right
26,2,566.1889820702386,1062.8494566355598,D_right
26,3,891.4494737788215,399.66277148342,O_top
26,4,826.7789668793064,442.74913930693583,D_top
26,5,417.9090486852153,464.8821307277215,D_left
26,7,363.3686951681877,396.03952980733607,O_left
27,1,609.6875688919955,1412.4583557501576,O_right
27,2,564.3528715554817,1062.630498154506,D_right
27,3,881.204426885426,383.960694257797,O_top
27,4,827.5529054193833,444.46299888573424,D_top
27,5,406.7260435522461,460.9352849516666,D_left
27,7,354.5671531217158,380.8788312129207,O_left
28,1,609.7909038595733,1411.5423555744776,O_right
28,2,558.8038842735884,1060.231776420202,D_right
28,3,878.0577098567725,381.7607966316272,O_top
28,4,826.3123918784762,442.3527727198267,D_top
28,5,349.8758036427699,429.69784862548033,D_left
28,7,345.765611075244,365.7181326185054,O_left
29,1,608.1423563374445,1410.6821936242236,O_right
29,2,557.370632182712,1058.6468577659964,D_right
29,3,874.2859006625328,377.80265111880885,O_top
29,4,823.3730698298954,440.6100742330645,D_top
29,5,325.2633423679043,416.5704993558489,D_left
29,7,347.1018868693363,376.4850077867518,O_left
30,1,605.7968748136097,1409.4255931856562,O_right
30,2,549.9207321967098,1052.1604672692022,D_right
30,3,873.7321533720734,376.7351451279336,O_top
30,4,817.0332609638566,433.4844162569119,D_top
30,5,338.4732617425212,462.2276611858593,D_left
30,7,353.9209436680423,392.85794206969,O_left
31,1,603.8373845092161,1408.356265854308,O_right
31,2,540.5293818415498,1045.421983184633,D_right
31,3,353.7621697178377,363.43944807974566,O_top
31,4,806.6514359353466,427.5751575224631,D_top
31,5,362.1497604747725,497.11173454311256,D_left
31,7,363.738824038264,402.6321296735437,O_left
32,1,597.3383218303421,1404.694132037089,O_right
32,2,537.6219587445361,1041.4783960257607,D_right
32,3,865.8341911989155,372.9524024532143,O_top
32,4,780.4226619651242,411.17727047389815,D_top
32,5,363.31939641593146,519.9804294928953,D_left
32,7,366.1978145021545,354.68246671736586,O_left
33,1,597.0792270047118,1404.2480655631364,O_right
33,2,538.9437136541396,1041.106119387564,D_right
33,3,846.6584376333933,352.8316096418626,O_top
33,4,766.9942129728516,400.6168795761947,D_top
33,5,357.0588014306681,530.1868927289763,D_left
33,7,368.39201525766833,351.5934183956296,O_left
34,1,594.2858507681807,1398.485702749644,O_right
34,2,537.407665106614,1036.9677953426628,D_right
34,3,807.4648793320034,315.85372676623007,O_top
34,4,735.1787127156294,374.8574172386608,D_top
34,5,336.37915989303843,551.0688964864429,D_left
34,7,379.9557651299796,354.2506048085807,O_left
35,1,594.4629304689922,1396.8267942667592,O_right
35,2,537.3119042014131,1035.838591329254,D_right
35,3,366.6942748777864,337.4160420877993,O_top
35,4,732.5177667576322,376.8074513925104,D_top
35,5,339.1513269704115,557.481022720245,D_left
35,7,269.76402805177105,218.356848644214,O_left
36,1,592.6148285659611,1392.382822622281,O_right
36,2,537.0259896369066,1034.5826088697663,D_right
36,3,791.6623650522275,311.7850698910393,O_top
36,4,723.6822941341146,382.11685805836777,D_top
36,5,334.55658165694706,550.7751498471721,D_left
36,7,380.1331405617221,339.7470887443426,O_left
37,1,592.0148769650518,1391.192115214464,O_right
37,2,536.4682242070805,1033.708048574853,D_right
37,3,791.3442637070797,320.0511045833216,O_top
37,4,715.4420406386719,384.50182895272206,D_top
37,5,334.3206705116327,550.7097310896196,D_left
37,7,383.17899255332907,328.54712166882007,O_left
38,1,592.8687367100819,1390.7573953866674,O_right
38,2,536.7966467773296,1034.5448750384626,D_right
38,3,781.4369385743012,323.7476841137756,O_top
38,4,706.8441477620368,396.3775990208345,D_top
38,5,328.6292317360317,542.9720528248793,D_left
38,7,380.740849466483,308.20923321205083,O_left
39,1,592.4594197694694,1390.5370775015858,O_right
39,2,536.3479356918933,1034.6458112097057,D_right
39,3,777.50197038061,325.59517381381016,O_top
39,4,703.6146371445383,400.7809303813982,D_top
39,5,329.0084929237311,533.7746195758479,D_left
39,7,369.8286763340985,278.8280773371109,O_left
40,1,593.1697710834137,1389.3284613845592,O_right
40,2,536.0194634246054,1035.649378475474,D_right
40,3,741.1301479307892,292.5554240406945,O_top
40,4,694.1838078603283,395.29569861810353,D_top
40,5,340.98763381696693,514.7149580860598,D_left
40,7,377.4720293453343,251.39692263827797,O_left
41,1,592.7303131005933,1388.4398387378317,O_right
41,2,535.5700091267154,1036.2823917013384,D_right
41,3,732.517939089754,293.0561127109983,O_top
41,4,683.3492553604882,391.1531705106321,D_top
41,5,340.7373091268562,500.6101061417907,D_left
41,7,377.93320562810896,244.27305733117345,O_left
42,1,591.6139215120425,1387.1614292185834,O_right
42,2,534.2071859435167,1037.184954632991,D_right
42,3,704.1532976313313,283.0936284555358,O_top
42,4,663.4432946853561,376.3012555564872,D_top
42,5,343.7945250457816,486.0093431008094,D_left
42,7,383.3410741619146,233.90615216444476,O_left
43,1,591.7158655988583,1386.089417682862,O_right
43,2,533.67121854171,1038.1254437373173,D_right
43,3,692.9406502118017,282.930430357004,O_top
43,4,661.7024844429736,377.3660875723225,D_top
43,5,343.8577157373059,493.9864385012045,D_left
43,7,382.9766649380895,221.5207576803956,O_left
44,1,593.692289058646,1383.121855263674,O_right
44,2,533.41656584905,1039.477958940176,D_right
44,3,665.148494884909,270.633884177509,O_top
44,4,623.8544126608505,339.225358929137,D_top
44,5,313.5095903692649,447.61177956621617,D_left
44,7,357.63655779358106,135.03332053723597,O_left
45,1,593.0404636604753,1382.316080768448,O_right
45,2,533.1390862168548,1040.0257076637438,D_right
45,3,653.858442260444,268.5369627052225,O_top
45,4,622.3788508851715,343.0303384969113,D_top
45,5,306.7527602645554,423.0893470931032,D_left
45,7,372.13586724817935,137.29398312346524,O_left
46,1,594.8911307086767,1381.788631560136,O_right
46,2,532.3526139155699,1040.3822805124198,D_right
46,3,636.2246080974954,267.80754237840483,O_top
46,4,606.7671519083065,348.1765339229813,D_top
46,5,312.5666853341572,414.78993696693766,D_left
46,7,341.9555308810812,71.04363058302712,O_left
47,1,593.3304230275411,1380.5965837880365,O_right
47,2,532.0094468656937,1040.399120599811,D_right
47,3,611.1011212843348,254.5576105831553,O_top
47,4,601.3163453830157,347.1683392182074,D_top
47,5,316.104932876711,413.81145514201097,D_left
47,7,419.7867986651644,143.90626047225166,O_left
48,1,592.9385862139695,1379.0548107502711,O_right
48,2,531.0610413063603,1040.5616925888503,D_right
48,3,612.6375951746426,297.8840833146511,O_top
48,4,588.5127771705362,352.1687957590876,D_top
48,5,308.89006084198843,390.5308613392513,D_left
48,7,397.1470424301209,88.68076917449285,O_left
49,1,593.2345587337495,1378.8646018649133,O_right
49,2,530.5458081873649,1040.6415735460032,D_right
49,3,607.3062220779805,300.09664240887736,O_top
49,4,577.796322044447,347.6428319755855,D_top
49,5,318.0844959532977,393.54349355591097,D_left
49,7,459.7877640278529,154.9001828618712,O_left
50,1,591.7037040649849,1377.4486099791682,O_right
50,2,529.6129629209138,1040.6266702706257,D_right
50,3,609.8161126893675,316.6935742614713,O_top
50,4,544.5990315662349,315.1873372451062,D_top
50,5,341.4225090671563,390.7051864546212,D_left
50,7,497.8311699176854,192.98103498000947,O_left
51,1,592.7441447040839,1377.2425074955072,O_right
51,2,529.5312247805717,1040.9331027208354,D_right
51,3,529.1454143355563,199.8665911438584,O_top
51,4,549.7525003001474,318.3135186138338,D_top
51,5,363.4753589361604,395.1567093783942,D_left
51,7,512.6184135793811,186.89292986004304,O_left
52,1,590.7913398821679,1375.1656812172102,O_right
52,2,527.66528827132,1037.7609037067327,D_right
52,3,585.4064799546011,306.3622731475767,O_top
52,4,560.9251664739877,345.9837465725035,D_top
52,5,373.6796443338946,374.46505576759046,D_left
52,7,527.4056572410769,180.8048247400766,O_left
53,1,591.9962042474777,1374.5809195353377,O_right
53,2,527.8375334230775,1037.7950532749755,D_right
53,3,579.9512271545688,313.28750828101084,O_top
53,4,544.6569783361479,340.4742545842307,D_top
53,5,373.893035334136,360.9012494851997,D_left
53,7,525.2573032778192,170.2691670686388,O_left
54,1,590.0137743790235,1371.9185425167711,O_right
54,2,527.4795759573886,1035.6913052298792,D_right
54,3,563.5649259620536,309.0188713968361,O_top
54,4,503.4555955496255,302.7808607035927,D_top
54,5,380.257788918447,358.5810105900413,D_left
54,7,546.9654575943308,166.75948737783318,O_left
55,1,591.189286823932,1371.4133251017793,O_right
55,2,528.2613898725128,1035.724542624521,D_right
55,3,545.0743145617508,291.30086880791765,O_top
55,4,503.0388239859757,303.76688789417625,D_top
55,5,383.5871185081719,353.7098755775879,D_left
55,7,551.529240062965,168.82840543621907,O_left
56,1,596.1359302064761,1368.5727820630214,O_right
56,2,529.9519889335527,1033.477626593774,D_right
56,3,560.5265982855873,329.21676428935774,O_top
56,4,504.6705862590141,330.4081937912572,D_top
56,5,396.2364286199221,354.5417562617357,D_left
56,7,542.3160439458487,150.60414577931738,O_left
57,1,600.0362892112437,1367.2849928990993,O_right
57,2,532.2875507723476,1032.308867999935,D_right
57,3,557.2149369560664,331.8701771236566,O_top
57,4,502.028346366666,333.691393829494,D_top
57,5,406.0393278518785,360.7374921561953,D_left
57,7,551.7944233906026,147.06171390788222,O_left
58,1,603.9142570287704,1363.7489015717138,O_right
58,2,534.7076867218523,1030.408080510639,D_right
58,3,546.0464102538967,332.8177598817928,O_top
58,4,521.7729370024865,356.40234566683205,D_top
58,5,414.8148662300918,365.6421221137371,D_left
58,7,555.7748401616224,149.368295788949,O_left
59,1,605.9861748148718,1362.4432329090243,O_right
59,2,535.2019833124123,1030.2072486910206,D_right
59,3,540.1718460467429,327.82129529585626,O_top
59,4,506.28381027997824,348.6972333980584,D_top
59,5,411.2783931373101,362.6827795060213,D_left
59,7,560.4461039110762,152.34158204954448,O_left
60,1,613.3916529786253,1358.93432143616,O_right
60,2,535.5518169982885,1028.03047815554,D_right
60,3,541.9197567000361,341.5779943317718,O_top
60,4,510.049572068515,366.1744627049741,D_top
60,5,408.1126268053921,358.85781996552214,D_left
60,7,586.8889890854585,182.4546687848829,O_left
61,1,611.1054853349361,1356.595449600931,O_right
61,2,536.0105429623002,1026.5788157584457,D_right
61,3,430.30229263427367,281.9712172444001,O_top
61,4,521.6098226001908,389.1237026862968,D_top
61,5,407.94352583535857,356.25594433793384,D_left
61,7,597.8875536806404,190.4671561353705,O_left
62,1,614.3048634639819,1355.3182544241847,O_right
62,2,520.3779014694039,1012.6690149118745,D_right
62,3,460.7595619318093,304.8731758273215,O_top
62,4,519.4551957781702,383.7203260821543,D_top
62,5,406.8013364858347,357.13006916003474,D_left
62,7,612.4983779939228,200.87839531698305,O_left
63,1,617.0612428710674,1354.882790243767,O_right
63,2,521.4371304156734,1010.6262321201853,D_right
63,3,491.21683122934496,327.77513441024297,O_top
63,4,519.6574439293897,384.4178293261217,D_top
63,5,408.9836330607544,360.9655947644922,D_left
63,7,630.9974738716014,223.03627834288503,O_left
64,1,620.4851635009184,1349.789957546542,O_right
64,2,519.2894533527342,1004.3115107827376,D_right
64,3,521.6741005268806,350.6770929931644,O_top
64,4,515.0509408749008,383.4568088419163,D_top
64,5,416.8519053224197,367.1006008605713,D_left
64,7,644.5811147584769,236.2284260031891,O_left
65,1,624.0638186318686,1346.9325780349227,O_right
65,2,516.4441350320153,1001.2787137864866,D_right
65,3,520.9802805864541,357.5300382653432,O_top
65,4,508.7398510782394,376.7400816377399,D_top
65,5,405.653073902836,355.2331879387916,D_left
65,7,644.9198916723929,237.0917207525155,O_left
66,1,633.4873519437372,1332.3784165631575,O_right
66,2,526.1962015955012,1004.5636769440345,D_right
66,3,520.2864606460276,364.382983537522,O_top
66,4,501.1965910570215,371.9886468518617,D_top
66,5,408.9908567587101,364.8726377516356,D_left
66,7,641.9860946028668,236.09436126828848,O_left
67,1,644.5006165233824,1317.0313201467386,O_right
67,2,526.8254919403545,1003.309085814656,D_right
67,3,-93.0708724624486,659.5154811381284,O_top
67,4,535.8718047695892,403.1612958099075,D_top
67,5,410.3001431847546,368.3430522170328,D_left
67,7,641.2477891757231,237.15080110275744,O_left
68,1,652.3493776162313,1305.4096070408625,O_right
68,2,527.3767444512213,1002.6645354321748,D_right
68,3,531.2883710137592,399.3620694957127,O_top
68,4,530.1043687071021,432.5343150830729,D_top
68,5,417.518864632375,379.9513489754444,D_left
68,7,640.7253938634856,239.95705683075008,O_left
69,1,653.6922277860793,1302.9106147491543,O_right
69,2,527.2092003637293,1002.8249242684408,D_right
69,3,529.3243677536146,396.97761588901056,O_top
69,4,516.7259351799913,432.3439365021146,D_top
69,5,415.2007272613964,386.1356395408677,D_left
69,7,641.4021147568388,242.8997258253552,O_left
70,1,659.1339032559716,1298.0186148715425,O_right
70,2,526.4677295365918,999.5484704598176,D_right
70,3,-53.39772105916449,684.5202119918415,O_top
70,4,536.3150336197755,449.0098126413301,D_top
70,5,421.5850605497696,398.2600710162344,D_left
70,7,641.8395826033752,244.1920723523696,O_left
71,1,659.3837291900197,1291.5627752421697,O_right
71,2,525.3640176646638,995.865162796726,D_right
71,3,527.7423650720378,401.04669927867366,O_top
71,4,566.5263448281439,477.79147234786296,D_top
71,5,415.87643684455713,388.2095416655763,D_left
71,7,645.9783898173985,236.39483381617228,O_left
72,1,668.7878034902784,1286.887527037662,O_right
72,2,512.1451910476733,985.1163186140286,D_right
72,3,513.7860578170232,387.4786394896229,O_top
72,4,566.4797140733758,468.4860955413132,D_top
72,5,411.3052843980856,391.2721370554126,D_left
72,7,643.7432321818123,247.01928430219763,O_left
73,1,666.6446060611419,1280.4726443580332,O_right
73,2,473.7564351942973,950.2226941839282,D_right
73,3,499.8297505620086,373.91057970057216,O_top
73,4,572.9439159430267,476.32903484931217,D_top
73,5,405.59384139040895,387.70346458029087,D_left
73,7,641.9087278194239,245.4365831731068,O_left
74,1,684.1819372895891,1274.0595435977402,O_right
74,2,498.0759875130893,960.1005636650748,D_right
74,3,485.873443306994,360.3425199115214,O_top
74,4,585.1392275837661,458.3167394975786,D_top
74,5,403.2510382445894,391.2205200289958,D_left
74,7,642.8874225375208,242.9699544263835,O_left
75,1,679.6236759821711,1267.2225065032137,O_right
75,2,499.6180886843814,959.5170122351898,D_right
75,3,484.4476258531304,358.41812943540066,O_top
75,4,589.6866749444621,459.2310898460816,D_top
75,5,403.9500588969003,393.8286421415399,D_left
75,7,651.0323201641118,251.5581136102049,O_left
76,1,670.4596979035884,1252.3194683910056,O_right
76,2,499.8520088877098,956.2784672802712,D_right
76,3,525.5197146864268,414.1758662842004,O_top
76,4,587.8337724399502,456.3500815063077,D_top
76,5,405.89186129068935,401.5362152475401,D_left
76,7,653.3308616509336,249.2492084037813,O_left
77,1,670.8064183231361,1243.5520735981393,O_right
77,2,503.71612869126,957.4428002353874,D_right
77,3,528.4914006062476,425.76629311064585,O_top
77,4,586.5991512055737,453.5343759317865,D_top
77,5,408.2821971438048,404.9501402539268,D_left
77,7,656.4552987118451,252.8875645759196,O_left
78,1,697.411125764555,1240.841428140434,O_right
78,2,500.4610537996144,951.7098094862444,D_right
78,3,525.0459604660341,430.6513187289558,O_top
78,4,598.383339812135,454.4330656644755,D_top
78,5,414.70059106708754,425.4921874284655,D_left
78,7,664.4365292907856,267.3649810134974,O_left
79,1,695.0144526515022,1236.7724558785392,O_right
79,2,498.8137247518919,949.491936801253,D_right
79,3,526.0444253811838,431.8548976625107,O_top
79,4,598.0539708058087,448.63582167319055,D_top
79,5,418.4043863793296,433.19958746856975,D_left
79,7,663.757379634721,267.8486091392378,O_left
80,1,708.9455504296161,1235.1780413252145,O_right
80,2,493.50322326959633,944.8181438619348,D_right
80,3,504.1154961359291,416.0843581060285,O_top
80,4,597.798560278596,447.77155827554685,D_top
80,5,420.5877142560578,440.3857413925162,D_left
80,7,667.7190532188625,277.4777441638025,O_left
81,1,711.060057712559,1234.3556273043112,O_right
81,2,490.61741031296,941.0998267620436,D_right
81,3,496.0064821148352,422.2976909411074,O_top
81,4,596.7805636229926,446.4809136384851,D_top
81,5,415.4292113345935,439.1747147466342,D_left
81,7,666.7309778101123,280.3003156873972,O_left
82,1,710.841667520962,1231.4422658625626,O_right
82,2,472.9418250202851,925.4552859805448,D_right
82,3,516.3103608951142,444.3193075538306,O_top
82,4,596.4966783803376,447.7646532441405,D_top
82,5,416.18315634287376,448.4395718389412,D_left
82,7,664.6011909866606,285.54786287735084,O_left
83,1,709.337113025319,1230.3208457752858,O_right
83,2,471.220026694086,924.1245207783652,D_right
83,3,506.6284281191527,443.9184362325779,O_top
83,4,596.1783663280571,451.103292830862,D_top
83,5,418.4031488114677,451.7973321786203,D_left
83,7,669.256252162604,297.3609071273648,O_left
84,1,704.2357242456778,1225.1564964535464,O_right
84,2,463.81040760664433,916.4698460733116,D_right
84,3,515.6922995661275,447.4426016748416,O_top
84,4,592.3117246026509,433.4258454098813,D_top
84,5,408.7790028393741,449.94570767015176,D_left
84,7,668.0190778185791,311.72536246973976,O_left
85,1,703.422789021236,1222.4865677612663,O_right
85,2,464.1784768363772,916.4233860685362,D_right
85,3,514.325062653724,448.93743218135126,O_top
85,4,595.1825457368247,443.44740910270775,D_top
85,5,409.03630294801206,454.0920271307461,D_left
85,7,677.7791265654777,326.9242127850529,O_left
86,1,706.9012590025187,1218.9990295387215,O_right
86,2,465.4342833005956,916.8636090413086,D_right
86,3,511.2608576763383,458.0110078954443,O_top
86,4,600.7865701419404,457.8533177962447,D_top
86,5,411.7200491107813,464.6927363365402,D_left
86,7,687.1762813647538,358.2233521859048,O_left
87,1,709.6343800902357,1217.3070196038548,O_right
87,2,465.8798067545487,917.3637995641444,D_right
87,3,507.3987951323893,466.72879315151016,O_top
87,4,587.0788907915501,446.6554959443933,D_top
87,5,405.16465795637663,470.2237062859843,D_left
87,7,681.2541238317654,369.51736779327706,O_left
88,1,710.7276878601425,1219.4013161272212,O_right
88,2,466.2278808587228,916.0696123307832,D_right
88,3,498.4772421426756,474.4774128751379,O_top
88,4,585.9373012845992,451.33485183923074,D_top
88,5,406.27380651112674,491.29789188314345,D_left
88,7,678.3208345908682,382.7687354746504,O_left
89,1,710.2570365890369,1220.1722224105326,O_right
89,2,466.656740082296,915.4856487534672,D_right
89,3,499.02384800390746,477.3321906863932,O_top
89,4,590.9925497785166,460.566488718004,D_top
89,5,404.0779292763098,492.83058823317407,D_left
89,7,680.585312443172,393.5913217501336,O_left
90,1,706.0650646032685,1222.6346987397992,O_right
90,2,468.4808412831405,916.2944130739168,D_right
90,3,498.0773463424084,483.9232384784759,O_top
90,4,632.2128843179473,515.6598626199866,D_top
90,5,397.46272887566806,501.8346842863567,D_left
90,7,687.5355619398975,424.5393391747571,O_left
91,1,706.1996699569038,1225.3757244511517,O_right
91,2,469.88438078183606,914.8755077709347,D_right
91,3,493.4898137204575,483.1165615845372,O_top
91,4,633.0458037064361,511.6785202477345,D_top
91,5,406.7749305664972,516.296411962944,D_left
91,7,684.4288240640666,430.5630197971569,O_left
92,1,705.4783038685756,1228.0386573957212,O_right
92,2,476.1058999333722,918.853250407594,D_right
92,3,480.1173180415941,478.432155423105,O_top
92,4,624.6972497705493,519.6350056193072,D_top
92,5,398.1964425105915,516.0315448443426,D_left
92,7,696.5833748182395,476.5717957468147,O_left
93,1,706.2799345713591,1229.0041094244511,O_right
93,2,477.5230868460032,920.2177173191754,D_right
93,3,477.7975506823602,478.8688497630045,O_top
93,4,627.5763525359934,525.4700368841569,D_top
93,5,396.3787485801308,515.9337117770725,D_left
93,7,691.2318429076875,491.2671819498396,O_left
94,1,699.2436706220658,1225.8192190092964,O_right
94,2,475.4075892834144,919.3374619944216,D_right
94,3,451.3924948911275,460.1762126752024,O_top
94,4,630.6981583962558,541.0350107213529,D_top
94,5,397.1616974973544,525.5734553038509,D_left
94,7,714.3605387211056,538.9791455523327,O_left
95,1,700.5045071730533,1228.213591534182,O_right
95,2,474.9816586113632,920.3069939847276,D_right
95,3,452.2885259294589,464.9216423140881,O_top
95,4,642.8864312684642,560.0681922382091,D_top
95,5,398.51431174660735,528.9934707985313,D_left
95,7,709.5364037557134,543.1862216200777,O_left
96,1,695.819289115968,1246.7512117040656,O_right
96,2,473.7384639536258,921.1732452616384,D_right
96,3,434.9726676108681,455.6993184781893,O_top
96,4,639.440075132021,572.8228330321238,D_top
96,5,392.978650699824,539.5041612324227,D_left
96,7,665.2514288849346,511.814836538571,O_left
97,1,693.7367599314883,1256.2375688188156,O_right
97,2,474.6125465412279,921.8162668818976,D_right
97,3,431.7186195007056,461.7797982981287,O_top
97,4,649.4072766843066,578.6160328590795,D_top
97,5,386.6413782609838,546.2723837406603,D_left
97,7,637.9800404470247,492.9417081332529,O_left
98,1,676.1409481005547,1263.181751498341,O_right
98,2,496.4348222171386,937.6618020537908,D_right
98,3,413.9790466719593,459.813013341913,O_top
98,4,671.457505119178,610.2683145561293,D_top
98,5,385.2416411034305,563.1221927711026,D_left
98,7,705.8955060820576,574.9173021369179,O_left
99,1,665.2627891156757,1263.534232241177,O_right
99,2,494.0961668413311,937.7379544560372,D_right
99,3,408.3294381155824,462.3908773076076,O_top
99,4,671.4493030213476,617.2322343320229,D_top
99,5,386.8158426518073,567.6720185329222,D_left
99,7,705.852297556841,573.8646204634515,O_left
100,1,666.3450081586764,1279.8991548982517,O_right
100,2,500.2125825175436,956.2901586308308,D_right
100,3,401.4818591261162,464.01924626483645,O_top
100,4,664.0597599689211,626.7336743555518,D_top
100,5,380.4725265324328,567.0806463722615,D_left
100,7,695.293460749819,596.9414996214953,O_left
101,1,666.8109268804812,1291.7548463350947,O_right
101,2,510.79445746984,968.3801094850324,D_right
101,3,406.0439035174044,472.9138756238855,O_top
101,4,660.7172381915057,633.2391436261191,D_top
101,5,381.4991237061778,571.8860736640296,D_left
101,7,693.0730193641579,600.1953515884016,O_left
102,1,657.1873433057025,1308.0256244858697,O_right
102,2,520.4080495437745,975.744625221674,D_right
102,3,445.3974531059768,504.3085299001292,O_top
102,4,659.9322753795213,649.1872300175078,D_top
102,5,380.1620165233451,573.4517706653287,D_left
102,7,685.4116627056442,608.1275377784194,O_left
103,1,654.1547834732573,1309.8765050574068,O_right
103,2,524.347189773502,977.6172631238068,D_right
103,3,415.2837302743519,477.7001962388413,O_top
103,4,657.6819602030214,657.9044160614258,D_top
103,5,380.4916322460896,574.5122526446559,D_left
103,7,682.2488901826711,611.810355067399,O_left
104,1,646.4935662900823,1308.9198549758016,O_right
104,2,520.8730796736209,978.5351947395588,D_right
104,3,238.51395393254916,859.7742066144436,O_top
104,4,660.6036850166374,687.1883781434896,D_top
104,5,379.3692785763084,576.5862861996173,D_left
104,7,680.0636595317462,626.0183357966475,O_left
105,1,647.9026221153234,1309.1161405206708,O_right
105,2,518.2405491083865,981.831766445204,D_right
105,3,417.4224085006315,461.4486693543623,O_top
105,4,664.2172841102791,697.3486409945343,D_top
105,5,382.18375963677966,577.0265331777823,D_left
105,7,681.7865440435704,637.7872390899532,O_left
106,1,655.0749869015913,1312.050366214787,O_right
106,2,512.5862055956085,990.1095419998696,D_right
106,3,424.8308423745474,439.7499150398221,O_top
106,4,640.002679848417,684.8495536346376,D_top
106,5,375.359021416942,573.0520291953799,D_left
106,7,675.8457789104082,648.0678314887164,O_left
107,1,655.1532664449876,1312.396046498885,O_right
107,2,509.9771383201135,993.3298043567688,D_right
107,3,425.6759072555971,426.49454233571015,O_top
107,4,645.2811018269539,694.9121017109038,D_top
107,5,376.14611549243466,569.8925608256646,D_left
107,7,643.0119869273908,618.330791794666,O_left
108,1,652.95478047132,1310.4371932990668,O_right
108,2,500.5851202091004,1003.1714415174883,D_right
108,3,414.713751437789,395.7579072803079,O_top
108,4,675.3213689575095,743.5344785707413,D_top
108,5,367.3494702307223,570.0964515943883,D_left
108,7,686.1165867351257,668.0002682341484,O_left
109,1,655.8458050285876,1311.1637870914042,O_right
109,2,496.8308328164418,1003.8983010618872,D_right
109,3,383.15970356634057,360.6186886132224,O_top
109,4,672.4464103591997,750.827511298649,D_top
109,5,368.0956257641061,571.2708448095186,D_left
109,7,685.0680569788224,671.9449017377774,O_left
110,1,660.6606676535041,1312.5695227049082,O_right
110,2,501.3898292786259,1017.0293157577678,D_right
110,3,460.4774877921722,431.3048483405522,O_top
110,4,678.7617720282077,743.2868713219568,D_top
110,5,366.0754571875258,572.9936089115827,D_left
110,7,669.1662612942333,680.6885648240271,O_left
111,1,662.0309152184021,1310.864278688898,O_right
111,2,501.3625829880376,1024.1299669175291,D_right
111,3,455.6324375304749,421.1419894587114,O_top
111,4,681.288639827519,747.2541881073579,D_top
111,5,362.98857130771165,574.591462471933,D_left
111,7,683.0986543705193,705.6257960958162,O_left
112,1,664.4050940349917,1306.6138660018723,O_right
112,2,503.9869678476293,1039.5853059670014,D_right
112,3,445.5734353667779,394.1615520704969,O_top
112,4,676.593882442704,757.3468491843495,D_top
112,5,361.2180391270807,575.0506182507918,D_left
112,7,697.0310474468052,730.5630273676052,O_left
113,1,667.8337070155944,1301.582664660389,O_right
113,2,504.2303643331245,1046.3027929485345,D_right
113,3,462.38715249102665,391.293444750925,O_top
113,4,682.3322304659556,754.4653951843919,D_top
113,5,363.202922079333,576.8505439799117,D_left
113,7,692.4254963192127,728.1347290798062,O_left
114,1,671.9603151940817,1294.386885380174,O_right
114,2,499.8026629150508,1053.2791682449763,D_right
114,3,462.2382644030834,384.9660850222112,O_top
114,4,636.647469673871,728.8056897853044,D_top
114,5,366.4532601161404,584.0331895648771,D_left
114,7,705.2493394244642,755.7933059314971,O_left
115,1,676.8681028717937,1287.5867433090611,O_right
115,2,501.2986641012701,1054.9028357462246,D_right
115,3,465.7718546912192,386.2447300149655,O_top
115,4,623.647022168935,722.5516735094219,D_top
115,5,365.5514500433222,585.9301044720008,D_left
115,7,714.187760890249,770.8233460518527,O_left
116,1,682.8240381088112,1276.644858225544,O_right
116,2,501.79646146337205,1056.6670386542637,D_right
116,3,471.2471026283762,368.7129198018324,O_top
116,4,716.1571571593494,802.3426684984369,D_top
116,5,358.7160630766392,579.1670279689007,D_left
116,7,709.4754024281452,718.2881741013523,O_left
117,1,686.8228179249483,1268.439413896745,O_right
117,2,501.06505035599,1057.4127469894863,D_right
117,3,474.6712634247816,363.3549036181816,O_top
117,4,738.4181918897842,837.9795445654348,D_top
117,5,370.80245438800335,583.8477174515829,D_left
117,7,760.2930010518203,789.5651745485185,O_left
118,1,690.4345841649608,1260.243149093268,O_right
118,2,502.9231937552038,1057.006548959041,D_right
118,3,486.0727369422792,342.36958310627,O_top
118,4,740.8079173137735,840.3360898438041,D_top
118,5,376.07518897347967,585.0924364011414,D_left
118,7,757.2432805012421,795.2602645654738,O_left
119,1,692.2097787872792,1258.105028154369,O_right
119,2,504.41375329986965,1056.2210673764966,D_right
119,3,491.3282875104125,340.81178855145055,O_top
119,4,773.4789244532475,868.2655797755025,D_top
119,5,379.3042445537066,582.9918242893663,D_left
119,7,758.7382470853404,794.8938452879986,O_left
120,1,697.2314808473318,1252.7562862794678,O_right
120,2,509.7122370323369,1057.392845130307,D_right
120,3,509.9843635813019,348.1290562551898,O_top
120,4,815.6640094002825,900.0664810340576,D_top
120,5,394.0513131979472,575.202546351043,D_left
120,7,769.2919460817751,798.4577224341789,O_left
121,1,698.5857429046323,1249.6040561915438,O_right
121,2,521.3742299881717,1064.2528280731872,D_right
121,3,506.93178807647257,337.3933426234312,O_top
121,4,827.1965616275695,909.728248935552,D_top
121,5,421.2048119290539,571.4386380570629,D_left
121,7,770.1113397276065,784.429400576791,O_left
122,1,702.7847075157769,1246.5425204519477,O_right
122,2,551.1463530334867,1080.7718110305084,D_right
122,3,531.1732343270438,357.8251399700803,O_top
122,4,833.2385251564452,916.6207575404956,D_top
122,5,431.5484924603088,556.993207135993,D_left
122,7,848.3450495524613,843.794266833575,O_left
123,1,701.5645963017089,1241.2550414955608,O_right
123,2,559.8501286565742,1086.7117656403243,D_right
123,3,538.1730975427221,352.75822250486283,O_top
123,4,834.4558358716637,910.7603805171176,D_top
123,5,433.2044815809856,552.9686642135844,D_left
123,7,850.2916388308882,850.9393560866203,O_left
124,1,701.688487104112,1232.9602631156358,O_right
124,2,586.1896149268025,1103.56639166015,D_right
124,3,535.5705191044103,329.8799179501049,O_top
124,4,844.4916500470434,889.4061305176873,D_top
124,5,431.1868537293264,528.9070961712549,D_left
124,7,858.8390719236055,848.2874875019054,O_left
125,1,703.1271018599462,1228.337202477043,O_right
125,2,587.9646639372023,1103.9448915239482,D_right
125,3,540.9540154987748,323.75900187502174,O_top
125,4,835.3728206631565,912.0502470127057,D_top
125,5,431.5147821915415,521.8930395257047,D_left
125,7,867.3865050163228,845.6356189171906,O_left
126,1,712.8165734155989,1222.6188075539549,O_right
126,2,599.7814984338445,1092.807557826987,D_right
126,3,557.4621848952605,328.0958241436635,O_top
126,4,844.2743902073631,887.4110275637224,D_top
126,5,439.8161174248027,518.8504777667857,D_left
126,7,939.5571489050132,922.5853924918084,O_left
127,1,722.3220185044563,1224.3536060747751,O_right
127,2,599.6603345594807,1090.090106086105,D_right
127,3,554.396919658425,322.4708473391762,O_top
127,4,938.649367579181,943.4454049055802,D_top
127,5,471.30561843482303,543.1284336992868,D_left
127,7,939.5571489050132,922.5853924918084,O_left
128,1,735.2530753295456,1224.2957158269758,O_right
128,2,602.5448604019189,1090.3277291768077,D_right
128,3,586.6187798864246,354.30137712217595,O_top
128,4,961.8195126955476,933.7302568105852,D_top
128,5,505.996133260958,546.4385090563652,D_left
128,7,939.5571489050132,922.5853924918084,O_left
