1,1,617.1983036536733,1426.8260207931178
2,1,617.1983036536733,1426.8260207931178
3,1,617.4436721148342,1426.4778156061286
4,1,613.8177583600279,1424.9894614315715
5,1,613.9134511345982,1424.0050058822837
6,1,614.363862651194,1421.1827122860946
7,1,616.0414301002014,1419.503701970192
8,1,618.6733216872301,1408.5936789405423
9,1,620.5152571594616,1405.7986837669112
10,1,622.3807814121134,1401.5463109034195
11,1,625.1752229216886,1398.7070983556118
12,1,630.6937378617142,1391.9161004280627
13,1,631.3132221349268,1390.778115348312
14,1,631.7789004816226,1384.3000225818696
15,1,632.2770599363007,1383.336150812161
16,1,637.6933831478992,1382.3460812285764
17,1,635.6854119315344,1378.5317192711639
18,1,636.6233448818111,1373.8521235208186
19,1,636.7789776814886,1369.8279333686062
20,1,639.8398966523445,1360.5103986156892
21,1,639.5822204688535,1351.3781856100093
22,1,652.2323478235141,1345.5077340476648
23,1,656.6381087985685,1343.9570536403905
24,1,660.7111246199527,1332.9711681865097
25,1,663.2786884253682,1331.0069978683573
26,1,665.6572002726676,1328.2272127770013
27,1,668.4223504825572,1325.369747207801
28,1,669.7805506274495,1322.400786953598
29,1,671.5541857490368,1320.1171514657444
30,1,674.0501093156632,1313.8507202144194
31,1,676.2577564115928,1309.2998146455711
32,1,679.7934795659435,1305.527616052167
33,1,679.5444405193192,1304.9664691336584
34,1,678.6236403972082,1303.497423602369
35,1,678.2124555421292,1301.9142402556856
36,1,676.7854120707029,1299.35093694631
37,1,675.280981918432,1298.7988605371427
38,1,678.2950916785434,1299.0050048905703
39,1,678.3189888048477,1298.258901581951
40,1,677.7058803407375,1298.8636901460452
41,1,682.2367484816916,1297.2838104246425
42,1,686.7105389824725,1294.050119814233
43,1,687.9457265178104,1293.806838864088
44,1,689.7514046710837,1288.5714311534123
45,1,690.3312559887535,1287.6485564760812
46,1,697.2978953820505,1277.2734530035184
47,1,707.3858784747096,1264.9609737458545
48,1,720.8116243037426,1239.4743356454414
49,1,724.1452207034044,1238.9205706731104
50,1,727.2630985927111,1226.8392409778558
51,1,730.7714061673427,1225.5226375142054
52,1,727.5635308113945,1209.6754929447766
53,1,727.5678652502406,1207.1092524564256
54,1,745.9160574844548,1212.9042138416514
55,1,752.5143470447177,1214.2272052795538
56,1,762.0181206360352,1215.7391500218248
57,1,760.4321609224633,1213.9297544466258
58,1,760.3465228814213,1213.2331216010539
59,1,760.2083245435745,1212.9574685321456
60,1,760.6716076599726,1213.8672659110764
61,1,760.6478322591167,1214.8260611661588
62,1,757.0226313557231,1216.6870202602086
63,1,755.1853725322906,1218.5552214065028
64,1,752.1382045610374,1226.0449703351862
65,1,751.5014359891562,1226.865503041473
66,1,747.4647265308116,1226.6103594646322
67,1,745.1805854987444,1226.9328468343351
68,1,736.3519537878142,1226.4442118483546
69,1,735.1857345600706,1229.5944665356335
70,1,727.9351870825886,1236.0830280628165
71,1,724.4409183565507,1237.4309240072112
72,1,718.0611402911945,1239.5597161700264
73,1,717.0024702332362,1240.0660050457186
74,1,715.6308899991117,1241.3728582473657
75,1,715.1532895147975,1241.4687646212412
76,1,711.6349877967402,1240.841437314386
77,1,709.2687908758437,1239.8119207884758
78,1,707.8157540677421,1240.1378982980573
79,1,710.2439637528322,1242.1866045244321
80,1,705.8096359125364,1244.230612078047
81,1,705.9462355399704,1244.5740292715516
82,1,708.9964165476457,1246.1773945983446
83,1,709.2173311902136,1245.8726237868316
84,1,709.6291589827674,1244.3349433151973
85,1,710.4231546414239,1243.1713362353369
86,1,714.2364371525741,1241.093482763358
87,1,714.2723114496745,1239.5540065045288
88,1,720.101233387159,1240.4353508950417
89,1,718.6262767992853,1238.4175516780567
90,1,713.9325284640278,1226.3281279256903
91,1,717.0595973535828,1223.8964671527604
92,1,721.5911689671597,1213.3000903765194
93,1,723.8473001452197,1210.2840766185366
94,1,726.2230170413,1205.9338729539709
95,1,726.4429024817063,1204.3584412408063
96,1,726.4930257025565,1200.7183773103116
97,1,723.7667927596301,1198.3201709284042
98,1,719.1507028775357,1195.2560495658781
99,1,721.5109388723268,1196.1608324619383
100,1,716.0297045976945,1190.5213514974118
101,1,723.3697387292419,1192.4572532917325
102,1,724.6554479563086,1188.089165237268
103,1,726.6197731729927,1185.1494212077434
104,1,730.9184461661321,1181.1548467671128
105,1,732.0956167995042,1180.0854410955378
106,1,734.6618850033373,1180.6440170301391
107,1,735.8245507389374,1180.6990407831117
108,1,736.240587740168,1180.5259517637546
109,1,737.8074531298978,1179.8269332974724
110,1,739.9237229145666,1175.5362121003218
111,1,742.7470435296152,1173.8632841226176
112,1,745.6481436629048,1167.8036776888814
113,1,746.8647456219827,1166.8502647768921
114,1,750.9503694330136,1166.2161936594641
115,1,752.5733417973985,1165.97214845994
116,1,752.5641466941041,1166.098167876561
117,1,752.0967221555229,1166.253637541987
118,1,754.5452276204859,1167.6106075904884
119,1,755.2602320654811,1168.7760923029382
120,1,751.8241851972765,1170.0023598836835
121,1,761.5798453125207,1180.90049658849
122,1,758.2781402845002,1186.8141564761972
123,1,758.7370376611781,1189.3189996352019
124,1,746.244625906554,1189.121729132678
125,1,735.299653709427,1189.9324070986293
126,1,701.3770988031831,1168.941784759008
127,1,689.1713612997205,1163.9135082975902
128,1,685.4981176547849,1161.740263337743
129,1,683.1303072584612,1160.3296320615457
130,1,663.6673053753761,1149.7090365924746
131,1,612.6734864489474,1121.252398050437
132,1,612.6368660597535,1124.8497798045632
133,1,608.487098716039,1125.352843185298
134,1,582.8891866183423,1114.0538671628847
135,1,581.6902700477474,1114.1648050583324
136,1,570.0153225679277,1111.0389632053723
137,1,557.4968698094863,1106.667681798533
138,1,516.427043881647,1091.1757429464844
139,1,515.2881542700834,1086.0629998994282
140,1,479.15440220163134,1070.2528578107226
141,1,478.91163487523994,1067.5670217899785
142,1,464.17587726326167,1058.219324689275
143,1,465.5843739592328,1059.5001126883767
144,1,441.0366487845801,1047.25884363038
145,1,443.0681986882454,1050.3337898268007
146,1,434.0361612835371,1045.0500416612058
147,1,428.6203762548447,1047.9686552467015
148,1,402.1712180124758,1033.83488014139
149,1,389.7017461269453,1027.6308211644982
150,1,384.7268757274035,1028.0729740677316
151,1,378.02159819728365,1024.2417511876195
152,1,367.72398650791916,1017.5180061133673
153,1,363.154356093824,1016.0072831586081
154,1,362.48015674642835,1017.0379019971444
155,1,360.4382563884204,1015.050890626594
156,1,339.2698061197236,1000.9830513914973
157,1,336.98954168065166,999.375692159711
158,1,327.27041332148923,989.9857324239006
159,1,316.37280189465656,981.7393224577886
160,1,315.6125903716579,968.4427089034352
161,1,322.0811913177093,976.7085202589171
162,1,321.24363931406947,968.0093216785234
163,1,322.0795579460074,967.192915517078
164,1,304.4102825452339,954.6144618819206
165,1,303.2893902701127,953.8610143331322
166,1,280.23628754301035,934.9969352694674
167,1,263.57779169922424,915.759425503919
168,1,234.27619992479575,887.6671772594375
169,1,214.94325793140914,877.8992992913912
170,1,191.5200018102438,859.6544800412042
171,1,183.38816030440515,853.7511142313926
172,1,151.1902725614262,831.313302552931
173,1,150.61139845248738,829.513409766316
174,1,150.03252434354857,827.7135169797011
175,1,149.45365023460974,825.9136241930863
176,1,148.87477612567093,824.1137314064714
177,1,148.2959020167321,822.3138386198565
178,1,147.71702790779327,820.5139458332416
179,1,147.13815379885446,818.7140530466266
180,1,146.55927968991563,816.9141602600118
181,1,145.98040558097682,815.1142674733969
182,1,145.401531472038,813.314374686782
183,1,168.9486958368676,824.5994559068201
184,1,185.62129340469627,827.3626433485468
1,2,884.2377402188977,546.909873388008
2,2,884.2377402188977,546.909873388008
3,2,884.1845024996447,547.7303289016049
4,2,884.9381734119303,549.6809240005894
5,2,884.2351935052936,550.0195611506705
6,2,884.3404140927902,551.0237806172228
7,2,883.8720133131563,551.6069332477047
8,2,881.9162545630442,552.0269324455027
9,2,881.1358910566656,551.8712968134093
10,2,878.3886518428848,552.2051205466331
11,2,834.670041095936,494.93177589706335
12,2,856.3382004830902,534.9583682965336
13,2,848.7238554722941,532.5132440522251
14,2,849.4786714480736,541.6675678549461
15,2,849.0477480512851,543.1558163360786
16,2,849.6402616142454,545.2826026828907
17,2,849.8409171728387,546.6695182127972
18,2,850.6901445826406,548.5928300386237
19,2,850.4668037386886,549.197343920815
20,2,850.0034406718113,549.6993801225125
21,2,850.1488768693422,550.6060698415489
22,2,849.3151362673351,551.1565171068427
23,2,848.767617926371,551.4043007335365
24,2,846.1890396987557,549.6926241698482
25,2,846.356038273341,550.9304128828878
26,2,845.5342810048037,551.8917464679439
27,2,845.0342361162077,552.3361309388785
28,2,844.6950216541403,553.1698732879294
29,2,842.2008514167352,551.9572396923035
30,2,837.1824891915254,555.7550111852436
31,2,834.0062773102517,555.2697600783029
32,2,831.1427862084637,557.7919446586329
33,2,831.142333139635,558.0846090397552
34,2,833.066733844543,549.9438880460583
35,2,831.9001441670302,548.9896323818085
36,2,832.2312335171448,546.7679183323227
37,2,832.8754741527752,546.2774026983863
38,2,828.461300429898,563.3968952328182
39,2,829.2787350240429,565.3435675507238
40,2,831.2205226078235,569.941233555639
41,2,830.3616420915235,569.6237982069745
42,2,828.4657860436623,570.5890269773657
43,2,827.11239729376,571.8447310546816
44,2,826.4228210500573,577.0150912571745
45,2,825.5241189774292,579.9312691989534
46,2,823.0714037286415,583.9892885097893
47,2,821.4911608881134,585.288267359746
48,2,814.4668972546359,585.7622253280492
49,2,808.8441416125328,586.4560204812122
50,2,774.3035682820762,556.545910957776
51,2,793.1086226885458,582.1221739509729
52,2,774.1909398219831,563.320526995119
53,2,761.7946632805657,566.7541285133863
54,2,736.5270171816414,560.4484396221106
55,2,739.2419031973908,567.3364506898268
56,2,739.06753451746,577.4586927099407
57,2,735.2732511002878,582.5193967992719
58,2,727.4492368888783,599.1408115031228
59,2,721.8947831451807,607.220198699412
60,2,707.553690278719,623.5503482128299
61,2,712.3030443086088,645.3989240075764
62,2,709.9874062178935,667.991207991155
63,2,709.5628849083482,670.6088066631503
64,2,714.0249071096569,678.8570359992165
65,2,715.3523738872601,680.9211052768542
66,2,714.9053857965896,684.720885318674
67,2,710.7116345316399,682.0179012206794
68,2,716.7721959286966,688.7910883173893
69,2,713.8526515582755,685.0012118556006
70,2,720.5752743900297,692.1033989450289
71,2,709.1748492253729,680.00363462748
72,2,710.3431720047299,673.776572312793
73,2,717.9286746601656,675.3594635993499
74,2,713.0241988869686,643.2742541138527
75,2,742.4238631568951,660.5850411633485
76,2,724.3617089359493,630.8596661625476
77,2,724.6774741575151,626.9930643868794
78,2,729.8265030493754,616.9073655422882
79,2,730.4165138547395,613.7230593749149
80,2,733.8165045431516,614.6683086735934
81,2,724.5345999740343,616.9550086318168
82,2,710.6324127168896,598.5255844391457
83,2,696.7302254597449,580.0961602464747
84,2,682.8280382026002,561.6667360538037
85,2,678.2407967023125,552.6988933750223
86,2,661.309735717695,528.0487486179229
87,2,643.959530211758,506.78529978858586
88,2,629.6093540541841,487.2935982915791
89,2,630.3538293729443,487.9901034860159
90,2,629.4333461221121,482.60242441307486
91,2,620.7406920150864,493.70360844810136
92,2,619.5735409233932,486.7665327053117
93,2,626.4919889239774,478.7380095285432
94,2,597.2416077816631,443.9305026680145
95,2,594.9629116056183,444.7397504638818
96,2,596.4129240333473,449.7067392664789
97,2,604.2656379167687,459.5209006340395
98,2,604.176088264324,454.97384580677385
99,2,602.0087311974794,452.1566478365628
100,2,592.7433688044225,435.7440187586613
101,2,603.3677206997,448.92094224099156
102,2,600.9126500288521,445.71536744176507
103,2,605.3725276647239,452.62539469803545
104,2,581.4376662561187,424.5311950673809
105,2,570.2646590175809,412.0495863442475
106,2,559.6071578335813,396.4735164685363
107,2,570.5109526638707,409.59323061080244
108,2,564.6606563429065,407.2906948105138
109,2,568.220370774282,413.0031291812879
110,2,532.6673536917236,377.05529737811895
111,2,555.3800553932396,407.8422603034444
112,2,555.1682025791075,420.09301164292924
113,2,540.7879987068575,408.4957395583026
114,2,561.0301587884816,435.3880882472475
115,2,552.2350815194247,435.40504995488516
116,2,556.3957708778681,453.32226505042877
117,2,550.4807206809755,453.6945476362773
118,2,539.5202355030549,459.7293677111323
119,2,530.986058611919,458.3243914329645
120,2,541.6149897927779,474.9537219014844
121,2,522.1068725240375,480.4840652862673
122,2,518.4210875523681,492.2449615128727
123,2,509.1886296916257,498.8680104020626
124,2,501.8763815356624,494.8133774622913
125,2,501.03022998014103,504.50466546664944
126,2,478.17491654296026,488.4099972059254
127,2,471.3422129774966,487.4363839250988
128,2,464.516982800806,491.65212054727283
129,2,462.21735040073077,491.3348336678659
130,2,442.1488462374207,488.51519278008584
131,2,439.5134953521811,490.9318308535313
132,2,439.4962167261446,497.1974524206964
133,2,438.89673798924383,496.8467891160423
134,2,438.50738721869226,500.8836887039564
135,2,436.94405111192924,496.78995605885154
136,2,438.3471225185727,493.4068586937348
137,2,423.9923602873279,475.29923716139746
138,2,407.9722236302227,453.9814263762197
139,2,409.9450160339835,451.6145708154209
140,2,408.11041330718933,438.53518547345357
141,2,413.1650629581628,437.73776487544205
142,2,424.72525145256145,425.0696922053521
143,2,421.6648078279645,420.80106277752384
144,2,356.4977484229803,358.7144367457171
145,2,344.21865436456363,345.53025711410345
146,2,342.5336664860728,339.18662064469294
147,2,344.78080191647524,343.53990914935065
148,2,320.0744026000306,319.4947724711011
149,2,319.18580474011657,312.4246531072876
150,2,304.0627377542584,297.63386396049236
151,2,303.19961165119906,295.3897475719148
152,2,297.13440350012604,289.4477480873965
153,2,292.1795836211406,284.15668687334176
154,2,292.4107447950382,283.6541286319684
155,2,286.3129990808497,278.05533519949824
156,2,279.73714681164427,270.8353192952535
157,2,272.56555072673336,261.9781244796738
158,2,283.5330792354654,275.6698408919205
159,2,263.4920176269378,253.4682831636355
160,2,286.6691265684827,275.20938030552946
161,2,286.4248463649765,271.8467404970812
162,2,299.4542423702309,281.55750951563465
163,2,317.07550123741476,298.29520473821344
164,2,321.21949430676744,300.26640430634353
165,2,324.1254566820891,302.2229420654717
166,2,325.6763073751064,306.43651392399823
167,2,324.8621633618358,308.5095058047357
168,2,324.2723308866151,314.30980724278527
169,2,321.4208995391245,312.31435666538965
170,2,327.29191827256705,330.1905881159958
171,2,324.3250479471483,328.3567560738922
172,2,320.0044698970551,327.6860510543037
173,2,329.3304272924958,338.9748699011282
174,2,338.9249216093673,358.00128925866096
175,2,341.43749418238707,365.05058991310017
176,2,339.07719955361426,376.07486471615516
177,2,345.906790309651,385.7453870551355
178,2,349.61555026545574,398.2283805927003
179,2,350.40775470142125,402.0353644576044
180,2,363.6125733094558,424.7595381555622
181,2,365.0936945819836,429.23850886476674
182,2,373.59234732398886,444.9558343861933
183,2,374.15623957579925,447.9820284025951
184,2,369.94940309410276,452.36085556234775
1,4,978.6705239743058,512.5735642876715
2,4,978.6705239743058,512.5735642876715
3,4,978.8061119458418,512.7260378283158
4,4,979.7340043469413,515.3348778203675
5,4,979.6805732366972,515.2313551304402
6,4,979.647621812912,515.9333823025485
7,4,979.3648211740496,516.4612432989767
8,4,979.2264981658798,516.6767576877437
9,4,979.3397380265893,516.6661352904563
10,4,979.1636597970389,516.8696361547172
11,4,979.0381736571477,516.8041611729573
12,4,979.0322965886772,517.0147855832669
13,4,979.0496073331893,516.7807233204471
14,4,978.3425753165075,517.5717314169672
15,4,978.4850402530312,517.8102757667947
16,4,978.3004370266073,518.0353192288691
17,4,978.4610852547756,518.0480263623681
18,4,978.0790657304713,517.7790378004695
19,4,977.9705148215388,517.7445528320488
20,4,977.8070233930043,518.1753995055183
21,4,977.0825788195225,517.033924282819
22,4,976.289064100633,517.3973689398019
23,4,975.759213171296,516.4279593683722
24,4,970.2192144140043,507.34863317069164
25,4,970.5885663799505,508.5060301588637
26,4,970.562579143352,509.99964152858854
27,4,971.0617729128647,510.58842793381376
28,4,966.1078934897331,514.1218270961255
29,4,965.9414453123343,516.2891581614347
30,4,962.5635607972986,522.0847495508236
31,4,961.6741022167972,526.4952936003411
32,4,959.8365520750956,530.2396050816444
33,4,958.3192168379882,529.7032157918942
34,4,958.1560133931306,538.7779503639914
35,4,956.7654694773639,539.7256363870048
36,4,956.5066434665978,544.2938528305978
37,4,954.7906387617526,545.6910447674711
38,4,953.5874719430257,545.1932887307438
39,4,955.0964315374513,545.2640546728442
40,4,948.0420543014437,538.4504821444474
41,4,944.6573436844195,538.3699145074656
42,4,944.33407216856,544.8545401449554
43,4,943.6316534801972,545.7405767638353
44,4,947.9513263138373,555.5092377401223
45,4,946.2393948934106,555.341237760244
46,4,943.3469695725437,553.5098111743895
47,4,944.3985599785021,558.0343049852931
48,4,937.2399623122269,557.8517019004016
49,4,933.8021465985398,558.4961916246914
50,4,918.3710923634144,558.441529042811
51,4,912.9181742873809,570.9052709625295
52,4,896.0758748020908,586.0542117736999
53,4,890.9068022520875,587.5765733677754
54,4,882.4802905177814,612.090116692813
55,4,880.9872379836011,620.1825044328303
56,4,897.0389049762825,650.6137648659226
57,4,897.004243437144,654.6521309593126
58,4,892.0965331200325,663.6050088126582
59,4,891.1817772165153,666.6247093771797
60,4,881.4623577709682,672.841207672451
61,4,884.4372713929289,683.1984799113636
62,4,886.7075832214316,690.0751881555159
63,4,887.09834370532,690.4240715515283
64,4,884.1793384414,686.1016929445221
65,4,883.9642217679138,684.963718599194
66,4,882.9568913470425,682.1620752712067
67,4,877.2651630046371,674.0042855870271
68,4,875.51926983917,665.9781078270709
69,4,871.9224923185844,659.2268925511894
70,4,870.2925163796225,652.0303414868341
71,4,869.8903536825019,650.057775674716
72,4,850.0118973588545,624.4533922608499
73,4,839.8759215918273,613.3476136764016
74,4,837.3128267020846,609.6253202950058
75,4,837.1125461308167,610.6749908647247
76,4,837.4070158824118,600.1037644088723
77,4,833.3520461236719,593.2164555611303
78,4,800.5238375756943,557.8354557744985
79,4,801.7044250386311,553.4520732662916
80,4,796.9381448711662,556.4366229201697
81,4,788.7210105159219,546.5108594336363
82,4,781.1272245985992,538.0893122999122
83,4,777.4286349930522,534.894300941457
84,4,749.064958767497,495.6185037093916
85,4,746.8870201120059,493.7293367168061
86,4,716.1520084895997,458.3567141632193
87,4,715.9730728742891,458.83711657775996
88,4,711.5584629247259,455.23233128239445
89,4,700.7865299152564,441.94598984093636
90,4,680.6297083321606,421.74328659272726
91,4,677.8392903725183,418.78431127376757
92,4,671.8943408240626,420.4399669179716
93,4,671.005889180335,422.27620434283534
94,4,661.7462798331312,413.77356263265466
95,4,660.1950091389859,413.07924298065615
96,4,637.3681175222697,388.7791422197268
97,4,633.2139076099168,388.2795591774129
98,4,623.5642665377325,383.7935506050986
99,4,619.4152132285349,378.83515912300305
100,4,618.0365053524225,383.2950588038297
101,4,627.1104682470499,401.832388204056
102,4,621.9803820255188,397.9655193953373
103,4,614.9167286082744,391.6503659860722
104,4,609.1266583417794,391.2879721607747
105,4,612.5513442671071,398.1899106038328
106,4,608.3485619250016,397.30221196347475
107,4,606.3873868654965,393.2565688517783
108,4,604.8204238620118,391.47209697202675
109,4,606.8000029828218,393.9999073357105
110,4,608.8464081173363,396.8484057850575
111,4,604.5420430288611,392.4148034824486
112,4,603.241237573958,390.39685629951566
113,4,606.3948281736007,393.29772491180256
114,4,605.8730745789811,393.10721016767684
115,4,605.1009854389667,395.78179246179747
116,4,570.8871954544261,357.16397642912193
117,4,568.8589734352871,361.671945174439
118,4,561.6110675767471,375.4542810807488
119,4,560.5933443897995,373.32177703937646
120,4,555.8626971942331,366.20614155177327
121,4,554.8930116928658,366.11283753078584
122,4,553.0163051475193,369.7836736871753
123,4,555.8453398391033,373.8874621362992
124,4,549.927411091262,370.0475365044685
125,4,550.5897326895927,370.40107741758254
126,4,552.1559552764302,370.5316945619529
127,4,548.9338748051763,361.24391902058363
128,4,543.5931981128712,351.2063984472395
129,4,536.8217079290428,337.6709116004103
130,4,539.0262093700969,325.54563754747517
131,4,542.829713321666,324.5700575177405
132,4,535.1595050951333,303.455244673987
133,4,537.588330710958,302.6446642377072
134,4,518.3972511946188,269.5764078280853
135,4,519.1339007157959,266.00703271596853
136,4,518.0004291204468,259.61024850418306
137,4,515.9807132556401,253.8754893889446
138,4,513.7705010124432,252.976689182802
139,4,508.0494461799234,246.0012612174655
140,4,475.091079546732,201.42649689257166
141,4,470.2058090469979,194.18025648208678
142,4,463.16875652599987,185.75062880592765
143,4,459.9557176458388,183.81517916393986
144,4,441.04991652911406,167.1574845453131
145,4,434.3208158989593,164.60115505464276
146,4,402.52500847883016,133.06762177224735
147,4,385.6454702147619,121.98470079508341
148,4,379.48290948207966,131.01682945745156
149,4,378.108093654449,134.55751024815854
150,4,370.77577677359335,134.53267754301808
151,4,368.4884413042646,133.20330210823604
152,4,360.68385537028803,127.20197424072667
153,4,356.7958256546831,127.69980460065521
154,4,357.6938620624684,133.19573532665683
155,4,356.656775453601,133.24214072640177
156,4,353.88188079058756,131.1534032552924
157,4,348.7274431857671,126.28036669665038
158,4,336.34829567586354,122.16731911406951
159,4,330.56317010160194,115.456191394416
160,4,320.6578614796313,101.7678676766046
161,4,326.4689551265306,108.03068293423254
162,4,325.38430513195965,107.33322978096928
163,4,323.99465824942524,107.59293339429686
164,4,336.2025967971059,124.04249379679626
165,4,335.12586813841625,122.64096635941681
166,4,339.26711522729545,128.17556915571146
167,4,338.16791830779033,128.25637199706466
168,4,340.95296216518733,132.37096452689497
169,4,340.7840696170549,132.3538057176052
170,4,343.2663046144659,139.06908752841852
171,4,337.53789864098275,136.55968615951323
172,4,337.8049386800457,142.97773623137738
173,4,336.7367721319686,143.83131496973078
174,4,334.72712099343283,145.1725658663553
175,4,337.63953079181607,150.39895494733227
176,4,336.60577104023133,157.41022178017468
177,4,331.9693943278389,155.9411585970534
178,4,333.90778816096116,166.89524652079126
179,4,332.3480638409567,167.6859317376171
180,4,335.8403769273331,177.16170275003324
181,4,337.00920485762026,180.5450167162448
182,4,335.7419991839524,184.63882537128043
183,4,335.8610868212216,185.72910556234493
184,4,335.94326208493425,192.62923410743582
1,5,594.4682085639618,1144.155522944674
2,5,594.4682085639618,1144.155522944674
3,5,594.4356573518108,1144.4073714570463
4,5,594.6447866945175,1146.6646631021915
5,5,594.0483578535151,1147.5259388912714
6,5,594.3938579336564,1144.8210932058598
7,5,595.1934819882283,1144.7189993648296
8,5,595.2700265716817,1144.352242222017
9,5,595.6460468846163,1144.3943182003406
10,5,595.5702173285506,1144.074717245189
11,5,594.3250728115057,1145.5901820603835
12,5,593.5019431890545,1145.4995440618484
13,5,594.1054808122739,1145.4470015330412
14,5,593.9304548424954,1144.803330018102
15,5,594.1122005893226,1144.8804315364866
16,5,594.2918487437086,1144.302430962778
17,5,594.7556157245905,1144.2441086900185
18,5,594.1578848704041,1144.2749717441031
19,5,594.5080496132726,1144.050836796625
20,5,595.2909930382319,1143.2056309948616
21,5,595.3664778107396,1142.3187821045915
22,5,595.5123807086312,1140.2396045874111
23,5,596.2550693779192,1139.3069439895792
24,5,592.2274390945133,1133.7567474987054
25,5,591.6556399511519,1131.916306224703
26,5,591.2533204227701,1125.240004819832
27,5,588.5743047121961,1119.6630020442356
28,5,586.3333025022421,1103.551880660631
29,5,584.8101456778221,1099.3427761521546
30,5,582.7449595611924,1092.6925510519934
31,5,581.5575741414383,1089.7540283944388
32,5,581.5404307786888,1090.4375125055778
33,5,582.3555632952922,1090.365086283974
34,5,589.1832418921465,1082.1066578000869
35,5,586.2018519771023,1078.8172470816387
36,5,584.8140124511988,1072.5457192094045
37,5,584.6429308975918,1070.7645052350713
38,5,586.5060533783809,1066.8368836549555
39,5,586.9589050743072,1065.3783459369342
40,5,588.7011255453091,1063.9541754297504
41,5,588.7669076442609,1065.198292787703
42,5,574.2326927914257,1060.2058631055252
43,5,573.907589918084,1060.85498431943
44,5,555.7399224952048,1052.202883878676
45,5,554.1837645091107,1052.6380782276553
46,5,551.8919493604153,1048.6047679690973
47,5,550.8345699617213,1046.225052323675
48,5,555.2398008364603,1046.2911526755456
49,5,556.9676253589549,1046.4983170807686
50,5,556.6873044788841,1044.6349120832745
51,5,559.1663167744548,1043.27581180143
52,5,569.5110848938165,1031.4224689328064
53,5,579.2349045415604,1033.7985503745028
54,5,584.7740744637583,1027.2966319938148
55,5,572.9625975714741,1017.0115984067145
56,5,607.4416273157045,1031.1405524773793
57,5,618.8283154261112,1024.4463739081355
58,5,626.8979912370963,1022.2802081141658
59,5,636.7368043939629,1019.1223823012881
60,5,641.0696841124371,1019.3861397277869
61,5,640.5584305990398,1018.8176858705297
62,5,641.8920139879723,1022.7025986732751
63,5,641.3031449636674,1024.3578308237313
64,5,641.116890174264,1028.1844117129883
65,5,639.3803529169297,1030.715747656045
66,5,628.9142795078216,1041.4346230386382
67,5,627.2130010203416,1047.1595791958307
68,5,627.9472680761828,1065.2773488803068
69,5,625.5464838246348,1067.2303396395469
70,5,639.4493032625822,1081.5133267191156
71,5,637.0524916471497,1084.2591872704174
72,5,632.3111195362113,1090.4676101812197
73,5,630.5680397262927,1094.0229644749973
74,5,626.7924096002658,1101.1406254680155
75,5,625.8447455093742,1101.9503651913822
76,5,581.1966647403256,1077.4901760437767
77,5,601.8632036976154,1089.934357710992
78,5,585.9991841594234,1083.0716302922328
79,5,583.2693529275545,1082.6006852379337
80,5,578.363951291197,1081.72421945731
81,5,577.9088033831421,1081.2899309435804
82,5,581.6262058841563,1082.4546571986218
83,5,581.3780280909144,1080.9885446423834
84,5,582.0293252199277,1079.0758600302242
85,5,579.0077108664028,1073.468182816333
86,5,568.9394615772461,1060.372731640412
87,5,551.4131698610076,1037.429900880706
88,5,544.1082148212475,1021.636216966993
89,5,542.1540474488041,1018.095536688198
90,5,541.373792782738,1010.6806126212467
91,5,546.4852693751083,1011.0947790452096
92,5,547.2353148172527,1005.6348434323613
93,5,546.5904464009944,999.2781491483719
94,5,552.0699273490883,991.6276861498018
95,5,554.5430651002272,988.8502044773214
96,5,557.9113843929766,985.2654268614574
97,5,555.5764883002279,980.5027325663189
98,5,538.8832499266401,964.3489770700724
99,5,538.2420258506983,963.3373098527243
100,5,555.8575646136318,963.9941481362016
101,5,566.7423771580169,966.2634183150334
102,5,568.9248607943675,963.8126801906691
103,5,569.5175425427675,963.3108080256006
104,5,577.8200208989492,964.8396187363893
105,5,578.9007466153367,964.6192373839888
106,5,579.1696678518857,963.028659402265
107,5,580.6595971580249,962.713837492783
108,5,581.6228169648193,961.5945324836362
109,5,582.9885859457962,962.797227082768
110,5,583.6573883736281,960.732786296836
111,5,583.4797761406355,960.3595615218661
112,5,572.5714999236392,948.0733544980578
113,5,558.52376323137,942.379833007072
114,5,528.001439854073,918.9700483307839
115,5,529.7755573800564,918.9840765008826
116,5,529.4316967337718,919.264465412155
117,5,522.7377520133832,921.0198309951472
118,5,519.4102253981813,925.4964245556409
119,5,524.0009299984035,921.2897512244367
120,5,512.4278059633477,923.2146954655697
121,5,505.566708354934,920.079967550364
122,5,484.8060706457854,912.9030888912979
123,5,457.75269898211036,895.2738192168774
124,5,446.4681109719841,886.7029035432835
125,5,442.0299595779884,883.5897847556741
126,5,428.4231800175539,875.210353387441
127,5,425.4788964674459,875.9924073120073
128,5,420.59780342203936,874.9246130082001
129,5,413.4412975871019,868.4249841352806
130,5,391.7861753227183,851.5289820417112
131,5,378.00707403840426,841.0897212726653
132,5,351.03302578607816,822.190929828455
133,5,336.81359626146025,812.3987071282618
134,5,316.6784553460349,804.1169612695011
135,5,316.24692161443687,804.2611385933739
136,5,311.6124564095452,805.9111840063607
137,5,314.7566609412576,803.7161577146709
138,5,312.96044659295006,801.7213941592221
139,5,311.57943765033764,802.5420457019992
140,5,311.5598769316167,802.9331874078164
141,5,313.0305279006419,805.0790800037173
142,5,314.270508485112,805.1727627752164
143,5,318.44750571646046,807.885629028292
144,5,329.62875062011915,811.6711759965763
145,5,329.3790092386564,810.427163577417
146,5,333.93706257713995,805.663000758314
147,5,338.4507855164974,797.1919115395597
148,5,301.33021071570903,763.2224584125097
149,5,311.7824804790186,766.089307896038
150,5,313.0468153396781,753.0264489994335
151,5,351.3875577409159,771.4982442770541
152,5,359.1222373415869,774.5443113837879
153,5,372.86726929148415,779.3836992240365
154,5,396.0002359713895,796.0365352880876
155,5,403.22111620686536,803.3647774413686
156,5,401.59013869528724,818.0934184000236
157,5,394.6798368652781,838.3055868717463
158,5,395.9553733442466,834.9137235410988
159,5,390.877648273588,840.424112164751
160,5,388.5405989967772,840.3151841087259
161,5,384.08664277259413,845.5153255417077
162,5,379.44601096667515,852.7164421565057
163,5,374.3036524484696,858.2270722017438
164,5,367.13455610769364,864.3518484874957
165,5,358.69470657245796,865.9270520679452
166,5,326.9019279156172,863.2273049968362
167,5,301.7621771966307,841.5947419012991
168,5,295.3073321375501,844.934134134528
169,5,286.7340758050512,842.6517226103215
170,5,208.35616303135205,802.0765139952096
171,5,217.05125383186925,811.2237210980736
172,5,261.5976326631746,862.016767410214
173,5,261.80848740211854,866.6415437423547
174,5,286.51936844262025,878.7465912111034
175,5,276.1176529905338,876.8637110377317
176,5,279.2528909159823,885.755035997452
177,5,269.01033500959716,886.9799941512708
178,5,272.07473427119726,893.3779763926912
179,5,260.7390245264135,891.4854520904503
180,5,249.93737993298947,896.631493245244
181,5,249.65603581530596,898.7300055285184
182,5,246.44696182174258,898.8894216404253
183,5,244.70731831348746,899.393819868851
184,5,229.44411058953048,902.2368549712929
1,6,495.54406582757855,242.29074701059446
2,6,495.54406582757855,242.29074701059446
3,6,498.9767546017489,243.12774473291367
4,6,495.90719067477005,246.4322618800708
5,6,496.1459766130033,245.5230580150332
6,6,494.88999551786446,245.51408719386671
7,6,495.5785135171802,248.8944669328197
8,6,491.6288035853697,257.98098885743894
9,6,490.8754440864293,261.1604666805764
10,6,488.09657808646193,262.29421070855324
11,6,487.7049791197881,262.68637632657635
12,6,489.131463516486,263.4801272302539
13,6,493.1037474616381,266.5460032446504
14,6,491.9221513843965,258.923933258382
15,6,499.9737940978461,267.80829149714305
16,6,506.8988706046953,275.3112490092421
17,6,511.7159080557428,278.88184496249403
18,6,513.2563437365942,278.68830268855027
19,6,517.4085933342341,278.89456952639176
20,6,521.0948518791128,266.09685307605673
21,6,516.8249061252043,254.6872149275275
22,6,533.8960587097312,266.98109415493894
23,6,546.1431773044906,273.4492163880217
24,6,574.1752877183422,303.5498680061018
25,6,571.5454291470553,301.83541378971614
26,6,443.0591270832578,375.4527554277588
27,6,314.5728250194603,449.0700970658015
28,6,186.08652295566282,522.6874387038442
29,6,57.60022089186532,596.304780341887
30,6,-70.88608117193209,669.9221219799296
31,6,65.79829629288668,635.8669570196965
32,6,202.48267375770544,601.8117920594635
33,6,339.16705122252415,567.7566270992304
34,6,475.85142868734295,533.7014621389974
35,6,612.5358061521617,499.64629717876437
36,6,601.0129230432495,511.3656260756772
37,6,589.4900399343375,523.08495497259
38,6,577.9671568254253,534.8042838695028
39,6,566.4442737165131,546.5236127664156
40,6,554.921390607601,558.2429416633283
41,6,543.3985074986888,569.9622705602412
42,6,531.8756243897767,581.681599457154
43,6,520.3527412808645,593.4009283540668
44,6,508.8298581719523,605.1202572509795
45,6,497.30697506304017,616.8395861478924
46,6,485.78409195412803,628.5589150448052
47,6,474.26120884521583,640.278243941718
48,6,462.73832573630375,651.9975728386307
49,6,451.21544262739155,663.7169017355436
50,6,439.6925595184794,675.4362306324564
51,6,443.9029391735627,676.9618884577498
52,6,465.21199138832145,682.8661630517895
53,6,450.41084436614494,673.4344249010308
54,6,460.69722343135646,672.6636242591968
55,6,474.1955292037139,682.1817181038798
56,6,496.3438227019842,697.1814132406596
57,6,498.3404345249534,700.7165006868555
58,6,507.5217538694846,702.4852747299302
59,6,508.32033666349963,701.3596117947159
60,6,513.5713683576989,701.8752407563583
61,6,510.1325640355134,700.614484328714
62,6,506.30747118886444,687.1100773355587
63,6,510.1822268080006,684.4929601251121
64,6,492.1922000800426,636.5420159525246
65,6,501.1675849428945,641.3876813530572
66,6,518.6928035813022,615.5326743310566
67,6,525.9630676195678,615.7595760663289
68,6,492.0638718641022,570.2205032462996
69,6,492.3588983819375,562.3076987593644
70,6,511.02368782794474,567.9636946585827
71,6,538.2679446648468,578.3829262896171
72,6,535.9953017318359,540.6413188676262
73,6,532.526438049453,514.369845435696
74,6,556.8936037130629,520.3192399123677
75,6,557.6132904750644,514.6585395714476
76,6,576.311263340028,521.1713908687778
77,6,577.1577006811663,509.9942581385252
78,6,522.5908662060425,421.03839428772255
79,6,544.7263880408248,438.28038172194897
80,6,540.9351360380085,417.1415063001671
81,6,586.2951339616837,459.0796517391012
82,6,713.4894423501376,600.2508202602046
83,6,705.7474182034264,589.0526927473094
84,6,553.9631472807916,367.53046584116555
85,6,559.5122136640538,370.22588003010827
86,6,574.1580216819756,373.0702985785077
87,6,581.1681049437558,372.292151709678
88,6,587.2895509850791,366.0897567135062
89,6,584.5438467932727,361.68276930704087
90,6,565.4279485164263,334.49220645112933
91,6,534.3183366241971,294.3250746445129
92,6,566.1600177431915,322.45752825507645
93,6,551.8688394567602,307.84869022825757
94,6,541.6199199749957,305.2466867032223
95,6,541.147450666281,304.64893581182275
96,6,533.3641246011392,309.5990516148256
97,6,547.6818213318916,313.503916185616
98,6,544.6042587285833,313.26012196251116
99,6,541.5266961252751,313.01632773940634
100,6,538.4491335219668,312.7725335163015
101,6,535.3715709186586,312.5287392931966
102,6,532.2940083153503,312.2849450700918
103,6,529.2164457120421,312.04115084698697
104,6,526.1388831087338,311.79735662388214
105,6,528.6829062144053,316.2265882053417
106,6,529.3773521204168,320.71927703434676
107,6,530.0717980264283,325.21196586335185
108,6,530.7662439324398,329.7046546923569
109,6,531.4606898384512,334.197343521362
110,6,532.1551357444628,338.690032350367
111,6,532.8495816504742,343.18272117937204
112,6,533.5440275564857,347.6754100083771
113,6,510.2169033016631,318.68350540455356
114,6,486.88977904684043,289.69160080073004
115,6,489.4397781738034,312.0633738269459
116,6,466.0205017047858,295.3347337148935
117,6,456.6272803751891,299.13457840759344
118,6,436.50486741603714,296.6600477975089
119,6,408.031696408633,274.7597136802209
120,6,413.7328035391003,302.5565706097634
121,6,343.88775506391823,242.0053199386476
122,6,373.7888908718448,305.01580217833373
123,6,504.7461905388399,470.29064335308743
124,6,441.6727778868992,425.08063850718656
125,6,378.59936523495844,379.87063366128564
126,6,315.5259525830177,334.66062881538477
127,6,294.92570341199973,324.74412858886984
128,6,257.96968384911247,316.61828239811
129,6,255.0033251599295,335.49679034045175
130,6,252.03696647074653,354.3752982827935
131,6,249.07060778156355,373.25380622513524
132,6,237.78404727817266,382.02022705539923
133,6,242.19994934463128,387.5752488504322
134,6,192.8227188258995,415.2087709884124
135,6,194.56687151122466,407.1486062625616
136,6,179.63429328174908,422.711842724272
137,6,164.7017150522735,438.2750791859824
138,6,167.70853136140346,452.10461910021957
139,6,161.09623234027714,450.41770452617146
140,6,143.67580671150478,465.2553544580446
141,6,136.59245247125403,472.05008449709374
142,6,92.12117643441947,499.35707814426894
143,6,109.11340861217431,482.3005178967397
144,6,119.7661295177651,525.7551838022832
145,6,111.42320724335748,539.7849418842351
146,6,103.08028496894987,553.8146999661869
147,6,97.83782913010491,545.6312202034553
148,6,91.09560866932506,561.2558131479724
149,6,84.35338820854521,576.8804060924895
150,6,77.61116774776536,592.5049990370065
151,6,70.8689472869855,608.1295919815236
152,6,64.12672682620567,623.7541849260407
153,6,57.38450636542581,639.3787778705578
154,6,50.64228590464596,655.0033708150748
155,6,39.525713193245394,598.1939185130619
156,6,86.46699473459692,680.5151180697086
157,6,83.57968318609991,656.8859190398131
158,6,44.75043631546967,643.339497399626
159,6,116.23223095664267,698.8726128326294
160,6,140.49932069814128,731.155253555924
161,6,88.33240148106779,697.8948488989945
162,6,141.69637069833277,740.154511489111
163,6,100.95884861494845,771.2572981291888
164,6,129.70387077893724,783.7012321074826
165,6,158.44889294292602,796.1451660857763
166,6,187.19391510691483,808.5891000640701
167,6,193.05415872677503,810.3338695380486
168,6,199.14987378489565,814.6756335656769
169,6,195.9085376979559,814.2652469225344
170,6,185.00463389970136,818.6225880138057
171,6,174.10073010144686,822.979929105077
172,6,163.19682630319232,827.3372701963483
173,6,152.2929225049378,831.6946112876196
174,6,113.564449592353,803.7572722384489
175,6,110.57253017630039,801.7892967071963
176,6,175.4739810257146,787.4380630911807
177,6,222.07177926205617,816.0945388599755
178,6,218.44256031101798,816.4449972748695
179,6,221.4033412237009,815.6308422133393
180,6,229.74447909834052,817.3669030763057
181,6,233.18606632713056,815.6998399655256
182,6,239.05093817669461,800.4639650221998
183,6,236.91651100292714,799.0898307004022
184,6,255.6323810352591,810.8659286950333
1,7,538.4451669877333,177.94829315579503
2,7,538.4451669877333,177.94829315579503
3,7,536.5956083492039,177.43850613419806
4,7,535.4433252036695,176.10449845616188
5,7,536.5962082330486,178.16939487469003
6,7,536.0786249579013,180.40700949189574
7,7,531.4327600697904,187.12239068789683
8,7,534.8528479708513,198.96181592270702
9,7,531.0818079208372,196.06246557258737
10,7,539.2294959206968,206.83923677429712
11,7,546.507360201278,216.19451576747124
12,7,547.2412656708647,216.2666061123598
13,7,547.5590946896104,219.61349458260094
14,7,552.2359933944239,223.91085465434938
15,7,558.7713402070071,228.90868351566505
16,7,542.0131062520062,201.49040982409204
17,7,533.8580489451821,192.51289652637342
18,7,541.9772217622054,202.88456342209506
19,7,549.0628175718031,210.53115103239256
20,7,544.8168325168134,207.0144999773494
21,7,545.1718474847661,212.7204308200215
22,7,546.7736897654557,228.1166261628968
23,7,543.1913996183604,226.5107214879108
24,7,570.5197301775805,276.02674798499436
25,7,597.8480607368008,325.54277448207796
26,7,625.1763912960209,375.0588009791615
27,7,634.7530298506861,388.06700942596535
28,7,630.5396579849065,401.8678126560476
29,7,627.4104968070884,413.09304468988233
30,7,623.9653868482922,422.20695835046905
31,7,620.8934546530165,425.25134861546303
32,7,624.6897056900788,450.9303087518952
33,7,614.3987086486665,459.38474502686006
34,7,598.2673923953804,502.00644956124114
35,7,603.1054730236966,515.5469980603231
36,7,603.6422134818622,543.5321233220311
37,7,545.6175743231128,500.3405904761235
38,7,510.9106767737181,495.1132082660687
39,7,564.7280349538187,568.2525142029749
40,7,569.4217194680032,589.7805773377777
41,7,556.2938052567605,600.7535667698056
42,7,543.4300970717585,638.675498967461
43,7,542.038416299688,649.2367516847771
44,7,526.9886048297898,679.3260055201803
45,7,530.0001793035226,679.6447186736756
46,7,528.2192960295956,713.9450526392574
47,7,528.1382508286237,723.9602322768666
48,7,521.9084131979807,729.1090960308288
49,7,520.1592099394396,728.1190022046502
50,7,521.8316655521379,730.082489758242
51,7,519.6964763173207,725.9445511063806
52,7,521.1718927623488,721.9877847847245
53,7,524.9274719065951,722.5170587187139
54,7,526.482577986769,678.6999706668123
55,7,522.0879390661819,691.0522880704488
56,7,533.9868169124924,673.9402551716466
57,7,542.4830637648672,674.343686604959
58,7,545.3884693230964,668.5170943785488
59,7,543.5634368254146,656.7088916689535
60,7,547.5406547901122,636.0077369676881
61,7,561.592508112982,605.3459167220589
62,7,567.1660356558075,603.1539013436733
63,7,569.549723721962,600.2428557212984
64,7,577.6007045314569,589.0430684382519
65,7,578.114857327595,581.5315138721973
66,7,591.3895015381594,551.1806327587688
67,7,574.2880538066911,513.8265285225885
68,7,491.4214230707403,404.74064184532244
69,7,477.15694083438876,363.88472071804046
70,7,518.0829661348918,390.881189732314
71,7,523.0623399826651,380.2709652647952
72,7,607.1491124819872,431.3310996632922
73,7,598.9301309269407,416.1847526536003
74,7,622.4386694095522,375.2615706663409
75,7,644.8128416309702,364.5556004674877
76,7,643.5767628844621,361.0436660185409
77,7,663.5605950349939,390.2859954464464
78,7,633.8382891710309,299.99417320309686
79,7,628.5969702173796,287.1280484779231
80,7,636.0334971224621,276.8795856054789
81,7,639.0844101172231,269.3314121619599
82,7,641.2288368890603,266.269403411901
83,7,643.5076235325863,262.3617649006408
84,7,637.14112466836,244.4873655037944
85,7,632.9969533991112,238.49409593433458
86,7,628.1145295259445,227.89541769371124
87,7,634.2234726690807,234.49029992067605
88,7,633.7365450437052,227.67025921155073
89,7,634.5126270214513,228.3953909944094
90,7,632.6181625211326,222.26927318555147
91,7,632.218068807579,221.25895718774376
92,7,631.4503727388324,216.42007360354134
93,7,632.9498436509044,218.70269939201182
94,7,631.5226888034791,214.5786039919771
95,7,631.8322482016181,214.68815872692576
96,7,634.1543608404486,217.58300754753864
97,7,633.5728367857791,216.1978912024969
98,7,634.416977851484,219.05753598735828
99,7,635.3455676574935,221.46082543439366
100,7,635.024250166816,223.1196370883603
101,7,634.9456074523121,225.808487377898
102,7,633.0138296678468,227.59004134200586
103,7,631.7033419517666,225.93316429980814
104,7,628.3271726056271,236.09539944633994
105,7,626.2229846533094,239.6496192385069
106,7,624.9653658857608,236.67327401941637
107,7,625.6304982958563,237.77442476507306
108,7,615.9121717558302,239.42688380783778
109,7,569.1098553797631,198.28370027396454
110,7,552.2145881645012,217.79567117995842
111,7,538.7993869759939,215.13197159166631
112,7,532.2874393021604,217.82552765263145
113,7,526.6235703744339,228.93876725963102
114,7,527.9091859387739,258.27913400890407
115,7,451.54253411956654,308.808622640875
116,7,375.1758823003592,359.33811127284594
117,7,298.80923048115187,409.8675999048168
118,7,222.44257866194448,460.39708853678775
119,7,146.0759268427371,510.9265771687587
120,7,69.70927502352976,561.4560658007296
121,7,-6.657376795677578,611.9855544327005
122,7,-83.02402861488497,662.5150430646714
123,7,-79.37343228883722,664.7445507629235
124,7,-75.72283596278947,666.9740584611754
125,7,-72.07223963674173,669.2035661594275
126,7,-68.42164331069398,671.4330738576795
127,7,-64.77104698464623,673.6625815559315
128,7,-61.12045065859847,675.8920892541835
129,7,-57.469854332550725,678.1215969524355
130,7,-53.81925800650298,680.3511046506876
131,7,-50.16866168045523,682.5806123489396
132,7,-46.51806535440748,684.8101200471916
133,7,-42.86746902835973,687.0396277454436
134,7,-39.21687270231198,689.2691354436956
135,7,-36.71798334289756,675.964228584768
136,7,-34.21909398348314,662.6593217258403
137,7,-31.72020462406872,649.3544148669126
138,7,-29.2213152646543,636.049508007985
139,7,-26.72242590523988,622.7446011490573
140,7,-24.22353654582546,609.4396942901296
141,7,-21.72464718641104,596.1347874312019
142,7,-19.22575782699662,582.8298805722742
143,7,-16.7268684675822,569.5249737133465
144,7,-14.22797910816778,556.2200668544189
145,7,-11.72908974875336,542.9151599954912
146,7,-9.23020038933894,529.6102531365635
147,7,-6.731311029924522,516.3053462776359
148,7,-41.56514768689187,508.13332183821086
149,7,-28.22222653154646,529.1886068428898
150,7,-14.879305376201053,550.2438918475688
151,7,-1.5363842208556449,571.2991768522477
152,7,11.806536934489763,592.3544618569266
153,7,25.14945808983517,613.4097468616056
154,7,38.49237924518058,634.4650318662846
155,7,51.83530040052599,655.5203168709635
156,7,-85.89999507119701,551.0953461283987
157,7,-9.598492605975089,601.5438758885207
158,7,-4.4333145390297055,608.1231655354547
159,7,0.7318635279156789,614.7024551823888
160,7,-29.41836198560615,592.733264609968
161,7,21.9979326144028,629.6991988696142
162,7,117.61731446165281,690.5561815163401
163,7,130.64032873042447,698.5297004586374
164,7,26.873944275257976,624.2405754542384
165,7,4.660848947405891,607.883623881738
166,7,20.258272851948362,620.3687011330207
167,7,17.160838650142313,619.262585516788
168,7,16.566584901739326,615.3257900459017
169,7,18.63103140380713,619.7658805277274
170,7,13.269803507449371,611.8968605589843
171,7,14.4406890415471,616.1324983706971
172,7,13.496633867932307,607.0895855057418
173,7,13.168533413469948,606.7928972250338
174,7,12.761972088749424,599.9177452986322
175,7,17.737902969831726,598.3541925644982
176,7,21.30367058447343,604.8230849208735
177,7,23.535673188825598,601.1810998894678
178,7,29.409100541621306,600.5458589501819
179,7,31.961180762071013,600.6847009905113
180,7,33.6104389374195,599.5932050958559
181,7,40.35738829898597,605.5640878647121
182,7,34.67259528125546,599.387301055712
183,7,35.55807677033799,599.907446205833
184,7,29.844902933985747,594.11843570453
