1,2,865.7460123777931,568.5242894321752
2,2,865.7460123777931,568.5242894321752
3,2,865.7215522951636,568.489444802519
4,2,865.6241321090704,567.9877103857907
5,2,865.5610197182431,568.0170901362147
6,2,865.7087962245934,567.6362253799982
7,2,865.8299972842748,568.1725140465545
8,2,865.6147042265575,569.078383811707
9,2,865.0087402523991,569.0820357765215
10,2,865.1757550979568,569.9479307894028
11,2,863.7358885551499,568.8312084857533
12,2,864.4110428797103,571.5904460066436
13,2,864.4338556993883,572.0113703442361
14,2,862.1820521454683,571.757710669648
15,2,861.7809823954116,572.2548300536475
16,2,862.5203005621953,571.8610376872956
17,2,863.7065432658552,573.6192705485608
18,2,852.8786138481457,557.7974551580074
19,2,851.502664866994,555.6874450630646
20,2,838.5913611159865,537.2431027677633
21,2,836.9831773659756,535.1713217499131
22,2,834.7139244406819,532.8564920451502
23,2,834.697663969322,533.396998889214
24,2,834.0759431105886,532.9952917957887
25,2,834.7445299536104,534.5986440273433
26,2,835.2855299900814,538.0862878666543
27,2,833.5615265219434,536.697253458111
28,2,822.7699564356019,526.6883440968002
29,2,820.3382411738185,524.6738672122095
30,2,806.4005865414093,512.25398367926
31,2,799.8740808922389,507.5589353338185
32,2,797.0626543744503,509.43836835661244
33,2,796.187948323131,511.1870817844465
34,2,789.9068205473935,517.6155693386333
35,2,787.170448779964,516.1773690291353
36,2,788.992818090447,520.2183292066001
37,2,783.5618088955634,515.6679670077953
38,2,776.631975881496,510.708650458114
39,2,776.2011821753156,514.4249574652954
40,2,772.3250109386261,522.8407691808287
41,2,771.6085668173101,533.8363229058468
42,2,766.3384693349678,533.9222530302285
43,2,768.4880559029519,537.9765272393327
44,2,767.8196097978168,538.9530169877859
45,2,768.6406580087404,539.5743056138559
46,2,766.2164736115102,536.9936008176804
47,2,757.3355848741131,519.1820262961829
48,2,737.1840576159055,490.56282562548876
49,2,736.4767315571098,471.83413808724134
50,2,721.3507615607316,465.5952411856644
51,2,716.4832412432975,443.93049616004987
52,2,685.9330822818922,428.389625792622
53,2,687.5592085061728,430.9048377793139
54,2,684.8832481801506,436.12560318452955
55,2,684.8123056171825,440.09799025252494
56,2,675.6730144312988,439.12573747337996
57,2,670.089897238971,443.56735558201734
58,2,650.2256642376153,428.4484346334147
59,2,645.3817486286375,427.92992568052676
60,2,625.5311587849286,407.85754723326517
61,2,617.2501652204702,398.9526280054725
62,2,591.7073511007377,378.2747356537812
63,2,580.5094770927057,371.86836138070197
64,2,557.5302393509148,368.06376714477454
65,2,572.3515132293269,392.69236970776524
66,2,523.5919512810758,356.5260648870869
67,2,524.859547314986,359.76050504108014
68,2,533.6309803414915,374.64977176535575
69,2,555.7195323745644,402.7265149044337
70,2,561.7132530376861,411.5026537130941
71,2,555.2543727053978,405.6379434750425
72,2,550.5538755218233,407.3482195602645
73,2,530.6148670908766,382.7219034067309
74,2,544.963868775893,386.31135970996934
75,2,557.4005549879811,397.96273253526925
76,2,561.8797582363023,400.68745322674994
77,2,559.1393916216041,395.7091655751221
78,2,566.0436492617142,390.34880260487853
79,2,580.3512252080683,392.43999066414
80,2,588.6402482684135,382.32490502342944
81,2,596.8301333883181,377.81435779988846
82,2,612.8256372733159,370.15022764336607
83,2,619.97495677781,378.36277034629944
84,2,646.8109065293949,399.742052745429
85,2,652.758783068837,402.79719550996674
86,2,670.6500646102456,427.10830818730415
87,2,673.3365517851166,421.46273228057805
88,2,671.5509706154497,425.4303857782235
89,2,672.8611673661953,425.38866881617645
90,2,666.7997296965865,436.83609066717855
91,2,665.7717316235468,440.9695789650764
92,2,662.1696271404805,447.8706018393181
93,2,660.1779309972352,453.2961957132154
94,2,663.3009855270817,473.0154045538133
95,2,667.6061527213561,482.49364755778385
96,2,664.5556593027859,491.06042272443574
97,2,661.5393562204579,490.13259412577145
98,2,656.3911267811192,485.0125466919201
99,2,653.496841687566,482.4332055161984
100,2,641.6141803314262,477.6025469710459
101,2,636.9960781103066,473.68060959452464
102,2,616.6978216093893,453.04336581834133
103,2,612.3530134675293,446.8868545264819
104,2,602.5998681834178,426.29882352682546
105,2,599.2827637445058,425.9296875543015
106,2,595.3280748853359,428.36519095010436
107,2,591.5611529035041,429.42130146810854
108,2,592.4323290863728,432.9472438729641
109,2,593.147361349582,434.5284874645962
110,2,588.4700721410676,437.4340399202904
111,2,589.7578282840781,444.8833022769123
112,2,587.0507723535023,449.95971087468894
113,2,588.1854076442061,452.42187453633943
114,2,586.1515312632692,456.99028167582264
115,2,584.6886215194355,456.47503892791406
116,2,586.8151911992892,463.4725401985643
117,2,582.6873150279569,460.925216350065
118,2,599.446177195454,490.5346141581306
119,2,603.8886647479517,498.5073079062646
120,2,607.4439284114363,508.4423669300634
121,2,611.7246761134232,520.0765380736526
122,2,627.0274384921481,541.312792534696
123,2,633.1455991893314,549.915005362327
124,2,637.4728599038542,558.450640027909
125,2,633.175812347586,558.538065648602
126,2,630.032736696694,563.8407958033663
127,2,634.9408100920265,573.8331351035104
128,2,640.3220705725462,590.9727449622521
129,2,639.3188413523671,591.1711760543233
130,2,639.3603396899088,590.8507190792907
131,2,638.3630791137011,592.1115314615028
132,2,633.2867587748815,594.4455559459639
133,2,631.1501727266336,594.9183649774557
134,2,631.3334728427432,593.6488160112536
135,2,627.17804264205,591.3959732235434
136,2,595.1138170831226,552.3994625722399
137,2,590.0724868673067,551.7237958781961
138,2,570.6080349279473,521.731495623162
139,2,566.3200400978409,518.3825603770267
140,2,568.0971579164228,515.802476068795
141,2,563.5480940144042,509.10000272734385
142,2,569.5293537907521,512.5063663877597
143,2,569.9267149432824,512.3130641855918
144,2,572.5372698096511,514.7118507294336
145,2,570.3873070644803,515.2548189879656
146,2,555.5904011134108,504.45793507953323
147,2,567.4505185548703,519.2346366513129
148,2,534.5855240941307,508.0223915729833
149,2,528.8354884872867,503.72139234984746
150,2,508.860528969652,504.1413364306672
151,2,504.0685682249147,502.39336816688905
152,2,502.93125801870934,505.4981579788054
153,2,511.92883482001247,518.2820392357789
154,2,508.47339029291754,542.6048824476267
155,2,499.772446083686,535.120015707365
156,2,494.94955403658173,566.5591593976109
157,2,492.932644543577,569.9879206692137
158,2,487.69353722284006,585.2898652002148
159,2,480.58819820042027,586.5872768293921
160,2,489.7447468857419,582.8728480229389
161,2,487.2474641262377,598.04180434874
162,2,474.57827716731873,603.3030805474519
163,2,475.4403237492456,610.395922819776
164,2,460.57829007202844,624.231040499893
165,2,453.2560357059915,638.0737184555798
166,2,440.9620810527874,646.1047172480912
167,2,437.9431018416821,646.329012614196
168,2,399.7354004333938,636.484599194764
169,2,381.70078291411534,636.7652594377805
170,2,318.4812126480824,617.6544850706697
171,2,304.8784110422257,619.2333550010982
172,2,296.41621722964675,635.3200761119803
173,2,289.9494100979589,640.0411869093888
174,2,291.982339156734,667.6749604860374
175,2,281.68262919842766,672.3111874668485
176,2,267.1034898801607,671.044546434402
177,2,258.6525723452552,668.042109247032
178,2,265.00772605208977,678.1256518473808
179,2,266.90970498924554,679.8795615848188
180,2,268.1252835959479,684.2707749199212
181,2,266.3226825582085,683.1806061764537
182,2,269.9449128024637,686.7910212952588
183,2,276.67648606867704,689.279975578077
184,2,277.7592313422758,681.5635520482974
185,2,277.31731138894514,683.9761064990016
186,2,285.78771608448653,696.0626705596667
187,2,297.8894209008689,708.0972149431966
188,2,318.8042868427571,724.5669641314698
189,2,327.0166260960672,731.3661277818857
190,2,332.9756741077545,741.854815734746
191,2,328.556937604409,741.5919195070396
192,2,324.84141123316897,744.9408825853118
193,2,326.5536731379471,747.6839967070041
194,2,319.055441494918,750.9132900384345
195,2,333.33098630354624,764.4481368230967
196,2,384.63533069604426,807.897105647871
197,2,400.93144320779294,821.1703308069596
198,2,401.0460482372964,826.3668183187053
199,2,405.3260868396814,832.879195528217
200,2,408.8744993315219,844.3249217596612
201,2,403.0076311206966,846.3890295344218
202,2,419.90932091752785,880.8120328737881
203,2,425.0557644215467,885.7095066019174
204,2,441.70612405804934,910.5363649966396
205,2,461.1147420517933,931.9839365823843
206,2,477.96982870184047,950.0529463799019
207,2,476.93148734589846,952.3695010405384
208,2,472.2390249009911,959.0388908372377
209,2,468.9617974846449,963.6548581472838
210,2,492.455688055141,988.0167949149302
211,2,503.3787248708942,999.5030169904319
212,2,517.8919996367343,1016.3168270144718
213,2,518.6203525165341,1017.5452513111463
214,2,523.9937317878563,1023.9432199036015
215,2,521.2358801884546,1024.4303256554028
216,2,522.2507105679315,1028.4827710622728
217,2,535.2326645418786,1036.7333845884596
218,2,549.6732627906994,1046.9719371433061
219,2,554.6093375009881,1052.8857853602735
220,2,571.3314178238779,1060.7661522024134
221,2,574.951179353592,1063.768548217202
222,2,580.4787553130783,1067.2940458121432
223,2,578.8057100901135,1065.8045833099366
224,2,579.3376307034722,1062.5840896392328
225,2,580.8832373104805,1064.2865408860227
226,2,579.805636151864,1060.3793398503306
227,2,582.3809171248545,1055.4956392900226
228,2,583.6131610041964,1049.6922910206158
229,2,583.0433789428708,1048.1680424875997
230,2,579.8773401737402,1045.0741742810228
231,2,579.5449658001714,1043.4696223187746
232,2,580.6824080002667,1043.3403561757552
233,2,581.3214794586139,1044.6792591716928
234,2,561.5419955074054,1035.997611658275
235,2,560.3952774856078,1035.6013960788546
236,2,557.7921450437417,1033.41813525857
1,3,969.0485967250672,525.0537246329199
2,3,969.0485967250672,525.0537246329199
3,3,969.037484850073,525.0445918073706
4,3,969.9870534663743,527.4034101318646
5,3,970.0153920065765,527.364405175646
6,3,970.0217572167924,528.1971567437096
7,3,969.9473894508466,529.2139532966614
8,3,970.4085373859199,530.3104217621203
9,3,971.0390539537323,531.0575825356738
10,3,970.8967139322394,531.6334168321587
11,3,970.6423337064001,531.1680319698693
12,3,971.4997799596662,532.1415217780806
13,3,971.7039785504604,531.4106621749033
14,3,974.3206950950478,526.1174500927539
15,3,976.1775766637118,523.3603042086776
16,3,977.9010637835596,515.3814863462869
17,3,977.5709226165045,509.6233843374829
18,3,977.8972493247871,500.7611928941043
19,3,966.1215246438613,478.40586592386614
20,3,973.486429935884,480.95286713650216
21,3,971.3527168865126,474.81081361869144
22,3,976.4157887049081,483.35733617179096
23,3,974.9342608382373,482.0518663266681
24,3,974.8238873383109,481.6358928508744
25,3,975.5700359016423,480.5684585287769
26,3,975.4708810147175,476.61404156501885
27,3,972.6179076294355,485.8591283478365
28,3,965.209540165282,481.7409920170349
29,3,961.5879894036184,484.6279966646622
30,3,948.5882146982083,449.7489573509006
31,3,954.2988714842389,459.82449261084275
32,3,952.924464892296,458.2569792256195
33,3,950.0941763091882,455.5157839769657
34,3,954.9481308865295,465.37374727245646
35,3,957.5232237637903,471.70919181519963
36,3,957.7293969027992,477.96979802399227
37,3,955.7403120672216,477.1942974045361
38,3,953.8668295765631,480.60494149488926
39,3,951.2214149714234,481.28318886646673
40,3,945.1089690817059,483.04829914541665
41,3,931.6668372071595,469.66655144627003
42,3,903.6865232281954,448.35540011452264
43,3,902.1784732260581,453.33060390152616
44,3,893.2334607728823,455.07425720186563
45,3,889.0676908810447,454.1440719909844
46,3,874.8877547000251,459.34405562172066
47,3,848.839397384111,429.0075718825342
48,3,823.3216826280908,413.4587661232427
49,3,818.1913106214038,422.1157401739239
50,3,809.5526082777009,430.6619749639228
51,3,801.9659686059553,429.68479053437807
52,3,766.8873906029613,400.68647300793333
53,3,749.6578131845249,382.78779280316024
54,3,733.4288418524787,387.63186305224866
55,3,745.4446200056062,411.47740523111787
56,3,705.9932931560661,372.46962224976556
57,3,696.4811922284241,370.5621343926176
58,3,656.881253892643,344.68229876951284
59,3,649.0907722098702,342.69934765960824
60,3,633.9166628422919,341.84215593261297
61,3,623.2470117351435,333.5684521011961
62,3,610.8794131827843,335.0055536492372
63,3,600.6562680394803,327.9596632137477
64,3,587.2094864526182,352.9174353339316
65,3,584.1188194407732,355.1839929060595
66,3,585.5691739202334,362.5178618676381
67,3,585.8544307991785,363.4019985025932
68,3,582.7572845040373,363.79927882559883
69,3,586.5876710542568,369.06687690343705
70,3,540.3791548985334,333.7640407523736
71,3,511.6499301336934,308.54408770942695
72,3,501.1444626307016,297.53961132407045
73,3,551.6417741708213,362.65953074689287
74,3,503.08750391800817,313.42338195490305
75,3,504.11107305639655,312.46753953389003
76,3,474.49033167164134,296.31040841237
77,3,447.85738699412013,278.3713479272941
78,3,469.6238081235314,311.4184341363285
79,3,547.3296510544103,371.79120447634546
80,3,488.5051300636934,325.4862856489879
81,3,479.66075670881816,354.1188214827879
82,3,476.0363142482746,358.0949797016802
83,3,474.36332243674036,358.43928239473627
84,3,465.3700662541529,363.8473661136715
85,3,459.76180850010525,366.4388739887331
86,3,451.7391070958694,371.82179129219793
87,3,417.6932398999947,360.93251467764753
88,3,416.0488592656142,379.28471297478734
89,3,412.51310375837573,378.0862473651736
90,3,392.8963814959633,380.11923630991566
91,3,409.6825183934682,409.0197824544757
92,3,386.7389005335429,398.9950083779874
93,3,384.1107588227213,409.29849542196024
94,3,381.6146062817296,419.17115586907676
95,3,383.18638310065506,422.22580944178833
96,3,366.93441471765385,432.31096507707326
97,3,372.5829038693875,437.79402305022484
98,3,393.22693979618066,462.0726877447862
99,3,392.21855163320157,464.6087481716585
100,3,400.75122159096674,461.82701607560085
101,3,395.0545303320672,478.34769409034976
102,3,391.94850542730114,478.98222678151285
103,3,389.58702676220344,477.6626471679974
104,3,396.01028351512826,486.1987421829593
105,3,399.9602400431098,491.7190293360087
106,3,397.95097831406196,491.44440975286176
107,3,398.0912534125438,492.6569097740448
108,3,382.7601870737539,461.32741326880364
109,3,360.66730035537904,431.29666921650477
110,3,357.1636081527359,441.15954039856615
111,3,378.86524813918675,463.05230497799187
112,3,383.7235391068362,461.0656351456102
113,3,385.9764343511222,464.1334507531397
114,3,405.7291915760618,487.8257179344316
115,3,403.9098599034037,486.02252720950895
116,3,404.78230811519865,483.21177987347835
117,3,410.6484939911816,483.82592474038063
118,3,413.5398910039453,475.649708543214
119,3,412.6889915447901,473.4432788751292
120,3,419.20609386599386,475.51019345352785
121,3,427.7726662413002,483.76826296222544
122,3,450.7553154885503,508.2876748109291
123,3,458.72763579174045,515.4716832943969
124,3,469.99064970538376,526.2213726630235
125,3,474.2925908514152,529.1610342361336
126,3,474.13450610445034,524.9665286808885
127,3,477.0834067132006,524.642309289695
128,3,472.42665590751034,517.5273978287312
129,3,474.0146804955744,514.367212681366
130,3,468.3168810778488,483.9722893080161
131,3,473.54197107176077,476.9391397660841
132,3,463.40441096457687,445.3113906198225
133,3,470.04249352642194,449.3353022583495
134,3,476.680576088267,453.35921389687655
135,3,483.318658650112,457.38312553540356
136,3,489.9567412119571,461.40703717393063
137,3,496.59482377380215,465.43094881245764
138,3,503.2329063356472,469.45486045098465
139,3,509.8709888974922,473.4787720895117
140,3,516.5090714593373,477.50268372803873
141,3,523.1471540211824,481.52659536656574
142,3,529.7852365830274,485.5505070050928
143,3,536.4233191448725,489.5744186436198
144,3,543.0614017067176,493.5983302821469
145,3,549.6994842685626,497.6222419206739
146,3,556.3375668304077,501.6461535592009
147,3,562.9756493922526,505.670065197728
148,3,569.6137319540977,509.693976836255
149,3,576.2518145159428,513.7178884747821
150,3,582.8898970777879,517.7418001133091
151,3,529.0982582176105,464.293993263672
152,3,542.0818496401383,468.18363070530023
153,3,540.0008583719459,465.5316619724265
154,3,544.9550812900853,458.205015457218
155,3,549.3842658135391,462.5941648800386
156,3,558.613105036696,457.1619242336578
157,3,565.3581183115283,462.34834533109733
158,3,580.6665647217806,474.1563717525764
159,3,589.3855435336469,475.037302176693
160,3,618.3608851049132,495.03781466611815
161,3,619.94428056417,494.28359160960196
162,3,626.8489745876467,495.32595408054374
163,3,626.9074133927451,492.81679903329365
164,3,629.1003509915812,491.4766723755573
165,3,629.1839360236428,491.7141961463603
166,3,628.6026213995108,493.616389917777
167,3,628.4546564244135,496.0963909382237
168,3,633.5462032827076,507.1172430460768
169,3,648.9748070194399,529.959570502533
170,3,649.9489848215882,538.9830698143758
171,3,646.3707734887992,549.198032878509
172,3,633.0026911187626,577.0788516882378
173,3,634.426611375233,583.0946569142069
174,3,627.560892825674,588.2813177299867
175,3,620.3703548149799,588.2956793918011
176,3,578.2964003248946,571.3780520276426
177,3,571.0804398169764,576.8443489513736
178,3,542.5094042370276,591.4211235910101
179,3,546.4388951312063,599.1837690862011
180,3,534.5176495778043,610.0915996214075
181,3,527.3418585439459,614.2197266920753
182,3,524.8197317387464,632.5554257315042
183,3,527.0427398872654,648.5557575628967
184,3,518.8342176837494,657.5188466123204
185,3,518.4114281624991,667.5091386398601
186,3,506.1585895315597,681.3840080343289
187,3,500.36144752698374,684.5855280764928
188,3,492.90684386987834,702.3940672903462
189,3,499.61910844193164,719.7023199485661
190,3,517.9614373876101,751.9777472383214
191,3,524.496675770166,763.2692710958877
192,3,524.216352596227,770.9774531603724
193,3,524.2281667554576,776.402874332071
194,3,576.476757202461,825.2900840053014
195,3,577.7604558154361,833.9119519452483
196,3,595.2238475129063,852.4782523119507
197,3,591.6874548557071,855.4356089724652
198,3,592.2598862026194,872.6486588368575
199,3,585.3307489587672,869.4365109782364
200,3,619.0778516146834,906.0145579081635
201,3,664.4117326164767,943.2998941204183
202,3,675.1065274086872,954.8918764277306
203,3,676.0937452032517,956.6217708825754
204,3,679.0882594942021,958.7597768475458
205,3,685.7043141701569,962.8665050221804
206,3,749.4812196300941,1008.1524049037004
207,3,759.6062996877843,1014.3181034731914
208,3,784.1027187105847,1032.027113479501
209,3,785.5891141378518,1028.6008005907515
210,3,786.8056067461669,1024.5876314311827
211,3,786.7130544313553,1022.256940162417
212,3,788.64422311814,1022.4847780199757
213,3,790.1072120346241,1021.6668490213578
214,3,802.0639176318925,1024.184886819218
215,3,814.5518010775974,1029.593659504002
216,3,817.9618140037973,1028.3272204488098
217,3,818.9299110280581,1027.6635433579743
218,3,819.1986604958552,1027.4969114580088
219,3,817.1669035514474,1025.702788248713
220,3,815.3514151464882,1027.4670663395266
221,3,813.4973020428563,1028.7573026625755
222,3,812.2202055905645,1032.6181782479557
223,3,809.3271610613543,1031.4297706357997
224,3,792.499165794897,1013.0600968348868
225,3,789.7249159675101,1010.3940278554345
226,3,784.2217039640005,1005.26010250128
227,3,784.0622968238035,1003.8048009481549
228,3,781.9290778308249,996.7362758774032
229,3,782.3217858500781,993.9185546826309
230,3,767.364418396009,976.696532535382
231,3,763.4139780745603,972.7446984163407
232,3,760.642548771993,968.7673854169485
233,3,759.3318688338758,967.8839587342791
234,3,747.6577330325144,960.1224529657046
235,3,747.0035763801502,959.8177041052991
236,3,741.6820923782423,954.061690351611
1,4,599.3079573209058,1438.9143074022347
2,4,599.3079573209058,1438.9143074022347
3,4,599.2162494871598,1438.894530860097
4,4,597.8136029770379,1438.8738992492056
5,4,598.0036011119506,1438.8999868618967
6,4,597.7553604106579,1439.0706823361934
7,4,597.4301922501267,1439.1792494872266
8,4,596.9521005710312,1439.350149145556
9,4,596.9886344728336,1439.4132398203742
10,4,597.0728071083879,1439.3866176934957
11,4,596.8767072700006,1439.413978443278
12,4,596.859242271645,1439.418808863133
13,4,597.0100267733873,1439.3196563615115
14,4,597.5554502404378,1439.3400180866784
15,4,597.273390853801,1439.1399346204923
16,4,597.8994526740992,1438.9095482405846
17,4,599.603183757741,1438.4515698991988
18,4,601.7591704848388,1436.7805568661722
19,4,604.4108937691184,1436.0245539399193
20,4,606.8612674809748,1433.1075761909176
21,4,607.5273643737324,1431.9205392369938
22,4,610.5061024823107,1430.6366260014643
23,4,611.242982475628,1430.1442023734432
24,4,612.4591745249165,1428.203627975973
25,4,612.366142838812,1427.7263420312825
26,4,613.6630693266112,1426.9630109466978
27,4,613.762460621077,1426.6009608431073
28,4,614.161328051593,1424.6231752099386
29,4,614.5115844523958,1424.235999256287
30,4,614.4990802226635,1423.4616258213207
31,4,615.4886774878928,1423.1946050186716
32,4,616.0571085375536,1422.0987481021407
33,4,616.2637241617063,1421.733342789738
34,4,617.0279902294856,1421.921516501057
35,4,617.1092765144913,1421.9779843069568
36,4,617.3312929391092,1421.9536172039452
37,4,616.7383472930125,1421.7248271482322
38,4,616.4470049788736,1421.9550414023863
39,4,617.0495693571872,1422.4700597019428
40,4,616.3887529771204,1422.847102103432
41,4,616.9988501357622,1423.3235720197142
42,4,616.4473070022825,1423.9305535782232
43,4,615.7250081764939,1424.1881716015532
44,4,615.6323473817829,1423.941679315027
45,4,615.4900277395204,1423.9872573591856
46,4,615.1557000154874,1423.875005993028
47,4,614.9891724820819,1424.1753652509049
48,4,615.0417524723122,1424.693101404673
49,4,615.0622336735089,1424.7298297983896
50,4,614.8999156144052,1424.1010852078389
51,4,616.2764374655904,1423.782544902502
52,4,616.7538482746578,1423.2168908154995
53,4,616.3301032878306,1423.031172982153
54,4,617.2234859899168,1422.8459493813195
55,4,617.20772913499,1422.7058992518403
56,4,617.3219173728792,1422.580426392115
57,4,615.9478471294595,1422.3450461370771
58,4,617.5351332365116,1422.798123385967
59,4,616.067040335893,1422.462338222856
60,4,617.5184905994179,1422.7242660825073
61,4,615.9306701207638,1422.379417301734
62,4,616.2989744024973,1422.4987960942715
63,4,616.2840817934656,1422.5020655262963
64,4,615.63703569298,1422.406543015817
65,4,615.6590155737451,1422.3916142046496
66,4,615.7094907119766,1422.3931054990196
67,4,615.7612704327018,1422.3431365825154
68,4,615.5797530452693,1422.2768521593812
69,4,615.6759317957808,1422.3050470347746
70,4,617.1395620012364,1422.6143016820959
71,4,617.1939662874692,1422.6211745248224
72,4,615.6760539766753,1422.3815350175817
73,4,617.2397841952547,1422.713140380683
74,4,618.4833380447484,1423.0201180901674
75,4,617.188815557703,1422.7350533964277
76,4,617.1495125388357,1422.7334151045816
77,4,617.2095489591859,1422.7589872605597
78,4,617.3974284371018,1422.7745609395954
79,4,617.3280581398102,1422.7259759679473
80,4,617.2571503067421,1422.7685392936053
81,4,617.1421046645191,1422.8015165631243
82,4,617.1712753312373,1422.809460504948
83,4,617.0185425297033,1422.7741125699683
84,4,616.9383521848376,1422.8573466377343
85,4,616.9229164379038,1422.8595911624789
86,4,616.9054625298128,1422.8548660523493
87,4,616.7773753938812,1422.8493075250315
88,4,616.7309019512512,1422.83510120643
89,4,616.7012140731284,1422.7969449964035
90,4,616.7468727987557,1422.8649081186538
91,4,616.707356130266,1422.8512408840957
92,4,616.7464435459658,1422.8238460454108
93,4,616.7928703063153,1422.8355951601795
94,4,616.7920839195222,1423.0068790063294
95,4,616.807182185892,1423.0443514149638
96,4,616.730424567586,1423.0154030955707
97,4,616.7941079804256,1423.0467088397093
98,4,616.8535042973746,1423.1017423596245
99,4,616.8419989341261,1423.1086095847195
100,4,616.9544814854852,1423.1687386766469
101,4,616.9198388144448,1423.0679001215863
102,4,616.9141711556792,1422.9860407458293
103,4,616.868930889343,1422.9993334725862
104,4,617.8973073197318,1423.1147562953686
105,4,617.9279847034768,1423.103873073384
106,4,618.0302572003023,1423.0663027652483
107,4,617.9408142399146,1423.0983968559187
108,4,617.8078368446011,1423.032341482269
109,4,618.06438512141,1423.0904110926651
110,4,618.0163781978828,1423.0226295071934
111,4,618.1488778156393,1422.9647727274235
112,4,617.8758607275693,1422.8439998579465
113,4,617.8692872126926,1422.8734914446654
114,4,618.0857712047349,1422.94448824075
115,4,618.106001869992,1422.938836477069
116,4,618.1311347806915,1422.940056325099
117,4,617.9059129925129,1422.8710223685875
118,4,617.991197721603,1422.891501015229
119,4,617.8907674341108,1422.9069252158463
120,4,617.5264141112605,1423.1810793631873
121,4,617.171574832744,1423.28657517153
122,4,616.5853036825423,1423.4479117962608
123,4,616.4704029326358,1423.538145031781
124,4,616.9507013424586,1423.9893521351462
125,4,616.9501411253804,1424.2550099546706
126,4,616.2751481623479,1424.5724404664716
127,4,616.2257889595786,1424.5729260394444
128,4,616.0389823040066,1424.808407971191
129,4,615.5623021372736,1424.9540875421942
130,4,615.3650988448322,1425.2304005142216
131,4,614.7523766262635,1425.384747829217
132,4,614.31147317654,1425.43469900271
133,4,614.5083399132964,1425.5689428031583
134,4,613.0518041067943,1425.011215892849
135,4,613.1269588540678,1425.0669449273228
136,4,613.2423810887265,1425.0992018237705
137,4,613.4689753707462,1425.1315415188942
138,4,613.40543053232,1425.0026493494258
139,4,613.8253490070584,1424.995057739646
140,4,614.5615794102333,1425.18543247079
141,4,615.3583719450409,1425.3009201589937
142,4,614.9683213845921,1425.168409999647
143,4,614.8431925743267,1425.0408024734181
144,4,614.6514656809536,1425.1788747062897
145,4,614.5109931515555,1425.4835132163141
146,4,612.0891367935067,1424.770963776011
147,4,614.9992684412098,1425.9236606103036
148,4,613.1935733289616,1426.7796639387684
149,4,613.2027324374998,1428.0290925042384
150,4,608.4615136966835,1429.7391174636202
151,4,608.070439990031,1430.3885691367648
152,4,605.9139682556261,1430.4267713352908
153,4,603.4699928453075,1430.69887430359
154,4,600.5860570188956,1430.64433853441
155,4,600.8568868588001,1430.2293619002885
156,4,605.0053960123665,1430.8020609730809
157,4,606.6059125559751,1430.3453658559208
158,4,609.129158753241,1430.1304831270884
159,4,609.8153463547304,1430.0798099754609
160,4,610.7616092117352,1430.5795899823502
161,4,610.091688022536,1430.7635752099638
162,4,609.4013761448367,1432.1874316844728
163,4,608.5841190127435,1433.1126110962257
164,4,607.5131192859612,1434.3550007394886
165,4,606.1715583303978,1434.716939802627
166,4,601.9771568943052,1435.921482846123
167,4,594.4718184392528,1434.676506802156
168,4,571.4336248116451,1436.1662200432297
169,4,534.9980383270139,1427.709527566941
170,4,525.0955003959924,1431.7068845861436
171,4,528.7445889760808,1435.4783239671076
172,4,520.2485701532146,1448.3808249023516
173,4,515.8448130073818,1449.2364316303506
174,4,512.8268813536483,1444.3662101111336
175,4,501.39000631092296,1450.4373852875008
176,4,475.3600421033851,1451.5169373098365
177,4,431.88779414493206,1449.5024708754734
178,4,446.48323227640594,1453.7671955689132
179,4,437.2552650944702,1454.020364534292
180,4,424.19664902718347,1465.294042698361
181,4,420.07567187557544,1468.415013605448
182,4,393.91039719301483,1466.146331361203
183,4,376.79832939145524,1463.1523834812294
184,4,366.01006012785575,1466.9617790477312
185,4,362.23809379746194,1462.38503805474
186,4,354.32685371173994,1464.0225723357578
187,4,340.3252836516991,1459.5367652020873
188,4,341.36656151324576,1461.8304321749315
189,4,335.6178630162746,1460.6964740525855
190,4,310.7206520959599,1456.5085141079292
191,4,330.2940853462401,1463.0548849205861
192,4,344.43942919877645,1465.214322983333
193,4,341.20994064042463,1464.6679155251218
194,4,345.6980503213866,1467.0890166356658
195,4,345.53062659297245,1469.3658087222989
196,4,341.83621139887487,1475.1448754441185
197,4,338.735494109162,1474.8646770972555
198,4,336.95895654672535,1475.8479543564242
199,4,335.976012210894,1475.5601140703388
200,4,334.8243415186162,1477.7124624255669
201,4,331.9630053180456,1475.448143126229
202,4,321.81746893346354,1472.4136090864524
203,4,319.3309271031988,1471.9885141316997
204,4,310.9936686516954,1470.5367042380956
205,4,309.5038599812321,1470.1021381005323
206,4,307.3781335644931,1468.9701681243203
207,4,311.97456554406386,1469.9638086697687
208,4,319.36762420636995,1469.0209163307777
209,4,319.0898223244007,1471.9749503327644
210,4,320.7775903178495,1465.9529142316378
211,4,315.0802446614125,1463.5805687674585
212,4,242.8251715578716,1445.969056309689
213,4,240.11419521901172,1445.1894319670218
214,4,175.48018236721455,1433.3681412515443
215,4,185.87421650039926,1433.6619117010546
216,4,190.4413697770256,1433.428129076565
217,4,204.37777287062548,1432.8834515274193
218,4,248.24323510086973,1432.5852536779862
219,4,262.41327741978444,1434.34474840758
220,4,274.37352591256996,1434.6082457809464
221,4,272.3671379865395,1432.524705818529
222,4,288.203855596448,1433.9165028736788
223,4,292.719727517298,1435.6698196342456
224,4,275.20623441977983,1435.2951502110761
225,4,278.09085293851,1436.8426720825096
226,4,282.70684902407214,1442.4744555018146
227,4,269.1575235479195,1442.6117649587734
228,4,257.95590283032976,1439.5035938882056
229,4,253.42531157072673,1439.9775486097685
230,4,274.1110892230193,1441.332621965752
231,4,279.0583503552466,1442.348691896696
232,4,282.1535489888813,1440.562916226767
233,4,284.6056890686941,1439.6643230146858
234,4,292.9978110653109,1440.1948161708726
235,4,293.00525978648284,1440.2446029665539
236,4,294.98747130123706,1440.669659473217
1,5,590.547961954742,1096.6008015560233
2,5,590.547961954742,1096.6008015560233
3,5,590.4529398992331,1096.5887535185234
4,5,588.7254320993877,1097.306654757516
5,5,588.8840557098355,1097.8655671262702
6,5,588.9761678915186,1098.3316412313554
7,5,589.1106024797922,1099.3475725081505
8,5,589.5123520812095,1097.8565076154052
9,5,590.3201215980772,1096.7730966269462
10,5,589.3980525866754,1096.9578476044046
11,5,586.9450547673167,1097.579413021091
12,5,582.486230377631,1096.334666882446
13,5,583.5072560750568,1096.9047183101595
14,5,566.7176046875198,1085.9640370850923
15,5,567.3484882575065,1085.6057239156835
16,5,566.8356865394979,1084.4822785574647
17,5,566.1198208069302,1083.3624922804117
18,5,566.6686415781644,1081.9191907484837
19,5,566.3709350080525,1081.7280880496833
20,5,564.8741507889508,1079.8398305655646
21,5,562.8783455232953,1078.4363425560957
22,5,549.6713718190558,1070.9725353542979
23,5,543.190444294562,1066.5813780421597
24,5,530.6569137355523,1055.6355654057638
25,5,530.0267170233755,1054.3693834376156
26,5,529.0000907755674,1051.1370677704333
27,5,528.9607882142175,1050.011584697838
28,5,530.0520456323259,1047.7490751462617
29,5,531.2672109441996,1046.8187781930164
30,5,525.7992432919217,1037.721445854676
31,5,524.7100625411379,1027.7928850261342
32,5,502.89192147527797,1007.6763502027917
33,5,498.11780991562,1000.5140674580853
34,5,477.88025284918194,984.537892383426
35,5,484.37091784919016,986.6121742131636
36,5,480.5664693442752,980.7202276055634
37,5,488.3956765455956,984.9062598793129
38,5,480.45727508605023,973.2171281588251
39,5,487.32742711519643,972.92564582398
40,5,489.2137391171784,972.4878480693491
41,5,482.87080317357186,967.3565712322159
42,5,469.79545025988836,947.3479230152242
43,5,465.822511993579,940.8417659765632
44,5,442.4038763514615,911.4983693006101
45,5,443.3377521697114,903.7990194033132
46,5,436.74924080032184,886.5847197257503
47,5,426.5870168658114,874.1677283855673
48,5,425.00571664891777,860.3034782413441
49,5,426.8479921815409,855.3911712539847
50,5,424.6212300565326,847.8874188543181
51,5,428.3945132430468,844.5427728876829
52,5,429.2970921695853,842.3211271732166
53,5,429.34729472180845,840.139334759197
54,5,428.7438811423511,839.3449856368278
55,5,429.42928792330224,838.992014254155
56,5,433.05450254136275,840.262018592951
57,5,431.4533144189674,840.1565803207236
58,5,426.3957060387045,837.4967555443768
59,5,428.763493982559,838.8865559722593
60,5,436.90313655051307,840.7616862192032
61,5,435.9941394452845,840.5163979766966
62,5,444.24500331248356,847.4036659559263
63,5,444.4860819864583,847.6559731769016
64,5,442.71941489921795,849.7919037362366
65,5,443.17780228373886,849.649555266193
66,5,440.7049861770759,848.1065269050786
67,5,438.13357079555703,846.9842450962095
68,5,437.35387143309356,846.1765994624548
69,5,439.7433771442329,847.594967234544
70,5,437.5939435270162,847.619315572627
71,5,437.6665058806904,847.1818429197258
72,5,437.6391426407593,846.8650727040184
73,5,437.8785285647028,846.912290163227
74,5,438.0543022768932,845.1363399002621
75,5,438.1788236612452,845.2608790496355
76,5,438.77477734995074,845.0133468081128
77,5,439.5819015339277,846.0364535180014
78,5,439.4159274343375,845.8993331832263
79,5,439.2226792986498,845.5020879037842
80,5,440.1907690894356,845.8606529667495
81,5,439.71248377792995,846.1683386360843
82,5,438.0512616053786,845.0082645077634
83,5,438.47381075243254,844.3892278793722
84,5,440.52876515272357,845.0458671078236
85,5,441.08559372201387,845.9246299005849
86,5,444.4795388054178,849.6099675726185
87,5,446.8773858185293,850.7248032822644
88,5,448.11203519715895,854.8426958707713
89,5,447.1774176340662,854.2915537238722
90,5,445.69409219980656,855.9210090667889
91,5,444.65724374377317,854.0642065431327
92,5,440.2151715871843,852.6675909935839
93,5,437.7223052919142,853.0658570328255
94,5,430.7946029129533,853.5058778933599
95,5,431.20475620730394,853.8924285599974
96,5,433.4164853443039,854.475596358869
97,5,435.2204161364084,856.1349752810992
98,5,431.3437346745458,852.8552387295482
99,5,432.1379345608022,852.7367513521722
100,5,429.7841317905765,849.5741414328307
101,5,427.81510353972783,851.436555830144
102,5,430.4058279883009,854.4237590638568
103,5,432.76227151347234,855.3930042586352
104,5,433.80684097226225,863.5439870819886
105,5,433.3873766793926,864.6507526032715
106,5,431.06949749278596,862.6697634223924
107,5,430.9289162111271,860.6377126374771
108,5,438.7194560042446,865.7645811216465
109,5,444.94385809020423,871.2761290554783
110,5,453.58935433832556,883.2698408371741
111,5,457.64725619060385,885.6438001754892
112,5,473.98450437718435,898.0626041546032
113,5,473.72566227432236,900.4676226809173
114,5,473.9362629760303,902.3121138262876
115,5,474.09146584819587,902.4925352115888
116,5,473.89134203921407,902.6307713266207
117,5,474.2780109908762,905.3153628619655
118,5,472.9846373074899,910.5348378217195
119,5,471.4879242603481,912.2997992398094
120,5,468.57981667247225,915.0199847382733
121,5,468.83223998117273,916.3245927881752
122,5,468.86104657503097,918.4355739601867
123,5,469.12809171699456,917.9305671344771
124,5,463.60111116720327,914.38174710315
125,5,462.88578824860434,914.5553779714353
126,5,462.01407062622656,916.6658228157975
127,5,459.224970683969,916.6862073992073
128,5,459.8567577245371,921.8276764791157
129,5,457.3285901976801,923.5063542822746
130,5,456.0267635493994,930.9125482640326
131,5,455.8164575496308,933.1310913307333
132,5,442.1730983806602,931.1411182781902
133,5,436.2691052239648,934.948768128263
134,5,456.8845236715581,953.4014196590412
135,5,455.59045080517774,954.7275926075604
136,5,454.82136516030914,954.7756636880468
137,5,454.04348001156484,954.9200730683709
138,5,449.4466186429863,952.5275688476949
139,5,451.6957039435089,953.5379251644652
140,5,450.1197379223193,954.7964190609865
141,5,443.046872964797,953.7603901115997
142,5,447.7780428811333,959.8656564819523
143,5,447.9184034003757,960.2143841340333
144,5,448.3463650713181,961.6019577051029
145,5,447.8725321347498,961.5370471363394
146,5,447.9253966904302,961.3696018988495
147,5,445.7770573874323,958.5519083687315
148,5,435.4261501867831,952.8524412942289
149,5,432.82295007932004,951.3410615206282
150,5,399.4368039123564,925.3606917357592
151,5,414.9841572140922,935.0478759222639
152,5,420.39712877319397,935.2723948607122
153,5,421.1593425514087,933.9845553313335
154,5,418.1347126802636,930.6977903092139
155,5,418.2111134160272,931.1810054179639
156,5,416.3684565999982,929.6904558784785
157,5,416.2220452753213,930.1631614252699
158,5,410.10169690367104,924.582298511485
159,5,403.5914819433515,920.6567149537583
160,5,369.96317025760817,899.5376961752402
161,5,371.4044092731172,897.5505569918331
162,5,370.5144998884617,893.3807148048459
163,5,367.20341656771177,890.3647415693973
164,5,364.14239419111715,896.9835316479958
165,5,367.2973212213136,898.2903673690817
166,5,365.11152617587226,895.4800905329307
167,5,356.2605476546738,886.6264814522973
168,5,287.76405975989576,818.6828906826452
169,5,275.27663942472316,807.9381442709364
170,5,291.45633149875744,813.6112948874053
171,5,287.05187162913217,804.6799938864468
172,5,268.05201812726676,786.3044482297908
173,5,260.0218356285586,778.0107725671263
174,5,251.9223190724915,765.0920703681041
175,5,249.3892610546663,762.2630587151242
176,5,242.91690794682177,763.4395856261835
177,5,240.86689849952904,765.3439123797561
178,5,236.40540781897707,764.3719502088842
179,5,238.12756095014578,766.2882424138122
180,5,240.49627147344736,771.3588556564682
181,5,239.61468819060673,773.4369009101149
182,5,237.09268738029638,776.1592219202693
183,5,238.942576081584,777.0259334396803
184,5,238.14248935743487,779.0229403869656
185,5,234.94165448303204,782.0335865547047
186,5,236.2196547703873,792.7896340307651
187,5,229.74399465079617,795.0435987632228
188,5,214.23031921189838,795.5983326347367
189,5,213.2571721414337,802.1999857494608
190,5,211.15307388830558,815.1645102713952
191,5,205.23371516247371,804.2080942551001
192,5,213.38393730647687,823.2192578522951
193,5,210.68453600285855,824.7639280298897
194,5,207.52827660907525,836.515544338084
195,5,204.37201721529192,848.2671606462783
196,5,197.48003532381028,878.6405274199888
197,5,194.69109182616378,886.149893630024
198,5,193.2292682522528,905.8326323056642
199,5,207.52581981640697,917.2109636693002
200,5,191.62161004112167,917.1627918346295
201,5,243.32984353985591,950.5972520350427
202,5,233.628647430758,977.9748250178098
203,5,233.17322008176822,983.7845834831444
204,5,223.9955272908273,991.5575775496889
205,5,222.63901538964393,1000.3121440352785
206,5,194.2696866956359,1007.6734637908022
207,5,212.53681001563368,1031.0778499478438
208,5,260.04201370722654,1087.9583231581903
209,5,255.8954581311759,1092.1283798320337
210,5,245.50125538854962,1110.1072273064115
211,5,243.56186212080306,1146.0482747976662
212,5,219.86875425541405,1156.8267034619694
213,5,151.29490829990664,1135.4433692848927
214,5,8.656807562755635,1129.062789385681
215,5,264.607720513901,1224.1418874519627
216,5,300.31292825971485,1264.039360349353
217,5,293.0626790646691,1269.7232813790115
218,5,287.61658664599764,1277.1132271270203
219,5,278.79613572309495,1298.132891493383
220,5,276.7132967639588,1305.211109263177
221,5,277.7614569405491,1312.7382470776179
222,5,290.14800837289386,1335.451183369665
223,5,287.5953793384598,1341.1406148248277
224,5,283.4535563512806,1358.1719944122012
225,5,276.9035901956009,1358.5827551129673
226,5,299.0558991944111,1368.7001910022243
227,5,286.36442781755954,1368.9434714417448
228,5,297.4454542256013,1385.1622611146554
229,5,294.25908949031,1390.0565490571655
230,5,295.39028573076047,1386.051474180864
231,5,298.1151137171122,1389.712328969873
232,5,296.07708133469174,1388.8166735437662
233,5,294.28217408721423,1388.4411121400396
234,5,295.0136808381204,1389.994882695419
235,5,295.4929832066897,1389.6820880274188
236,5,295.19232906893353,1391.0143634759713
1,6,545.3710657858725,279.04848256728064
2,6,545.3710657858725,279.04848256728064
3,6,545.489828068494,279.0959595388572
4,6,538.8814523115507,283.79030132400305
5,6,536.6722903446415,285.0687679064324
6,6,532.548508055767,287.6816776341645
7,6,524.7760856241432,280.743367299371
8,6,515.2348271631852,272.36573427504044
9,6,501.51126274657764,256.52534849822297
10,6,518.2052483131521,283.0933717016534
11,6,516.1440659308938,287.2538784778905
12,6,516.839052931295,289.68325866125474
13,6,499.42650933904235,269.85644268953286
14,6,520.0361220522823,297.2564772729154
15,6,519.2075071074761,296.0771079804977
16,6,520.8821176999927,299.59289821939285
17,6,519.3106410460159,301.3461918059056
18,6,525.3748543698591,311.6867221414961
19,6,526.3608436348942,312.76604395492933
20,6,525.9110256913987,313.662515109964
21,6,527.0099454226664,309.9322792347138
22,6,529.0667462682588,314.0613918667207
23,6,528.979107654426,318.3826818093134
24,6,509.55021066719894,298.1503799360064
25,6,518.2160303907943,313.6187247521476
26,6,544.9050116048724,345.74821292531925
27,6,548.391488254309,360.79158732033045
28,6,545.1966454060425,362.5178233752797
29,6,544.7110665516045,362.0573832580139
30,6,545.9994569608515,359.99689727399544
31,6,548.634886402254,361.445131596567
32,6,550.7161260044887,355.11521747654723
33,6,552.0012815712685,353.5537832730996
34,6,536.9287194696583,320.124089692189
35,6,526.0403781625469,303.95691363830525
36,6,542.3435385598435,289.10947735183237
37,6,512.1385598282882,243.9473214001973
38,6,537.4949195631956,264.8076094000203
39,6,511.7619371596455,228.18338628148015
40,6,555.5993957052877,276.4899536897657
41,6,552.9942504723869,268.8749412620561
42,6,617.9679533120743,349.5779272944428
43,6,600.7662854060537,329.52840714564127
44,6,554.6936049337395,276.95874077488304
45,6,544.1584475739212,267.002499926746
46,6,529.0451717742671,257.50047833011496
47,6,508.0981712850376,232.90967256609284
48,6,523.4170221127938,263.35726428589646
49,6,516.2259386572993,260.5454507745569
50,6,501.1733937113151,251.2885703752732
51,6,462.32981109777353,208.8457176949341
52,6,477.5077964162458,237.16154705701544
53,6,460.7135924988699,222.97146969958317
54,6,470.51759228277143,246.06316810820385
55,6,469.1571156034754,246.57813629185057
56,6,466.89859076146803,251.20598876717443
57,6,468.2182921724233,256.5686942783616
58,6,470.90846612207844,262.47432445355247
59,6,469.81788365181126,261.20586464315204
60,6,471.0904353333478,269.87405827361636
61,6,472.13970229225527,270.37949993814703
62,6,463.81851988705137,271.64779713459046
63,6,460.47187418832243,270.26076370405633
64,6,464.2086091977938,265.1271925662962
65,6,461.96247930334766,267.9585477622442
66,6,459.7163494089015,270.78990295819233
67,6,457.4702195144553,273.6212581541404
68,6,455.2240896200092,276.4526133500885
69,6,452.97795972556304,279.28396854603653
70,6,450.7318298311169,282.1153237419846
71,6,448.48569993667076,284.9466789379327
72,6,446.23957004222456,287.77803413388074
73,6,443.9934401477784,290.60938932982884
74,6,441.7473102533323,293.4407445257769
75,6,433.1897399182944,284.63964003587256
76,6,422.81754766766113,287.38284213103947
77,6,359.7146481198831,223.49242468251947
78,6,418.46222798584745,317.2043957417318
79,6,417.2873072817385,321.4182705147329
80,6,420.79649098373574,332.039099050351
81,6,412.8242922923524,332.954283461469
82,6,406.1176632385962,357.6719508701021
83,6,403.87404646092716,360.3329387446867
84,6,386.9577953469807,372.23337787217866
85,6,380.9725974761322,374.85132479604056
86,6,376.93430314375934,398.7174030003728
87,6,374.41520705122707,407.0893990527626
88,6,363.1610336670725,413.3975847902053
89,6,363.0826467533484,419.29230711808486
90,6,357.85286275683706,418.95072498416243
91,6,377.99407905655806,427.14863232808506
92,6,355.7790439209641,421.3860200081545
93,6,342.47573743067124,414.37636374264895
94,6,333.739347784275,434.605501939956
95,6,355.0312326259654,464.79626037282156
96,6,359.9699413535966,485.0963820336246
97,6,359.05111611744263,507.1705079450761
98,6,352.1988225888752,512.6794741587302
99,6,354.90012113669735,512.698218316915
100,6,356.87807801022757,520.4932259971898
101,6,366.94777906850857,525.8806041817736
102,6,366.8200734522096,529.8932440626254
103,6,374.11103495112053,537.5945248757555
104,6,357.43677714538876,518.830657028341
105,6,379.28600050651943,533.9209345551432
106,6,385.057739022641,531.8223918567564
107,6,377.3502044035638,523.0795963707737
108,6,387.71461505243553,527.1058917905491
109,6,380.5250734364455,522.742371195555
110,6,381.1714401987998,522.9777696384663
111,6,388.41418653027324,530.9993467633184
112,6,391.75394124909815,532.6887143617656
113,6,396.76561015168613,538.1227266973274
114,6,402.177737442883,547.0780440215436
115,6,403.58934579364336,549.6928042187369
116,6,399.9475663588277,549.8022718671772
117,6,401.00684069067404,551.1777819792181
118,6,400.13285143336145,553.0123101357101
119,6,400.87415930042016,556.3925132715899
120,6,401.49649318701444,560.450115678159
121,6,401.35643207672126,563.9160059270381
122,6,397.89003214658993,567.4334086583291
123,6,415.0172072983885,588.721417689382
124,6,416.2493665005546,597.5411679924487
125,6,415.9909503501688,600.774643255106
126,6,417.85590700503343,602.5127147836733
127,6,420.2841463148323,588.6328868271434
128,6,417.64905523431344,599.2952588312844
129,6,419.5750118164522,594.3441319548499
130,6,421.4318066706716,603.1355850165392
131,6,424.7281948792665,602.9417240305688
132,6,422.9848559032085,610.4506170866425
133,6,422.4976322176031,606.6577653949957
134,6,423.3258459413778,606.3777020693657
135,6,423.5216149882886,606.630557663823
136,6,420.26072818395687,611.5503783555237
137,6,420.42544372591004,612.9583518303162
138,6,422.4489395130778,600.8206896889861
139,6,417.23541533737097,605.7582722386401
140,6,403.1004644016374,568.9927827293534
141,6,390.0434165468612,551.5091795917618
142,6,384.69506294172135,550.8442965678214
143,6,386.8270693340977,551.0737526699489
144,6,395.8977081673906,553.980955698694
145,6,396.77866503527935,553.4601127291608
146,6,396.8957812671952,550.8256221077737
147,6,399.18533622859815,550.9624270520217
148,6,383.6318831303877,529.2495151298364
149,6,361.78335977297206,503.2189011467141
150,6,330.8568841520923,473.4980162104616
151,6,332.0648506802512,477.96817871571443
152,6,357.86298771210505,471.8843835446878
153,6,345.9855481832639,459.0597141735645
154,6,350.3953666757111,447.6579490635529
155,6,286.59914090210435,390.50682510851493
156,6,303.1527918135273,391.0506666930765
157,6,319.70644272495025,391.5945082776381
158,6,336.2600936363732,392.1383498621997
159,6,343.03779670656223,394.56563134109194
160,6,350.14404472581583,394.11919699041135
161,6,372.8384529269714,417.13520704936695
162,6,372.64935523520126,423.95369122268175
163,6,370.39767887938365,426.25524091941537
164,6,362.92754151854217,438.87003604856324
165,6,361.17032254931297,440.58788522663775
166,6,356.22140908867294,448.8724772984096
167,6,332.03307034058236,456.64929379202994
168,6,326.59508925160566,487.6913276781043
169,6,326.17228489365897,499.9843818941429
170,6,298.73258192669823,473.80559184501476
171,6,252.14856156404335,458.47574330285664
172,6,243.63450048490537,482.79143732973006
173,6,248.7537807005545,489.1684287277251
174,6,237.84326787085553,490.0664044027373
175,6,233.19671788174756,492.7155236845048
176,6,238.23952298171176,529.5966488129362
177,6,37.013759338113935,394.39397977858783
178,6,187.90790089069557,529.802707829897
179,6,185.46250882397374,537.1163706657649
180,6,176.2848114427631,570.5290304956053
181,6,153.87905855933266,559.4797699432629
182,6,173.98330394232894,594.5995246461734
183,6,194.08754932532523,629.7192793490841
184,6,214.1917947083215,664.8390340519946
185,6,263.9211843270819,713.460756204952
186,6,228.51167716670463,695.3456381953929
187,6,181.50568390144196,677.1812888294224
188,6,171.9969700461197,691.7556821589421
189,6,166.45682573627172,698.808320079155
190,6,208.15202415942542,739.1791660687247
191,6,181.3253690925673,736.4906820332741
192,6,165.9054495254224,749.4520500808414
193,6,194.2936203159934,782.2647726690489
194,6,198.91243417889268,839.7408578388579
195,6,193.54506919216573,851.0228461266666
196,6,188.17770420543874,862.3048344144754
197,6,182.81033921871176,873.5868227022842
198,6,177.4429742319848,884.8688109900929
199,6,172.07560924525785,896.1507992779017
200,6,166.70824425853087,907.4327875657104
201,6,161.34087927180389,918.7147758535192
202,6,155.97351428507693,929.996764141328
203,6,150.60614929834998,941.2787524291367
204,6,145.238784311623,952.5607407169455
205,6,139.871419324896,963.8427290047542
206,6,134.50405433816906,975.124717292563
207,6,129.1366893514421,986.4067055803717
208,6,123.76932436471512,997.6886938681805
209,6,118.40195937798815,1008.9706821559893
210,6,147.38787415755863,1029.098558785741
211,6,248.7139255823821,1084.2127993118042
212,6,127.13938357256626,1027.955750226472
213,6,134.00182590655302,1029.618952687353
214,6,155.4761091192556,1038.7348690058232
215,6,138.8186305517883,1029.149349394339
216,6,176.2146122345056,1041.9329761322488
217,6,170.7949535092184,1038.9301418739053
218,6,178.60266205253436,1029.7876377165892
219,6,175.33317013068313,1031.9458654858786
220,6,178.5430905675601,1026.9474199948638
221,6,179.63238707548112,1022.4756680471378
222,6,181.6715022901528,1013.1233902050303
223,6,182.52979129016362,1010.3602844549172
224,6,191.75168500123328,1002.8399176724473
225,6,198.64638074272148,1005.3486276987652
226,6,195.26633973382934,996.63897659971
227,6,194.46990354407416,990.8351355586307
228,6,201.09303169139233,981.2449260927904
229,6,199.32283988777186,981.2080621353987
230,6,207.84555004833643,976.8486978757325
231,6,206.90549257808968,976.9117754824338
232,6,218.06659253880164,978.8605702569361
233,6,218.42300895059617,981.729771663285
234,6,219.0233482074821,976.0876495020791
235,6,219.5609690961981,974.8410160361497
236,6,220.0807144238611,973.0343976689271
1,7,564.5629974193909,169.7088200180521
2,7,564.5629974193909,169.7088200180521
3,7,564.5863437551352,169.70032384605855
4,7,559.7942385320631,171.54463632109048
5,7,559.6919802075208,174.51981083408995
6,7,552.9425541846158,173.65096408819824
7,7,550.0774604743606,176.16963803339047
8,7,545.9943636248825,184.90883817821745
9,7,544.8323236237578,186.16298489596386
10,7,539.1797868445524,180.73772696431536
11,7,534.3093538977021,175.77303560526758
12,7,539.2294869284751,186.2103540489595
13,7,544.237778680514,195.3319644819411
14,7,553.4188006250216,211.9382417439515
15,7,553.1538496873794,210.15743263582598
16,7,549.7735701732596,215.00018310034122
17,7,555.4453760225814,230.06057165025118
18,7,575.6357319984236,258.2896787867678
19,7,592.8804169232914,281.2326117979153
20,7,600.5570859451177,289.59719082918883
21,7,594.0957959106098,290.15443076588394
22,7,595.2378131577782,288.97844494014106
23,7,594.7149588511109,290.0977970383478
24,7,592.5791432687674,290.3830070869531
25,7,593.9370508748815,290.7114888840611
26,7,594.3286786008084,289.5064910847479
27,7,596.4299257988657,290.7358052437405
28,7,596.6020052944685,287.32047144540945
29,7,596.7216982801588,286.24248303257656
30,7,604.7128411807573,280.68448887706944
31,7,620.8240471528918,261.18284489887264
32,7,601.8096553771134,219.71733526390398
33,7,603.6290126988765,220.888861246405
34,7,616.0147333153278,229.20313215669344
35,7,615.7223267253088,226.72556906877028
36,7,609.5878060313466,207.7572909537771
37,7,617.080240466764,213.3381711613739
38,7,609.1922569898902,204.32963948141932
39,7,604.7811685967661,200.640655954586
40,7,592.8323214061814,193.05460324932315
41,7,590.0687900835037,191.33442283747195
42,7,579.0885383300657,186.39554450995414
43,7,578.0860157760748,186.4160758968062
44,7,565.604339997885,177.37304279557904
45,7,566.4511488647696,178.77568928392432
46,7,563.1651869343251,183.483291218595
47,7,557.1322454748089,182.20917670034603
48,7,552.99233059425,181.30676017957234
49,7,548.3046751529009,176.6493775134723
50,7,546.6056054477697,179.78136294403942
51,7,544.5173044236003,178.04444181070917
52,7,456.0045190827738,65.20262556625926
53,7,450.8263260966325,55.690606967418404
54,7,407.1788668036338,-17.97809315198055
55,7,406.9908515732281,-11.417168156620246
56,7,438.96240633237943,33.04785823657063
57,7,531.3105511150411,149.77755130574565
58,7,556.5377516869519,183.91529752534797
59,7,554.7248579120499,186.1660176669054
60,7,556.5659378360972,189.58406163615004
61,7,552.5559703992086,181.43592162201776
62,7,555.2400480431373,180.9652564175735
63,7,551.1728484448505,178.7786981857078
64,7,548.4051033978568,196.6735385040885
65,7,550.0365686157413,197.1650979994268
66,7,551.7190138342045,201.10242592519776
67,7,546.3208089671755,196.94026214224627
68,7,544.9798872663114,188.69999997414357
69,7,548.751036752637,195.49518859572007
70,7,558.73100782572,200.10262796554096
71,7,562.539153750543,187.00807986468115
72,7,564.0641901108371,180.85141806238406
73,7,563.0399835983629,180.54053643172776
74,7,575.3329707658319,187.12557446321867
75,7,587.2137172365209,206.11025820388824
76,7,616.7036503029009,236.82568653178402
77,7,612.8325517442795,231.9907950027206
78,7,622.5128691409875,223.99022264697004
79,7,623.8357248250716,219.50003808863246
80,7,668.7745888010955,273.64045674414774
81,7,676.7828079157579,285.47647607837735
82,7,681.9689395403462,278.68136982719267
83,7,686.4766036886465,277.79146293805127
84,7,693.6792361098859,270.00850645490414
85,7,699.861001565616,274.45373963493125
86,7,724.0258069833204,301.8186979797503
87,7,729.7362696032645,311.3603842954753
88,7,733.53786037807,309.65020336590254
89,7,735.0306159886327,310.3083858539389
90,7,734.844381489101,308.95167563818853
91,7,735.275898782705,309.0095859618679
92,7,736.6091199888817,309.58274678046973
93,7,736.7806115983573,308.4573258664452
94,7,734.4725779613453,297.10712959412126
95,7,735.0143274457179,296.29330651416007
96,7,736.5889291954718,295.9140914991415
97,7,737.8065657955766,296.9545296137236
98,7,736.7902910023761,296.5028957757655
99,7,736.7352547871269,299.8422184822187
100,7,732.7579671114141,302.99300584514333
101,7,731.3401368484122,305.7660828791885
102,7,727.4742668709778,325.9524718973085
103,7,728.289707573309,323.856733721218
104,7,729.0287509531028,313.90467156912354
105,7,727.8401635200473,310.00088773286564
106,7,727.6049480575074,310.82897155766256
107,7,724.4073705010401,305.34755957666096
108,7,728.0459050315017,312.38470578789895
109,7,725.1765690613347,309.8316634000212
110,7,726.0625859135193,310.3155147862604
111,7,729.1425112558094,315.55816941097805
112,7,758.4306662004258,359.0263792947972
113,7,765.2966815053419,370.86190781952797
114,7,772.6437245902678,376.30786683177104
115,7,771.455904198366,377.4196489157738
116,7,765.5435579684421,385.9341274001571
117,7,788.0103842215331,416.22510069151014
118,7,816.8574855660278,460.5584814326714
119,7,823.9446393034183,474.22255883797396
120,7,828.3389770012948,497.29983180203755
121,7,830.1184667002142,498.3057255142213
122,7,829.3510636162341,499.4094036420934
123,7,828.829847529384,500.64420250285673
124,7,826.2168151311171,501.5194769457692
125,7,825.063944648541,501.9393691209561
126,7,821.0465758630771,505.7119462027171
127,7,812.1202790900132,502.98381289465965
128,7,779.1027107669033,458.7877804474141
129,7,773.634465290054,450.4419520412143
130,7,772.0259579406044,447.242824636597
131,7,767.2003810690584,442.64805675106055
132,7,761.1736129879235,442.4407615655468
133,7,755.943472337047,442.52240412516437
134,7,697.1047690649289,383.89943999796435
135,7,694.8963316283181,387.7075084539987
136,7,683.4721924663579,412.5717538023475
137,7,674.0524641890771,408.2270804395395
138,7,664.2809674699001,403.00743133337903
139,7,663.0393044116333,403.874913721983
140,7,585.0078039338538,329.51838204294813
141,7,574.0626100987782,341.68843187732574
142,7,565.7896813235789,356.199727888879
143,7,561.2725018387879,358.3767226220484
144,7,536.7430544594044,348.79958351709337
145,7,535.9147058100808,358.0781816165603
146,7,506.9457168748311,349.66683168569324
147,7,493.470802586341,352.7274305053425
148,7,490.69919144660537,359.52219536044396
149,7,488.4935393492251,361.19561489477474
150,7,477.4602710521663,362.9109762666301
151,7,445.5649817525067,341.18067120782587
152,7,433.92058661255555,346.03054262817176
153,7,422.27619147260435,350.8804140485176
154,7,410.6317963326532,355.7302854688635
155,7,365.2756378354606,316.1303965500608
156,7,305.4529351485839,278.02061833368447
157,7,335.24021734956256,322.3560796907319
158,7,331.1202904251529,349.32656049742394
159,7,341.76224883736285,354.6540060262663
160,7,340.49951949131275,373.7260385509901
161,7,339.23679014526266,392.79807107571384
162,7,337.97406079921257,411.87010360043763
163,7,336.7113314531624,430.9421361251614
164,7,335.4486021071123,450.01416864988516
165,7,334.1858727610622,469.08620117460896
166,7,332.92314341501213,488.15823369933275
167,7,289.97022252549567,474.74264249324347
168,7,247.01730163597918,461.32705128715423
169,7,204.0643807464627,447.911460081065
170,7,161.11145985694623,434.4958688749757
171,7,109.65938190821149,411.5097806724635
172,7,58.20730395947674,388.52369246995124
173,7,164.67658258370693,486.6250686169642
174,7,171.7250812893783,510.7004395358338
175,7,178.7735799950497,534.7758104547034
176,7,195.8969528701563,529.4055811157825
177,7,213.0203257452629,524.0353517768616
178,7,120.84150663009768,565.3373170429486
179,7,191.33189718119954,620.7427796918641
180,7,131.4887466368803,601.1069436220845
181,7,144.34143733931035,622.2950343645485
182,7,156.13633729261676,639.3574451722046
183,7,-76.97753370501702,485.21629435519776
184,7,260.5554095298595,719.7436958873076
185,7,-85.62739924053578,510.8455103770223
186,7,-86.48634985749243,522.4869206873019
187,7,-87.34530047444908,534.1283309975814
188,7,-88.20425109140572,545.769741307861
189,7,-89.06320170836237,557.4111516181405
190,7,-89.92215232531902,569.0525619284201
191,7,-90.78110294227567,580.6939722386996
192,7,-91.64005355923231,592.3353825489792
193,7,5.974542256704694,658.183178979162
194,7,103.5891380726417,724.0309754093448
195,7,-107.19766383113274,589.8036637770233
196,7,-110.82340580449575,594.2652638490187
197,7,-81.18272808768226,616.9482578639052
198,7,30.984580653984853,690.1924865525331
199,7,73.71897094743893,719.2956363266429
200,7,-55.60132191085439,639.6963302435145
201,7,-97.31179425155717,616.5796205131961
202,7,-111.39499252670859,608.8674594087594
203,7,-126.64658752282895,590.0135466514533
204,7,60.467738835499695,722.1266993415946
205,7,58.30559852814373,721.6414941710752
206,7,51.59292061178369,717.5765981887386
207,7,55.64936307974251,718.789600243296
208,7,19.214884343409366,696.4996659336246
209,7,7.816798765333746,689.6516174925414
210,7,-44.45517355867997,656.8737784394573
211,7,-39.24797335738724,656.8039093389502
212,7,-107.36596986935197,605.5127767472969
213,7,-120.7370188531945,595.7692118917483
214,7,91.05922557688122,731.8859455843669
215,7,90.1244073209719,728.3107486056109
216,7,95.47865185418954,727.4172887149812
217,7,97.49988837062345,723.6051653845246
218,7,106.93493939990226,721.0538378230003
219,7,105.12849990971192,717.9131088482726
220,7,107.46474367578047,711.5070666802472
221,7,106.82490629171787,706.9697591151316
222,7,109.55732352813534,703.2921470652074
223,7,112.16493369300461,700.6240613145726
224,7,131.48329817436877,705.0472543696909
225,7,133.72637995576665,704.2986647551429
226,7,141.6776029888101,706.2001612261049
227,7,142.46229354020207,705.6387868620038
228,7,141.37242271984647,695.2519676517533
229,7,143.13297457702402,693.7370015338739
230,7,144.3419659856701,692.8956698648763
231,7,146.62193403475274,693.1895639951864
232,7,146.5655371387117,692.3840013506634
233,7,146.48562010233766,692.0992295036964
234,7,150.86332721550778,694.1363327835244
235,7,150.81172321526492,693.6749918668505
236,7,152.22463267514945,692.072255315427
