1,1,969.559917626668,1023.6225493840504
2,1,969.559917626668,1023.6225493840504
3,1,969.0720659608826,1027.8853372176231
4,1,971.1644643807535,1034.5523357311076
5,1,972.7731001364821,1036.2956376590175
6,1,975.3340592918676,1039.1531921698615
7,1,975.2451652149628,1038.6289988866185
8,1,975.6676111661134,1039.5255757970867
9,1,975.7865577067062,1039.5936271144485
10,1,975.4146019015175,1040.5181554924304
11,1,975.3384245019852,1040.5901404459494
12,1,974.8024133130045,1040.102368904759
13,1,974.573164675369,1040.1679527864287
14,1,974.1037022642204,1040.4704047559298
15,1,974.0155406948305,1041.3896625117557
16,1,974.5133517321157,1042.2733363363104
17,1,974.5869224121382,1042.5506656609468
18,1,974.3946048624603,1042.8434920535658
19,1,974.6724471310722,1043.0534690537506
20,1,974.1821287377735,1041.717773733827
21,1,974.1996741169256,1041.7198800320753
22,1,974.0419904588791,1041.6805545333186
23,1,972.9746031056941,1041.081187038547
24,1,971.146292169393,1039.4707469633638
25,1,969.0940009155144,1037.652825349238
26,1,965.3836629973368,1036.7780746281742
27,1,958.803457346368,1033.0071923399537
28,1,950.8575546465154,1035.3317781310657
29,1,952.5789438533502,1029.924068152788
30,1,942.7630942945405,1043.4726456564895
31,1,939.917779462573,1048.3678421322672
32,1,940.7577214814961,1046.2474944599026
33,1,931.409480423613,1052.5181601358124
34,1,927.6313387626091,1060.892353238485
35,1,931.8667532421593,1063.1115259702146
36,1,945.8320289308074,1076.1101715543928
37,1,946.4346100783671,1081.518935192014
38,1,948.1793044056294,1089.7216744235734
39,1,948.4136591949302,1092.5420954080914
40,1,945.1445767264872,1104.1539508478484
41,1,941.0610464355824,1108.5044849330552
42,1,928.2762454741888,1129.3578438208915
43,1,925.5933201324353,1134.1180610656236
44,1,916.506228967591,1146.9344135276103
45,1,913.2996689762124,1153.959853063507
46,1,923.8000119322776,1172.6813417180713
47,1,925.6536029855978,1183.6867727007873
48,1,914.8205988039585,1207.3702791362716
49,1,905.820591714481,1224.0639617675104
50,1,900.5490983551617,1231.8533944314702
51,1,905.7172661346782,1244.1768468003022
52,1,909.9598002032509,1269.0219354077312
53,1,906.7456784456324,1279.6439264636392
54,1,893.5352448609141,1304.121897013735
55,1,887.0936617377744,1314.1477736396805
56,1,872.9196561787719,1337.4206135657896
57,1,866.1837003787529,1340.8493738657353
58,1,841.1742245678055,1352.49127172896
59,1,830.519200771729,1356.4138539092673
60,1,816.3883121923662,1376.6132157169895
61,1,808.7292714951402,1387.6525982909823
62,1,795.8976236235437,1400.993104779948
63,1,783.9934696380099,1409.220483362903
64,1,759.479342421149,1418.1206586607116
65,1,753.2953569419212,1421.5552125407798
66,1,737.2527921137039,1427.109970393784
67,1,730.5629204706833,1435.3048028889216
68,1,719.439472606355,1440.87996624585
69,1,704.7860893653221,1440.7114728671795
70,1,686.8913205863413,1441.3761368578278
71,1,656.934832521602,1438.484932252353
72,1,654.0526844315442,1446.2148731404147
73,1,647.3300372438487,1449.7500871141058
74,1,645.5856345425391,1456.6376150872907
75,1,642.6098296948654,1458.7569382787365
76,1,631.7214885494344,1461.9110361320431
77,1,567.07880812231,1446.0579723855533
78,1,567.3927345720674,1455.40803618215
79,1,536.1713202893509,1451.893641710368
80,1,504.9527830845078,1448.8774252994783
81,1,491.26327693821185,1446.056627024741
82,1,481.7675440128621,1445.245607986952
83,1,476.90736555541525,1447.155746477967
84,1,473.19222086464634,1449.4864951535656
85,1,477.6729719992306,1451.2187170308127
86,1,462.6113141594091,1444.3203054674489
87,1,476.54818785916524,1434.4110682430344
88,1,472.803610897889,1434.75147966239
89,1,486.46865289679374,1420.0581822224965
90,1,501.57298195573554,1403.080335801754
91,1,501.3246264076525,1403.5103073238429
92,1,508.26685171944393,1391.5679743521819
93,1,468.26958288194413,1368.531907160942
94,1,454.9006171179598,1354.9245923420576
95,1,466.26328612323886,1349.4019968564376
96,1,502.2558316368005,1356.5589770659817
97,1,500.64427616107656,1353.4635965301763
98,1,505.48398470214954,1346.5720266829646
99,1,506.59921670158445,1342.6923634759962
100,1,506.15224887274326,1331.862252465616
101,1,502.63169066128035,1336.6757423181725
102,1,501.9187327657968,1340.22544740448
103,1,483.46740082347435,1336.9446460454526
104,1,442.881476313695,1321.7033686748807
105,1,448.1157402291654,1309.4824538352539
106,1,439.9235426385973,1308.461286868684
107,1,435.24112918435554,1315.9175814879047
108,1,410.33126424438296,1300.5458326637445
109,1,406.766792521467,1296.0284171036624
110,1,378.2812868716516,1279.019723506427
111,1,375.49509459089234,1275.7426684473348
112,1,360.57449274885556,1269.6242741129759
113,1,320.88091908675034,1253.0699441009988
114,1,298.347423223135,1238.344936311467
115,1,297.8863913207947,1233.9695052918844
116,1,292.9789719246825,1228.6334000626746
117,1,295.6773590664538,1215.020970287225
118,1,235.215160952722,1187.874317679226
119,1,214.78772090680846,1177.5728184497052
120,1,206.2392652017292,1164.34273469808
121,1,205.68044598090947,1160.8036245585859
122,1,201.7521817689065,1151.6873518880443
123,1,171.63198609912834,1136.0338686237174
124,1,114.13399526135547,1100.5204580303591
125,1,91.92672420497982,1088.4508379967344
126,1,107.61053472158977,1087.864460548001
127,1,95.70232773433717,1082.2338515430442
128,1,103.31123183960307,1070.841854192114
129,1,127.73197576198578,1074.0549133001678
130,1,132.260200543137,1073.3701725416897
131,1,146.80868386094997,1074.342874594216
132,1,79.7270048952297,1040.1364987380332
133,1,49.43007997839526,1021.6946869548202
134,1,59.99877692609197,1018.9835244766235
135,1,65.82709943125168,1016.860882235497
136,1,45.2162591967293,1000.6292044024917
137,1,40.61872807448441,993.3772816571204
138,1,64.10284516508004,1003.4977922658816
139,1,72.38597971875942,998.5914056619467
140,1,40.07065474855592,979.9270138515499
141,1,39.15585234447922,979.8862641499662
142,1,37.78180357476472,977.0754813960083
143,1,31.354382827748253,975.4332113216868
144,1,23.131497861825416,972.0951706438613
145,1,21.864112758674143,970.6688004961829
146,1,18.169537896501353,971.1587252922429
147,1,15.314345235795493,970.0190860300008
148,1,17.147041907696586,970.4662787416737
149,1,18.857075096874368,970.840493746484
150,1,17.406413079397442,970.9998638652752
151,1,17.136709437932936,971.0647872754369
152,1,16.159396433591972,971.8497887906356
153,1,10.429981853436813,968.9492781295082
154,1,14.357653696943462,972.9953106253323
155,1,16.178170031730176,974.8779669031311
156,1,15.355478339465613,975.3475775073521
157,1,18.867446466671655,976.3649908957303
158,1,24.471807434696213,981.7544980432109
159,1,28.35187992430375,983.3869793107409
160,1,18.61798520165946,980.181021455347
161,1,25.9051828107788,983.7325996762205
162,1,31.778246176375674,986.371783342311
163,1,32.70963113661125,986.4512805144556
164,1,36.43347867220414,988.2503856213007
165,1,36.04295710934495,987.2894995053546
166,1,31.049758306969842,984.405807978137
167,1,41.498906015923275,987.2801737479441
168,1,43.42264673828723,984.019977391591
169,1,45.624200555845505,982.2535146858615
170,1,58.33392914812776,982.9040574508722
171,1,58.90988451773258,980.5081259558231
172,1,59.732018965834165,979.2829536287126
173,1,61.55257569839002,977.5509729102056
174,1,66.76799552956226,979.3864443907804
175,1,65.65938538929997,977.7476876702426
176,1,67.03509416562396,975.5574746181468
177,1,67.25912690923518,973.7129013676503
178,1,73.17079339897292,966.7631075298103
179,1,71.28702448821295,961.918350118846
180,1,84.31218973622408,959.880101198927
181,1,86.84379159234561,960.0674089787456
182,1,93.3558809940925,960.6701999062028
183,1,101.9291505888305,958.8504562234715
184,1,113.2294405865109,960.6520394271188
185,1,109.56553091818762,956.9910818748094
186,1,116.60082189940628,957.4076973689665
187,1,118.6185728776504,954.9707836111194
188,1,121.62441159752444,951.1312776451233
189,1,124.85642745534449,952.2343646555046
190,1,125.8299481640929,946.8056421478619
191,1,126.99291182567268,945.5942118564743
192,1,128.2666027396394,942.4896699136812
193,1,126.92904162307156,937.2848788727791
194,1,131.40394306407313,933.0032391509505
195,1,134.34305057352555,934.0271638416212
196,1,132.2942100012485,931.199276128817
197,1,137.83644161483855,934.8131668468288
198,1,135.89986277672241,932.1800842611465
199,1,136.10449662732958,931.3928718705556
200,1,131.30233614125376,924.1485919301193
201,1,133.73514516737214,924.449451395357
202,1,138.59676053524012,924.017391190882
203,1,141.9573296511657,924.1042909831393
204,1,134.04681874423048,913.1677121706484
205,1,147.49873702005195,919.9336240928579
206,1,156.3706747172564,920.4816797997304
207,1,159.2466835761392,916.0587486227961
208,1,160.81798475897784,908.5465840986931
209,1,160.2322877876416,907.314014893927
210,1,169.26285002875855,912.3424280441308
211,1,169.29865878206436,911.0643898783909
212,1,169.7846867971952,910.0608382549664
213,1,172.3244344012529,909.5565367809573
214,1,172.62204213111394,905.2033855827497
215,1,173.9828610774148,904.2056363891221
216,1,175.5638717035254,903.1278395797679
217,1,176.84787463377668,900.1521843668753
218,1,177.46329420200772,898.7022055846019
219,1,177.13272323788695,898.2563787008161
220,1,177.08593696428122,896.6499174953603
221,1,177.4885103896071,896.4541878905293
222,1,180.78810918687049,897.6867700387087
223,1,179.60533233729709,896.3711072411254
224,1,180.05011033400697,896.7341850996416
225,1,180.0628396826025,896.5692934366594
226,1,182.81550319097045,897.6347844305117
227,1,178.9587224647562,894.9308746644265
228,1,178.79351549073962,894.6084616110057
229,1,178.6934326347891,894.5607389180348
230,1,177.17313621955228,892.2860834212058
231,1,177.07300952150445,892.2587316474331
232,1,178.0689484254887,892.9728860273415
233,1,178.94142756425586,893.2675535254386
234,1,179.2330682935141,893.7836243424166
235,1,179.1031968601784,893.5872663195796
236,1,177.25444147059275,892.6808581971574
237,1,177.80698081718447,893.4782223674525
238,1,177.92615922380554,893.0167186411472
239,1,181.040978823781,894.2683395924857
240,1,180.0289679652582,896.1259603551571
1,2,847.1206140429485,1029.1620202655558
2,2,847.1206140429485,1029.1620202655558
3,2,845.038049413815,1026.509821302682
4,2,837.0740849113312,1020.7829399155489
5,2,834.4782757723016,1019.6030300975128
6,2,832.3212219317852,1022.4435792002005
7,2,831.6982997340391,1023.3444874503663
8,2,831.5898994045131,1022.8778832663447
9,2,832.1327061824206,1021.5141744959924
10,2,830.9710748427282,1025.0954847877144
11,2,830.9388031121501,1025.3921301109651
12,2,831.768687788238,1024.0982314934445
13,2,831.6582571699289,1024.353886527009
14,2,831.063933811107,1023.614625004743
15,2,830.9709012509394,1023.9038952167485
16,2,828.1078278465462,1023.6200451773752
17,2,828.3599342022101,1022.8182964607298
18,2,826.0548198512663,1025.423437915103
19,2,825.5975028244726,1026.0493272370104
20,2,824.9460335529624,1023.1363656289471
21,2,823.5644945218802,1024.3507453237705
22,2,817.7535476534018,1035.3006620173232
23,2,818.0419574973945,1034.6178247303978
24,2,821.0865796376116,1034.7311175356474
25,2,818.7715923841298,1032.9523565180275
26,2,812.0217210914786,1029.0727574399218
27,2,802.1880379252019,1022.8908895386131
28,2,796.9568175101215,1019.9190753274418
29,2,797.0572266056839,1021.3973756878244
30,2,795.3725266593683,1024.150600180193
31,2,794.7236113783873,1024.1770622968463
32,2,790.8197156853623,1023.9715020304674
33,2,789.7052229770387,1024.906498402178
34,2,790.2248129154292,1028.246842657442
35,2,791.7807089723733,1028.231840610419
36,2,778.5769576495187,1026.3518868664123
37,2,778.8428595362202,1030.387946016184
38,2,768.8667831186208,1031.343888247151
39,2,770.2191360280043,1036.3240787300226
40,2,761.3682161701798,1039.5933706432006
41,2,760.7081867061833,1043.139503127887
42,2,752.368351246409,1054.2299972315902
43,2,747.0296029952367,1056.5910396162437
44,2,745.3629632266444,1067.3480440688572
45,2,745.6324430405215,1068.709878054563
46,2,748.3514607849434,1084.334735325611
47,2,685.2891816834142,1050.2387365845468
48,2,733.190345579227,1103.8839002820916
49,2,747.3003206840865,1128.1106368172964
50,2,739.5311491726266,1136.8919502820656
51,2,736.8236429749087,1136.5208342852482
52,2,742.0778471020026,1144.6273084104016
53,2,735.0439018576564,1155.174280608776
54,2,746.6854916985393,1175.5209144637743
55,2,745.7301784121553,1190.1612542576709
56,2,737.4861755850374,1204.3896397171181
57,2,729.9856567188966,1209.547908988269
58,2,734.9778903083848,1227.5491972443203
59,2,735.7309580125157,1237.8240988044365
60,2,732.3623094544827,1266.6425756607223
61,2,730.7287370831729,1271.2926038167734
62,2,716.3122992662404,1291.5924971143384
63,2,713.2480761836332,1293.8883688743376
64,2,697.7400832845094,1296.6096183296497
65,2,676.3176103906791,1294.8088760679098
66,2,666.7326447524209,1306.2690127758765
67,2,655.551417328494,1311.3094609442103
68,2,644.3701899045672,1316.349909112544
69,2,680.1221074999067,1339.3200688293755
70,2,603.6845308297875,1326.0595304020553
71,2,584.4569203369127,1322.6859450921193
72,2,571.1451098723434,1332.6422141703722
73,2,572.648911105558,1333.3276519421265
74,2,567.4095285776227,1342.9331598132524
75,2,564.1266033334385,1343.0007933126074
76,2,531.676304266741,1345.0243344573867
77,2,526.1039737036015,1348.5741805118425
78,2,521.9004403617429,1350.2120738020878
79,2,513.2659264756281,1347.2830401679366
80,2,517.1726236683081,1355.0368701301652
81,2,514.2770764607465,1354.8410412917383
82,2,499.68446067314756,1351.4000941098109
83,2,485.2034769656254,1346.1593499829323
84,2,459.8210077414482,1338.3790688587171
85,2,459.0165748815367,1339.0064427662098
86,2,418.70937119087904,1321.373059250166
87,2,393.73606354382696,1311.0122751941233
88,2,411.16683795576654,1317.7374581827805
89,2,398.2611448605373,1309.8501352210353
90,2,378.42819713843437,1293.7961224002709
91,2,381.9047532092426,1290.9426520442391
92,2,387.3324744544364,1289.1755624826403
93,2,390.95969820834716,1272.7117865255755
94,2,406.3464462096444,1259.3616845133404
95,2,414.99381103433086,1257.706044861845
96,2,441.64879591354224,1253.871904549376
97,2,441.351086455193,1245.857112115956
98,2,464.21660574779753,1246.3428619057036
99,2,464.2673337333698,1246.6673917559758
100,2,463.8556253378977,1240.251749745306
101,2,466.0783653635237,1235.099942822081
102,2,474.0754724345451,1229.967350801385
103,2,473.3152853587215,1227.8364447711215
104,2,472.5976328248194,1225.2853958661458
105,2,469.8392371905808,1226.7842290320982
106,2,423.23653567274084,1211.503230447233
107,2,446.0674590959467,1227.4992027654155
108,2,448.8488355066213,1226.2375426102103
109,2,451.9447061673332,1224.1410837981414
110,2,449.48057031488423,1217.043168124824
111,2,448.9614621242968,1217.5776497463592
112,2,402.93609064874687,1180.7222658429787
113,2,383.65356336665025,1178.1350367952657
114,2,379.982979588636,1172.5599412627898
115,2,380.5522281119901,1173.0930479365236
116,2,371.6307090855339,1173.1429183917323
117,2,373.56293513051276,1172.5687278841647
118,2,323.08749352244536,1158.3024855919023
119,2,302.8211965750641,1143.148383348251
120,2,265.0790557709955,1117.0649085708044
121,2,266.02801039750085,1116.551435154403
122,2,270.39396966112525,1112.7111362809587
123,2,270.8658372019285,1110.6838852909993
124,2,260.21616690831263,1102.4797794982862
125,2,209.69474005960961,1075.5591154229853
126,2,187.42612061099857,1056.5894536351116
127,2,192.7187059514441,1055.9124860183642
128,2,186.85494558719856,1053.1236645372076
129,2,181.2579793127817,1049.191313598683
130,2,160.75318152890938,1031.0284738462808
131,2,160.35901163308378,1026.8599031416845
132,2,148.59790857258199,1007.5852861262423
133,2,142.81435376177714,1003.2564558589025
134,2,144.54284917581694,994.7462221132135
135,2,146.6008844634768,993.543651307945
136,2,144.161444730973,988.5204410361608
137,2,125.16209480073876,980.055042362594
138,2,124.72187394857251,975.061754961491
139,2,122.138048538974,970.75660625591
140,2,116.54248699254389,963.9937629734897
141,2,118.19140996414949,962.0091747405726
142,2,86.10523383405237,938.5966543748457
143,2,106.45735233918315,945.5927002726287
144,2,118.34919401719618,944.2809799917345
145,2,118.78640782409487,942.7770848572993
146,2,107.254358264161,932.4365300437472
147,2,112.58110738510598,932.040451951045
148,2,119.83570461793325,925.3886623152725
149,2,126.75497834466998,929.5802202117014
150,2,149.59873650474165,939.7022104477106
151,2,156.19123391490297,941.6598286197312
152,2,171.14405691345726,910.0344982631769
153,2,177.04118159350188,907.4649071936183
154,2,183.18908245937416,904.1294837874931
155,2,189.33698332524648,900.794060381368
156,2,195.48488419111877,897.4586369752428
157,2,209.8990503616401,891.0842804662946
158,2,229.4402735842843,890.3866892767952
159,2,224.18319749377906,875.2398898582667
160,2,240.0270365464038,867.4386617334629
161,2,232.67689134068578,862.1251850758763
162,2,284.50047011908856,876.5799847533298
163,2,283.7647627644017,874.5626042612018
164,2,288.405028675939,867.6464130279293
165,2,290.34310282644526,863.8373963291662
166,2,291.18225452315636,852.9680757259349
167,2,301.68344127010334,852.8871903934071
168,2,319.3438530267927,853.9651920567882
169,2,333.09912782722364,859.744115182599
170,2,360.3210785569151,860.3627351474014
171,2,369.15754811257926,861.7741704504479
172,2,393.85920140115644,872.9679860738285
173,2,393.6675600709538,872.039810050101
174,2,394.2391044848625,871.8996527808574
175,2,392.85381270733416,873.0960596419815
176,2,389.45466391375044,879.0391659945891
177,2,387.5791606799327,885.6354187644072
178,2,384.4610937093371,891.5967512952463
179,2,380.9122878664634,893.2897174902957
180,2,385.76141577553915,909.4543418512452
181,2,387.98616699807565,915.0053436484777
182,2,386.2445213681376,914.694551158706
183,2,377.7709340593661,922.5459758052729
184,2,375.636610858715,923.6658678204244
185,2,372.45850888418187,923.148157933452
186,2,325.7310132414351,894.1083453483808
187,2,324.17567566900584,893.4216757198717
188,2,313.5485586418611,884.8515350597929
189,2,312.0315380768486,880.6277880041371
190,2,319.90249117650933,875.9078244061785
191,2,323.68147950467494,875.5188105707175
192,2,301.5710029572547,850.7665095517758
193,2,294.21752820144366,827.336807833388
194,2,309.1547870391352,807.5501287981318
195,2,313.5154183217229,804.5179376498586
196,2,314.72055448673893,795.5590097694717
197,2,321.6241361900372,790.2469270606163
198,2,235.63235953873829,704.2710387937773
199,2,266.5023777691245,714.0572138661277
200,2,297.7989157411504,700.9265055914375
201,2,294.63818449104537,692.8624734129406
202,2,303.51910677063785,685.0295167648197
203,2,302.52688875205365,674.9535377231066
204,2,306.8138179614984,654.9783016608553
205,2,310.10089500852285,649.0376642120291
206,2,306.5211455898948,610.533929650548
207,2,323.8669285575358,580.3814673204494
208,2,328.68294743597613,561.9610563754221
209,2,317.6560490692955,535.0087530215064
210,2,306.6291507026149,508.05644966759064
211,2,329.8337392126089,516.0098137109203
212,2,340.4339659239321,487.4820470384965
213,2,351.0341926352552,458.95428036607274
214,2,363.90745871272884,426.72792062548893
215,2,367.34360202615386,422.77131824267633
216,2,370.55708258044734,404.1760798605379
217,2,373.7705631347408,385.5808414783996
218,2,376.9840436890343,366.9856030962612
219,2,380.1975242433278,348.39036471412277
220,2,383.4110047976213,329.7951263319844
221,2,386.6244853519147,311.199887949846
222,2,389.8379659062082,292.6046495677076
223,2,393.05144646050167,274.0094111855692
224,2,396.26492701479515,255.41417280343086
225,2,399.47840756908863,236.81893442129245
226,2,402.6918881233821,218.22369603915408
227,2,405.9053686776756,199.6284576570157
228,2,422.7008795606701,213.9089908701416
229,2,401.0854202403243,184.2447950595059
230,2,461.68545349077976,214.98708054549576
231,2,444.9796516635989,193.33547908639852
232,2,463.84054042456535,198.49293655746234
233,2,466.6722723410414,198.78609299975903
234,2,461.2408882808755,191.20428608166418
235,2,463.3387980981557,186.88448211711764
236,2,460.45822048162324,176.9971249370997
237,2,463.7365326284322,177.4438102244851
238,2,480.1417406546975,191.7173067279514
239,2,488.1765694207506,203.21166359721553
240,2,494.53124874435736,209.30752180218803
1,3,604.1575636662656,1387.2194082747162
2,3,604.1575636662656,1387.2194082747162
3,3,604.8424299765333,1386.563330061219
4,3,604.858748334142,1383.848206376224
5,3,603.4725645961724,1383.3161315186587
6,3,598.5637092604268,1377.8679463399405
7,3,574.3957589739937,1364.3906325686366
8,3,595.7017533130736,1365.9220626109634
9,3,596.7106946849043,1363.512241698087
10,3,597.4355593878013,1362.7973543372457
11,3,598.0985454107558,1362.1590900345577
12,3,597.4499496956923,1358.5917079887595
13,3,598.3461674581406,1359.0604121874626
14,3,601.2545734484012,1356.8562971330382
15,3,601.1097104568374,1357.2699040043067
16,3,583.0896831450981,1346.2664133422113
17,3,578.163508889968,1344.0872238283293
18,3,572.0485678987486,1339.6452835900895
19,3,558.7805415324668,1333.3543414504625
20,3,465.33348215235725,1298.0524868350283
21,3,467.6414530852376,1297.2239868563215
22,3,542.2735583498484,1324.265218117571
23,3,538.0832499857004,1321.937582491446
24,3,530.6628956067034,1316.0983898296092
25,3,532.4227248706582,1313.6100916530418
26,3,534.0610074994729,1312.2303648175928
27,3,529.4608010032631,1307.776170125471
28,3,527.3998155790315,1315.2169053359607
29,3,529.0899216067261,1313.5599904076676
30,3,536.2019134401717,1302.8171339718156
31,3,535.7150203353926,1302.1459832107078
32,3,546.9334948810804,1297.6367428342746
33,3,566.4908378554768,1304.8542796032307
34,3,598.756725693829,1322.629219142626
35,3,612.0667011705668,1328.7193288165472
36,3,634.2426611018972,1340.502449240367
37,3,636.4008454667634,1342.1985761069525
38,3,639.9974999355352,1344.6532773558565
39,3,640.2809870124504,1346.1856704857544
40,3,660.889449388387,1367.0127850600738
41,3,662.9578799033359,1372.6590097390185
42,3,661.153566988581,1381.3425029226514
43,3,658.0881467944672,1385.8059270827905
44,3,651.1775188764806,1394.0616296297917
45,3,648.0188232435423,1394.8837764784848
46,3,645.0092127530392,1398.5647204933196
47,3,642.298879227404,1400.4076225086844
48,3,628.4810965816187,1401.0127013361432
49,3,620.5527986008607,1401.5080851981436
50,3,606.337738212621,1406.4373695700274
51,3,604.415409911663,1409.4876150719297
52,3,602.8977256136459,1418.445063778171
53,3,600.6455818098248,1418.1170323609124
54,3,602.5545933988526,1417.5511909128531
55,3,605.4134042692358,1417.3422965788218
56,3,609.8691561888724,1411.4130518037293
57,3,614.3147058639106,1408.3725289185745
58,3,614.3203731482331,1406.2149837804538
59,3,618.8725229193852,1406.3826261164952
60,3,619.1411583590775,1402.8645264335655
61,3,624.8266357141455,1399.9681623920821
62,3,635.5795390541872,1389.1992811861116
63,3,635.2174106496652,1385.3855595395896
64,3,634.7263963414075,1384.1712300001648
65,3,651.5392723362038,1385.064322049757
66,3,671.4838989208437,1380.1680536765446
67,3,625.6650480263181,1353.422108560783
68,3,696.8938912279098,1371.5909969214554
69,3,697.9289388263388,1368.4062716329042
70,3,708.6908369977125,1355.042792665065
71,3,709.5582821643738,1354.4149738476335
72,3,718.1450708328471,1346.6970643196942
73,3,722.4553968098812,1340.9863495579816
74,3,720.0742830227931,1334.670724904221
75,3,701.4745234301861,1312.220080914084
76,3,708.069353024345,1289.7657214564854
77,3,721.3764688082754,1268.563648054746
78,3,726.4631778660404,1262.5723883674673
79,3,725.7434918042864,1255.794866927199
80,3,692.1088714776278,1238.3345237935544
81,3,681.9286335611396,1220.9197193003488
82,3,675.1500389666145,1186.049958280078
83,3,675.2666651781215,1180.8785088894658
84,3,672.6603034441193,1166.499341746183
85,3,669.5013019012506,1158.1978363605333
86,3,652.7922792786475,1132.9911942373778
87,3,639.1439309332404,1114.8586042645695
88,3,618.9805268012527,1087.9281152641172
89,3,625.2685295981238,1075.4477638304534
90,3,625.840720899465,1060.5307824850738
91,3,626.8675341528503,1056.6354295562264
92,3,570.5362749103379,1003.4436385726007
93,3,568.7205733216009,988.320187207694
94,3,570.3575527106889,976.706321712479
95,3,577.3949963633598,970.088884726946
96,3,579.5764614100802,958.4184352038842
97,3,581.7774579769671,944.4509205235789
98,3,501.7920805382594,874.2081486055203
99,3,528.0161437537115,883.5411677067557
100,3,537.0469826879063,872.2697677052654
101,3,541.934164299795,866.7328042425195
102,3,532.4942636845216,840.6346966555653
103,3,539.9809735321305,837.7665903797858
104,3,532.3395385828186,820.5295606182486
105,3,497.8006296109838,784.1906491617264
106,3,495.19173589992516,763.6173937771592
107,3,497.23825467776976,754.8631661384463
108,3,494.27018147632094,735.0357574803651
109,3,485.25602677870563,722.5551785636931
110,3,458.51839201558806,686.2084050666302
111,3,451.2928904180554,671.65524259827
112,3,419.2935341625488,633.7850134331989
113,3,431.04820175283317,638.87375976575
114,3,443.2131724081089,632.4639776616332
115,3,438.2706104843314,625.9267912433455
116,3,444.82796497429473,609.3103755328847
117,3,447.0164352389613,597.9548435331828
118,3,440.98115287667645,541.2671399054237
119,3,435.8106977499609,527.6923327406994
120,3,443.28600956209374,517.3329879417685
121,3,445.7450529425597,510.7592779599567
122,3,462.8163680685936,503.8330653082526
123,3,468.783831865934,494.0899333521603
124,3,501.72503361248437,502.82132897477663
125,3,498.3768415392841,490.83466766755066
126,3,515.5100328500102,453.02330758715624
127,3,524.7617639274509,451.4249193006865
128,3,588.4010053387764,500.9225440624696
129,3,598.9857561809948,503.4564303606263
130,3,599.2602841688201,471.9364475478809
131,3,604.3110952335896,467.01076092283284
132,3,612.0618866206185,451.81027313338944
133,3,625.2376677581717,447.5297878538087
134,3,648.52325624285,454.32824501035685
135,3,670.6220199073637,475.6038203763158
136,3,690.570472899068,463.2414442506231
137,3,701.9889245803168,457.0635676287009
138,3,707.9186608590787,430.9128441418049
139,3,710.5447428881331,421.0611986830446
140,3,732.71435315645,414.87087520307807
141,3,747.5252876312262,411.6830890505642
142,3,779.606553286574,431.1209035839491
143,3,780.6189733099538,422.0120689676151
144,3,783.1568991320754,408.3997299825227
145,3,783.3051841903954,405.89103171653613
146,3,836.919347420813,457.41515098291586
147,3,840.2948556651615,457.241101602002
148,3,846.289618742786,462.1099517219527
149,3,847.8269829722952,465.6114949585131
150,3,847.9420548439001,461.94981919077384
151,3,852.8487511876297,468.33535105043484
152,3,862.649660284119,473.872617908768
153,3,869.1238384975926,478.8325770639385
154,3,873.5680083426106,483.74648602739165
155,3,876.3824288924558,489.7948899603895
156,3,879.8636082558354,495.62209464044264
157,3,882.6315908259718,500.70471750248527
158,3,885.2331811139488,510.5619008678888
159,3,884.9574707105098,511.69327932496657
160,3,886.9195591346635,516.6337654007025
161,3,887.8198725071027,517.1444710429922
162,3,887.9319830448093,520.2482015923335
163,3,887.8504057453049,522.8537489007363
164,3,883.572388859979,521.8923095964739
165,3,884.8595051110328,528.0473245902858
166,3,890.1141824873156,542.3002481323916
167,3,897.7889457645923,557.2997180864828
168,3,903.2679682891343,568.4413724110594
169,3,903.7810045447867,572.4336096927118
170,3,904.8580475815075,582.9958588489062
171,3,904.5354530281846,586.3494029907607
172,3,896.2838883673242,593.8567219127345
173,3,896.0916419454948,601.4827578329617
174,3,889.619835943544,603.1521937893657
175,3,886.2404354293342,603.5945465676796
176,3,881.8746441613015,610.3931446843665
177,3,882.8545400885117,616.9077886485276
178,3,883.1968617928785,627.9384945202335
179,3,881.0864527696428,629.4631943235679
180,3,880.3312328742729,627.5896868248748
181,3,880.5554129220005,627.5278862058702
182,3,878.0386179006455,627.868590035537
183,3,876.5123055273089,631.0871539142901
184,3,873.6136174197314,624.4527895532918
185,3,872.1309053767604,621.9285280755915
186,3,861.0452995721066,606.9492921813762
187,3,854.3517943753361,598.0110354951718
188,3,841.5435320468239,583.4163825231533
189,3,843.5851755627388,586.1951133276299
190,3,837.4299943084283,583.4655449288589
191,3,833.1107536192263,578.4320640691999
192,3,833.0159752261025,584.1540414884004
193,3,834.3340040434149,590.0729679047092
194,3,836.1655088131935,595.1218202264045
195,3,837.313333260751,598.2938598439675
196,3,834.2004389733567,599.9169911579605
197,3,838.2250602823776,602.3681338758951
198,3,834.9220488578812,606.0819301906707
199,3,834.4989971356702,606.082637637271
200,3,826.31232948135,618.6927477593907
201,3,826.0113940384165,619.6224684342807
202,3,827.0337982533865,624.6254648016273
203,3,832.1703786451507,617.8610032527843
204,3,830.093426270018,621.8668488535793
205,3,828.5212098595044,621.3372362154554
206,3,826.0103652860329,619.7622864123416
207,3,825.4919387992769,620.4161549313918
208,3,827.0032143455695,623.4983056426951
209,3,826.2909602088166,623.8296645876391
210,3,825.5725923739275,626.7454935747437
211,3,824.4645622929781,626.7100997625173
212,3,819.8591892629423,624.8371385440283
213,3,813.329017211754,615.5010667511526
214,3,811.0024116240056,614.6349954390208
215,3,812.4436118006533,617.4640463153459
216,3,811.1879640145564,616.0272777659803
217,3,809.2466449318999,613.4239377024799
218,3,811.2011445267959,615.8520534407907
219,3,812.4745394150201,617.6773964385915
220,3,813.1480042223376,614.4416117480741
221,3,814.4303125899143,613.9183580115359
222,3,815.8933091875678,613.1334244400516
223,3,816.1759418451618,612.7799792470323
224,3,816.3782906480709,613.3575320318109
225,3,815.5550760388637,613.3352192881861
226,3,815.8386927881021,616.2375429594975
227,3,815.7866699945241,618.0798178687972
228,3,816.2865295733599,621.984441622023
229,3,816.4521076592931,621.6699605217402
230,3,817.9354255502305,622.0549599574722
231,3,817.8403234071317,622.0139183219683
232,3,817.8930984533762,622.802308752925
233,3,817.6215642222895,622.4204330647614
234,3,817.3364736966806,622.118115503811
235,3,816.9899493251144,621.9282432612213
236,3,817.2795940717092,622.5571569706808
237,3,816.1369711542242,621.4633021960053
238,3,816.0326012841566,621.6133637354255
239,3,815.6094135929179,621.5369263129425
240,3,815.8903229891454,622.5687665501397
1,4,600.9693972949648,443.5251516555434
2,4,600.9693972949648,443.5251516555434
3,4,601.6163520684814,445.0572899203888
4,4,601.4444719237521,443.5641122809913
5,4,602.772761561752,444.61014438309934
6,4,602.1530998406856,443.90378816134245
7,4,601.58202033787,443.5729019477951
8,4,602.366044717733,443.28624932518926
9,4,602.2985664737056,443.4846131750389
10,4,603.688104841891,445.058114398362
11,4,604.1469196075584,444.71629405851576
12,4,604.6838866057415,447.0076900768756
13,4,605.2865395419054,448.4659058981196
14,4,603.9119588537005,453.67543445638495
15,4,602.4452613401154,453.78009170931915
16,4,599.609294915828,464.3852982076393
17,4,599.0177374523037,468.3207368492098
18,4,598.5194179262999,471.84433790906724
19,4,595.9902588267568,472.24241625235345
20,4,584.826209024803,460.926901000104
21,4,578.2185773529873,458.267331415988
22,4,570.098168865954,461.4053301146146
23,4,560.7045636984737,463.57433437477334
24,4,546.3823784786473,454.61867361042596
25,4,550.927217812964,464.71935266507137
26,4,533.1981533992463,464.4053324218541
27,4,527.4251532605166,475.0882695929385
28,4,521.4758327584605,484.10511857850656
29,4,516.8034303897604,485.4814430769066
30,4,520.4883266920557,497.0709400040332
31,4,517.8778725174234,495.36312954941087
32,4,515.6975688776431,500.1850760424981
33,4,505.26617995445906,505.33303069318276
34,4,502.6460505910001,513.9236205459982
35,4,499.23988829632754,516.4458417728695
36,4,481.37747438165957,511.95745522417394
37,4,484.18224155528156,529.9952981873139
38,4,473.0131582998856,539.8563181578519
39,4,470.2497828792429,540.0844379131087
40,4,453.86984549657365,545.1978297905871
41,4,454.15768003248144,552.4517554055697
42,4,453.21744638616735,555.1375930665056
43,4,449.91883147659166,553.1080917822504
44,4,436.1478429747045,559.568625459142
45,4,424.1325987243181,560.243049706631
46,4,418.1347533254669,572.6829576969787
47,4,419.93522818722926,580.6358014668061
48,4,411.67949537266907,589.3084642841939
49,4,399.79404268265296,588.2827636441068
50,4,381.0553422968336,601.5424452423949
51,4,370.56608769908945,592.5997018341433
52,4,369.2031762439796,622.7450481572715
53,4,366.424429150535,630.9570143328066
54,4,367.1853987549601,636.9777794636693
55,4,366.7176689566629,637.7846870874932
56,4,362.78606118652846,642.3912276753542
57,4,357.8550995213151,648.7017227343525
58,4,348.31045222905925,649.0146495766096
59,4,347.30417497543607,652.0515359743886
60,4,333.52678764225993,657.6865127382983
61,4,330.6441882432584,659.8115936083108
62,4,318.0110327582123,668.7270353604199
63,4,323.77948268985966,673.6419086607458
64,4,322.0621469823139,676.1078306537562
65,4,319.14595853236455,676.0495567661083
66,4,322.82283950651146,677.8424135910078
67,4,306.43391747247625,665.5700821440124
68,4,331.6068752407913,687.8989183921282
69,4,315.651502447,673.5311509050906
70,4,319.16386102805285,678.4742001897073
71,4,317.4592047732433,679.4269255653612
72,4,317.26350612154897,685.9801399587557
73,4,312.6767630845709,686.1516978412459
74,4,309.46966235766706,693.4654516920382
75,4,305.9702294008477,693.7927929530158
76,4,308.47988963532686,697.2848543539712
77,4,308.11662114680365,697.3612375041931
78,4,306.24711748198723,704.7529400936883
79,4,299.6144148694228,702.0074430336904
80,4,297.7663799227071,707.5524818146703
81,4,295.23782925881216,706.4721301894098
82,4,296.96085983658634,710.5828436546784
83,4,296.1399841606826,712.0570337134085
84,4,296.0871655191897,715.4374644007224
85,4,296.7680300159417,715.8860798904274
86,4,294.4643432747239,715.4157638027365
87,4,296.38626133220333,715.039728200191
88,4,296.1698009988407,715.2701687027575
89,4,299.03713064571326,716.5282716812371
90,4,300.396109196364,715.4988695620876
91,4,299.049435844423,714.2672273271279
92,4,299.29932102420213,710.620152212052
93,4,297.0412182482464,708.5414706338689
94,4,290.00682598503244,697.5851372508022
95,4,295.48653837055105,695.0390409284015
96,4,302.1959064670399,699.3079833842287
97,4,300.0830448580631,697.0115339277258
98,4,297.60330189858826,693.216343328423
99,4,299.1156246361107,694.6277481774117
100,4,320.985368576239,711.3664752046843
101,4,320.6510751041235,715.5748822481761
102,4,319.9036341883785,714.0419961718158
103,4,199.9093361092406,624.396442600648
104,4,323.0991959717434,711.8965834335037
105,4,310.66915699040396,707.4535349849269
106,4,309.5350893744421,711.7495716467391
107,4,301.3159329409311,715.9413054683359
108,4,321.2625306718855,761.2215602438871
109,4,308.86909133048397,763.8124320569763
110,4,294.50637508936705,761.7038153237834
111,4,259.4597172919855,746.7703723177684
112,4,271.9082855066189,771.8807662778161
113,4,224.69038021265524,748.7591272184112
114,4,229.85837324907405,761.691101821918
115,4,265.29775201729854,785.9471523646836
116,4,263.63793060530594,807.7165787879376
117,4,281.7310480805392,827.1768479065726
118,4,280.0214016747081,853.9645334477949
119,4,272.5489031355751,855.180675110307
120,4,263.74531195160034,867.838852858341
121,4,264.5307260953562,872.6660210203684
122,4,263.16060886300005,879.9038840145673
123,4,254.14538430912066,897.2813132914467
124,4,243.56501367347707,897.4283986518807
125,4,243.34130096843285,899.6893841384391
126,4,219.10244683747837,897.2317492302468
127,4,181.17036307386115,885.2072228407899
128,4,169.26596899347285,905.4371890502873
129,4,159.7397705470011,894.8936827719924
130,4,93.42087215498888,865.6710001835168
131,4,103.81294408192171,872.1148672616016
132,4,-79.2985890669499,781.6022421157701
133,4,-72.6640953482361,784.7719284302128
134,4,-85.9533636297734,792.7665619160815
135,4,-77.46688701116514,800.1527690604202
136,4,-74.23399374256381,798.477454008451
137,4,-34.74296748458925,817.7109577248159
138,4,60.469688095275934,865.9060399963925
139,4,73.76179141470413,872.7717055204394
140,4,105.92878173139451,888.3041694656783
141,4,105.21202654424813,886.8356011396957
142,4,108.7648172392177,884.0489645661162
143,4,105.28746110378121,881.620230886857
144,4,124.81614062151729,889.4073781347785
145,4,127.15170063872915,884.6343193185337
146,4,138.9977756956671,885.986235655381
147,4,120.87583882745639,870.6159850226318
148,4,122.9423368049286,837.8612045604062
149,4,122.35315524225065,830.5504202973933
150,4,122.19934938831528,818.6703032154869
151,4,115.96670607333878,798.2083831259921
152,4,148.6166860620726,819.531107474383
153,4,154.52202092239213,815.9567043084314
154,4,164.9921890859719,806.2037837705184
155,4,-50.417914484261026,635.854499116783
156,4,198.04384529718152,766.1674734201445
157,4,192.75956642723537,752.654821328942
158,4,198.7068562160453,735.866436361344
159,4,204.86263017828858,728.0478415665966
160,4,249.2263806098074,741.4066843348586
161,4,241.3870600796548,726.7035890233046
162,4,284.9903026107316,712.9107907698433
163,4,292.1611798683117,708.040318731593
164,4,313.71518164773084,700.9730683104716
165,4,311.5875636357811,692.5831597659471
166,4,312.9694831742175,671.8723690127813
167,4,359.7944999529122,685.9322783780981
168,4,393.34807678423334,662.9812732016069
169,4,398.5168072263918,657.3217210042598
170,4,401.3452670531986,643.9704817469155
171,4,406.27971443139757,639.3567935598307
172,4,450.1388279074874,649.2838106490369
173,4,481.68443132361483,647.9171218336143
174,4,529.2860852427575,652.3183186274481
175,4,532.6631337012612,649.8130501656087
176,4,544.6800933082542,632.7546152826682
177,4,552.2023867183452,630.4252041410322
178,4,566.91335937163,609.6201523429687
179,4,624.9707872998006,650.0240478910391
180,4,644.1935145939666,649.4879177417528
181,4,647.1758685666274,646.0374642252499
182,4,652.1473444495745,656.5744090141627
183,4,661.9576844189994,662.9155468170335
184,4,690.6167475540967,680.0215872399375
185,4,695.3670899890835,685.1104923524844
186,4,714.9899235848558,697.6463765401213
187,4,712.1270829064455,702.2532002803983
188,4,715.8868505562989,698.3872409813915
189,4,713.295124962044,693.0339177286284
190,4,711.3945256052768,692.4042840362405
191,4,716.4179801972657,699.7608627504064
192,4,735.4001531259771,720.4068787782969
193,4,733.545964322426,717.5118126225125
194,4,748.0714668895035,728.3779776546841
195,4,762.5969694565812,739.2441426868555
196,4,777.1224720236587,750.1103077190271
197,4,756.4347661187995,727.1356187016745
198,4,770.7279199937042,723.6057681712279
199,4,774.3470137651412,725.9522361347385
200,4,774.8132846197992,717.7796290710786
201,4,774.4811208231692,712.2970139537478
202,4,776.0975448529272,716.0797330118039
203,4,779.8520644985034,713.9266471710574
204,4,785.956123399675,713.1281931659905
205,4,785.8638454680727,709.3122816349331
206,4,761.2750934136407,670.9686536417954
207,4,766.7280859957601,668.212898289571
208,4,775.2477633923843,666.7189108060259
209,4,777.0040239390975,665.8494636606499
210,4,786.683492865046,670.3759038645004
211,4,784.8777354701565,667.4242148190525
212,4,790.7689621865959,670.34524980853
213,4,790.2296675930629,664.4374656056583
214,4,790.101974450088,665.1371399657819
215,4,791.6609025786059,669.3880180722871
216,4,789.0423003544521,675.3934610458757
217,4,786.5698149587313,676.9474334743916
218,4,784.3438800582137,681.3327680573834
219,4,785.7396633222737,685.3453441432462
220,4,782.3024363660967,684.4133449887422
221,4,781.2728145149248,685.3721967158928
222,4,779.2996736537945,684.9697099510233
223,4,778.4447276289227,684.0432033275774
224,4,775.1341522297317,681.9893611604426
225,4,772.2520683904435,680.1529846404561
226,4,770.2159048897076,687.0009869778185
227,4,755.641608607656,676.1825343200198
228,4,748.1103129102427,673.9799570473746
229,4,743.5211411759532,673.836605181972
230,4,737.088608918936,680.583476994787
231,4,734.8936901798809,686.2950928050602
232,4,728.0258212391925,695.0322782944852
233,4,725.4168753942781,695.7390055582264
234,4,724.2128500844824,698.7202236194474
235,4,724.5039428282798,700.5277873282931
236,4,718.7987513938559,700.7384877100461
237,4,720.9681000933396,704.9068073057151
238,4,719.0483543163036,706.7662273451278
239,4,716.4933385450427,704.9610378618157
240,4,677.180388202281,685.792174555437
1,5,606.5652525924072,119.63388272707633
2,5,606.5652525924072,119.63388272707633
3,5,607.0289683268504,120.68782285845944
4,5,606.4364888946587,122.75254576461235
5,5,605.6036651873096,124.02757022888477
6,5,599.2195374827044,121.37018880572941
7,5,596.684327039519,121.18314969988033
8,5,595.203016030481,127.2086778001048
9,5,592.5630704371341,126.65288418242788
10,5,594.0167658016044,138.4514362449165
11,5,596.5813870171603,143.80283408085987
12,5,591.4790344906187,138.4121863312064
13,5,590.8765781415017,138.88076989189415
14,5,589.6507272921175,138.00083933958183
15,5,585.5416019902323,138.04965492292285
16,5,571.6906419977005,130.47015582916427
17,5,565.0264807501444,129.4288358299826
18,5,543.1330608308597,114.34979475668797
19,5,538.6935770917091,112.16218898946437
20,5,530.3264375592123,117.20290936527104
21,5,528.2586955845447,119.07281231532096
22,5,522.5850207142777,120.84908989741953
23,5,517.3870123757523,118.66317536832125
24,5,508.81235413187926,116.42093588635193
25,5,498.22243032417185,104.40906445398484
26,5,476.08857015899855,89.58233559874968
27,5,464.08533688145627,86.90507441603971
28,5,464.37572735789047,106.80819646916137
29,5,463.7390108212358,110.34473449146878
30,5,445.08874284907216,107.06833749336467
31,5,440.37721247526287,104.9868425782214
32,5,400.87799885806464,67.86800978814156
33,5,382.86052097129175,50.67601149753735
34,5,399.84896955615835,97.7530854378423
35,5,397.51633981468746,99.61177325703837
36,5,385.3857602173861,108.70967470263957
37,5,373.466613364555,100.81343255291206
38,5,368.2388484383996,111.90168630622348
39,5,359.5826323442863,107.3570198445212
40,5,327.98631025116657,77.08604321797883
41,5,326.05511217222454,80.9294743190072
42,5,312.12730021016995,81.47448303103896
43,5,316.69986581423683,92.30610840351821
44,5,320.26321070758723,108.04998920489042
45,5,315.4498442340644,108.25398971177785
46,5,304.3688094682491,117.17766156737267
47,5,295.29152062798,111.29962787681458
48,5,289.78356873420285,107.84327988897306
49,5,287.5751330492726,106.75689659376356
50,5,264.2829359296677,87.61019015400157
51,5,268.53672154570125,95.11600386805081
52,5,257.3934059458899,93.75657871874071
53,5,229.0635666530696,66.73588403858625
54,5,234.82149916629507,79.55669074055119
55,5,224.15195632728174,71.62225171351356
56,5,214.2635184869781,66.66622286143848
57,5,223.8074746857301,82.65550280523952
58,5,235.3470347770058,101.00543149886981
59,5,235.63593752926403,102.36784206205712
60,5,227.18896356445654,96.72611054787907
61,5,228.48263718876376,98.81343155079263
62,5,225.2257084497016,98.33656377160617
63,5,217.363953349459,88.59616276560688
64,5,219.55045175872488,93.7909429900275
65,5,215.83882967526625,89.52775557619397
66,5,214.13289133491733,87.51022659321161
67,5,152.24128131750703,23.236893349247996
68,5,162.23660560633382,35.893551024779
69,5,153.63414798942733,29.775345505251888
70,5,206.197367125992,84.3897394492708
71,5,206.96204821476192,88.7943547609457
72,5,207.24140511760424,86.83517129672263
73,5,199.47360531287384,79.79642621046649
74,5,208.69485645240204,88.23930100366024
75,5,206.44527080073306,87.2377944697325
76,5,211.48552253493534,91.21878298800623
77,5,205.11618429788373,84.16826411200609
78,5,207.97147300926034,87.98091511709886
79,5,198.20655672481504,76.0116658656153
80,5,209.1542541709954,87.73800063417566
81,5,209.26790681882267,88.70558942342963
82,5,204.49966291123366,86.09681828470859
83,5,207.66216977287374,87.47862116420379
84,5,207.0541213827735,88.84751551820678
85,5,212.45139503193312,94.81297623743751
86,5,209.4766460814189,93.57921068171369
87,5,215.06270245662174,97.25370825649408
88,5,212.71889847141318,93.56580552903608
89,5,213.86835930447228,95.91463629028777
90,5,203.35282778809662,86.47449005604234
91,5,203.72296070623958,86.7516510955943
92,5,204.51965170236002,87.62554193361366
93,5,205.57417400856176,88.3239919704891
94,5,207.021691101013,89.46516371879105
95,5,207.37201537165865,89.71560236354692
96,5,207.58964318059677,90.63631309264512
97,5,206.85631934798093,90.04744937325992
98,5,209.16616358911384,92.65232153730997
99,5,208.06467560540588,91.94885313649287
100,5,206.36183244385228,86.6154899858822
101,5,205.5291905230303,86.51263886070029
102,5,208.4080783237021,89.02904780519385
103,5,206.80189804486307,87.06818997962955
104,5,208.68807240428941,87.60089379328602
105,5,208.83232464570037,87.92286054648368
106,5,208.10595565594687,86.70326811521477
107,5,207.0296634259222,84.40106567180963
108,5,205.97465309801763,82.40326154609345
109,5,206.4598169784514,82.27312121029031
110,5,217.38525595864914,91.79925741605827
111,5,221.29655367239923,94.40733524166441
112,5,229.23015641497113,96.4923742418516
113,5,233.07507449211315,95.8811740350884
114,5,245.78014679484338,96.3948191488446
115,5,251.54560052601525,99.58323187027025
116,5,277.9898512214734,114.17623009255941
117,5,272.56820227373447,89.62927092021987
118,5,293.8832691127572,91.16697739694325
119,5,288.36982139730674,80.41370170764671
120,5,311.73712716587556,96.18760439932315
121,5,321.94741083718435,105.37852610894568
122,5,355.9307820057423,135.86181580753552
123,5,370.9487606917951,148.47716851414592
124,5,387.22592998148417,118.03815679511334
125,5,390.51006090504245,114.63153998750113
126,5,417.9789828715079,132.63841423244176
127,5,415.8885650292911,125.97322713483652
128,5,415.2086995162651,118.46877266543929
129,5,416.96679155517114,119.84298373617814
130,5,416.2724006176187,115.81284419162394
131,5,416.5530204588287,117.06410241832279
132,5,415.9253635583238,109.45003020163986
133,5,423.1814010438369,114.81756210635226
134,5,422.3128409492389,108.27759232707355
135,5,417.1554038603207,98.35582060133792
136,5,431.2213181988258,101.81627413206849
137,5,400.31486749128163,57.96004500165614
138,5,478.9952944433904,147.50452828989145
139,5,450.39458838318814,106.78073612028174
140,5,428.56613257778133,69.43635953499744
141,5,433.99377366595894,62.620724446701395
142,5,459.00501296788696,84.5946894541477
143,5,481.14724126079,96.35839139001368
144,5,491.47003486171934,109.26596072748141
145,5,494.9396685308346,107.61605728031206
146,5,460.37343405373645,62.14548386413513
147,5,461.64006474182565,58.58166784882468
148,5,457.52267735630954,39.48452425242078
149,5,476.88492790338717,60.18197238111979
150,5,502.3206505588924,74.38633066813492
151,5,512.6797619931167,87.58286929298121
152,5,514.5505129991404,80.41543925793836
153,5,520.2769332241994,84.01280358527326
154,5,530.4213224582427,90.90361770549019
155,5,530.6283979108188,87.8665087562563
156,5,543.3015558838204,99.29965200688375
157,5,541.9122987864943,93.22023511127229
158,5,572.7943578439041,129.03429367337526
159,5,572.9556033737036,128.19584266147425
160,5,584.4055888262162,141.2809721173913
161,5,583.9650682303077,138.64877428400874
162,5,582.8961305426493,134.52037354859232
163,5,581.6371076164312,132.18470296987832
164,5,561.0755578808732,102.29704387884085
165,5,585.3759172707506,135.1205478342561
166,5,587.4634595510163,135.2151318200727
167,5,561.0846875381703,95.66838129269173
168,5,544.9688864351649,66.39274643977825
169,5,543.4690235637112,62.63798718629938
170,5,565.6025226357968,85.81595856708948
171,5,549.9070465309408,60.15786620207691
172,5,570.7372452686091,88.43041918298186
173,5,574.1614970375174,95.75939347143004
174,5,574.7619009346625,111.88285150984831
175,5,567.1488458874936,105.43350527878452
176,5,566.7684722410165,113.91511673991026
177,5,569.843224458699,121.97741698379743
178,5,576.9146913792964,141.235943540353
179,5,580.1266323687386,149.73096295634866
180,5,566.9083065448178,134.4248444085697
181,5,561.2417750130409,130.7921252320648
182,5,550.4393769258378,122.48408283628208
183,5,553.7446506401649,129.87809364370506
184,5,557.9970551240722,145.0170933614428
185,5,541.3363128365601,128.05471084455374
186,5,530.5469966342392,120.42306900995345
187,5,515.9505471078968,106.10735089560042
188,5,532.1236923190594,136.04965533977287
189,5,525.5904131227128,126.00516644465918
190,5,519.989238653906,121.22654112248458
191,5,524.0791804757995,128.35748836252
192,5,519.7335989182443,124.06335008492061
193,5,533.7907871847129,142.94890496783438
194,5,533.0465863391323,141.9966816581155
195,5,533.7914994677938,143.95557449489598
196,5,524.4862087080577,131.32826967114397
197,5,531.7971505314734,141.6566687949921
198,5,531.6724120572759,144.24520849552746
199,5,526.974866355132,138.97276711625767
200,5,538.9720967740928,160.82380676201385
201,5,538.4800495115244,160.80429703633024
202,5,541.4132518974908,167.80760972002074
203,5,544.11360941366,172.42348142420644
204,5,540.459065582957,169.29207436787465
205,5,540.1200517173406,169.80064051567092
206,5,532.5629779905521,155.39333550569623
207,5,536.7331226918196,155.95729446210464
208,5,545.257201082088,167.31644499505825
209,5,547.14254272089,170.5177253995968
210,5,534.593477816258,169.09483978176507
211,5,535.1377971045238,169.3654078452606
212,5,537.9921941792826,171.23398967048766
213,5,534.5339055469102,177.11753822163473
214,5,509.82136708433285,168.89134542380833
215,5,493.6014599006855,147.94175847376144
216,5,453.5281522349477,98.89783798179216
217,5,443.9399145051213,87.4919882015222
218,5,457.40213755663535,108.92253686444961
219,5,454.79461679239006,108.81918248236893
220,5,494.60783531981605,164.12167340292487
221,5,488.0645517239652,157.030946698417
222,5,481.95705949283865,143.2611452536606
223,5,514.4457498238637,184.53367879608865
224,5,497.04867657040614,164.79029743279685
225,5,524.6188025688641,201.39657673983413
226,5,487.5243480297546,150.61335543765028
227,5,507.97209837236863,176.78701457172568
228,5,508.20402958751896,173.71252689499042
229,5,516.2820944679045,181.37311845910182
230,5,523.7396195025589,176.0789488503434
231,5,524.5843717083861,172.56555557337362
232,5,529.45807118376,182.17492498516992
233,5,524.2499060958366,175.24846705808267
234,5,533.2431353906122,183.4755110416035
235,5,530.9077612401461,180.3389149027526
236,5,538.0224221577806,184.7524820529765
237,5,538.7946631145078,177.87129632591387
238,5,533.6012437314832,158.91551748762404
239,5,545.5598791309295,177.06706526105262
240,5,549.4440735323151,174.4236507492795
1,6,565.2254445151566,1287.1798164186237
2,6,565.2254445151566,1287.1798164186237
3,6,582.2374415836537,1294.1031307275275
4,6,567.9974239062848,1289.97207525847
5,6,542.8214818816681,1279.503533962818
6,6,523.5102339572295,1268.4032292258905
7,6,539.9103843288652,1271.0677788948813
8,6,544.4075738175654,1273.017635956582
9,6,543.0974949676452,1272.5268439896233
10,6,549.1318932281634,1274.1914098726204
11,6,545.8578441961747,1273.6028735570007
12,6,535.9965493160669,1269.9628609711879
13,6,534.7493487370012,1271.0575715680964
14,6,536.6250369386823,1265.4198283296791
15,6,537.6480285601999,1266.296702930027
16,6,535.067757381293,1267.054062354919
17,6,531.0219839873573,1265.6630283367315
18,6,517.8209615030743,1263.8860663302967
19,6,508.2870521882884,1262.7280572581356
20,6,478.9892211824612,1254.9389432384264
21,6,471.63437649225324,1251.7182359030478
22,6,423.61637367612275,1232.518307136122
23,6,426.70260696447974,1227.7436562547352
24,6,425.9295160594173,1225.6923927708947
25,6,423.733646553015,1230.9332460345888
26,6,428.5169765499487,1227.166453468014
27,6,426.66351098642,1228.844564076977
28,6,427.39520381227527,1228.5521488199918
29,6,429.1673897752293,1221.0168297008663
30,6,436.78047087183404,1217.5248559736401
31,6,433.8416413335911,1211.5205817400602
32,6,457.38700988082456,1207.159696362145
33,6,469.69920137302495,1208.1856422870576
34,6,477.9707509965732,1208.656410514738
35,6,478.21631863697974,1207.1454295983754
36,6,481.03487486932636,1207.972527537052
37,6,481.5659025371734,1207.0780242788317
38,6,480.62841572787744,1209.3246771612112
39,6,489.09778286068854,1214.5357427005076
40,6,515.3241451787908,1229.046431241205
41,6,523.3765530236855,1230.152447216318
42,6,526.3864326273864,1236.6420138336766
43,6,538.7833907680495,1246.0793189407734
44,6,553.5915596667896,1257.5368408435666
45,6,563.1680401536853,1264.294647660522
46,6,563.0029046985746,1266.9570016938153
47,6,563.8388700930005,1272.9182487063338
48,6,555.2091165961591,1283.7583590633967
49,6,551.7063358177329,1292.0269171132932
50,6,542.8679675246811,1303.4168319164498
51,6,541.468873790745,1309.812931466911
52,6,536.4170149548435,1317.9753590173318
53,6,534.8916119047865,1318.7020544903019
54,6,531.9010746821338,1322.8339080885467
55,6,530.279374851781,1322.0982896094702
56,6,523.5844318998554,1320.4905306999783
57,6,522.2186298082677,1319.064992175662
58,6,514.7242610308869,1322.703735218991
59,6,512.5504355476215,1314.2818779728095
60,6,497.1153558460777,1311.186626126348
61,6,498.21195095634585,1314.8521294592072
62,6,588.5868559793113,1343.338651797609
63,6,614.1538968305904,1343.321955445011
64,6,516.6663117757587,1300.8747620542274
65,6,517.4235239405049,1299.8751792434568
66,6,510.13807949713384,1285.354819200484
67,6,638.9707586211458,1301.1305605360544
68,6,616.8540437868546,1296.5974800298186
69,6,594.7373289525633,1292.0643995235826
70,6,572.6206141182721,1287.5313190173467
71,6,612.8095637631111,1306.4556933160761
72,6,562.2918216647487,1269.9217615794107
73,6,568.0228857214431,1266.7012949400842
74,6,550.1129886358217,1241.833787874472
75,6,543.8649318125025,1238.0378679776575
76,6,545.3543784895422,1232.4912347999425
77,6,532.2184291363183,1218.346121738945
78,6,498.61163220794214,1180.5153758259312
79,6,502.134062900344,1172.1598882133183
80,6,546.6640637513887,1178.894370646856
81,6,550.3694038620072,1174.832187368492
82,6,554.6758298049263,1158.3706981374285
83,6,554.823018290672,1151.019038545409
84,6,557.9220620636305,1137.5170633665268
85,6,558.8354373557685,1126.4716872141207
86,6,530.2946894656284,1095.4654866594976
87,6,547.43182463981,1090.3745644930996
88,6,476.4652316950864,1041.1961445855661
89,6,529.8369294005554,1060.595458651993
90,6,542.0775176895304,1040.720473175466
91,6,547.0905882410417,1036.5575445286133
92,6,544.5778565045057,1029.6817537026902
93,6,538.2238052510573,1021.4234739229952
94,6,473.3350949209035,961.5991912331363
95,6,463.37329624173805,950.4382718363017
96,6,493.09747827113193,953.3658303121049
97,6,498.68108906264837,950.7034146581112
98,6,502.7882412797491,940.9186119700942
99,6,504.1314187597531,937.4314185782197
100,6,481.96417714951286,913.6656979499796
101,6,481.2545018926956,908.7457318099216
102,6,442.4828043685288,872.7268200054605
103,6,437.42357414346424,864.4594712023277
104,6,437.68612112147844,856.9092086688734
105,6,438.8901096412193,854.4503441854239
106,6,447.18333285799133,857.290234722037
107,6,444.1325098416169,853.1181035428029
108,6,420.08449650081053,825.2692672356915
109,6,418.0216734429214,822.0269773194891
110,6,391.711082205394,798.9361915281141
111,6,395.57208859068913,800.9932288668274
112,6,387.9587792476017,795.2147273077628
113,6,370.6204697551094,787.6493896261986
114,6,367.95239468233547,787.3460400773033
115,6,365.42841215048,799.0879219970817
116,6,320.79993819948857,767.3899919471164
117,6,325.15071382254104,777.8768176981982
118,6,295.46195689358905,772.6364737089539
119,6,300.5060568639284,784.0168803004251
120,6,291.3080035006818,793.7711315949454
121,6,287.90438954619833,795.3991172908519
122,6,273.71950995603,793.2805049746319
123,6,262.23461215333833,786.8169945555289
124,6,271.24818969258354,793.1245315415267
125,6,276.3206252853518,797.3159675645783
126,6,262.6232940250381,787.726790157053
127,6,245.0547602485345,774.8209081802819
128,6,242.52356142672346,765.6811116463816
129,6,244.53400801098255,768.4993924889505
130,6,244.20359567768878,764.1510591690322
131,6,245.94494531845865,764.8947041236308
132,6,250.25701137249865,756.876360433428
133,6,212.982968034412,716.3025485236628
134,6,253.30589965956995,727.9857925288883
135,6,258.50857760094107,727.0908633602389
136,6,268.46312074121204,718.9091628837014
137,6,270.0677532878451,715.604234974818
138,6,278.1579389690366,710.7508838839003
139,6,229.87686150363714,647.7401220706525
140,6,230.3942658244554,625.8781897697334
141,6,234.04684737353787,619.8339552735598
142,6,237.69942892262034,613.7897207773863
143,6,227.66128938496843,596.4753934456829
144,6,237.46745503770234,585.1196048467147
145,6,258.09865711614003,584.2926703672558
146,6,255.40973071496427,521.3938295980387
147,6,282.8291320716483,540.8260117301238
148,6,280.1969582452953,504.86080142165935
149,6,284.2632893941803,498.0794961573054
150,6,288.93214381168536,474.32924563937036
151,6,319.5315914795628,461.9991448442569
152,6,316.69195250308303,420.81055392458404
153,6,334.15079471369245,422.5508321807845
154,6,361.2557114554929,414.59859930504797
155,6,376.2913880312689,413.8026732235353
156,6,403.19197235313993,417.0203470007931
157,6,426.5061493293594,414.70049668096647
158,6,447.3099498477042,404.45592197253865
159,6,471.6657101932733,407.0204719389457
160,6,444.3245024104138,351.0623553985858
161,6,449.15122798803776,348.9489927626242
162,6,462.5967635577215,331.2743877027492
163,6,523.4982245798283,380.80511481286584
164,6,523.2308645979234,376.5956102269603
165,6,522.0474194340126,364.2904309390477
166,6,532.5367344421351,359.1377576461688
167,6,541.0500480983891,363.04082314643375
168,6,560.4425018793527,354.54020340230545
169,6,608.0552502296416,401.9747617565125
170,6,618.4962943074437,404.1183039131386
171,6,617.8664185560963,401.9547995117821
172,6,619.3972090535656,405.97466456107827
173,6,621.7227139964709,412.5864444078137
174,6,630.0878179961028,434.605719575953
175,6,649.2365173850976,466.4591704805365
176,6,665.3235682687476,488.4965289139623
177,6,667.0989732413483,499.8270221148251
178,6,673.2222306711961,516.1860994767036
179,6,676.6832607886996,524.4372218843886
180,6,699.7261444747944,567.4044070519828
181,6,696.7990361189176,569.2268657990246
182,6,691.3431319823633,579.546210759452
183,6,685.7621826888962,590.5813236044204
184,6,680.8282259097639,578.097871525851
185,6,676.942413062655,576.231624369885
186,6,696.9524879739047,606.8852686741345
187,6,727.6270819117437,648.1540076175293
188,6,719.4219008734589,647.8253087550802
189,6,721.4152241461159,674.9388520350019
190,6,736.2460907838821,683.1812697655052
191,6,746.2635052565831,694.576621529407
192,6,770.8381511563924,721.7456752716014
193,6,770.8257342207844,723.0930603448492
194,6,762.135505492308,735.4419323197187
195,6,758.2279197946299,737.0542039445178
196,6,854.6777390608809,1683.319929304392
197,6,790.4328519411799,777.4011238656955
198,6,788.8993838540705,787.7367813973309
199,6,793.8543602433087,798.5167570960991
200,6,794.492414297726,807.9238109291034
201,6,794.3432747129839,811.0353828435939
202,6,791.6465719343424,819.724739921602
203,6,788.1777591284188,820.3859021880346
204,6,785.0608842083735,825.9701454890932
205,6,784.153942570711,829.1704043409591
206,6,785.0495278317504,845.98919428332
207,6,783.8198230615146,850.1400387669266
208,6,779.5249372482012,862.0809460150587
209,6,778.9031643269867,869.8145276404426
210,6,772.169494745929,877.2079360373324
211,6,771.9606512842236,878.0802510583092
212,6,768.6198690573551,880.147385159465
213,6,764.0594581683342,879.8114045710737
214,6,756.0975675300314,885.2922661445871
215,6,749.4906935953294,886.6032447764585
216,6,736.4939733520265,881.0655642236162
217,6,740.9936681194214,888.7728207524245
218,6,742.9470327751197,902.9853905171208
219,6,743.4821618581931,910.644571595582
220,6,738.4682034300648,914.4497094735209
221,6,734.5885163536691,914.4807753206007
222,6,714.6852644572281,916.0053151335454
223,6,708.4734646043137,913.222326529184
224,6,706.8694346404568,914.1238463630115
225,6,705.5595574984429,914.4720783466815
226,6,703.8375322475165,916.5849855693378
227,6,702.0632861705518,914.9628342161249
228,6,703.3565924776351,916.2360647707525
229,6,702.1596568699586,915.5191549347331
230,6,698.5406671926328,913.3520943074776
231,6,698.1681330229744,913.5551849777852
232,6,694.3344257152025,912.370481776534
233,6,685.565433058617,907.9406392746362
234,6,674.8913595976662,905.5168395251317
235,6,665.6362701509164,898.7582108605808
236,6,650.3022378167808,889.8965227755524
237,6,654.5875491639863,895.2733227631907
238,6,651.1064653515922,897.7271301390601
239,6,648.6214298262296,897.7007310170741
240,6,650.8832945880614,902.5149924863072
